6.784795235926738277e-02
6.690678924667220473e-02
7.553309796908899698e-02
8.142852304677816733e-02
3.480509211602969555e-02
7.030025719465499145e-02
9.172735307614179878e-02
6.032355716518086886e-02
5.724932437248081429e-02
-1.575662763096770391e-02
6.963726243264972693e-02
3.571007763902084298e-02
6.660895149289601525e-02
1.721275671368995355e-02
6.506314947885361022e-02
1.812858053243085812e-02
1.490817721071606775e-02
2.195600022991727948e-02
-1.515344704168411841e-02
-1.590338849539970831e-02
7.433274132479707197e-02
5.948287003854421662e-02
8.805693958668027455e-02
3.146536456154712391e-02
9.308097714391186384e-04
6.613426927624159457e-02
7.663147306005632653e-02
5.889997040504574288e-02
9.415235952103573336e-02
4.437614241934793868e-02
-1.717514147091488835e-02
3.842366053537496495e-02
8.631456133402574948e-02
2.262598000150157010e-02
-2.217432830975599178e-03
8.326344654023588865e-02
1.061364353453757292e-02
7.364596671683659723e-02
-4.998250106547844421e-03
3.800345307732032329e-02
7.942805617931016082e-02
3.806910641769037373e-03
7.730482617356634889e-02
8.715786075378874342e-02
9.915465532864267684e-02
9.904896306983423937e-02
9.352055341507851255e-03
7.991433342469962675e-02
4.789931998798269142e-02
7.846349054026033332e-02
8.691443968738225834e-02
1.640203297735535679e-02
-1.463354848834274267e-02
5.699556458810779019e-03
6.904029072433591485e-02
3.080487990745992347e-02
7.834773792122176617e-02
2.552187805785020511e-02
-1.256000912112264362e-03
4.857851187461532938e-02
9.926246976718164361e-02
8.899242818706851188e-02
5.607871190657066907e-03
4.404938442607454763e-03
5.012141689308538539e-02
2.444200354549078136e-03
-1.195391040763272086e-02
8.540104284377818267e-02
7.438859362268415709e-02
1.559876499901760930e-02
9.647732325688825050e-02
7.223540308898368512e-02
3.863455891734911274e-02
-1.254414528401341482e-02
8.184300707174115008e-02
4.064273880388623306e-02
2.016689497063852213e-02
3.261644064841184854e-02
1.654130436492164472e-02
9.694504479254847928e-02
3.683567614115001998e-02
5.378874301808847513e-02
5.481475578391449555e-02
6.183358561805631093e-02
8.832281551324339119e-02
1.910124043994398599e-02
4.750522673743517998e-02
4.440127676370329846e-02
8.613077498042731595e-02
3.451815580855949195e-02
3.485530509674368560e-02
9.160557082427134290e-02
2.791937425239883822e-02
7.964813828855656086e-02
2.187157453076393407e-02
5.755054714361841628e-02
4.578299153278476974e-02
-5.705329206941028852e-04
-7.496783139143765873e-03
7.311906871882734027e-02
1.333161224174179635e-02
4.474305460582615745e-02
-6.891329549257627085e-03
4.458497068091711590e-02
5.115981295041426014e-02
9.791377090245775849e-02
5.107994016048966746e-02
-9.932039523546092041e-03
4.873521533059775590e-02
8.566045212399656106e-02
-1.158975875666471214e-02
4.375488883671015128e-02
1.999802730888311161e-02
4.434479093167793817e-02
2.648718288254407749e-03
4.562113171747229912e-02
7.479215444419290426e-02
-1.799246765766694678e-02
4.364494076894008534e-03
1.063376468064379868e-02
6.632843216036139744e-02
-4.148466071346619544e-04
-9.944134392636206840e-03
9.494290980034406774e-03
7.956092578587335706e-02
6.402114539858569375e-02
5.687298312683479462e-02
3.592285679870312054e-02
9.063268946080477173e-02
7.629953579594508928e-02
2.122141085274931518e-02
3.024600282618007327e-02
9.288497397943720757e-02
5.754281691836993229e-02
2.072420812679684129e-02
9.854093966663848847e-02
5.003173705428656803e-02
3.549708595315441417e-02
9.776140205816791218e-02
-1.459363382739321292e-02
8.184250884148985827e-02
7.946739866139422570e-02
4.135939614445065249e-02
-1.845753968017719085e-02
5.356023585308007651e-02
5.181541725466393133e-02
1.815135755429466910e-02
9.687791107102723676e-02
8.908117614696436232e-03
2.887998630119794838e-02
9.444916489076764232e-02
5.520233316899567089e-02
5.968391718188764683e-02
8.993312036924505648e-02
8.979428173109575695e-02
2.448006127156211395e-02
-1.399360961188960903e-02
6.223783671096491665e-02
2.559594427903949185e-02
-1.599470207150735859e-02
-1.247372436852649084e-02
6.258572751181845639e-02
9.188701156307946261e-03
7.648497083484838421e-02
-1.458832350259650634e-02
1.211086415126306007e-02
8.926502339480833770e-02
-1.846309124048859523e-02
5.278790390796098131e-02
-1.411538798965908392e-02
9.990951512528116474e-02
1.580008247833375110e-02
3.947406278480176944e-02
-6.330111775252052903e-03
8.873815573002195867e-02
8.034693162283941537e-02
9.046312019711018337e-02
3.817231449305652502e-02
7.333506932328549832e-02
-1.693372234801798423e-02
5.219991690694371356e-02
2.099236008730586897e-02
4.194608417596168426e-04
1.068613620975993050e-02
-1.189414609350136244e-02
2.344063135590334496e-03
1.313250486494413685e-02
1.577879551277077200e-02
-1.197327694315721003e-03
5.093190967444316541e-02
4.296306038823011209e-02
6.905515276491330789e-03
-1.026788545733380020e-02
4.984739557627725082e-02
-9.108748762594100559e-03
3.302921388885407539e-02
7.300862158903588528e-02
5.382999444585263860e-02
6.012100762940831428e-03
2.553217044961745771e-02
4.557284205659134502e-02
6.172198759722705153e-03
9.691522864573229312e-02
3.406340340856760240e-03
5.472679376410674590e-02
1.819588856095446724e-02
5.903398423523024963e-02
8.091238187325891507e-02
6.915881996216285965e-02
-9.661462479844220783e-03
1.034030601016926176e-02
7.087527838444968031e-02
7.017200217725778899e-02
2.090030794244445225e-02
8.257455591681696350e-02
8.283137180378072340e-02
8.303021328202644935e-02
6.875950184826558342e-02
4.683599144752301213e-02
9.135166106806012765e-02
2.731255666277144015e-02
6.964753727070498168e-02
2.217024812202462655e-02
7.012258182869195167e-02
9.342445228205915886e-02
9.928309493870143831e-02
7.546023566885950995e-02
-2.444097628658103982e-03
4.936659793540358609e-02
7.573385585329675540e-03
5.051011563359202039e-02
8.942197977567037381e-02
2.480481032827538609e-02
6.717168215896753003e-02
3.198690210892862762e-02
8.488771383256953074e-02
6.144729114519477398e-02
6.472972702712327664e-02
5.867994737395840210e-02
-2.861125400873631985e-03
-1.340154287085686818e-02
4.173774824117375271e-02
4.490729589392281063e-02
4.964193428469092229e-03
7.844298508667456316e-02
8.568719943120213511e-02
5.020260091787728807e-02
3.898104342052631510e-02
5.940252849339378027e-02
7.716151864238306179e-02
2.447128512261750530e-02
3.630278265104279478e-02
8.831164645092124538e-03
9.968401284053676759e-02
5.650014279142862028e-02
6.159427001618571207e-02
-9.453422675273163295e-03
7.493271695900638463e-02
6.089289035150709239e-02
-1.433575175599284719e-02
2.506221933268920968e-02
3.677676543359924277e-02
7.179283321676449559e-02
6.755701531808977478e-02
7.931999678783328844e-02
3.550255396542476016e-02
5.550951677063990786e-02
8.144635826156866598e-02
-8.774796732764079954e-03
2.803472582628770485e-02
6.490743095970988308e-02
4.373776738188957236e-02
8.314235105463395337e-02
3.210517160010018661e-03
6.942824211829244641e-02
7.808631108584776492e-02
1.305221042336858137e-02
2.969401196601856655e-02
5.027903474072695222e-02
5.024062066400478144e-02
6.675872777632083088e-02
-9.792137991248684933e-03
-1.802588520317609244e-02
-8.408263535106588402e-03
8.174219941901335329e-02
-1.445606386173154193e-02
3.885468627596222468e-02
3.931666802697909857e-02
7.437111368052576332e-02
4.985901234774538227e-02
1.416994474835942333e-02
7.728180629192492324e-02
2.963821696180943613e-02
3.822203136190639727e-02
-1.687189423939865554e-02
4.529933440180425319e-02
6.270247454586483360e-02
8.724927230462481420e-02
3.465861683856283348e-02
2.252604294502265694e-02
8.322317904130399624e-02
8.075068694295003957e-02
4.547387769948332825e-02
1.938551380643030800e-02
3.042705890492318835e-02
6.533902196492347159e-02
3.817611286625728628e-02
4.938632581581400838e-02
5.731053334452948511e-02
8.918173743192055192e-02
9.666725781274407292e-02
-1.657936397792923386e-02
4.114088555545740433e-02
6.615056392364514204e-02
6.550969976809185857e-02
3.452358391919600755e-02
4.873358202980196396e-02
5.722904936777563345e-02
2.359399448430091542e-02
7.819973529623987230e-02
5.419638086810951716e-02
-9.720241053942379333e-03
9.859544263908084916e-02
3.600606125381183853e-02
6.968252595836250951e-02
6.994258457833477105e-02
9.720525616986261386e-02
8.927208360938122811e-02
4.378676568983047579e-02
4.061443298276601332e-02
2.973820768663710049e-02
3.480625886494422006e-02
3.512847576255048732e-02
1.208283728272769794e-02
8.949541473443969886e-02
-1.174793091872430341e-02
4.178836787075837500e-02
-1.943621040613192560e-02
4.426292197029210729e-02
9.583271182422238577e-02
1.963878157386138648e-02
7.654156465261366393e-03
7.417546709502249869e-02
3.570572107786962324e-02
-6.594719307615827530e-03
3.694742756391793809e-03
3.111433476492176872e-02
9.951101011101541605e-02
5.574768719195449806e-02
7.353635217461006179e-02
2.207728176158304731e-02
8.806344099988061558e-02
8.261422034315604734e-02
5.122559352844230363e-02
-5.979332711327186786e-03
4.383686973026520994e-02
5.177501351204304159e-02
4.900582738991599019e-02
9.294854413759261191e-02
-2.144478613829575719e-03
1.760224933962852359e-02
5.105232369544185356e-02
3.755973512601772091e-02
-1.003152476629095256e-02
6.324705593767107614e-02
2.455486092008632784e-02
9.454241268879742810e-02
4.343636032395062352e-02
5.331194854179821530e-03
2.683398122141607625e-02
7.840455226117233611e-02
5.568491664575335454e-02
8.959929012227768608e-02
3.042693170567910624e-02
8.306697522120715105e-02
9.640175688410455856e-02
1.621162213878060004e-03
8.086672102816189200e-03
1.096052600271059038e-02
1.475693636062175296e-03
3.599994325225666647e-02
1.430133027213377830e-02
9.026343501683536941e-02
9.545734814388889822e-03
7.219017696046967081e-02
9.420703248522911688e-02
5.897680398479066000e-02
1.850221788704759993e-02
1.207035207375871042e-02
6.921731985295408174e-02
8.357707520014247271e-02
8.953658138613522499e-02
2.362408373760083516e-02
7.838599536048292127e-02
3.611201927712354154e-02
-3.282107160331303175e-03
-1.757939048232361537e-02
1.768298200781111620e-02
4.994868490997338151e-02
8.025308037427046626e-02
2.493232668737900212e-02
3.028827502068631369e-02
2.106366589273803505e-02
9.664441986083811831e-02
9.718116011961883127e-02
4.086817423601331323e-02
1.381247659988874693e-03
6.345218169434058142e-02
-1.343444736941036034e-02
2.598220414135852738e-02
7.336605872741594481e-02
6.176632973859740028e-02
2.616108598896476137e-02
7.591946633884165407e-02
-8.368021858920342629e-03
1.974655685312989503e-02
8.003375362691400596e-02
2.984374456034273940e-02
2.503616242855679144e-02
5.892387964984958926e-02
3.548124489891207878e-02
7.722323030019588586e-02
2.041087662245763892e-02
-1.607393809504864546e-03
9.576746411242556545e-02
6.998754073867621828e-02
2.846879211224117787e-02
5.843337529712666623e-02
1.890572552347574015e-03
3.091901342821489970e-02
8.715258042446547004e-02
7.572933047732034739e-02
-6.546472571454173273e-05
9.490507311315669881e-02
9.000138587117395561e-02
4.587982361703694945e-02
3.211547203461533051e-02
2.027586418880816463e-02
8.942561893325455535e-02
-2.077858409329318840e-03
-1.971500880297663919e-02
8.326719950822059069e-02
6.458839354790839316e-02
5.333663180477556109e-02
9.621854634948433238e-03
8.263533097202462041e-02
5.829937069147038409e-02
8.952987692710918932e-02
3.402659110907363393e-02
-1.023414144513029762e-02
4.312500777234859473e-02
9.036765715139488675e-02
6.340336545306889116e-02
4.499381705252705754e-02
7.757771779588912286e-02
5.737808251331706633e-02
1.510166455163662255e-02
4.746964127494972263e-02
2.031691106044345926e-02
5.006151066863759325e-02
5.568804019794661164e-02
6.880895070932360746e-02
3.833545190223254517e-02
7.478999214875868551e-02
4.405849136490136431e-02
8.721170440701281334e-02
8.961211021500219143e-02
8.168852867815586116e-02
7.267944830910101628e-02
1.433661994296575246e-02
5.593381784127714196e-02
4.508006332177538766e-02
1.950133153470926320e-02
6.677374865748042509e-03
8.659157846367686318e-02
2.925736855763812552e-02
2.888470344322066272e-02
8.548367918448954161e-02
8.846676089445783264e-02
7.437634836150561202e-02
2.443492380735161687e-02
7.703427397128680132e-02
1.027003182362073649e-02
7.948813395725974618e-02
5.593009777129454019e-03
-1.321800367381903603e-02
-7.638749548200415851e-03
9.671396533380949290e-02
4.112602324789034480e-02
8.328679918542573890e-02
5.504978437271319802e-02
9.140258379555973867e-02
9.785616011354125732e-02
8.639382959931853068e-02
6.851270763895328519e-02
5.592092053996090828e-02
7.158117647352983670e-02
3.505404835338517266e-02
7.235981153187472092e-02
4.032698235531456676e-02
