1.039577876888605923e+00
1.081174706394158136e+00
1.091192861136769388e+00
1.043757091760426858e+00
1.089469067695373328e+00
1.095587665406898559e+00
1.012057477752794421e+00
1.044917102707460188e+00
1.066143244030220760e+00
1.091967188832471569e+00
1.049832902309338012e+00
1.036158394762434432e+00
1.087702604237232418e+00
1.085991902331568282e+00
1.084315147235438204e+00
1.017077823514605850e+00
1.040645836315233330e+00
1.037662398148794907e+00
1.070318529945099462e+00
1.026427072022997766e+00
1.042180221932180517e+00
1.070227645702100938e+00
1.078785024364385947e+00
1.069787669246202055e+00
1.028316849548261525e+00
1.081108381467352775e+00
1.077732298388565324e+00
1.058858764712193201e+00
1.015144946990558461e+00
1.092246364718846730e+00
1.056541221789774943e+00
1.008531908209220562e+00
1.050921016356932691e+00
1.040730180600374810e+00
1.092165898297805082e+00
1.095869095752360467e+00
1.056945710051903076e+00
1.053755073401563269e+00
1.043072975683471126e+00
1.097625408770292577e+00
1.052376586099905253e+00
1.060858474681123598e+00
1.075949022630996899e+00
1.093414180909227484e+00
1.002792906026017006e+00
1.000005656031236034e+00
1.098251558580623843e+00
1.088109420144981909e+00
1.089444377133901076e+00
1.023892555060443410e+00
1.036316255054210211e+00
1.077257397357425761e+00
1.023515970937972197e+00
1.025609254633102818e+00
1.072434220047814080e+00
1.060527974924038608e+00
1.037168466686946955e+00
1.030534770354357477e+00
1.049643155429118568e+00
1.075258784212168583e+00
1.096012829420467627e+00
1.035375047029167828e+00
1.073676244959829829e+00
1.006458828339773515e+00
1.041583905874223337e+00
1.038236752171709742e+00
1.098991739047684879e+00
1.010407510863604141e+00
1.085726063718863488e+00
1.064129882980532349e+00
1.039775776758085524e+00
1.057572716213414088e+00
1.086121988831593832e+00
1.009042988907178362e+00
1.007395346648943812e+00
1.083333754016093442e+00
1.060677611014547717e+00
1.055284798526631596e+00
1.094077206045556361e+00
1.005373839508047595e+00
1.070296131409063545e+00
1.025751153165173735e+00
1.003483982016734721e+00
1.005098100387367577e+00
1.028382630612318716e+00
1.039338088145443262e+00
1.026521430504632404e+00
1.057115577041332299e+00
1.009793683870089831e+00
1.055269751321114891e+00
1.021720127219749807e+00
1.017577526145146960e+00
1.022405977925174625e+00
1.049325840846253799e+00
1.056475361216031583e+00
1.015349799062015723e+00
1.057608010503759965e+00
1.037908418613445738e+00
1.048860086674297198e+00
1.044820598784452992e+00
1.021025716710693310e+00
1.093201123773596350e+00
1.010534929549673056e+00
1.051269562545454006e+00
1.045731554483530612e+00
1.046101679449061184e+00
1.017363352120572939e+00
1.007274471614513223e+00
1.015908397413430198e+00
1.086495654912432718e+00
1.082176770545812738e+00
1.036621169025254030e+00
1.067011673035794583e+00
1.034765677265725436e+00
1.068872852478179203e+00
1.098211206402887719e+00
1.094832768638130283e+00
1.000090067940470728e+00
1.061389486446255637e+00
1.064601503967798957e+00
1.048684496327581428e+00
1.000580134081795913e+00
1.073025170365160985e+00
1.076449906920919020e+00
1.063172123264885194e+00
1.007420799364210584e+00
1.014195573083783719e+00
1.045898299754612681e+00
1.005236797116850767e+00
1.099587793531955571e+00
1.049242493259403108e+00
1.000809729715304019e+00
1.021985050488928071e+00
1.081868865716032246e+00
1.098441095399303791e+00
1.016150146207392746e+00
1.013026756932831507e+00
1.085405331534690543e+00
1.070151995193922456e+00
1.068323213277445172e+00
1.063550489789517606e+00
1.001534236684086476e+00
1.009951266037355744e+00
1.094202473079367799e+00
1.051595923311759329e+00
1.014277252076758895e+00
1.012879522336441074e+00
1.065765568714960754e+00
1.018961017543273950e+00
1.002718398628218877e+00
1.009763689439858281e+00
1.087092204551579622e+00
1.032427048796195290e+00
1.069734092793426461e+00
1.089211062971254140e+00
1.077090713989841353e+00
1.067875179532172814e+00
1.039117872092263140e+00
1.084241624369128854e+00
1.018506990542665580e+00
1.019302416323082827e+00
1.024794990801974004e+00
1.018042276833967641e+00
1.063081727758342865e+00
1.066122330673803908e+00
1.025988877325596071e+00
1.067998291913064612e+00
1.077169559918011554e+00
1.046692130813435817e+00
1.051420356498834918e+00
1.007537542030201738e+00
1.004722938009882105e+00
1.035588362332762413e+00
1.051445472311198559e+00
1.082848567826358632e+00
1.077834173476151847e+00
1.022900005618627484e+00
1.014592612194084920e+00
1.010961684435362828e+00
1.033937254243788795e+00
1.069642343939678497e+00
1.085172439230360109e+00
1.091087124926819918e+00
1.063786106535632214e+00
1.061659819882103895e+00
1.080811725693959779e+00
1.071354972416025619e+00
1.037404048634829712e+00
1.031878715890370390e+00
1.067038119215643954e+00
1.055779947781185779e+00
1.096978926621284822e+00
1.095734134567251106e+00
1.086050199070603295e+00
1.020603553494451754e+00
1.006446737167651762e+00
1.087886194515748084e+00
1.045984263702081085e+00
1.058258342892952175e+00
1.055608087854184918e+00
1.056036635266523582e+00
1.058957990807217753e+00
1.046766947041380957e+00
1.031147997399507465e+00
1.014026425681310739e+00
1.069986692577229892e+00
1.037035618427112782e+00
1.013354245505793338e+00
1.000908786485893875e+00
1.001362758351080018e+00
1.077136564936905128e+00
1.009860009264845537e+00
1.027955629658838133e+00
1.006980748105114065e+00
1.093117562626965800e+00
1.060898490604698541e+00
1.007250465140743456e+00
1.090183576146401156e+00
1.068248113172230340e+00
1.066905413532405866e+00
1.097110956097269607e+00
1.013925189306852381e+00
1.069859965962420834e+00
1.044558791381108298e+00
1.080296961357458452e+00
1.097588431843920409e+00
1.081055185612384006e+00
1.038960892560919280e+00
1.059561291363549707e+00
1.034802432137895023e+00
1.086181435425297215e+00
1.056195548774011561e+00
1.029876719359596127e+00
1.045086568097572055e+00
1.001443379869443095e+00
1.039563861604354766e+00
1.079710267524741862e+00
1.089041160114424756e+00
1.015801517635881224e+00
1.039412282932694387e+00
1.004660985717985566e+00
1.086273314081806829e+00
1.040151214861636086e+00
1.032968917028812772e+00
1.013022516815431873e+00
1.013787812163835955e+00
1.081063446078422974e+00
1.008758612188257464e+00
1.097134916933145687e+00
1.002525079935079333e+00
1.010206549993620140e+00
1.083865914066998171e+00
1.018236575766080287e+00
1.052872678685735419e+00
1.065554278730656224e+00
1.083534778697698098e+00
1.004240819455438860e+00
1.038746649454187487e+00
1.043100711418144755e+00
1.095698081495078968e+00
1.015090366862892113e+00
1.005777553277358516e+00
1.028847650279395953e+00
1.033856076893852061e+00
1.031228730215058009e+00
1.004257753563184696e+00
1.072919172671196852e+00
1.085941581964682490e+00
1.064186572121838870e+00
1.045460462772634935e+00
1.054327956508917419e+00
1.051755256297535190e+00
1.053866149214369718e+00
1.046447286053424852e+00
1.006215665534350157e+00
1.000692264194012804e+00
1.025608762122711903e+00
1.040260665548557784e+00
1.039032399436855325e+00
1.079322524009584061e+00
1.000383621082286068e+00
1.002784142498678310e+00
1.022556245027689936e+00
1.014049395634569528e+00
1.081404596593292133e+00
1.069432700791818736e+00
1.060240019364341757e+00
1.047895155162345215e+00
1.024219217653000058e+00
1.082992814816161165e+00
1.087906570233598824e+00
1.020460240806802643e+00
1.044631776894110686e+00
1.011059942407282142e+00
1.023977026082721897e+00
1.039968466422126481e+00
1.006610049930996009e+00
1.018049701702627763e+00
1.033565660803333452e+00
1.057407052045479690e+00
1.050672440396729579e+00
1.001376728944327610e+00
1.072814052136336960e+00
1.035390760495089602e+00
1.047872165232368369e+00
1.056304271482903179e+00
1.031373063459788186e+00
1.063748513823710384e+00
1.070049420365713821e+00
1.088905859928915643e+00
1.071071773515904546e+00
1.016725072663577478e+00
1.018368622673766488e+00
1.045042133491492109e+00
1.015304594409058847e+00
1.078987888927421590e+00
1.067024596464477781e+00
1.047267273666084186e+00
1.099226986275148477e+00
1.025700307972551961e+00
1.057302212028066180e+00
1.075508826289390818e+00
1.010026606275419292e+00
1.057551201984686218e+00
1.042294343406761969e+00
1.054697446282669704e+00
1.031949007926976414e+00
1.037466116112623515e+00
1.031085883527557368e+00
1.035263381177406128e+00
1.019161303561476828e+00
1.034497257516609370e+00
1.019002883371245671e+00
1.097833586535469585e+00
1.031574068848167602e+00
1.000639831786338307e+00
1.097859688567769609e+00
1.090834531930295448e+00
1.038116692359676296e+00
1.056917286799916145e+00
1.012506079870138409e+00
1.057985823289793181e+00
1.022100653223706246e+00
1.012176526305471613e+00
1.025591493604915971e+00
1.062629862433735362e+00
1.028309942584431980e+00
1.096604727320218853e+00
1.097210718993322454e+00
1.004480987748119558e+00
1.018551197898390548e+00
1.072277037086646123e+00
1.055165575729423377e+00
1.040640018840245373e+00
1.054198814823640973e+00
1.002582491233970474e+00
1.061483050322313826e+00
1.015714974332996734e+00
1.083427624054240868e+00
1.053894290960748270e+00
1.062051295046238852e+00
1.098144001135189951e+00
1.076218921711622922e+00
1.015212693913539299e+00
1.003472922793395172e+00
1.070784478855714150e+00
1.048234284946772066e+00
1.022558832738852175e+00
1.077326338268091543e+00
1.092909434937409552e+00
1.080393949662404651e+00
1.040584710787332501e+00
1.006265091210005291e+00
1.079408276522882515e+00
1.036205773543045883e+00
1.084628768520358166e+00
1.067557854379407978e+00
1.056432859940010349e+00
1.055176373728418771e+00
1.041981985730105809e+00
1.004333834573334805e+00
1.070896963186671380e+00
1.050477049903989490e+00
1.004965971037966588e+00
1.009495755352411095e+00
1.066983557443935693e+00
1.061704923832567982e+00
1.063819983383812229e+00
1.019849895879062274e+00
1.072421713003769428e+00
1.032165920259768832e+00
1.087307670389469960e+00
1.051358646754774417e+00
1.090791278804027931e+00
1.075111954092857536e+00
1.042953399246795643e+00
1.045599285300127912e+00
1.057316385994074404e+00
1.046067029244167612e+00
1.020663845044013751e+00
1.025342947620000666e+00
1.072282597085669753e+00
1.006549008769397791e+00
1.059060956419260568e+00
1.071076793608067623e+00
1.011877502195162482e+00
1.028216912185220488e+00
1.006249342756992737e+00
1.087934371834806013e+00
1.064312195269382810e+00
1.030529062712888910e+00
1.059898191257331979e+00
1.039002104505671209e+00
1.079131614050266252e+00
1.093077274528630349e+00
1.068695715679451652e+00
1.068128938282157714e+00
1.032007398782664565e+00
1.009221099004190991e+00
1.039033971207078189e+00
1.011418891673697473e+00
1.082472182288791496e+00
1.043451322500527523e+00
1.004555298745871905e+00
1.015644017299643487e+00
1.071849371451558453e+00
1.097605385442100401e+00
1.001196996416115370e+00
1.024085280235282003e+00
1.043454121501797394e+00
1.079191620218725056e+00
1.045549388656008771e+00
1.032993534109504452e+00
1.072701944575166211e+00
1.093485990892024917e+00
1.016082177394236563e+00
1.022653812713362420e+00
1.086795498617828981e+00
1.013709411628190171e+00
1.050711587118363211e+00
1.017960639466320982e+00
1.092442045850823718e+00
1.050523314074476744e+00
1.076077068727307351e+00
1.008277916547934083e+00
1.011596420541155394e+00
1.013838399290077463e+00
1.059321981436353477e+00
1.018662907286271846e+00
1.031096646832775132e+00
1.077747706236019676e+00
1.034320198981024230e+00
1.011699325233905489e+00
1.035815839405718641e+00
1.035086196956422011e+00
1.002093725294433302e+00
1.035577585317521088e+00
1.063941605486747877e+00
1.039564307315613778e+00
1.078262424186064550e+00
1.068505749926543791e+00
1.012530507125574797e+00
1.081388441151809321e+00
1.093973045244001963e+00
1.085574157884178881e+00
1.069359994130782532e+00
1.018520155191196874e+00
1.066850901172166965e+00
1.074046059533356079e+00
1.093325792388918583e+00
1.047045476661057073e+00
1.048143237760642776e+00
1.048615600608262532e+00
1.056473342729554066e+00
1.098608315196787588e+00
1.021995913498132680e+00
1.046570428148992482e+00
1.014336314236617076e+00
1.000273494876212643e+00
1.060273119267844288e+00
1.031817664800663392e+00
1.063256147210424718e+00
1.069340573971267361e+00
1.024197993781527760e+00
1.089694121772835089e+00
1.099220842313352042e+00
1.029498419891769601e+00
1.093827857483570476e+00
1.010320035874003430e+00
1.044810882046585343e+00
1.040656056767045312e+00
1.011348120122190331e+00
1.009988304674869664e+00
1.018034209383973376e+00
1.099878259244594814e+00
1.088630134617734058e+00
1.085458264370185777e+00
1.030659479487083363e+00
1.004230607254266605e+00
1.038343824706484009e+00
