4.318169275778721561e-02
1.800401407603237011e-02
3.595819270387561051e-02
9.338765894424498615e-02
1.062844701123863769e-02
7.363701345486327321e-02
-1.870649706743519533e-02
9.012751514501798900e-02
6.574797554558853285e-02
6.666955349578094353e-03
4.862532084083323602e-02
7.302394386002364346e-02
-1.311994656303935511e-02
8.710549917587416535e-02
5.638531806814520153e-02
3.489875258905418554e-02
-1.671400432981091227e-02
8.200602996236970588e-02
9.657282362740444992e-02
-1.805649210178441461e-02
7.341751902457730600e-03
2.395978450272908886e-02
3.575762682053242048e-02
6.503941752448599845e-02
3.305518114876587754e-02
3.511493194768190718e-02
1.983771685900634699e-02
-9.232639729105622181e-03
4.664864389937622979e-02
2.004188098726753312e-02
4.089954101428805444e-02
9.421243507708017273e-03
9.925505903666122232e-03
1.436612750521009882e-02
-1.991383227932959007e-02
1.879712748065256664e-02
-1.822093448156619083e-02
2.515753320872589696e-02
9.211167714890972080e-02
5.650233875072754874e-02
1.694522626236740284e-02
5.090430578747710821e-02
-5.496109122210546261e-03
7.113158296499470790e-02
4.691375403176413494e-02
3.293297084603828695e-02
2.180864422967511776e-02
1.241929141373925363e-02
4.149741478967913788e-02
2.559304469037102653e-03
4.714713972831997835e-02
-9.023250117326839237e-03
8.235730867056818838e-02
-9.635959913030345270e-03
-1.127629141965623416e-02
9.860370076545585394e-02
8.225419031540227854e-02
2.084828227104947376e-02
-3.486367739573420499e-04
8.674814553001369832e-02
2.701873042395860555e-02
1.249952822528227134e-02
1.394508320632797602e-02
4.194649236770704726e-02
8.472122829278798395e-02
4.546402069032048909e-02
-1.427224387374846637e-02
1.184683798482244824e-02
5.205601630789948031e-02
9.913083408900172366e-02
-1.454863028323321802e-02
-6.080606847155447039e-03
5.735487784400884748e-02
3.597974369731263278e-02
6.597376128813038643e-03
1.148912290894305369e-02
8.482252471339690736e-02
-1.214073702527702220e-02
5.030838966941122981e-02
1.964288971189128916e-02
9.199391326296631199e-02
1.053452589778907170e-02
5.097133635801132101e-02
6.196889029219812550e-02
3.923030693497002452e-02
1.867820103109497573e-02
7.723889363097928562e-02
8.348195374024046378e-02
2.287714080603980502e-02
3.785840782438393282e-02
-5.389705903549884061e-03
4.237484864477937541e-02
6.415570069488453486e-02
8.243340424281860035e-02
8.260289831529438187e-02
6.178908717688466612e-02
5.208061455701552822e-02
1.539353772980446913e-02
9.453671441097218076e-02
3.586642502940758093e-02
-3.287367226000443426e-03
2.390563713324252507e-02
5.740494464255561924e-02
3.196090818413269141e-02
4.843905229914462207e-02
2.410983642364599930e-02
1.392473373294242714e-02
-2.116245778812791273e-03
-6.846490544908715586e-03
7.942711014010683801e-02
6.402309978120729328e-02
5.162174975635099028e-02
1.764298676352945780e-02
8.764243491580141210e-02
-4.011572540244742746e-04
8.886741568191164342e-02
7.702359126246792476e-02
9.869412059997985376e-02
4.342996926502018518e-02
8.415982126738397184e-02
5.244405326150690383e-02
8.052374153241197152e-02
-1.889927553046148040e-02
5.866259077720303861e-02
1.843791360046724906e-02
3.373279477148348471e-02
7.922247602267153133e-02
4.420831211840861585e-02
1.863844010944333898e-02
4.551822110423278667e-04
1.095034817027652069e-02
7.329693193273360829e-02
4.043184998042949341e-02
4.343191747345957754e-02
6.836956279401784631e-02
4.350823923768136481e-02
9.885487206619580913e-02
1.955831841241787231e-02
9.090773331437390636e-02
1.662742898360976621e-02
3.908682220939657670e-02
7.499562332350673266e-02
5.859883741154557624e-02
6.341135358489600332e-03
-1.160226630045970223e-02
5.008248402753331940e-02
-1.273876455175761147e-02
2.281913675542154504e-02
8.362393731982545320e-02
-9.424960485918032829e-03
6.802496617926803713e-02
5.558942243652670312e-02
9.320225097172592232e-02
8.001198069414476588e-02
6.756704634859275749e-02
-1.503233550343655370e-02
-8.394447063783430987e-03
5.871809475797742928e-02
7.202642062723861593e-02
5.505446215398744625e-02
3.208402671447396770e-02
5.996870455984534831e-02
6.870110630366160764e-02
6.774922072337558054e-02
6.361689587656417511e-02
6.598621659917841553e-03
-1.452229802650838175e-02
-1.839344790477165717e-02
4.251427885847704202e-02
8.444371162161447286e-02
7.848583534738466649e-02
-1.338420449004833028e-02
4.218566018010966312e-02
5.159460883342878446e-02
4.050397332117736116e-02
1.148750933619489475e-02
9.377755771412579766e-02
9.542965648413630209e-02
7.063147610625628708e-03
1.697177526309509230e-02
6.338457352201722073e-02
1.004476772137704102e-02
8.265615946035632933e-02
8.506951317845487526e-02
3.328167193959216674e-02
-1.728545550255396884e-02
7.709638083217434934e-02
3.119474006663826640e-02
1.769321537731203750e-02
3.626402818122329008e-02
6.220505946824660126e-02
6.473086045156364876e-02
9.572456263008642663e-02
9.992401441310552745e-02
-5.258447788210496299e-03
6.620802856515724949e-03
1.888525213028059008e-03
5.317448886222862769e-02
7.675309993629669814e-02
9.942735000805541512e-02
3.203024714571268972e-02
4.609167319534656498e-03
6.584491033823663964e-02
6.151389753628261348e-02
8.169258867756083731e-02
-1.541464165510987062e-02
7.986655956815617852e-02
7.111143835458884344e-02
9.236723132323557128e-02
3.364201269933234095e-02
5.640797181845003117e-02
-9.966014112690414761e-03
6.148695827717112761e-02
5.879846930947581207e-02
8.650467035370015823e-02
-1.060269969758045709e-02
5.674335044029868436e-02
-1.197175781388220422e-02
8.186272795677254632e-02
-1.461399233391068309e-02
8.051736703451443933e-02
-9.168260385488230871e-03
6.490117096472787506e-02
1.639747543637332453e-02
6.331984442617334674e-02
-1.209855486233453632e-02
4.574004196868859673e-02
9.905140030543291285e-02
3.512403590990711977e-02
-1.709203175921090306e-02
8.528803038226985545e-03
9.716884467060013519e-02
8.859616020388817736e-02
-1.356951409102605255e-02
-1.089944449705097622e-02
1.077620044850961106e-03
-1.923139778667850089e-02
5.229597095521526517e-02
2.064227946374748088e-02
1.513922936781906051e-02
9.675064716957705591e-03
6.207356274530953510e-02
9.108370017457037560e-02
7.463678880057414422e-02
7.040381273298568221e-02
7.942294353216829139e-02
1.545318310479707954e-02
8.351842241389420551e-02
7.545404253237493475e-02
-1.851051580378915151e-02
-1.051989080297122472e-02
6.402952379848821096e-02
-1.235395262003691555e-02
7.645851788986825215e-02
9.600695817635299112e-02
7.937484337020311864e-02
3.611959891520435950e-02
9.566504182917544286e-02
-9.411892363203010897e-03
-6.618250583945294030e-03
-3.316865718879180580e-03
5.689396772557346604e-02
5.486998073681269295e-03
9.194993850313701311e-02
6.065840823134276139e-02
2.174192047503205674e-02
7.287117729340623906e-02
-1.183202952473944719e-02
6.478370822285758890e-02
2.385374670330361532e-02
8.975778715101770389e-02
4.542895686763204210e-02
-1.064406806461121874e-02
7.366322335293876145e-02
3.927924488889639187e-02
5.488004898631727857e-02
-4.563127080483297265e-03
8.685255689428854342e-02
5.399736168120700119e-02
7.751250418571353773e-02
7.079737053456713891e-02
9.933102603204754799e-02
4.139685725904927033e-03
9.961373986400050284e-02
7.614326754805496311e-02
2.255108497980911134e-02
6.612941763708460319e-02
8.389037303618662733e-02
9.254069866958163082e-02
3.258281612488125867e-02
4.187799986953523457e-02
8.202922210079272025e-02
-1.774819297963898396e-02
7.562650389011170426e-02
4.140234645544133008e-02
8.027734467902895160e-03
9.166846926963449771e-02
7.001334859345867412e-02
-1.029362897167416732e-02
3.182461711803434568e-02
9.999422110755530613e-03
4.611782065331189451e-02
-9.851589719762094549e-03
6.710077129543377816e-02
2.596496653704168447e-02
9.683294685287670289e-02
7.520354220095532005e-02
-1.222222914600842522e-02
9.197832649936592275e-02
6.747379104369918834e-02
8.716822305571118867e-02
6.529188204517526184e-02
7.055279792604524092e-02
-1.446004455147517284e-02
1.262923852335112382e-02
-6.316441004930268763e-03
3.120736507954665132e-02
9.650751878205558743e-02
2.910526801884713924e-02
7.552880923924859546e-02
5.174899675221157624e-02
2.117869147954524675e-02
3.945463749638311590e-02
3.390979602625868172e-03
8.660880708038387610e-02
8.389202149662879082e-02
-1.514950530505213000e-02
-6.879929866250397708e-03
6.739436913113917849e-02
6.913652653005218640e-02
9.484795272545212819e-02
8.635464192945772888e-03
3.944282800231839470e-02
4.408102131609467622e-02
9.693568429564078381e-02
7.629557963804309284e-03
-9.535233989664869750e-03
3.356377576391918194e-02
9.870282904873663166e-03
8.566337693587400270e-02
4.378578755003503797e-02
7.004889918583143138e-02
3.758591499072870545e-02
6.241748608874342352e-02
1.218801915798088317e-02
1.137087682901524385e-02
9.908401292143273476e-02
7.713086794395609957e-02
4.737691262216381372e-02
3.623128738986589048e-02
6.875514519433299776e-02
4.678442110937990062e-02
-1.226745749822814695e-02
4.792958600261593149e-02
1.677674681331301973e-02
-2.286171199668167453e-03
8.766683866377460166e-02
1.811845628803622141e-02
8.741929276785936898e-02
-5.296469758027604058e-03
9.799040468591789510e-02
7.239405127645079374e-02
6.572562596516461075e-02
8.927597414607775506e-02
-7.665637666536951819e-03
3.835372739346176729e-02
8.232456273104070410e-02
3.277484764247345916e-02
7.232077649664644947e-03
9.599344979425925017e-04
-3.667255776280707591e-03
-4.048087303282852517e-03
-1.755226338041533315e-02
8.621075674514418197e-02
4.109856923067486956e-02
9.668275065663645140e-03
1.613185911003118048e-02
-1.558447867249331681e-02
5.093777040168896708e-02
8.284858191316349374e-02
5.142602597441596479e-02
1.581362058842488219e-02
-2.130457969982558347e-03
4.997440990012411155e-02
1.778036109843686777e-02
8.825727970308468173e-02
8.123940874749113056e-03
3.388723651302759377e-02
2.457175975335562992e-02
4.781051945450531804e-02
6.350888726906213366e-02
-3.494891612454364971e-03
5.114266326617945835e-02
4.203096711094476967e-02
7.630401846635133378e-02
3.515905931790552774e-02
-1.659374034602007289e-02
9.422278618967348807e-02
5.243296854454773670e-02
7.121692337617251123e-02
1.344273867511689910e-02
5.479453437261060100e-02
9.495993185632981004e-02
-1.139801349371489386e-02
1.623755821139407501e-03
9.682149811258668193e-02
5.409773852333224498e-05
1.987639170453704349e-02
2.652789836996443176e-02
7.842734119631455947e-02
2.072250511905538925e-02
5.704484295723760701e-02
3.707864330287456711e-02
6.187996681644304664e-02
-1.700567894158434498e-02
2.790139627313349344e-02
8.340567764613390084e-03
8.827674165844472121e-02
-1.543351859040357002e-02
9.874497775716724324e-02
-4.944228831818565581e-03
4.575858457828718695e-02
6.433364714262108930e-02
8.180694308182190344e-03
3.508707196442727161e-02
6.169942929968047496e-02
-1.238841393976362545e-02
2.690754190313758912e-02
1.539331270217384612e-03
5.608896453678222094e-02
6.629113944246550760e-02
1.560260192591842940e-02
5.702551715530043697e-02
-1.004688837987342820e-02
-4.499863098180879872e-03
-1.556165870557188989e-02
-4.430385370742246157e-03
1.569418990531307526e-02
8.862004832619876926e-02
4.508756463987967367e-02
5.163489724215253318e-02
-3.481108226264274796e-04
2.337719727620497442e-02
4.126016180533642608e-02
1.154201567166762005e-03
3.299822523656401052e-02
4.516599278036455278e-02
5.823209598671785781e-02
-1.831366310227061991e-02
-9.417039354876616253e-04
8.726508130030374843e-02
4.095916248393877135e-02
9.101274946581354441e-02
3.594495508154710306e-02
-1.370950706901983250e-02
-2.958265428968667732e-03
3.268521455039996582e-02
6.246201153698242858e-02
8.816103686740937168e-03
2.657896333471111358e-02
3.055143962735060517e-02
2.208207171199225508e-02
4.528861081023552448e-02
8.919629350846221272e-02
-9.969378908199141853e-03
-7.377819955073876626e-03
9.275879966373906660e-02
3.272566598600885890e-02
1.196449502253978461e-02
4.485899123872937044e-02
4.558898349195658617e-02
6.717604659395925992e-02
3.885296498242526986e-02
7.182376117471153676e-02
8.509574269251865553e-02
6.934686698803702032e-02
5.055311743423551718e-02
6.300906830961360006e-02
6.935785380192971417e-02
8.547263593341750121e-03
2.783485231125249273e-02
5.809556029029837310e-02
9.856651748320316431e-03
3.197237409403745623e-02
3.145941360088307104e-02
5.243981012251608398e-02
6.170971292694081567e-02
8.065477680763515067e-02
6.443412966939196518e-02
8.704080239037252642e-02
9.656109079653860117e-02
-1.678921705114377882e-02
3.114559755378321429e-02
2.922407955077942210e-03
-1.578135594473161624e-02
6.065636820048944666e-02
4.949500476227465529e-02
3.033344187954413809e-02
6.704570019291063165e-02
4.436963082014525050e-02
