1.098076609280896454e+00
1.043098096360894678e+00
1.001190258768191566e+00
1.023631806069251748e+00
1.064256428033265589e+00
1.093453976462244182e+00
1.045957336797323389e+00
1.035346801095692770e+00
1.030723387403525315e+00
1.017447854246525951e+00
1.084171542693589618e+00
1.012203628807496703e+00
1.073143028720948022e+00
1.030744196321813355e+00
1.077047446365102745e+00
1.054264256916046527e+00
1.025038324086308572e+00
1.055626825330401752e+00
1.020612592424773535e+00
1.050556746499292426e+00
1.097625215711844682e+00
1.016681557579965478e+00
1.005534899716451047e+00
1.067374832975908960e+00
1.066873730202213988e+00
1.020277505716100430e+00
1.071764682197969387e+00
1.009742273739864693e+00
1.078792226842063329e+00
1.019167999759580390e+00
1.088179481599931497e+00
1.097518782971118378e+00
1.092826960372552003e+00
1.093603781089820259e+00
1.067161533482055225e+00
1.058058584998795348e+00
1.004646638831650396e+00
1.038391259285345258e+00
1.017892106439962419e+00
1.097577151383311245e+00
1.049318169828349578e+00
1.095379519661422885e+00
1.091923404008865450e+00
1.082770209526523475e+00
1.067404322809533124e+00
1.025525608571246750e+00
1.032666711249957237e+00
1.028117535309766462e+00
1.067014953120406506e+00
1.089460751173445985e+00
1.004523160000239779e+00
1.084654463610533748e+00
1.034944607993736998e+00
1.043480504836574729e+00
1.007720654605638533e+00
1.032801455804365220e+00
1.068675457185730204e+00
1.073036647271591315e+00
1.072076478409883959e+00
1.078102806010702741e+00
1.039624079873915363e+00
1.002803028825626885e+00
1.074302229458759417e+00
1.041957724876386937e+00
1.061572149093810147e+00
1.043821558782187964e+00
1.058161419806759262e+00
1.058569235701743994e+00
1.095866001711729432e+00
1.045033508822244217e+00
1.009111432582701084e+00
1.046727049607643734e+00
1.065892483512658861e+00
1.025853065150202470e+00
1.072390557447314263e+00
1.006966278052052965e+00
1.061962860026206767e+00
1.082031134335227129e+00
1.036521020731512532e+00
1.083422088858083665e+00
1.094780403239069555e+00
1.010832495189752489e+00
1.046950762422321768e+00
1.087338435694329419e+00
1.094527550390844484e+00
1.085712132922667772e+00
1.019005283593254374e+00
1.055578791952227036e+00
1.040773822530768777e+00
1.031365514120859750e+00
1.062188965996570866e+00
1.016123838496346687e+00
1.066171901973776093e+00
1.057329701237127884e+00
1.035207442899415131e+00
1.066895248457629064e+00
1.056712599183239787e+00
1.050018815244113668e+00
1.049529079214236882e+00
1.058411922544000516e+00
1.026796183217933089e+00
1.069682360435541879e+00
1.092756986115227535e+00
1.011517097017998523e+00
1.062836856329277158e+00
1.004765397167550978e+00
1.017662304895436298e+00
1.057419315816763961e+00
1.087306369023500752e+00
1.051181733428356857e+00
1.064310298334689708e+00
1.022792001911469573e+00
1.021185604714455852e+00
1.005055075747669724e+00
1.065624611177504288e+00
1.007018889018892027e+00
1.058241493490229113e+00
1.023462641990197985e+00
1.087587135890071499e+00
1.030817845044742276e+00
1.094564226101055526e+00
1.090862926226110030e+00
1.010488014382770805e+00
1.048431734767592660e+00
1.076680788909271103e+00
1.059696860474143687e+00
1.003990638376699218e+00
1.083729995742174435e+00
1.027139613952572361e+00
1.004941259776272133e+00
1.079728238461536982e+00
1.066532805490098879e+00
1.080181048110969710e+00
1.016563581514756232e+00
1.079445107031775875e+00
1.049022157826807078e+00
1.025932887631127333e+00
1.001878077072341000e+00
1.046151611397480474e+00
1.037072637454637958e+00
1.057173321823082990e+00
1.030873871810805698e+00
1.080437718826363636e+00
1.053387848113750191e+00
1.047032649146631744e+00
1.014005238628300720e+00
1.034918214702982064e+00
1.099741930880372642e+00
1.033462657706515353e+00
1.041841475029172681e+00
1.039563288873966540e+00
1.053696832838515896e+00
1.079363782111689485e+00
1.064576145781407135e+00
1.065141380822483441e+00
1.058720717659750177e+00
1.094580029542918886e+00
1.021791082372250692e+00
1.041014528086355639e+00
1.018376120041411870e+00
1.031904945160900144e+00
1.039569996012286834e+00
1.068972923881303494e+00
1.074913742808572437e+00
1.036007750410243400e+00
1.094381093506217928e+00
1.002413449735024109e+00
1.070132536079041019e+00
1.006598825214268356e+00
1.007703766890281960e+00
1.090830133631252030e+00
1.068023074275460393e+00
1.053895164441478016e+00
1.014437759894133873e+00
1.045579419511507124e+00
1.030833613601903620e+00
1.055623992132205258e+00
1.042635249309405099e+00
1.013519132499357323e+00
1.058172795006573130e+00
1.079837645674714741e+00
1.086667015279877413e+00
1.028547638267871989e+00
1.074026187247050013e+00
1.041864012434161380e+00
1.025492261834815677e+00
1.000973522252235570e+00
1.095610479911934165e+00
1.008729458806203461e+00
1.037279469182422975e+00
1.055173165723740203e+00
1.094457878715508592e+00
1.074438865969946200e+00
1.001530811188058534e+00
1.014188948834358950e+00
1.012428978277394531e+00
1.040990457151226734e+00
1.008014410731285615e+00
1.076581902860685336e+00
1.070352813658911328e+00
1.057090036782385223e+00
1.045593276702220686e+00
1.020852617667699525e+00
1.010752433129362693e+00
1.095800655237834320e+00
1.061234904740851803e+00
1.092122003134867958e+00
1.016846143399746660e+00
1.016752943350433425e+00
1.009299777923126529e+00
1.003099293628680666e+00
1.076801628609809214e+00
1.040192410366230114e+00
1.085200485282342031e+00
1.046471244994427119e+00
1.076410467978790475e+00
1.095200047286001732e+00
1.052430112866763023e+00
1.037996212707172683e+00
1.026341457473816776e+00
1.010191125057906536e+00
1.085609625900107567e+00
1.026205734340212450e+00
1.004460045822950232e+00
1.041910710432234266e+00
1.052628875936942432e+00
1.047469681948152820e+00
1.046403475361389779e+00
1.069531654399041409e+00
1.064914137279699080e+00
1.038959059361129311e+00
1.027140473936009490e+00
1.031046779185008644e+00
1.054453664276057134e+00
1.061853537415078597e+00
1.060896438020624277e+00
1.060931493102895251e+00
1.075947362514957595e+00
1.080922638125308977e+00
1.070532161859404585e+00
1.052032099517603125e+00
1.017387210014822019e+00
1.028012332988869737e+00
1.069918344236312047e+00
1.030914296962451182e+00
1.042700933937498853e+00
1.035209524858949459e+00
1.098444183665570284e+00
1.013229650635216528e+00
1.069474194260774613e+00
1.025805575371686373e+00
1.099245429023596010e+00
1.047225630497748305e+00
1.081723228380176760e+00
1.099753902454424725e+00
1.044437541077106069e+00
1.031377018510176491e+00
1.049784639667155517e+00
1.080479911275039617e+00
1.076918014506629051e+00
1.076901875715523760e+00
1.039810243596920758e+00
1.002644301794931359e+00
1.091156471454053367e+00
1.075211644689368473e+00
1.094358297976430139e+00
1.038875062834664798e+00
1.086684103952161751e+00
1.026564520918258783e+00
1.093994147774146164e+00
1.001522236683608735e+00
1.092491161793212262e+00
1.095931245582264513e+00
1.059107328512462809e+00
1.038433659414427224e+00
1.054100440468522359e+00
1.039460732778217933e+00
1.030910547714453562e+00
1.059945186157617680e+00
1.075362728107613908e+00
1.063625716207568184e+00
1.092377954482404601e+00
1.007081177640425595e+00
1.003855041862165676e+00
1.019429482136711362e+00
1.088037726003163064e+00
1.096703115845019560e+00
1.019591513844819719e+00
1.065772251924747893e+00
1.055838482578870696e+00
1.058345185659101073e+00
1.085532746240415181e+00
1.068733014286670446e+00
1.019881523166779713e+00
1.084890319256619273e+00
1.083355462830697169e+00
1.087431373490590936e+00
1.059537710467238991e+00
1.051013042378983631e+00
1.097343381124127992e+00
1.042431935557222245e+00
1.050172676482959311e+00
1.059863993911036806e+00
1.083095794268158940e+00
1.030579812209129864e+00
1.072490899395063924e+00
1.066603302399307340e+00
1.070210104111752214e+00
1.094340863198041580e+00
1.072834229975693221e+00
1.059619264081431700e+00
1.046428450839720803e+00
1.012495065024398455e+00
1.002959275256120053e+00
1.073612615786449176e+00
1.001175750547387278e+00
1.036093151629150722e+00
1.013186118687489090e+00
1.058752041713853398e+00
1.058205648514914943e+00
1.055303702008068445e+00
1.085270566034018280e+00
1.082488199069514323e+00
1.031296311735423465e+00
1.004161591013101651e+00
1.089078830192877101e+00
1.026844606817044481e+00
1.003005760812940572e+00
1.005947854380179418e+00
1.052984488224034010e+00
1.012710066753401028e+00
1.028255335496969902e+00
1.017590598207255059e+00
1.031586227553409119e+00
1.016277410316744678e+00
1.088538992089060686e+00
1.026150201449768984e+00
1.002808622287972629e+00
1.092718677871694855e+00
1.075254596996934042e+00
1.032974937420009232e+00
1.016653775554871242e+00
1.004074009238492993e+00
1.025376871217636987e+00
1.097732095122497142e+00
1.074398917856682178e+00
1.004113994716762104e+00
1.080597136753588039e+00
1.071539204299826187e+00
1.014768715611376049e+00
1.062262969613499086e+00
1.021516248099955559e+00
1.030163379222001074e+00
1.038368497908580990e+00
1.012241553287833717e+00
1.097405928081158111e+00
1.096825835209476629e+00
1.019340993118897920e+00
1.028026227775047374e+00
1.029944572465889330e+00
1.080138323926052246e+00
1.084427851733132941e+00
1.066097528744434975e+00
1.072907545180741939e+00
1.017490087657725528e+00
1.038121108501162571e+00
1.031028328068496425e+00
1.040112711662266598e+00
1.023203358657529316e+00
1.011137419522433190e+00
1.098392396177714225e+00
1.013810544706719385e+00
1.088571306411788120e+00
1.039099144100305239e+00
1.022718351516930690e+00
1.035621505048490265e+00
1.030563585471868437e+00
1.094127302157314352e+00
1.024654790347443223e+00
1.063201410051398677e+00
1.097974310250702024e+00
1.093800163734514275e+00
1.019376484822064111e+00
1.083562778318208686e+00
1.069718014424443808e+00
1.050135625433942677e+00
1.087138255257108055e+00
1.035747766932835212e+00
1.030159602478245340e+00
1.035223221038353403e+00
1.066216672602686488e+00
1.028035844820909706e+00
1.092206802774379204e+00
1.047524872086470937e+00
1.083559664485080232e+00
1.094588513245932981e+00
1.094725626706904764e+00
1.006041407331808912e+00
1.061922088665648412e+00
1.074094146005683648e+00
1.089753635764468154e+00
1.003799782503537408e+00
1.078915190901801768e+00
1.008824192300527001e+00
1.077120785147906545e+00
1.014129993858862155e+00
1.049761827315961460e+00
1.063614491035318022e+00
1.015576210157669745e+00
1.035794821044440539e+00
1.016357877531441023e+00
1.056299987612775659e+00
1.020440416348713075e+00
1.007174917798584701e+00
1.032521950542938161e+00
1.014391099183053147e+00
1.053198130486516337e+00
1.020614762711473222e+00
1.029116799501745616e+00
1.053129163226425691e+00
1.021840197200541089e+00
1.060024807338006525e+00
1.060853317065761470e+00
1.075440238463939879e+00
1.090996898329929854e+00
1.090857546022736768e+00
1.006143862968175373e+00
1.015231633727607496e+00
1.016580971799189825e+00
1.039281936535095596e+00
1.008962715618445749e+00
1.051076506257019982e+00
1.042265373749158064e+00
1.031620307278096504e+00
1.096150345731828235e+00
1.009825912674848336e+00
1.096046053608794590e+00
1.012565666289752864e+00
1.041525704192694191e+00
1.047230829563969179e+00
1.060015202719045035e+00
1.031241821615493270e+00
1.013502853513946977e+00
1.003957893969358972e+00
1.069081974890906839e+00
1.044516567787003192e+00
1.074515725902723373e+00
1.042095502276263908e+00
1.069656212709167109e+00
1.009929197196039352e+00
1.007173353505243396e+00
1.096593530585949550e+00
1.066295661875944045e+00
1.082583634225960045e+00
1.051602892470052231e+00
1.002293042148177271e+00
1.002900553766645109e+00
1.095674980970403611e+00
1.022654344944936122e+00
1.052547678725628710e+00
1.041872045190754159e+00
1.051853255386350661e+00
1.002753387340534319e+00
1.025747445341960162e+00
1.005201458945605530e+00
1.071095772132387047e+00
1.069369683392979775e+00
1.031782616402015407e+00
1.085941956312933110e+00
1.053299925865813114e+00
1.073791398917328666e+00
1.086537108118003969e+00
1.024862683163577870e+00
1.089949832919629547e+00
1.087115434602852426e+00
1.047279807846517086e+00
1.001355054032228686e+00
1.060286483073758834e+00
1.005334943301494421e+00
1.080264242340442049e+00
1.014742127595862131e+00
1.020541906111165797e+00
1.041158007231917759e+00
1.029485319082447781e+00
1.058302972920505125e+00
1.076522675769097104e+00
1.029547211807657625e+00
1.095155715532934115e+00
1.041415603556643976e+00
1.044830771969166072e+00
1.026199321569748468e+00
1.073262263050647425e+00
1.076549945435272715e+00
1.090221284092954157e+00
1.009700518873658304e+00
1.026424986676863993e+00
1.078582144207048898e+00
1.023187891741313971e+00
1.034346779633279478e+00
1.087027691540347174e+00
