6.898843323244931158e-02
9.682807827902897846e-02
7.658144854332356311e-02
6.723173025123374558e-02
3.563526893786188310e-02
6.049277516416352862e-02
5.064113704727771226e-02
9.651707831514880209e-02
-1.941335476268652577e-02
7.940033125319398422e-02
-1.754452791744598797e-02
-1.947008972604583749e-02
9.680185975625048289e-02
8.262231613728751589e-02
1.739182576487289036e-02
8.767058665112570370e-02
5.869225375156884861e-02
7.879866955745210011e-02
4.257835479937430168e-02
1.852403030239540074e-02
6.314711677014629709e-02
-1.731713534942407734e-02
4.269629549381336042e-02
5.856514910005491265e-03
9.877132667637009145e-02
5.966434254894811828e-02
-1.205154659628768221e-03
9.776786663336591021e-02
9.726247939313079072e-04
9.778062653402523619e-02
-1.646999541678219672e-02
7.105083677026267919e-02
6.253756784813775671e-02
-1.616001221234947618e-02
3.136847291921772418e-02
6.522530146638261250e-02
-9.717605724546499874e-03
3.739120147897129209e-02
7.615733423928940093e-02
4.742170206211471228e-02
8.309112178446032698e-03
2.165460676411966670e-02
7.160298399723158402e-02
5.733289140599633071e-02
2.268515571430674074e-02
9.355565399403453775e-02
9.344658426068835205e-03
9.580491762031312364e-02
9.114799788785822587e-02
1.629917168560179527e-02
3.600321215117625873e-02
4.892520326216361071e-02
8.360698614261496964e-02
3.475892777934176670e-02
9.262838776336528024e-02
7.306743603712678031e-03
4.781862848361465024e-02
-1.366698038009237989e-02
8.420413822902669820e-02
8.050226474327684678e-02
5.284660746639643913e-02
3.973941120919355363e-02
-1.131924875820038839e-02
8.765627250082694277e-02
6.435363355082757836e-03
4.536889078934727704e-02
-8.650377749586527290e-03
4.624793026141425789e-02
6.260992236256920918e-02
4.165001083667373150e-02
-1.415467224995144331e-02
5.820162399308509427e-02
4.091162360533438791e-02
6.318558002109907201e-02
-1.934328161542875346e-03
5.582900597886572558e-02
5.494568077305246601e-02
8.974104146848851937e-02
8.603015643149064529e-02
-7.057669505405803068e-04
7.477102751237749145e-02
-3.423735092432742683e-03
5.309515766841907403e-02
1.595253665959067355e-02
6.234064919513554459e-02
7.920841160034672312e-02
2.783898970713180945e-02
4.423545406118281620e-02
1.964033204892884008e-02
2.458933442050454179e-02
3.519910953915118129e-03
6.535938016720561905e-02
1.082444977069505279e-02
5.663618309071721812e-03
2.526905810362359631e-02
5.743272033227185547e-02
8.701590074988624357e-02
2.935443310168209599e-02
-6.432322312874605430e-03
3.333269274492127454e-02
2.928841705398408865e-02
7.261140738119895022e-02
1.753174974273073380e-02
2.486553420976947079e-02
6.892374104194250173e-02
6.711282636900270382e-02
7.899793232519990160e-02
4.054049883430135837e-02
3.724786115260060593e-02
3.599847400393502844e-03
4.846689187335594118e-02
3.047638151320848990e-02
6.399690323682001580e-02
5.594153345414590306e-02
4.149687675894281336e-02
9.824274074599224915e-02
9.498487424334466078e-02
8.677493906105894494e-02
5.050145839019391791e-02
-3.568460498842088158e-04
5.733411046798245203e-02
8.411867031948359885e-02
4.834960685992048535e-02
9.427542614148604061e-02
8.696499381547283247e-02
9.286865821124688780e-02
8.061694075100497847e-02
2.807132979281712695e-02
-1.943837480435205850e-02
-1.924369453550857020e-02
3.998599827717505550e-02
1.911136084009287459e-02
7.940077665115256866e-02
1.640184454977052994e-02
4.434432221034536464e-03
3.620178661307019152e-02
1.180277007655980426e-04
1.833297088185381271e-02
1.995477794755005571e-02
1.162714318471864614e-02
3.000613568049901800e-02
9.989873059953170709e-03
-2.926885400856980152e-03
5.474376985513308702e-02
4.934704336689367532e-02
2.457741542429016032e-02
6.816307180396820320e-02
6.907136307249120422e-02
5.354510992596885066e-02
1.185670550979427487e-02
8.526502084487698474e-02
3.231881049578473608e-02
9.776394431817381214e-02
6.768589548000348427e-03
2.668534757903016572e-02
-1.480423722214515431e-02
3.010040520160467067e-02
9.321365654620477476e-03
8.930982597906850229e-02
7.785742777240561852e-02
2.872286982776307493e-02
2.383714993142595565e-02
-6.000366940062996229e-03
2.378874130467694206e-02
8.696518854952116351e-02
3.594465948412625678e-02
4.463701279790403820e-02
-1.466896628663390961e-02
8.336372548072830402e-02
9.862581470209730999e-03
8.745539957972815748e-02
1.900284658330851986e-02
4.560076870591681097e-02
-8.980730670854074685e-03
4.810721693407200850e-02
4.342805358554960304e-02
8.422941225990777936e-02
2.327623491184106427e-02
6.419276537001436522e-02
-1.321890315974067615e-02
9.984881143604723563e-02
7.643517075881101075e-02
7.187604019809243350e-02
2.021056923541788078e-02
7.669192536776939240e-02
7.745581304396724487e-02
3.430141304356297549e-02
2.124745109661736395e-02
-7.331121468989430096e-03
4.103931710772761032e-02
9.111909454823419185e-02
6.288403596480564295e-02
7.879480692656323781e-02
3.733402656916892659e-02
7.309715243619270553e-02
7.178300605905298115e-02
1.865806976283971089e-02
-5.951889489490177695e-03
2.444666406417725715e-02
5.797193819199900067e-02
2.212485421746808109e-02
9.576871041495842174e-02
-1.462464181275284318e-02
-1.248863277669855221e-03
1.023782627609267498e-02
7.768284283184812705e-03
6.789809609883050434e-02
1.735689442308216077e-02
6.634267145693938106e-02
9.823169829227793026e-02
3.594319682381123815e-02
-1.453214796388834461e-02
7.251285929151275733e-02
6.180601521232656492e-02
8.088693317361797530e-02
6.704317956440750126e-02
1.714441700235126362e-02
2.529287115060374277e-02
8.968868379177287464e-02
3.088113927272305090e-02
4.715130233278373717e-02
9.627099940116537469e-02
6.622256455712934031e-02
4.991810759540790676e-02
9.365193036127962556e-02
7.901449152334874548e-02
7.953594652222721606e-02
3.053290926530296753e-02
5.152763052037588609e-02
7.597988720445723876e-03
5.749887822875618393e-02
8.025629894024204070e-02
-1.337025727540371196e-02
-6.436371339509848813e-03
8.653260616635193025e-02
5.294039774498131290e-02
-1.736561319468537742e-02
5.445293989475789853e-02
3.220001996728215354e-02
6.939500571986469135e-02
3.015202423786031774e-02
2.690195442404133552e-03
6.247876278136725581e-02
-6.134124362588434451e-03
5.877410128739696260e-02
7.010000469151501240e-03
3.677966648789403326e-02
2.275267473180741032e-02
7.170113573385518413e-02
8.132327768915866006e-02
-7.781810655197255941e-03
2.794707189067987055e-02
5.271069940748468463e-02
4.969621541137587972e-02
-1.236143025412265832e-02
1.072198460041912452e-02
-1.083493724960189926e-02
1.061937293685352723e-02
9.012727299600949149e-02
2.236932367486218695e-02
-1.456436306962287375e-04
3.979954036942170981e-02
-1.265528937733802206e-03
9.967293689550066338e-02
2.458302451291763391e-03
9.846518205506293864e-02
5.237181731365541520e-03
3.734282598477219051e-02
1.018787786459391179e-02
2.916905297554444818e-02
6.045226480752596832e-02
2.830437471070271563e-02
6.487306612729620836e-02
8.610214798145687798e-02
1.895023404906235817e-02
-1.445600914940295412e-05
7.650813509659273870e-02
1.223410586993753033e-02
2.886166464535748141e-02
8.332556297323349959e-02
-1.088851326509516354e-02
9.415772297215181663e-02
2.433528924922217715e-02
8.346175382348804128e-02
4.789720685618081841e-02
1.039890897756005905e-02
3.170637039539386803e-02
-5.016244729921711179e-03
5.885051824181143643e-02
3.481772847098044132e-02
7.885881176007192295e-02
8.325014927901425166e-02
3.264428950722893241e-02
2.184700802491350638e-02
8.455428217856473389e-03
9.479073893155121056e-02
1.896876484618100281e-02
4.853195287430920463e-03
1.051895196915008171e-02
7.478676157332700414e-02
-1.384073307699116261e-02
1.276687248315071591e-02
8.550887589537781164e-02
9.177471248982581320e-02
8.365770676862520350e-02
7.600865774489795612e-02
4.915357177822581025e-02
3.420183239734091163e-02
9.222311718865061625e-02
3.121948526973602686e-02
9.300321992258224479e-02
6.528499806564465324e-02
8.078083425739318590e-03
4.306268197265605835e-02
-1.135697906626553268e-02
3.152359644434414576e-02
-2.408528075022967063e-03
-7.525799163423831442e-03
4.248493327975176592e-02
6.575321590516841619e-02
-1.007069831825895163e-02
-6.969395584967051985e-03
-2.926415921886877519e-03
7.028345168703689638e-02
2.557659884064471256e-03
1.892722404985671888e-02
3.611572126691307838e-02
8.746146257897711995e-02
-3.305153891626742835e-03
1.442674873846284955e-03
9.935926947804417375e-02
5.874089395878835662e-02
1.977532192889294368e-02
7.086645065819410783e-02
1.735982237971195677e-02
-2.452381975867348740e-03
7.742406238659681195e-02
2.539725098528903408e-03
7.178037681255779179e-02
4.718635620829779442e-02
5.537947371675122632e-02
1.552959939782221424e-02
9.665112093036279384e-02
7.896392733173820955e-02
6.333268017088805601e-02
3.575366643103217168e-02
7.464925419998241773e-02
2.183826161457593645e-03
-1.030786754333171476e-02
7.827449008681748588e-02
-1.657477200325006492e-02
1.373998537752815774e-03
2.344530367948538183e-02
1.138898103961806865e-02
1.342697973113968213e-03
1.983579245404490723e-02
3.541363220279963864e-02
-1.166896290330322883e-03
6.217009079400508120e-02
4.842124877529074833e-02
6.392280083563370296e-02
1.442274446294171744e-02
9.187554090025788767e-02
1.810067920576200612e-03
-1.255146962788250553e-03
7.906537471195258793e-02
1.118494127283556003e-02
7.720912225426302539e-03
1.453424490942218164e-02
3.766101163990924483e-02
7.082715183156654271e-02
9.991066812472162995e-02
6.407489220599360547e-02
1.673098632939451144e-02
-1.394498703344930826e-02
8.373299896503023920e-02
2.023517718423524167e-02
-1.177045678505041215e-02
4.636417589779988357e-02
3.922788470937538241e-02
9.033902413093444772e-03
3.132550972599362771e-02
3.446264942789947772e-02
-9.511222915452179072e-03
1.989087446445686816e-02
8.883241556613287460e-02
7.689883382110544729e-02
4.716437013370103348e-02
-1.814573687148216680e-03
5.449610308741266451e-02
9.845620518655565784e-03
3.304510317915089479e-02
2.994657514081101868e-03
-2.077854960922654454e-03
6.470507201200187408e-02
4.520674483151229661e-02
7.650403920377567279e-02
4.256583199120622663e-02
-1.629695794292974897e-02
1.037520342574843601e-04
7.597019995379063195e-02
9.968260092885138091e-02
9.245883847361927033e-02
1.727007899941794197e-02
8.495122660118492597e-02
1.743853023616917866e-02
3.268545771552552881e-02
-1.106603540250778936e-02
2.300428730096920962e-02
6.456312731678359035e-03
4.296161351248303784e-02
6.788321134734365270e-02
1.360307922515429160e-02
-3.143033079337401170e-03
8.186122613471846776e-02
-5.966223256801204966e-03
1.453705707067480535e-04
8.734311055525877110e-03
8.234038245223851415e-02
6.744782872267458818e-02
1.614666139753892851e-02
2.648334712753872000e-03
2.948537287224408873e-02
7.661702863991963486e-02
-1.731563877561206888e-02
1.084913740381145825e-02
8.699203526936784281e-02
3.381898430390727767e-03
-5.024964214510152516e-03
8.520099782165302393e-02
-1.102040700184768116e-02
4.109688049989886072e-02
3.588106210349729930e-02
7.110857028019966497e-02
1.092664334978639754e-02
3.245746258320762745e-02
6.655531066899045278e-02
5.478925000620200880e-03
3.195981057469222952e-02
5.075622291883395698e-02
9.332043636797064667e-03
1.764191159025979214e-02
3.992994171887320753e-02
2.352370231213933918e-02
7.996152408169071579e-02
8.988844374273708554e-03
7.420157936210398930e-02
5.878253021049358040e-02
4.271904069301483975e-02
5.569624659644589748e-02
7.889231075091554524e-02
-7.698257645328561438e-03
4.129509533554545642e-02
2.312290507153303559e-03
5.731009401692223337e-03
3.741534433489079881e-02
6.025196909020948122e-02
1.691710750869749799e-02
3.962237370302779116e-02
4.136918552679855199e-02
1.414180547812604258e-02
7.480769571871586504e-03
1.024343697638026296e-02
-1.242575521997972901e-02
5.439688119573242442e-02
-1.114291960180730651e-02
8.159610450577504948e-02
-2.793127314413446083e-03
-9.846837187539559180e-03
-1.627863404446164980e-02
4.957799769414718283e-02
9.896677811969174787e-02
9.818066428000472856e-02
6.396525645281891936e-02
2.515631039683174572e-02
4.315848658035506547e-02
-3.737955418037643834e-03
9.081386327611976061e-02
1.616980278517764907e-03
1.352778691219238758e-02
9.377724535454684540e-03
9.527953881758488563e-02
5.563658053727972563e-02
2.880668328458600366e-02
1.705671971348005425e-02
6.660520653271158331e-02
2.432752709686891376e-02
8.379498405120557047e-02
1.580438925523849555e-02
9.477260572275089667e-02
-8.416527493292389611e-03
6.411858914591091196e-02
3.302837023914120818e-02
8.079261283825162065e-02
8.869574089305963527e-02
1.697310030187937704e-02
2.213100195292421260e-02
7.510850508638418355e-02
3.423423196238156718e-02
6.695891659919417371e-02
3.229530604819509654e-02
8.015932884880891396e-02
4.686950312741762492e-02
3.051483627110078770e-02
-7.506583055308744395e-03
8.523590215829120187e-02
2.528340987278797358e-03
2.972900873702702049e-02
-2.424448550832174198e-03
3.240426464993591271e-02
5.202245910744193041e-03
6.244809966763265052e-02
1.861278622307187616e-02
1.126716648551953290e-02
1.753688411829172275e-02
3.703445292468449113e-02
-1.065306703471244343e-02
5.490757488218178661e-02
6.114936332524489870e-02
3.508127779465154694e-02
1.280627272086381011e-02
2.889931381570634908e-02
8.695500295158124782e-02
-1.711871820772446415e-02
4.441015559444312644e-02
-1.077432093740441493e-02
1.263196129373080415e-02
9.404449938998651892e-02
8.450368582282381802e-02
7.692998366406732236e-02
2.331905162050236166e-02
6.287054241085737738e-02
4.519962527724268042e-02
2.295786173282757248e-03
5.575225268544807544e-02
9.934684068329745210e-02
3.407558645439355549e-02
-1.324379045752960976e-03
1.433566450935861922e-02
4.816165172861014421e-02
2.298749022528258704e-02
1.952451325392729961e-02
2.768456497221197243e-03
7.459838520639487658e-02
1.422664969554952516e-02
7.785178354780285248e-02
8.994626367091732022e-02
8.829478230460566235e-02
8.265316964940332134e-02
3.045805782335369097e-02
4.018475712525207411e-02
7.982439587876825893e-02
-1.882610137395264102e-02
-4.369660055263749343e-03
1.244848508401013090e-02
1.792849016210705873e-02
6.182373063302697841e-03
5.075269487801327417e-02
1.306317375936729905e-02
8.095895259906941976e-02
5.387378753018114141e-02
2.809007832102552657e-02
1.624315174380909152e-02
2.787953004568797036e-02
-5.587738172455515226e-03
9.089461835953563384e-02
5.130406300807313635e-02
9.231323252554286818e-02
5.047586797264976000e-02
1.875779135431795280e-03
4.430574907221525305e-02
1.494234347905467122e-02
9.968476573913234717e-02
6.674576649013201635e-02
9.947017715799738591e-02
9.761345489172124079e-02
5.733640323436814401e-02
3.792964924953826089e-02
6.247327378081916904e-02
-2.348754222146802462e-03
-4.474313918880427204e-03
3.607907387256434339e-02
1.894019927096769404e-02
3.483313785792158113e-02
7.079074938758507518e-02
6.737470956020365220e-02
1.164681964071262801e-02
5.633503022072226807e-02
-9.510179148265870616e-03
5.207139964929637099e-02
2.425539144236031272e-02
3.012414894645876542e-02
2.630491596403164087e-02
7.729294493699821744e-02
7.178704844637012750e-02
7.564153324595303263e-02
4.832210779499337971e-02
3.240869286590805642e-02
8.326235235150785535e-03
2.183814535312641678e-02
4.367111420752026185e-02
-3.210928726149902407e-03
5.459982315385688428e-03
3.375679107075636731e-02
5.607238554688042526e-03
1.022065389501920080e-02
6.962733743136018116e-02
5.927730384802692987e-02
6.801077177029803134e-02
-1.201018168817792955e-02
-1.922454900621326998e-02
2.191790421137139108e-02
7.433990918895279354e-02
3.871445231274420196e-02
9.513964550377265739e-02
-1.147770005264467895e-02
2.911510401329874334e-02
2.381087953737999821e-02
-1.680746007690621033e-02
6.100923212777258769e-03
8.996191147442933467e-03
4.494963266444988725e-02
9.126755893752445947e-02
1.817159332675065062e-02
-3.279099518203421743e-03
2.863801188229841629e-02
7.390880644881070438e-02
5.307376109243922002e-02
2.873391048301308578e-02
-9.064521432828560182e-03
6.567626748727434238e-02
3.997056244465453656e-02
2.599769256724801178e-02
2.753784579527647838e-02
-1.952127712093207346e-02
-1.713052470478889505e-02
8.789732743874627274e-02
8.515525882173774486e-02
4.668698304919435826e-02
1.470958410408150160e-02
7.440290851848907483e-02
-1.884331341862321638e-02
2.351695956600955220e-02
8.249582894202490968e-02
-1.878828781342408230e-02
8.102855098476319240e-02
1.113580259723138607e-02
3.962189769752787194e-04
2.474601866339124975e-02
9.644436510002453444e-02
5.272653895885179298e-02
9.550311431907219928e-02
8.231051004247072478e-02
6.615591698201351428e-03
2.799698586287875310e-02
2.455536301108394645e-02
-1.468358277098860687e-02
3.924795184237034329e-02
5.039411632325772883e-02
1.180895595106088922e-02
6.752480467444672840e-02
1.830911781314817008e-02
-7.106595917961731207e-03
-3.203632040244229484e-04
1.947494069508494755e-02
3.439375798129952477e-02
4.642612922442701517e-02
2.445170134627830047e-02
3.086756194399562989e-02
7.889671896897851311e-02
8.551816281805468822e-02
3.069460484060531139e-02
9.339629972420554482e-02
4.663217228174844353e-03
9.651383291683654497e-02
4.521135211165556306e-03
3.334283272925613051e-03
2.287657651105906229e-02
8.510093529234666332e-02
7.166729662104720511e-02
4.289525061139264073e-02
-1.474338770087567016e-02
9.794907030529284575e-02
6.723962970079087886e-02
4.318681729112178180e-02
3.999160903343117190e-02
1.858822033179171815e-02
8.105650090445051803e-02
7.805869714343102728e-02
4.020371712429834932e-02
-1.009530102675203732e-02
1.632863437582541405e-03
1.513738570267569514e-02
2.530604953579034325e-02
-1.326242672150824455e-02
5.758846059343605828e-02
3.208711316372545030e-02
-9.009295894637930208e-03
3.067623814346906799e-02
3.704158727030798515e-02
8.691278792709972167e-02
9.682882473448004013e-02
4.137361935674022106e-02
1.977153936012211385e-02
2.801510037505776374e-03
1.756817130834844795e-02
5.991680547611777374e-02
9.642281047127197746e-02
-9.023235975254832730e-03
8.582401606485757367e-03
-5.658441986400138818e-03
7.392657942747700439e-02
9.383772356884854948e-02
-3.605695712273229020e-03
1.077998791682795859e-02
-7.105380931576589856e-03
5.775492715128315024e-02
7.032550789651571821e-04
5.009565164936667647e-02
6.448998637219949259e-02
8.157218427159453056e-02
7.414356881801204002e-02
9.557098769805774663e-04
3.681395015623752098e-02
3.605060219438283725e-03
3.115292139147220543e-02
-1.198936203791982520e-02
-1.830140040720990360e-02
5.798385328375529890e-02
1.794418232221661400e-02
2.245043067190076111e-02
1.861413678416995107e-02
8.150908275732642039e-02
5.004755602403142267e-02
5.219426626685735870e-02
1.585370490840309551e-02
4.461612340036671953e-02
1.867849764269880267e-02
5.824312318149381384e-02
9.862575421442924123e-03
9.172066411633394978e-02
-4.969800975264936430e-03
8.635890140018925853e-02
2.770361495986057090e-02
1.855292829391050682e-02
4.307512747684660859e-02
5.766644972791154511e-02
9.177253745463034851e-02
3.718702252821573517e-03
2.439951143667206182e-02
9.826771458580353669e-02
-1.535859663491987402e-02
-1.031936016652571647e-02
9.710026544090635814e-02
-1.345739148535222279e-02
-1.950618618002733506e-03
5.283222404935328936e-03
7.804204277940611501e-02
7.611468767329372664e-02
4.536080126782668365e-02
7.561841510501497721e-02
5.762201130440744445e-02
3.143937968419913132e-02
3.268217929374707398e-02
7.757653599471039940e-02
8.535290044584240010e-03
9.811081870503997326e-02
9.596708820081957525e-02
6.901360925641439326e-02
4.677236577034596388e-02
-7.064303738337785951e-03
2.301838269018618641e-02
4.443683436056453107e-02
4.112151911153937023e-02
6.203850975602570594e-02
5.424779221349311509e-03
3.892853494853085183e-02
3.125769500132886958e-03
9.109426460299446804e-02
9.661944359837768004e-02
3.852553566553808262e-02
2.130778052378518375e-02
6.457083476715086423e-03
2.415739131930784780e-02
5.912139374407350545e-02
3.420700545124581715e-02
-7.464712389268197620e-03
-6.276699190943481679e-03
5.915031573892183536e-02
9.869518521783197940e-02
9.238189270378815987e-02
9.585997690587831632e-02
9.378185686935944232e-02
-5.151865340439027927e-03
1.532025812292074976e-02
1.906493897679735830e-02
3.058009584701139663e-02
2.450023092359390406e-02
9.511767781285629386e-02
5.753241159075533906e-02
5.407605144963327504e-02
9.302678494286488464e-02
4.534968924576582294e-02
4.914363147421535460e-02
3.027819694160018699e-03
3.694344762815542083e-04
-1.604002579333501169e-02
2.309138193591450325e-02
-1.049587216187564120e-02
6.185465678069548834e-02
5.121747075258881871e-03
5.204416711671987217e-02
4.782336356762298402e-02
8.094732224397205300e-02
7.301170529900161132e-03
3.630421914771801706e-02
-8.467247069511248114e-03
6.295307537039224188e-02
6.796109281648464451e-02
4.407463671597010302e-02
8.873342569793288281e-02
-6.778622596223832231e-03
-1.869284577690873486e-02
-1.870973909350938380e-02
8.341167845434621642e-02
4.602618914386416571e-03
1.764240475323698362e-02
2.755502465121248065e-02
8.485945116133178368e-02
1.433566509682991305e-02
4.007897845777858015e-02
7.801530274050645641e-02
-1.220285270880662465e-02
5.952938027834812906e-02
-3.566154958632217209e-03
5.254612338443838404e-02
1.239764845099817700e-02
1.288911285164273321e-02
-1.345335052584590435e-02
-1.540274354599737230e-02
2.386941405682805120e-02
7.841137386051338920e-02
9.329846594593804721e-02
-1.656206432481358709e-02
7.255916696033311991e-03
1.923772256073181045e-02
7.712285307894764519e-02
2.716752342883928598e-02
5.476780425531216356e-02
6.178183134631697049e-02
-6.692066052813845298e-03
5.530640451665051749e-02
-3.831601165804925796e-03
1.982668951836375273e-02
-1.499499068997831031e-02
4.374032586491377605e-02
8.080167958984373761e-03
1.413050873630557550e-02
4.709134790016630823e-02
1.386376118805546578e-02
2.576130397645925996e-03
7.481128134552193776e-02
2.683452519240812906e-03
4.477091315577344521e-03
-5.193015076130142599e-03
3.043057779279187067e-02
4.156373954127373649e-02
5.700505596070762349e-02
-3.631943680357161558e-03
1.547324076329792061e-02
2.365304474551956429e-02
6.522727037247304238e-02
9.073869391642645776e-02
6.608980289268533148e-02
7.980418693511769079e-02
6.334826162437239006e-02
1.424164953814184217e-02
8.935991489851725922e-02
2.286497950404181925e-02
3.518774053833628734e-02
4.746895645401731645e-02
-8.615763629225781095e-03
9.791415022526593626e-02
8.657345730312228371e-02
1.165231076103144872e-02
5.490186447883646514e-02
6.758551631218061989e-03
7.940546476043010282e-02
5.010727969576063423e-02
1.726274318540957364e-03
2.413171935847373620e-02
3.412769457254732908e-02
7.084998695923575007e-02
9.565697565333959596e-02
-5.386511384234394378e-03
6.956534819201637410e-02
5.506727467112604996e-03
5.981876503991837013e-02
3.586585941837786007e-02
5.771387745773878808e-02
4.192268855509359571e-02
5.076134506780771716e-02
-1.635816804448788492e-02
-9.603787693418642732e-03
-1.760347615096603466e-02
2.751699353572541543e-02
4.225015778620669349e-02
5.268418645738744133e-03
1.621040221109030025e-02
6.284716271887508254e-04
-1.067057747696242322e-02
-2.324730975036305713e-04
8.698663715890697645e-02
1.942681340618334848e-02
-1.594164429732804894e-02
2.711902765720685879e-02
9.676600687812544899e-02
9.349239205942366793e-02
-8.905244185001940510e-03
3.351429467166487652e-02
4.674470037574383896e-02
1.786859115428319697e-02
4.042376461004815180e-02
4.967767375560901144e-02
-1.637041860853422418e-02
1.303364001430873040e-02
4.994509110704015153e-02
6.300094042257099736e-02
8.457329759450267492e-02
4.029426842331369774e-02
3.988110965202198988e-02
6.651346834629945359e-02
9.354185401659526056e-02
7.551342005867769935e-02
4.297140684115224873e-02
5.738392483593035553e-02
5.672215080437839618e-02
8.775863180010586018e-02
2.648947362133457009e-02
4.236265347817440297e-02
2.959549522028036631e-02
-9.835558236921948527e-03
2.073060211707732428e-02
4.911066246831255477e-02
1.882155145968780405e-02
2.567831281854022693e-02
6.553122290015649110e-02
5.857963416795436418e-02
1.780727339545594076e-02
7.711051223295634083e-02
6.115433796098744545e-02
1.159614556884261752e-02
5.462511205892292554e-02
3.404570431412751175e-02
8.711901438234245787e-02
2.855319829462879891e-02
5.936504417786897525e-02
9.965560244862352313e-02
7.494267991506967097e-02
1.628822912490882416e-02
-1.105786497832916826e-02
-9.058412020085282457e-03
8.526036967543788869e-03
4.133041853310742697e-02
-2.882411806233772106e-03
4.545047535268940953e-02
7.340956635281187248e-02
1.245131686232403903e-02
1.614425638832068730e-02
3.782109714576224746e-02
-1.966212343833392481e-02
9.127391971731729781e-02
9.275468326424564369e-02
-1.668359051545454871e-02
1.061674033745772447e-02
4.629198104591211727e-02
-1.043503318087260316e-02
1.632433815322195322e-02
1.854627928533401568e-02
1.150133754054610477e-02
5.737918510907688563e-02
4.377730735562364306e-02
-4.751827899704104755e-03
-1.090636656866711580e-02
3.050769796377550067e-02
7.940028580444206951e-02
8.583107791060273772e-02
5.419828521402599020e-02
3.394000516735938555e-02
4.438937398094663922e-02
3.429611983506374029e-02
6.301132756249515354e-03
8.315589231189547681e-02
-6.829529725191968090e-03
7.848991620788617340e-02
9.456929260673013760e-02
-1.478841093891464578e-02
7.213429720787477295e-02
2.035088272058227510e-03
-9.207634369006147818e-03
