1.058504382576231251e+00
1.075317414137922478e+00
1.010640436874616688e+00
1.027288066140070510e+00
1.088051347364927590e+00
1.016585227846985795e+00
1.074023458664407737e+00
1.030561083491080332e+00
1.081380748735484731e+00
1.002408588900868480e+00
1.002005202547707752e+00
1.013885225334132834e+00
1.035239630124038523e+00
1.067645525734114198e+00
1.052591100481866437e+00
1.025726812009664091e+00
1.006616457611019921e+00
1.005634022729985144e+00
1.053551492243438803e+00
1.037545243396947425e+00
1.054074074602224576e+00
1.026428024494937086e+00
1.082574947195149129e+00
1.082992065484845723e+00
1.052788194898576890e+00
1.008319616739187685e+00
1.028319512112337852e+00
1.036721819625386898e+00
1.061586710081113827e+00
1.044845274562961723e+00
1.069630041240395180e+00
1.042821581467126002e+00
1.071712839930175187e+00
1.085049098610652241e+00
1.032387290913924005e+00
1.058274560939472808e+00
1.011151419002554119e+00
1.059969447870430903e+00
1.005591225818119661e+00
1.025500766976484179e+00
1.003314492156851312e+00
1.015055855688878461e+00
1.063896094818836957e+00
1.081353992745292425e+00
1.076580020464268816e+00
1.068011106297746649e+00
1.058807219804516420e+00
1.015676123416114240e+00
1.039763723207223434e+00
1.080813843771283311e+00
1.063518738962280885e+00
1.088000206077595955e+00
1.078593143217048578e+00
1.047068916548860695e+00
1.003195408179056836e+00
1.086732566487772722e+00
1.093950172187433179e+00
1.058017261131747766e+00
1.079956541668947612e+00
1.022428046274725055e+00
1.062699985727260099e+00
1.020338031156580172e+00
1.070348065458397668e+00
1.071593209489781318e+00
1.063639947984244660e+00
1.056580738761686122e+00
1.094808911379345773e+00
1.031315751317207319e+00
1.099504180687734145e+00
1.059625832436772663e+00
1.000110100576923067e+00
1.034167736500557266e+00
1.008351625059379364e+00
1.038341801655855656e+00
1.084073604985441364e+00
1.037324539860892791e+00
1.079591441330568946e+00
1.002413563138564223e+00
1.029597842729644608e+00
1.013981017230534798e+00
1.094135272696586947e+00
1.011847013763480518e+00
1.065280712436963650e+00
1.061635363210495120e+00
1.024942784909237403e+00
1.007116450980329425e+00
1.026274583119886286e+00
1.092177999436238611e+00
1.023946206645833579e+00
1.086461428041483268e+00
1.033022083516114575e+00
1.089460140801539856e+00
1.010230395093830724e+00
1.049316810927709342e+00
1.008730364516448930e+00
1.004304082442761814e+00
1.094749394222097605e+00
1.015845683826032797e+00
1.043178883862524664e+00
1.033789000582505890e+00
1.025810938944645923e+00
1.097324545321248124e+00
1.052393619529163660e+00
1.057530450450189230e+00
1.030506643262450339e+00
1.057416741136815608e+00
1.008262633332033698e+00
1.023937239344189454e+00
1.068544510851510587e+00
1.051111156626096665e+00
1.033479800065145060e+00
1.077403205007692932e+00
1.065105262116760265e+00
1.024832866691739008e+00
1.037988564659668711e+00
1.048266594325950152e+00
1.020427662188094553e+00
1.063348629376125842e+00
1.026940862080514272e+00
1.000178712909329359e+00
1.082789663550489001e+00
1.096641728606084998e+00
1.097323697928043851e+00
1.048215978443873153e+00
1.008582411372665799e+00
1.055251619147933084e+00
1.098927378007660272e+00
1.014387811635985237e+00
1.042954939020582117e+00
1.006723978575962963e+00
1.059426048698816958e+00
1.051241049983486553e+00
1.037749068858869972e+00
1.087835746809383330e+00
1.017633244955461702e+00
1.040450787565151636e+00
1.020983051135504249e+00
1.058602096049607866e+00
1.075397212841729067e+00
1.035617823076586230e+00
1.040566165857539804e+00
1.075494867479138916e+00
1.099769398141934751e+00
1.059417302838388419e+00
1.031306809819773962e+00
1.077341356326903865e+00
1.000306366885426623e+00
1.043626432166754769e+00
1.088346768173255041e+00
1.063042018720639970e+00
1.056219360927419526e+00
1.013941998511332265e+00
1.011593878735816743e+00
1.091655332978830772e+00
1.099112719637040936e+00
1.027451984331719137e+00
1.090941868357912403e+00
1.048449213462181451e+00
1.056239314836682430e+00
1.061911644084567730e+00
1.068350602452003528e+00
1.024877634831548479e+00
1.045549541128871551e+00
1.067266788189417559e+00
1.078996534411905683e+00
1.052093398663737078e+00
1.061227820237621078e+00
1.002233927043107320e+00
1.081306474546613661e+00
1.067697816618774942e+00
1.056526906123916643e+00
1.026119438688952501e+00
1.031894833455387461e+00
1.086328645263958670e+00
1.027800496259231311e+00
1.052024830446312009e+00
1.054569017730411895e+00
1.049521134390955179e+00
1.022978139018806631e+00
1.012630002885082092e+00
1.017614679228124430e+00
1.025398392147171656e+00
1.018885867922886712e+00
1.015509400085659930e+00
1.022211657562252629e+00
1.068971899866242525e+00
1.053856255338886383e+00
1.001640375675908690e+00
1.085345431380012826e+00
1.077019598709467507e+00
1.021293193158815615e+00
1.070169484669857951e+00
1.042173050986790139e+00
1.024845605294630646e+00
1.008816384778127961e+00
1.024663761794376793e+00
1.066513487032823893e+00
1.076439072352789905e+00
1.012746422762762721e+00
1.068230007546469462e+00
1.099800640096174176e+00
1.015247054936384119e+00
1.049639178404915052e+00
1.011775016924598480e+00
1.072855281860046972e+00
1.010058635128392446e+00
1.070758985900477578e+00
1.027532338326715422e+00
1.098333667486138143e+00
1.005251340871974097e+00
1.039480399865938320e+00
1.037188079629690396e+00
1.065060799684484971e+00
1.051476915806168311e+00
1.067475736736738234e+00
1.081352455512020860e+00
1.098230786638527468e+00
1.091223431611345163e+00
1.024097381673426677e+00
1.035543858861216915e+00
1.076407507252982843e+00
1.048821136036094837e+00
1.072118871018632014e+00
1.070324164506318176e+00
1.026933612772443771e+00
1.065143294569553811e+00
1.019704481254984696e+00
1.068516212022549983e+00
1.078225228705818717e+00
1.083676092795847090e+00
1.009992951691902174e+00
1.057560192430755386e+00
1.088741078388234751e+00
1.018428692423020809e+00
1.027930657116212565e+00
1.049725876540476222e+00
1.051752426173193644e+00
1.089917592685383241e+00
1.008796067716781542e+00
1.094854381357354800e+00
1.072177216346699158e+00
1.001288611872581003e+00
1.046359136641582310e+00
1.055702118823836022e+00
1.090073235051426614e+00
1.026464185852021149e+00
1.056827808608348018e+00
1.064611523662853498e+00
1.002734359194312530e+00
1.007471867611133387e+00
1.052731966038675360e+00
1.019524340633434001e+00
1.042020152101339248e+00
1.095497824337153592e+00
1.070967894334232895e+00
1.060722795376957794e+00
1.076929766342048733e+00
1.082104080756843612e+00
1.079085373785076296e+00
1.055986670236796154e+00
1.095291810402697408e+00
1.003756261101081515e+00
1.067265840384124198e+00
1.011583040658670107e+00
1.059876938531436608e+00
1.054029040506607062e+00
1.095188229699721294e+00
1.049347325016799282e+00
1.056318938505990346e+00
1.024909977930825722e+00
1.072435681639477112e+00
1.046345991634397787e+00
1.038475004661894019e+00
1.046240779292906931e+00
1.023805707725681691e+00
1.094694019902137327e+00
1.050879709061221190e+00
1.078701191984906549e+00
1.047927435955559483e+00
1.084659325160662435e+00
1.040633074477200770e+00
1.046755761674984075e+00
1.069999910902747597e+00
1.003519134552065761e+00
1.031101944470296905e+00
1.030558118530629841e+00
1.094351892043379459e+00
1.023032502933181709e+00
1.018008772710292442e+00
1.060987798775866464e+00
1.034143208795568869e+00
1.041761297654850482e+00
1.067587126390887597e+00
1.097243525726150137e+00
1.018894997489747434e+00
1.009387513230359579e+00
1.045948165907804706e+00
1.013227077104272400e+00
1.014949453524232270e+00
1.001589198135124370e+00
1.083358936578448617e+00
1.044151710123630172e+00
1.006015768758342199e+00
1.077423926457151238e+00
1.038641281301815988e+00
1.092996942919115311e+00
1.013894736185405376e+00
1.001933352929407217e+00
1.055531629917450198e+00
1.069228090596268110e+00
1.093673111539266385e+00
1.080662494776978733e+00
1.059885617355229792e+00
1.098512119874324400e+00
1.048244792778763035e+00
1.075033514090603770e+00
1.023591900828590306e+00
1.026967432952320625e+00
1.084324847230744515e+00
1.018944484325189137e+00
1.093165065225981447e+00
1.092569505791867179e+00
1.087203989486314359e+00
1.027926550842477527e+00
1.084176641232643235e+00
1.027380370377800389e+00
1.061622231239129244e+00
1.091882641543785004e+00
1.022034290725028827e+00
1.037225760931302476e+00
1.004560176079612344e+00
1.010047746932442259e+00
1.082337723914773120e+00
1.096209397030955213e+00
1.010362280458956485e+00
1.023069899929277993e+00
1.064409457195869990e+00
1.098001989060047423e+00
1.036112609796750572e+00
1.099777394098705896e+00
1.053122533245582915e+00
1.043297273940584136e+00
1.004094789615519234e+00
1.079135079490143312e+00
1.046538486115176969e+00
1.043945345385346890e+00
1.030750472625067582e+00
1.073034667730558667e+00
1.071084255509913818e+00
1.095541738759356232e+00
1.085317411505801966e+00
1.055118699939680660e+00
1.097301504552528950e+00
1.051203481942231566e+00
1.092789854222702361e+00
1.006465054092913203e+00
1.080422678996110442e+00
1.048062820753135505e+00
1.006089886801283306e+00
1.029521883889557232e+00
1.098061203601500946e+00
1.095821681249483648e+00
1.038114915556264339e+00
1.004424267535163340e+00
1.001065898241810359e+00
1.017583403132145348e+00
1.055073141217173216e+00
1.061106932439481731e+00
1.070427510211372724e+00
1.063730021988503527e+00
1.091521557823968314e+00
1.085711654969477413e+00
1.002292035582593499e+00
1.010742490212688915e+00
1.091463127757845486e+00
1.018403582663456097e+00
1.088469173748325858e+00
1.091751309747546417e+00
1.088578627642126539e+00
1.059200767158676282e+00
1.095994911678910722e+00
1.068402501974874186e+00
1.007974422407921233e+00
1.015510568673547942e+00
1.014516456963068469e+00
1.044018761131955353e+00
1.035070540613757695e+00
1.002887431801307461e+00
1.031127950731056009e+00
1.008855171055679456e+00
1.027136027444866428e+00
1.024323800940333040e+00
1.067108324036227573e+00
1.050169577532360732e+00
1.031912873242308626e+00
1.048622883038385467e+00
1.043573534643829959e+00
1.099602262853738077e+00
1.091302670958608667e+00
1.002816638769941315e+00
1.013528208178142043e+00
1.043577663970267633e+00
1.019132819895498976e+00
1.063501561158002984e+00
1.026982581512353443e+00
1.087887688925301966e+00
1.029459510894678242e+00
1.086380213768942671e+00
1.046471950648610205e+00
1.023894779617249062e+00
1.025616215934947340e+00
1.048975475003144808e+00
1.075298296929206643e+00
1.091314639187566549e+00
1.052411410931375579e+00
1.033436689044866519e+00
1.065714814251805365e+00
1.071068166117749465e+00
1.042082659909906006e+00
1.065359451562826187e+00
1.077590013196830121e+00
1.062911046165058826e+00
1.049014914899661477e+00
1.001057735337183230e+00
1.030622548051158383e+00
1.035835047401951758e+00
1.013423427098440133e+00
1.037084771064612942e+00
1.026685339177175749e+00
1.070967277966205167e+00
1.092975832485461929e+00
1.072366366288425965e+00
1.058755255029543818e+00
1.086038411062509645e+00
1.095638753708716218e+00
1.074829484429409732e+00
1.055253289203982758e+00
1.085826846657861555e+00
1.016378627775586407e+00
1.095801390656224727e+00
1.098499270662595784e+00
1.075624075946724156e+00
1.022446102213947050e+00
1.023500855946227306e+00
1.025473310668542748e+00
1.021785130447051992e+00
1.002560257112865116e+00
1.070946970740538351e+00
1.073052328573749437e+00
1.094790992900229742e+00
1.080191327114335298e+00
1.024674597158130807e+00
1.014316658851473374e+00
1.016967030692523144e+00
1.095400737780882761e+00
1.076264811464221927e+00
1.083694466536590850e+00
1.048748768271759113e+00
1.049574993480311580e+00
1.061425409079491677e+00
1.063474891128531219e+00
1.041105572314644512e+00
1.000530882834553159e+00
1.082740830228907214e+00
1.032604823603214816e+00
1.074902917081510756e+00
1.033586606910176897e+00
1.056316161533942699e+00
1.077900133915431047e+00
1.081564369531466507e+00
1.047274745112453775e+00
1.062922530148608935e+00
1.077738306174321981e+00
1.075675705214935718e+00
1.013599003395142750e+00
1.045712899007743557e+00
1.018818505558091614e+00
1.078766986745515188e+00
1.007260636332537151e+00
1.001991144156796354e+00
1.034392009884194108e+00
1.073171574294458752e+00
1.086355746278276024e+00
1.025159780819190125e+00
1.016239482779806469e+00
1.035062828742778773e+00
1.029354053070617780e+00
1.089873172021157410e+00
1.064288660297145528e+00
1.000936063464355152e+00
1.090093940848277709e+00
1.087617332016160843e+00
1.053212569360107542e+00
1.066648206967235391e+00
1.015464114773984905e+00
1.062879430992396124e+00
1.034612510707822119e+00
1.019957421493894900e+00
1.035569552893745193e+00
1.011192089847903430e+00
1.063215096070315058e+00
1.027693790221876569e+00
1.029694986500801823e+00
1.072195816060909745e+00
1.064706044410207220e+00
1.088855269879386523e+00
1.028585038533620599e+00
1.047289762857382955e+00
1.078809592702202114e+00
1.051475559935159954e+00
1.081206525420530751e+00
1.010446353440829004e+00
1.013422150047710968e+00
1.057246410935291481e+00
1.092148666108609500e+00
1.034236447085469912e+00
1.085876658249784965e+00
1.075745463207582020e+00
1.063241413715695804e+00
1.023619107883448232e+00
1.009393016603447490e+00
1.050255175292531540e+00
1.061805761121477287e+00
1.046791118180643743e+00
1.040967754504813492e+00
1.026328499703205388e+00
1.006577761620407463e+00
1.005023641581139104e+00
1.008780496882572875e+00
1.098352679998222614e+00
1.035767111106683069e+00
1.077789181717404565e+00
1.006374967768745021e+00
1.032021354969465232e+00
1.047752207680946901e+00
1.096008078880772896e+00
1.030032681344733136e+00
1.016070821338844965e+00
1.031923851086731014e+00
1.027798823898017799e+00
1.060696921543424764e+00
1.061248904836128881e+00
1.005114579541986686e+00
1.068882255559274075e+00
1.024844346183098054e+00
1.051503606375784994e+00
1.011204138643869710e+00
1.088280846812877511e+00
1.038742918711088592e+00
1.073034399266006078e+00
1.056037715040299751e+00
1.086099618282848844e+00
1.022907432058029142e+00
1.081953701279930735e+00
1.048459062526329033e+00
1.073583415751857562e+00
1.035215181258742012e+00
1.011777473494799073e+00
1.027147401792095183e+00
1.079706146263562649e+00
1.012180724852990377e+00
1.008711433387119660e+00
1.011095950909641550e+00
1.073012642761117075e+00
1.001503726212198409e+00
1.062912308436832376e+00
1.072043049611327126e+00
1.056205176938074697e+00
1.009269142043500267e+00
1.042390463204921680e+00
1.008196072583814162e+00
1.049740235136441768e+00
1.039961274626272525e+00
1.039052112844133013e+00
1.005952417639030427e+00
1.039192890993821727e+00
1.090395952124185719e+00
1.085818873231703785e+00
1.039680134415070123e+00
1.098005166383774878e+00
1.077012741177335142e+00
1.080813669563608137e+00
1.026632279296388672e+00
1.074073986349908694e+00
1.055717699787169339e+00
1.064386638552807129e+00
1.018771408452808114e+00
1.078656604497568283e+00
1.039855520542179779e+00
1.034631941092725826e+00
1.054440644585087572e+00
1.003009731218153178e+00
1.048285555425127358e+00
1.026293818162008931e+00
1.052783366287470601e+00
1.092203680550583034e+00
1.037399526200431410e+00
1.021325705479793511e+00
1.053190088919185641e+00
1.052683782615790875e+00
1.066408734795849522e+00
1.070784119985181970e+00
1.072840055184630659e+00
1.047393486418201736e+00
1.025179123541855031e+00
1.001442529014447302e+00
1.055109922965855596e+00
1.013690406392494081e+00
1.031318037129280052e+00
1.020985764097083415e+00
1.043169815896023200e+00
1.048490556029989085e+00
1.041909313944926030e+00
1.099795685900494036e+00
1.033677254581211624e+00
1.095574588892924250e+00
1.077347238672572649e+00
1.083042258448103423e+00
1.037662227116094904e+00
1.093522037325898921e+00
1.085886446566477925e+00
1.042116373719055522e+00
1.037300488573999369e+00
1.030713656580285686e+00
1.011860555993366884e+00
1.068255692859520378e+00
1.006297789186193281e+00
1.098150198496484098e+00
1.028689733484352775e+00
1.061521233899607841e+00
1.008773287909621397e+00
1.096624038831693015e+00
1.065324884194500443e+00
1.020506038187455777e+00
1.011357101495265143e+00
1.028584186590426164e+00
1.052312229029914281e+00
1.049815379815952854e+00
1.039694326957555814e+00
1.054191576935737951e+00
1.087877593434212420e+00
1.033364664291298585e+00
1.096398241534585649e+00
1.097789373179075989e+00
1.014261189322886336e+00
1.091535102347390485e+00
1.063992362686760007e+00
1.081796202033654897e+00
1.097441681426253979e+00
1.061520438691095247e+00
1.013221347397594174e+00
1.073490342554307198e+00
1.054496405566677897e+00
1.085672692818323348e+00
1.002648976159602023e+00
1.042956132325719043e+00
1.091014795022591466e+00
1.067447189422208842e+00
1.016805766867125538e+00
1.028503375518270424e+00
1.035952584461046877e+00
1.064285370671434361e+00
1.019255026015477350e+00
1.098618360810138528e+00
1.066953512564301709e+00
1.033652581800648562e+00
1.088402799122440090e+00
1.090977038194758997e+00
1.098426085475443292e+00
1.052252357857698106e+00
1.083943725196435448e+00
1.022487745276756677e+00
1.093245315351707214e+00
1.050718892711905106e+00
1.047351114347777834e+00
1.020683822936317320e+00
1.060419281625238241e+00
1.049032597768052355e+00
1.033392581593794546e+00
1.076366635768903901e+00
1.035452050244499045e+00
1.023510566916503883e+00
1.013938160950596634e+00
1.008179780148104721e+00
1.078045257366076815e+00
1.005169597427669537e+00
1.041916589787444725e+00
1.022493898454528649e+00
1.094386870419984614e+00
1.029684132482952874e+00
1.034119267090990890e+00
1.079727953116200512e+00
1.025673763257210824e+00
1.064821610981968369e+00
1.064706916968676920e+00
1.022827595895823949e+00
1.084974595267133468e+00
1.007740262804622589e+00
1.084215044380786974e+00
1.075689111535964138e+00
1.014686244890515621e+00
1.037223029822479825e+00
1.005326106127623964e+00
1.003864986205178278e+00
1.032790424393487116e+00
1.088051543166217217e+00
1.056483245696872242e+00
1.057592346404629291e+00
1.099442407264420885e+00
1.031243734881534868e+00
1.034494537187620633e+00
1.078342832851949984e+00
1.001511553250973297e+00
1.074717069181211571e+00
1.031096716873036501e+00
1.070002368363416334e+00
1.030925586281653539e+00
1.013240650991003911e+00
1.093401831123325563e+00
1.082953685672091826e+00
1.042046793546927086e+00
1.034183442640518757e+00
1.058036109852064754e+00
1.091978933441225763e+00
1.046253421198903411e+00
1.049525737347079879e+00
1.026705682501400263e+00
1.007605693053041929e+00
1.028317813862365204e+00
1.005669887468852775e+00
1.024220668565122505e+00
1.031493345372377135e+00
1.089286326528668525e+00
1.051599571098418062e+00
1.069913904670135585e+00
1.094685649003389827e+00
1.060162379968661694e+00
1.024108116634329990e+00
1.098100336810690969e+00
1.073923455087431922e+00
1.055428000314590831e+00
1.028371073089942467e+00
1.057484156555265287e+00
1.043758056225740249e+00
1.083391366837655800e+00
1.056909426117318640e+00
1.002333734040686153e+00
1.073070303314936691e+00
1.009761253930204772e+00
1.050660443795810473e+00
1.070635039600114746e+00
1.013086804012927944e+00
1.068255808850463673e+00
1.062742187213970846e+00
1.059991742279883464e+00
1.082087489505901168e+00
1.055493488159926940e+00
1.026353220683803746e+00
1.048554062792529384e+00
1.065188686780075056e+00
1.017207826533486958e+00
1.061815426420197328e+00
1.060192493151806303e+00
1.035047518251160259e+00
1.072483114378224744e+00
1.035868817605874348e+00
1.034595979599610471e+00
1.011726217404293360e+00
1.002428428821281914e+00
1.099203783730091200e+00
1.005844155027876496e+00
1.000516631339369189e+00
1.075354765529910717e+00
1.028476422059184436e+00
1.097357488271303305e+00
1.074986482614117334e+00
1.032301174017425494e+00
1.046814646859240527e+00
1.075778767850547046e+00
1.083071302736824615e+00
1.089691182831581617e+00
1.036623043892276552e+00
1.017860553549162939e+00
1.058713031148377004e+00
1.024897823016555076e+00
1.032149163981741280e+00
1.062569140667493750e+00
1.084358541726488934e+00
1.038734418096172840e+00
1.027193223486321028e+00
1.044514678525716667e+00
1.039826554962451688e+00
1.075612578135112685e+00
1.010366229948280514e+00
1.092011873527377164e+00
1.083788775769282120e+00
1.076949679942095894e+00
1.032501111193708798e+00
1.064168632528911251e+00
1.086261184654214951e+00
1.024600074781548242e+00
1.084442879241957813e+00
1.083057046233922405e+00
1.088953554108530897e+00
1.039699528889964864e+00
1.058066072550261749e+00
1.013142069879054974e+00
1.022337754042187630e+00
1.047241916598235845e+00
1.039998056130941650e+00
1.023392634246955479e+00
1.025519430259363318e+00
1.079060459154639107e+00
1.092140645540327526e+00
1.098554857414134611e+00
1.040376012170532771e+00
1.085779143413992509e+00
1.096206343226507895e+00
1.059084631832022394e+00
1.022678657508845346e+00
1.020820482685254271e+00
1.071807206776408394e+00
1.045232358393209937e+00
1.051843435700334117e+00
1.042609122482479389e+00
1.088402329633596288e+00
1.071675836335857168e+00
1.065109826540066695e+00
1.063457170499940929e+00
1.095782276980131531e+00
1.090750139302592236e+00
1.055267292718280903e+00
1.064061616551312595e+00
1.030669113713055918e+00
1.076625350212718102e+00
1.014043592158521800e+00
1.037117042287213575e+00
1.084049227902829982e+00
1.006811669111479457e+00
1.042948220611750854e+00
1.093164874993374669e+00
1.013624006128676980e+00
1.007591106812731008e+00
1.089209127406646216e+00
1.020672881129517373e+00
1.011881481644498093e+00
1.056451291953818927e+00
1.001810005558159355e+00
1.055342230451718821e+00
1.056870598844083631e+00
1.091204502432630452e+00
1.067382795109968585e+00
1.064998112297356636e+00
1.035751983154024503e+00
1.018987652769577368e+00
1.048505148753852145e+00
1.034227987576076924e+00
1.057111976411969412e+00
1.039601756860611292e+00
1.047473824353455596e+00
1.050643359395377230e+00
1.056309101965016373e+00
1.057393099755910892e+00
1.003073731196623797e+00
1.085612157718804038e+00
1.024354873742536087e+00
1.051728229521461389e+00
1.000793219937816447e+00
1.017330864598143148e+00
1.095120574521206924e+00
1.065884193804762736e+00
1.011668506850168070e+00
1.085101720278984105e+00
1.024075310901952252e+00
1.020796233855499002e+00
1.098310708156382987e+00
1.087279177808543995e+00
1.030543678034149924e+00
1.029065009956010357e+00
1.080734482897792947e+00
1.037448787152909890e+00
1.053951639880328139e+00
1.054324906643701487e+00
1.029023453561099588e+00
1.071330775217262499e+00
1.013776142629282617e+00
1.094883860956166854e+00
1.054996389180056449e+00
1.032116566681231529e+00
1.065822842230355949e+00
1.074318017813426396e+00
1.003577958788091529e+00
1.045354116065842387e+00
1.033638185592862246e+00
1.057588815895363465e+00
1.013847912103321702e+00
1.098980800221521559e+00
1.063909200903566443e+00
1.019264552514181243e+00
1.071741122713387950e+00
1.036821656370333633e+00
1.052376985527470943e+00
1.069623503831060640e+00
1.071649841060940744e+00
1.018684618741559245e+00
1.042506715940380246e+00
1.020290528118592777e+00
1.053178947140134714e+00
1.014000752340951106e+00
1.061632029147177469e+00
1.083310934965404870e+00
1.073070465206402924e+00
1.002652008786217186e+00
1.028667368818362515e+00
1.028772187328311105e+00
1.099628514987712524e+00
1.085702137195995842e+00
1.065548068441246832e+00
1.052109597595271229e+00
1.090404195447541191e+00
1.074146150533093813e+00
1.001100383698774632e+00
1.071972560703833732e+00
1.000872197905888106e+00
1.021738717985776201e+00
1.092438861035846642e+00
1.033499153361055134e+00
1.042469290001101445e+00
1.014023068151999274e+00
1.011517462099398967e+00
1.083340976483826212e+00
1.077625871008066838e+00
1.004598340756546637e+00
1.052056104845492168e+00
1.006366724311085203e+00
1.070814097749063221e+00
1.077585466230847722e+00
1.037284464588898780e+00
1.099141985400020838e+00
1.004684631633071312e+00
1.049477582488809402e+00
1.073072272962662055e+00
1.010629466842407620e+00
1.005419229536458348e+00
1.045312351932716544e+00
1.062193833261212195e+00
1.022957416196345504e+00
1.061838418570543841e+00
1.031889433485448482e+00
1.065323221409910870e+00
1.006376995084662829e+00
1.077922087409955765e+00
1.051149104854614880e+00
1.036395479651372797e+00
1.057111290522723790e+00
1.060574518495895235e+00
1.046387396357298272e+00
1.049279579346589442e+00
1.087765919548778770e+00
1.002442277745046573e+00
1.033319489584281659e+00
1.072464973813336275e+00
1.043523102705851580e+00
1.038554985546944032e+00
1.055921659594923900e+00
1.021126196936284813e+00
1.029531676300412979e+00
1.009034546162992818e+00
1.097012273666212234e+00
1.081035138694878661e+00
1.062965802563473394e+00
1.003205133911954761e+00
1.021487440973755989e+00
1.053108965013616283e+00
1.068277287312777490e+00
1.096186657176635881e+00
1.082063666795504364e+00
1.024365228224510593e+00
1.010399134186487302e+00
1.020238758153527936e+00
1.077693150797861987e+00
1.036843210628467515e+00
1.024638962239540207e+00
1.062119210747169529e+00
1.021201321494045633e+00
1.089427853166744509e+00
1.031949590493563607e+00
1.026019975404395712e+00
1.059924865847559294e+00
1.024352003667417410e+00
1.076035406227600078e+00
1.020657678270394442e+00
1.033429711310551946e+00
1.059961509539705249e+00
1.046816028235106444e+00
1.031976966688599839e+00
1.095716729450983085e+00
1.019326863297959296e+00
1.020220444376989555e+00
1.076984291011320760e+00
