-9.275794243498943631e-03
1.031855517130927935e-02
9.929629726517719829e-03
8.947227753650935367e-02
2.548674135561141210e-02
-4.288311496603858242e-04
-6.798272977489800209e-03
2.498755437696071127e-02
9.987800828073183090e-02
3.514134242053468249e-02
4.723469815736902611e-02
4.208792597697452731e-02
6.626681039986273558e-03
1.727175475759757869e-02
3.945021849447473417e-02
6.810436925118673601e-02
8.169331078842401173e-02
7.713873440959632954e-03
-1.692236477846549222e-02
6.719188035266919490e-02
6.744217329823361251e-02
8.964994990575902989e-02
2.547208550748095504e-02
2.375053758381148392e-02
6.661007393752724215e-02
8.269691680183365035e-02
4.881499660311459932e-02
2.128100529419512874e-02
-6.046234426633375486e-03
5.182020570773102075e-02
2.996790384735077348e-02
-5.595342274816230213e-03
3.915539802609865894e-02
-1.441359280408425689e-02
8.989151561862117334e-02
9.265855808793746484e-02
9.912254175281891289e-02
4.533065430220176162e-02
7.972981948954636910e-02
6.592002108331802834e-02
9.695502972728262114e-02
-7.524141619782568832e-03
4.173483920165071970e-02
-1.623433828947499352e-02
9.422589535056262455e-02
7.859033903293788370e-02
-3.064702282130009336e-03
-9.954207827272765555e-03
8.912883563692963751e-02
9.130802468228489677e-02
5.013701800973825728e-02
9.193349966702886455e-02
2.117938817799456391e-03
1.108359378682088198e-02
9.556870822120352993e-02
9.432327432647218124e-02
1.341267580577756510e-02
-3.939886141993108326e-04
6.001448630113789817e-02
8.070813645494022415e-03
2.787152614569121320e-02
5.144344618272009284e-02
-9.368587031527918565e-03
3.557015614809783122e-02
1.629824795292056719e-02
3.970456809716435553e-02
6.459238093494903965e-02
8.380183085062609116e-02
7.977342721608894627e-02
8.502675589575132975e-02
-1.337040944077418775e-02
5.497013190869549926e-02
2.425508462009958940e-02
5.855996344702713019e-03
6.996177206758689981e-02
8.910497086307558184e-03
4.205333885568787733e-02
2.477841137691677229e-02
2.039166754160200504e-02
9.502427956201230097e-02
-1.583144534852531232e-02
-1.399098564774770882e-02
-1.344313523070896077e-02
2.134475176946900102e-02
9.139578111939825056e-02
4.652505936619678872e-02
1.972044086719248676e-02
4.882808419162440461e-02
1.003540772311296847e-02
9.238159803350980137e-02
6.642941726070349107e-03
-1.096407002003223392e-02
1.938292916662423884e-02
-1.216566690655229190e-02
6.738945284974105776e-02
2.799072073213723297e-02
3.718399778214512286e-02
5.165592433567084418e-02
9.681615185442167537e-02
2.594996108624894257e-02
3.301270429099061043e-02
2.609538728787870812e-02
3.875213566474004778e-02
-1.825783990795743633e-02
9.973028182765417138e-02
3.139752203258246166e-02
-8.501418137449204965e-03
-1.291540724546715035e-02
6.427702102570702347e-02
2.416908925440275704e-02
-1.483813966410943430e-02
-4.571835825790179081e-03
9.852739538676226483e-02
-1.655955367767192321e-02
2.294322019641470423e-03
4.400662293259158253e-02
-1.161914519015982451e-02
-1.740789730135756247e-02
-1.928598062942508268e-02
-1.937517526828295977e-03
-1.977153942619688798e-02
9.817097235801068578e-02
9.529354850357392437e-04
6.625493618203476265e-02
2.149034947098881973e-02
2.685673878743898360e-02
5.123997072335172154e-02
5.399832716108257658e-02
1.068672726237700557e-02
4.652204592002523453e-02
3.756679203611064388e-02
6.817448122291014379e-04
3.316644644691571497e-02
7.973098923815757910e-02
6.693370696920165897e-02
7.821184610409483151e-02
2.365162609492098625e-02
1.933654567442772212e-02
5.110131455252987787e-02
-1.310554292232077311e-03
8.952865942604676386e-02
1.325700073915390270e-03
-5.549483415177993567e-03
6.866333967687346385e-02
2.386599205405392013e-02
3.263848095376661873e-02
6.659024119990387958e-02
1.364710269926875177e-02
5.931355340730222470e-02
3.057961393204162645e-02
8.120077905807003560e-02
-8.654616476882832227e-03
3.704145837577922651e-03
8.497702016214501997e-02
-1.913391273879206170e-02
-6.676515561940540161e-03
5.701387068231092425e-02
1.736870355653092821e-02
3.433270723669329394e-02
-1.317599593636564412e-02
4.037100793261591547e-02
5.440177676392125850e-02
4.290944450688752299e-02
3.554112403416470611e-02
5.604143726341184739e-02
-1.142149070810863191e-02
9.428707069436159660e-02
9.682395203013718921e-02
-1.723157623524395471e-02
6.855014637924369825e-02
6.124897602943502051e-02
9.580205141358434651e-02
5.610658651085170812e-02
8.935348466092281339e-02
8.451262686531489654e-02
-6.543868532445772795e-03
5.689765618237106748e-03
5.006018678862911298e-02
3.766207405754992688e-02
2.447041217118726616e-02
1.083784529226941573e-02
9.734704438304705998e-02
-5.738461342959086733e-03
7.955686879103499032e-02
3.443032478089917692e-02
6.151736492034251547e-02
5.672404504465541897e-02
7.349607504166474903e-02
-1.220676316262764467e-02
7.031858418590397619e-02
9.415807866332664977e-02
6.633830295522182008e-02
4.413189720072784039e-03
-1.198715302653315107e-03
2.118443253588156092e-02
9.919513984038652588e-02
1.657010652695565731e-02
3.838774974444507382e-02
6.410675770938525919e-03
1.740759762197865296e-03
1.109813620230856723e-02
8.738268652714019369e-02
-1.813179536724966040e-02
9.186667535915923888e-02
5.645158139729795910e-02
1.741750657026893898e-02
-8.429986782802791762e-03
-1.504394896421802630e-02
-9.020912555972397315e-03
2.257310070455615866e-02
4.575250684589360350e-03
1.513157370064100934e-02
-1.215409911162418539e-02
-7.188263851214328481e-03
7.899497801578489464e-02
6.075679583252908966e-02
8.380858983392003303e-02
2.459444016872750285e-02
2.740538206875535107e-02
7.202976658941268040e-02
-1.832046583340113041e-02
6.648949489741177998e-02
-1.011636834266785648e-02
4.494761302031094474e-02
2.438864564425784545e-02
9.390653969750979713e-02
6.070878698189495493e-02
1.229071809809428525e-02
6.372122329358602399e-02
7.190999925240741664e-02
4.722506409375107350e-02
7.262421391218915057e-02
7.919129913435443702e-02
6.797669030405029122e-02
4.714344856854450760e-02
3.652957098490788868e-02
3.758080476337861964e-02
1.360103340840424294e-02
9.513237971045945818e-02
1.787992275723042021e-02
-5.244594395939227577e-03
3.397677880964035391e-02
2.524596745630923109e-02
8.576992947847204840e-02
8.992303020867743746e-02
4.390788066597331452e-03
4.737356707340362183e-02
-9.466682025355032878e-03
8.818138479897653925e-02
8.297171771773657889e-02
5.283397759901643786e-02
5.294627966316139966e-02
3.457646315908173562e-02
-1.925681873388178714e-02
9.678175393168801655e-02
7.856958563107485638e-02
7.281411580046499854e-02
2.177498514548646680e-03
8.725212476911016479e-02
-4.360255300816569951e-03
8.672661397420922125e-02
9.047524895072858730e-02
7.641419495018376973e-03
4.402709938899712627e-02
4.919825330509088046e-02
4.850394380700287500e-02
1.204137038896083492e-02
-4.189625656722151259e-03
-4.921066060694543123e-03
4.862713488115603944e-02
9.201148305742423705e-02
-5.881058317626289625e-03
5.643821006952406960e-02
4.858807218359618291e-03
1.054320708667257078e-02
7.018647375557302004e-02
-1.802783427020776888e-02
7.489162919002331775e-02
2.379070848652555317e-02
2.096782317313141894e-02
4.828539798035488828e-02
8.527699729960666608e-02
1.111898716758727423e-02
1.353936350191389457e-02
4.899335540721476423e-02
-1.358125273545174663e-02
7.665714972991065357e-02
6.634025679488742000e-02
1.239716569565398399e-02
2.108229186070365371e-02
8.997499929852849354e-02
7.749789111513527562e-02
5.867765665549119769e-03
1.466269782426010346e-02
3.423673642616138768e-02
9.174348704816089745e-03
4.727671237551130806e-03
-7.794297847668154797e-03
4.269268890184592380e-02
5.328774995794671732e-02
7.439504074621250407e-02
2.094453635796872729e-02
3.233113037696848380e-02
5.309165421861188061e-02
-1.568117711655252211e-02
3.934220575743388459e-02
8.273483604142036624e-03
4.791306580529440529e-02
2.482649501512597737e-02
6.490815968298753458e-02
8.731030408973994295e-02
2.129631711285808957e-02
9.336573432340442014e-02
5.190536356194554168e-02
2.606966898452322753e-02
9.287709130292774728e-02
3.615505161777426979e-02
1.150753137440846049e-02
9.889511963543146100e-02
7.368003209766782469e-02
8.502584614143095243e-02
4.220860619146336867e-02
1.338889875431129375e-02
-9.994473638004599050e-03
2.389305693498962671e-02
1.619750508589242258e-02
3.196347639075215741e-02
5.361625303259143216e-02
2.371279781524101779e-02
6.336326514962020706e-03
7.156452250376869884e-02
4.354444699384796280e-02
-9.236558776790903050e-03
4.161661676040050856e-03
1.582310052986399956e-03
9.987451743316992647e-02
7.876333180709010895e-02
4.460066018834432655e-02
9.572025866699702956e-02
-6.641071015847321846e-03
5.363146272948031423e-02
-8.416954097957715653e-03
-1.150015075215121869e-02
5.479724850177222772e-02
5.924365194972504300e-02
7.924288924967048953e-02
1.688253639141985493e-02
1.453727669706855394e-02
6.943507504545631814e-02
1.387500851892325623e-02
3.751537067498082745e-02
4.718957786741360960e-02
6.722435245572870588e-02
1.694327338742251596e-02
2.278230265984247313e-02
9.876216476871289840e-02
6.521336562280306837e-02
1.063420491727511824e-03
-1.928490351403005371e-03
1.972773788343847381e-02
4.211293121940098971e-02
8.028141361726014169e-02
7.330378497085200673e-02
8.377383139944066803e-02
-1.260476884717330257e-02
2.725985296180368292e-02
3.627166412884715030e-02
-1.663667451421012300e-03
-7.350800514129377308e-03
4.712701687727773731e-03
7.739569257799025492e-02
2.367140631580409368e-02
6.722016970644066614e-02
-3.849442275935699431e-03
8.613310660967896104e-02
6.389373238897785856e-02
9.772290101019334707e-02
9.748352533350522486e-02
5.663246189508311379e-02
2.915157861216382748e-02
1.970402742833409979e-02
5.584732601402707386e-02
8.086238522757448199e-02
2.918149857458456412e-02
3.289488719564037655e-02
5.664250434027223030e-03
9.519251210925046280e-02
-5.292230759225720685e-03
-8.314231102800677745e-03
3.148374329497977131e-02
8.752307802211110876e-02
6.539740147297211370e-02
5.256996292188928499e-02
3.781430324505753726e-02
5.425700948267349333e-02
-6.437192487619850315e-03
7.755003535480783916e-02
4.614709973719541281e-02
1.483423164468205060e-02
1.737961861380577996e-02
9.415735557841889425e-02
2.543627775800859012e-02
1.336583173489276979e-02
9.030836911683849666e-02
7.176473473672528858e-02
4.897819070387586515e-02
6.052044465141563634e-02
9.230347042179141981e-02
2.251085511401320835e-02
7.034006545523911746e-02
2.514990851538162833e-02
5.555427857730381447e-02
2.059382094831043938e-02
9.444026993041076956e-02
1.504877354803757852e-02
-4.585322580351002680e-03
-1.028504067293227291e-02
9.476551121076721984e-02
4.130198027205993216e-02
8.393168907827154579e-02
2.729328911939479449e-02
5.401774013425049425e-02
5.752424238617631636e-02
8.189525441213268975e-02
-1.069909045109403330e-02
7.576500097062699446e-02
4.553825676117154164e-02
6.690631420521747641e-02
7.753192707397114913e-02
9.712623699081379680e-02
9.030958464384195028e-02
2.108846740896673858e-02
2.006902092634267956e-02
-1.430719553032882771e-02
2.224933711263929123e-02
4.385688194352621583e-02
8.525972750829224900e-02
7.864133518620974872e-02
7.220005653893381281e-02
7.878862863052335519e-02
1.508429566932753194e-02
8.580486167403167386e-02
9.959373833269719034e-02
8.833747694666459205e-02
1.111547247196774044e-02
1.903951744285614991e-02
6.494577285073452333e-02
4.067146272441091170e-02
2.290954435850431001e-02
-8.428273019917041989e-03
8.932390816747623474e-02
7.246913443564728663e-02
9.428486873187148787e-02
9.372926755881612337e-02
6.457157957610376586e-02
-1.374033942181943774e-03
1.966606874663090129e-02
-3.478603022090895336e-03
8.791818011405722055e-02
-1.823799096284063961e-02
6.627175465284451672e-02
4.707787997085700893e-02
-1.039221260939064521e-02
5.921744111892413009e-02
8.675929843341194381e-02
5.991689411387546293e-02
2.662428394627302727e-02
6.945148526844918679e-02
7.119287235948636161e-02
3.859740809184594723e-02
6.881821930464217252e-02
-1.796047212243920971e-02
6.366674930714763536e-02
-8.587530206969833102e-03
-1.241848574117663737e-02
-1.692462536409150217e-02
6.141603039926291085e-02
1.134560861151605662e-02
4.664853046685997484e-02
-1.802783102587889735e-02
4.877762687171852130e-02
-5.715289873003646937e-03
9.203221118797268174e-02
2.696719308481782332e-02
1.756938488240227317e-02
-1.654017867922866203e-02
9.669942632111040715e-02
7.155392891880903161e-02
5.645443812568388953e-02
6.092203955760067124e-02
4.866779662102459214e-02
6.361222151871244457e-02
1.553993470148395603e-02
2.965934909615502643e-02
1.184474379946294162e-02
9.793634178534861567e-02
7.441028147551807803e-02
5.812411084893005786e-02
-1.281389718107380643e-02
6.602660159779154270e-02
