1.015265204016236433e+00
1.024320455852782974e+00
1.001545209066950104e+00
1.072247228845951250e+00
1.072776474693007076e+00
1.038701202748838259e+00
1.071589568434959006e+00
1.037944939798943977e+00
1.098771911857882255e+00
1.099666192915314644e+00
1.066780465674424416e+00
1.069192157454617709e+00
1.032868659866139849e+00
1.062569369987253376e+00
1.079292645644409854e+00
1.070265404932613018e+00
1.086833048104355770e+00
1.071422373297923114e+00
1.091333700115363792e+00
1.002046536277245936e+00
1.051773362121559252e+00
1.014388136017101649e+00
1.028162254693927080e+00
1.050331952258866997e+00
1.069989327291054559e+00
1.084502940858474762e+00
1.027177351687484697e+00
1.002871492416537391e+00
1.077074512918177129e+00
1.074483726099958680e+00
1.041038467047191274e+00
1.072764312968047085e+00
1.012665833608188848e+00
1.022232257899288177e+00
1.055110307551755611e+00
1.018101255445242659e+00
1.027851310499332316e+00
1.010555741232769700e+00
1.067105644813546084e+00
1.037897635070298197e+00
1.067692239281879951e+00
1.031430571323840084e+00
1.050999113749733427e+00
1.004470551551443602e+00
1.067366702874044115e+00
1.063891919146715770e+00
1.082270308125332203e+00
1.057105413048339271e+00
1.018978350996715854e+00
1.099950200045564985e+00
1.097328453190490771e+00
1.093651813942384754e+00
1.099273978988929201e+00
1.003299036636591701e+00
1.055871722878807040e+00
1.063244344724306956e+00
1.049053977774744961e+00
1.061873313058189439e+00
1.003543958678677628e+00
1.075982633257128063e+00
1.022960805253264605e+00
1.024415861193893829e+00
1.080573593458747483e+00
1.050635109611643969e+00
1.060728717148474054e+00
1.061280928929498879e+00
1.033397815357347982e+00
1.080453465914149591e+00
1.029056847790612794e+00
1.071139364512428749e+00
1.039578156859890745e+00
1.029805276066108499e+00
1.094052063663206509e+00
1.017953479907157011e+00
1.040876999106054468e+00
1.021589810443595203e+00
1.074509054503530736e+00
1.078828907067738818e+00
1.004781922785252135e+00
1.075968930715349492e+00
1.043516492942941465e+00
1.001586105766439028e+00
1.048632376668155120e+00
1.055080458009886701e+00
1.054264064772200138e+00
1.038664766909585424e+00
1.016172816847774607e+00
1.054144781944595710e+00
1.069367857912758790e+00
1.056845796948852279e+00
1.063824647838368831e+00
1.062218220563903914e+00
1.062391232745639513e+00
1.013900783263770533e+00
1.031511756196432428e+00
1.028999790032976369e+00
1.035569033529565752e+00
1.046053500756062293e+00
1.020023352929367855e+00
1.088936129937480901e+00
1.082066601781955573e+00
1.057385887478954789e+00
1.042585924356654425e+00
1.069749576985968398e+00
1.028076001739470335e+00
1.041984275056835330e+00
1.003771005606402866e+00
1.087984735937006731e+00
1.031088318223569944e+00
1.038265711973839656e+00
1.064513070356475799e+00
1.071007771372151529e+00
1.080995021876306472e+00
1.089496603822094123e+00
1.057495459082586242e+00
1.064829126256669145e+00
1.000473442610011254e+00
1.050676130950190856e+00
1.045215900178879886e+00
1.021900162981571825e+00
1.068408638281811651e+00
1.017038832410517291e+00
1.000953811928898984e+00
1.078821768322057340e+00
1.015900342745985396e+00
1.008202154388914140e+00
1.084576299987374259e+00
1.081426379651234893e+00
1.003955464890256222e+00
1.057969501544769653e+00
1.073681040376113671e+00
1.003142447859101116e+00
1.047950829989737098e+00
1.047081923666188796e+00
1.047882462840100448e+00
1.099718905361332988e+00
1.069215214427055027e+00
1.062754851153671298e+00
1.006483692394573026e+00
1.081110509065603686e+00
1.046021810356173809e+00
1.047021733030175206e+00
1.084526830142763965e+00
1.062353175371591796e+00
1.029716010019901651e+00
1.032839235925405497e+00
1.062850558677882695e+00
1.064771533425608041e+00
1.026556335685549382e+00
1.096202538551114714e+00
1.095993906652337868e+00
1.016751038777482519e+00
1.097869343183697666e+00
1.023064207603265663e+00
1.079272131191158612e+00
1.064502496734470727e+00
1.061891810356729859e+00
1.050671640878605206e+00
1.031392252640083385e+00
1.065044823680184161e+00
1.088410518214003364e+00
1.010080943763174144e+00
1.036088620500183133e+00
1.066670411078179281e+00
1.023330193057260695e+00
1.075096930639858339e+00
1.065082418644991424e+00
1.063609531107814421e+00
1.009107026323120770e+00
1.028743956627271361e+00
1.075908904905297891e+00
1.060370630871836140e+00
1.043563188683157561e+00
1.016326241246146456e+00
1.067287080979100411e+00
1.020619208379439202e+00
1.034077878653108407e+00
1.050273286119735916e+00
1.097367161573038707e+00
1.018629256544902439e+00
1.096452739338455107e+00
1.067251507695717638e+00
1.047448855680020108e+00
1.093288606771837257e+00
1.014093925237812721e+00
1.025172207231057397e+00
1.043324874375150868e+00
1.045794201030625592e+00
1.092985153415331645e+00
1.009194222483271730e+00
1.080017037050434281e+00
1.092867120632704525e+00
1.031775855227902827e+00
1.008245444550266212e+00
1.005064359249799866e+00
1.056945735965324706e+00
1.063874725425021595e+00
1.073703474369916089e+00
1.050295353505243057e+00
1.017237915803785420e+00
1.070818555906078773e+00
1.065194255536757284e+00
1.079218358063085192e+00
1.097161471677176481e+00
1.018380864269021968e+00
1.017194981516878149e+00
1.069125124531413507e+00
1.046391465301549806e+00
1.054192750882414709e+00
1.005442878137379203e+00
1.080716229719171917e+00
1.072208561151551942e+00
1.092445624371054524e+00
1.028579287841907552e+00
1.026990356563357576e+00
1.080978022034872366e+00
1.037674305017466159e+00
1.096393310049237790e+00
1.094161060817708364e+00
1.083428019637099560e+00
1.072787856558562014e+00
1.077958696082339074e+00
1.000573259801569082e+00
1.051174258986582233e+00
1.022131350626701796e+00
1.030387581180971734e+00
1.033108142002679752e+00
1.091823449881304198e+00
1.054379469420518856e+00
1.086741471145022953e+00
1.000928640830848204e+00
1.060722427036391302e+00
1.067975018911365481e+00
1.075982897844705910e+00
1.084984975932832274e+00
1.029511213055510854e+00
1.030287118087305220e+00
1.086288168891938799e+00
1.077357264663622916e+00
1.046703799578696747e+00
1.006188775319617257e+00
1.000463454975342170e+00
1.084636394189138375e+00
1.070387291868221347e+00
1.081739054369235564e+00
1.084274537314994236e+00
1.085491930320338749e+00
1.082340490050562876e+00
1.052948171977396985e+00
1.038826046719709240e+00
1.085419426615108485e+00
1.097155211303849409e+00
1.090187302972367211e+00
1.040284615850608718e+00
1.097751280245514494e+00
1.086338718963613559e+00
1.018517048596341512e+00
1.060146417640097205e+00
1.010549201927127827e+00
1.096789060826562912e+00
1.018319773078239177e+00
1.080742170592468909e+00
1.071419943294973143e+00
1.092889926441875659e+00
1.004861783709436907e+00
1.078763097197415588e+00
1.041916771121386587e+00
1.054946470009179293e+00
1.012893664926591608e+00
1.012219651036043722e+00
1.071846056952951765e+00
1.030924970795906948e+00
1.087991612691193488e+00
1.049083894628535463e+00
1.094230708219280812e+00
1.045482679055225850e+00
1.001565023932220244e+00
1.056078854072753037e+00
1.008351296870841018e+00
1.076422273224379778e+00
1.037195598340428626e+00
1.048722994442514711e+00
1.079816355738684397e+00
1.077447963537369269e+00
1.005430182568372244e+00
1.073339575493798215e+00
1.064597051560574936e+00
1.015341794014990251e+00
1.069804468193762625e+00
1.060727381121284729e+00
1.052912367874926813e+00
1.038157647749337498e+00
1.013597467509626870e+00
1.029565655829306037e+00
1.094858746686871553e+00
1.063198560552689020e+00
1.060924213576027064e+00
1.064734232550834214e+00
1.026996612583126911e+00
1.047860485044678658e+00
1.042626172765227066e+00
1.052062650400573007e+00
1.092899403827042981e+00
1.082715562747004201e+00
1.042375787575724688e+00
1.034277746738310855e+00
1.064772669100712221e+00
1.095129028540890115e+00
1.013274581710717159e+00
1.046035806975472937e+00
1.098549405017829494e+00
1.055735338415865421e+00
1.051400555885773747e+00
1.009996394014118337e+00
1.011769407275405763e+00
1.081304992197419157e+00
1.072516106745352360e+00
1.075344223439173463e+00
1.093142411317423512e+00
1.085671831779212004e+00
1.094641478374231092e+00
1.024766049172075144e+00
1.013615874350097590e+00
1.054165728261730495e+00
1.002977940292634207e+00
1.064956101032129343e+00
1.035989810145358847e+00
1.011558111662900883e+00
1.097681163300688656e+00
1.035368554218517367e+00
1.035774419331496610e+00
1.056980145946455618e+00
1.042508549036184284e+00
1.094939995400184163e+00
1.004023585213441594e+00
1.030316783246795875e+00
1.061010499491358727e+00
1.070525046041986394e+00
1.032226481477830582e+00
1.070482912428647015e+00
1.040934307475182008e+00
1.072311497035268957e+00
1.022040877217237576e+00
1.084868877377905383e+00
1.083597073602580618e+00
1.029964533148557626e+00
1.052736303246999405e+00
1.009313574575562145e+00
1.020149729781202552e+00
1.055217119798705472e+00
1.041369387603648944e+00
1.037917857569237157e+00
1.046880116329177435e+00
1.018187649599112898e+00
1.052229792540557263e+00
1.072088359107296274e+00
1.081337616090767728e+00
1.012844466041399549e+00
1.027610049629463562e+00
1.047746102631990972e+00
1.059676804202622113e+00
1.064731652166647891e+00
1.063660848354424537e+00
1.093087973123722634e+00
1.082762053628214760e+00
1.079621967006629824e+00
1.025216161064373743e+00
1.037945489834399826e+00
1.014312130781062971e+00
1.004205072922597308e+00
1.029041441481540087e+00
1.040741289984178364e+00
1.024083802710184177e+00
1.090480013799120629e+00
1.033668611533680615e+00
1.006944572023425577e+00
1.033168815527541140e+00
1.040491295551669193e+00
1.008921668313316200e+00
1.025035738925000661e+00
1.075460167651258958e+00
1.082739092164256567e+00
1.020543590420166069e+00
1.016508037377453766e+00
1.028161741414003849e+00
1.045961872618548671e+00
1.049106572689029626e+00
1.046131953301005391e+00
1.008874001035430901e+00
1.078102139732092679e+00
1.021344488633701975e+00
1.079443484864497593e+00
1.089968441274438593e+00
1.039424597825006513e+00
1.051749940368822855e+00
1.043106690445220863e+00
1.012407574032161639e+00
1.062591995628666464e+00
1.050318989394982028e+00
1.018780141535174488e+00
1.066703232162597992e+00
1.049807876144627672e+00
1.092753332827024249e+00
1.060549586785135556e+00
1.073181985973041819e+00
1.017047032068973289e+00
1.031196436470169342e+00
1.021065280986560131e+00
1.019518729520610956e+00
1.046289418389930725e+00
1.031340008335717817e+00
1.023438688829325649e+00
1.045884756621765499e+00
1.064417384083098161e+00
1.014597496472400939e+00
1.026236574607042762e+00
1.051563962223894144e+00
1.037835414358455610e+00
1.073207437655115726e+00
1.043727318155698969e+00
1.098588064802736408e+00
1.091989465695846429e+00
1.076133756502108074e+00
1.092429195636245964e+00
1.007995061076018883e+00
1.051412960326554291e+00
1.007692943474834957e+00
1.031935779221908378e+00
1.027133893090058425e+00
1.098766034927552759e+00
1.048630436926293985e+00
1.020880667132896047e+00
1.012617110939490361e+00
1.066155489595370653e+00
1.026758313141784118e+00
1.001297446195991370e+00
1.059168660808944562e+00
1.074258759313927003e+00
1.089008238076042190e+00
1.025444929297835372e+00
1.044855714975068128e+00
1.001527449387338287e+00
1.005876690019831488e+00
1.036907868769839203e+00
1.058839580655189350e+00
1.058500318919661121e+00
1.090934271354233154e+00
1.042212354615863257e+00
1.003326910577662989e+00
1.000070629435255709e+00
1.018199083064485366e+00
1.058730256488538579e+00
1.057146741151929747e+00
1.088397967238844855e+00
1.057917065774173881e+00
1.066384859499717175e+00
1.064707893619282419e+00
1.060949826186351919e+00
1.046025756100887882e+00
1.063750696028975984e+00
1.089994829807165999e+00
1.075118550887284030e+00
1.037358100904003821e+00
1.098265044496615772e+00
1.029999621182684288e+00
1.087712271270054210e+00
1.058066759003196022e+00
1.092844663128409000e+00
1.073905767401118316e+00
1.059265771766731312e+00
1.069917889541990519e+00
1.086248798102046997e+00
1.002666275507433591e+00
1.090217539690201409e+00
1.035247070120022483e+00
1.009382147931455309e+00
1.098813000164112763e+00
1.042932503559197643e+00
1.080373801971511671e+00
1.094863307348130199e+00
1.086046238084675819e+00
1.024331533985744835e+00
1.016800253944922794e+00
1.041911959117137298e+00
1.024158004281832346e+00
1.074317407688629711e+00
1.067517665261410009e+00
1.084396930218266997e+00
1.047472058143977369e+00
1.006137922512314820e+00
1.058307032683039939e+00
1.038440947680102866e+00
1.022586093135067209e+00
1.033054422013993223e+00
1.088263555007758177e+00
1.071470511303636686e+00
1.057670823492326440e+00
1.015275328437432956e+00
1.005117308028388612e+00
1.071679243706507911e+00
