9.997405223956318254e-02
6.124821879023195637e-02
6.675189002672127919e-03
2.978975268882739016e-02
3.521655531740268408e-02
4.723482332986640719e-02
5.815679570509407759e-02
4.041997278124875859e-02
7.534765148690729386e-02
9.627292981075862011e-03
7.299442328400475299e-02
5.222311588955931561e-02
6.103261831694924144e-02
-9.990420119696240622e-03
-8.995084618668503992e-03
5.931160855742863280e-03
6.891902498767085022e-03
9.277289018554238376e-02
6.794708438323544819e-02
1.171950760653758458e-02
-3.749629515704056698e-03
3.009725059644954501e-02
7.704997919416368968e-02
7.732866538630714381e-03
5.947406915218157730e-02
3.570252079980994198e-02
2.279742913445549288e-02
6.070656478097552489e-02
8.940812128101092993e-02
4.347014796464780673e-02
9.536085171006808414e-02
4.092499699805599023e-02
9.811205553192971218e-02
4.493440583681093670e-02
8.888306040297726252e-02
6.429741724633061817e-02
8.950000292528878520e-02
1.377805197883067920e-02
3.401257998646441127e-02
2.086557038897774233e-02
3.201377345480276027e-02
-9.477667471133809432e-03
2.728512701289826162e-02
1.980504842275842767e-02
4.674201448405072845e-02
8.850940796854481207e-02
4.924918004778769398e-02
4.693099127508792989e-02
8.471425175872639157e-02
5.713122499552819589e-02
4.860016653327960123e-02
-1.280085413698203028e-02
9.282639865789150957e-02
4.923519316655237954e-02
3.307049133368004934e-02
-1.612164305972804690e-02
7.528195883831392821e-02
1.286280515412793410e-02
5.116163126265571570e-02
5.280540538735759015e-02
1.962256945095399926e-02
7.367925691382951753e-03
7.468923372024732776e-02
2.402316488012279025e-02
7.263796523950688533e-02
2.017504216540986703e-02
-2.067713579051205092e-03
6.627607781215134886e-03
6.655262115282377378e-02
6.043531272274152433e-03
-1.574122987457649003e-02
8.899797111160903662e-02
6.708415376956582826e-03
5.038391198164403340e-02
4.664104746202993312e-02
9.928214871829212085e-02
4.872213923633800237e-02
-1.349886808405323727e-02
1.656494936442338278e-03
2.510768220657142932e-02
1.255196799122862070e-02
9.941519942437641172e-03
5.249151367347032471e-02
7.598625676671906526e-02
5.586592469696071567e-03
8.875767708579446191e-02
1.107790060724211240e-02
2.123391864297672835e-02
8.931543788595418254e-02
6.823198611975092587e-02
8.671463532409916242e-02
3.035050294635740012e-02
6.785353707477553842e-02
6.842439341538705810e-02
8.584924727290017821e-02
1.534555132036906008e-02
6.405035526941145474e-02
-7.165922669988446583e-03
-1.343869173444344964e-02
8.126548101188262041e-02
8.345923609550107147e-02
7.711392562271754403e-05
3.693250483979673704e-02
9.617991127756808645e-02
8.832336028892052993e-02
2.996455455087154371e-02
8.522826937928384972e-02
7.046203049594754186e-02
2.003556841371731748e-02
-1.190161406611558829e-02
2.089709257680747931e-02
9.882561588786940854e-02
6.190933405837524550e-02
3.308595462834743040e-02
9.702386137168632352e-02
9.591628097387078222e-02
6.027005424616425910e-02
8.348688866393057240e-02
9.211760520203407521e-02
7.333631552649960694e-02
-1.627915163292936382e-02
4.177686666026247941e-02
3.024805922623740803e-02
7.047647172829014928e-02
6.197472050005963656e-03
3.763899849342312864e-02
1.887253704077144004e-02
2.858290419590309508e-02
6.071997895965135228e-02
2.333679402775198572e-02
4.909188780038270528e-02
5.625614905935516497e-02
8.037908098286250524e-02
-8.154515768933827402e-03
-6.410829946678187063e-03
-1.664432730371568844e-02
1.239905458923473355e-02
4.081531172180903611e-02
9.613694561368572866e-02
-1.633780309983082213e-02
9.798895013795538844e-02
6.569651709991834732e-02
8.000882179996637866e-02
5.218257538874114532e-02
-1.798359318469251386e-02
6.210780595112211366e-02
1.069024644458743678e-02
-1.756423035722754974e-02
-3.926151834184890554e-03
1.460620087824420280e-02
3.532556974356224067e-02
-6.324612016918597021e-03
-1.005432280084309765e-02
-5.794094067115493352e-05
1.835457734025123730e-02
9.183361022067858259e-02
3.190677428049386311e-02
6.354960902560456704e-03
8.326379897368135774e-02
2.430074146120765957e-02
2.175004222236233062e-02
8.362373941965128843e-02
3.365595985309541294e-04
2.776200996144948321e-02
8.475905157182057892e-02
8.995453221652525977e-02
-4.178774933784150381e-03
5.473658388739102709e-02
9.658689114417917665e-02
-1.361461066661421963e-02
4.116369286863268140e-02
3.426096915912980878e-03
1.224616609240794171e-02
9.258400095194875556e-02
9.223332646272543178e-03
5.353788798180138253e-02
3.122646786397198851e-02
2.531459200121019201e-02
7.324173424542130412e-03
9.369929805346406682e-02
4.226855572648868797e-02
6.614425632331763505e-02
4.485463973778335001e-02
2.242181483696287225e-03
8.389635144069756967e-02
4.995161118536252387e-02
6.816757333743876657e-02
8.983438324554189613e-02
7.973747692177565044e-03
7.418617580603453776e-02
-7.827501376824632859e-03
1.415944246167178192e-02
6.124513597604182985e-03
6.888791803297898697e-03
3.296171634607755752e-02
7.526380995599060708e-02
6.514488377008584297e-02
1.751882186718272533e-03
-9.857991211972944381e-03
2.370771232179608515e-02
9.743157652846601291e-02
3.330120875224092114e-02
6.126992183176387108e-02
5.261167749351083889e-02
9.299800935232939436e-02
9.206244880294828237e-02
4.839247786776329496e-02
5.717873241068238688e-02
8.553137471563967975e-02
9.618179745411598036e-03
1.838149970252187307e-02
3.190721861722109476e-02
6.329441978833368065e-02
6.460920013455892508e-02
-1.980569891955082443e-02
-1.805504120851971275e-02
8.987054951103598532e-02
9.984493926116498608e-02
4.663537548283490375e-02
5.579011722473647961e-02
2.458438433982912050e-02
2.938681064201032964e-02
6.066778081833174019e-03
1.670406242518869197e-02
6.072395785427044113e-02
3.681302685598782098e-02
3.653166689360487496e-02
9.079762452707682008e-02
7.906756034112430442e-02
8.805175834715213423e-02
1.541865297174089752e-02
4.731178325573484611e-02
4.856810509594633452e-02
6.704338778570355373e-02
2.435357151178138210e-02
3.168764895910776425e-02
7.447081873251749917e-02
8.120353390351170431e-02
-1.216246620648930334e-02
5.295775187182612254e-03
3.515373317398469422e-02
-1.674679719385254242e-02
9.247912375096990767e-02
8.196003905482135421e-02
4.285681484785439088e-02
7.784403496483634222e-02
4.800321972326750120e-02
7.408400064321622736e-02
4.974916755907624055e-02
4.839442146234168574e-02
6.755142953657627958e-02
4.922110506794641349e-02
6.660866558048567088e-02
5.630044950522913871e-02
6.004320611871864777e-02
4.914031916588526561e-02
9.629268227384389645e-02
4.690112779321220504e-02
-1.190526672214538804e-02
1.727683541146085230e-02
4.525089786732396091e-02
-1.211271239491683305e-02
2.870822716696214486e-02
7.678018572095499095e-02
5.442423906096314351e-03
9.837343090689804059e-02
-1.012724875263024127e-02
8.898842084001594432e-02
2.796843016958396391e-02
4.586649986210364349e-02
3.655375472932706482e-02
-4.238436841984896675e-03
5.998532077083992831e-02
8.455571380851735486e-02
6.435810749815254472e-02
7.136940111968785583e-02
1.864553813100260429e-02
3.256878765745395421e-03
8.201391214399740559e-02
5.773442569698060411e-02
8.895134507250369860e-02
4.799392968142572602e-02
5.824324014983826847e-02
8.205690520747942196e-02
-1.440002948469243718e-02
2.352441932815406075e-02
1.895063627922328672e-02
9.060456507737113530e-02
-1.019526745404485124e-02
5.087006892814492642e-02
5.333169603501608513e-02
6.472526737221424853e-02
-9.039619635485615992e-03
1.384052624530661760e-02
2.421047276186217775e-02
5.799773334245666989e-02
3.118894686978089525e-03
7.792694044368611572e-02
7.816370844957745700e-02
-1.336160237919573057e-02
4.685094330823184883e-02
2.021118023461138460e-02
2.180491058744096419e-02
5.127462231036267193e-02
9.134871644263627133e-02
3.735973718419460798e-02
5.236862206669418152e-02
8.159912609326094857e-02
6.181768949729746221e-02
8.569966137577672560e-02
8.177329466658007917e-02
9.338157681430241802e-03
-1.460186536703885624e-02
7.051905479282911948e-02
1.709570795041383609e-02
-1.202260204095382222e-02
7.032934467159741854e-02
8.428089249694484253e-02
3.996466165691645034e-03
6.107478973047904269e-02
-1.908435540934732069e-02
-1.852414103211128676e-02
-1.192614326249506404e-02
-1.109099369253567675e-02
7.068540168157180781e-02
9.211193079857808719e-02
4.439977344981257956e-02
7.576029036651368842e-02
7.331421330376244883e-02
8.824776197101293074e-02
-1.660081490686853359e-02
7.023335472857775846e-03
8.984057909091809624e-02
9.874593637427933612e-02
9.150834059518525576e-02
5.196764827505223616e-02
8.273069824528098137e-02
8.736302166632065047e-02
5.575963895511826252e-02
-1.916554199359707389e-02
-6.431309434643863940e-03
7.897410604689777958e-02
7.916325523002896991e-02
3.447304226741094990e-02
5.534143761823423491e-02
1.768141998091854114e-02
6.288072038599010205e-02
9.628215047968794599e-03
7.451247277979332340e-02
-1.057077607867496286e-02
-1.052638332454481664e-02
2.850797507746307899e-02
-8.592662910005492011e-03
7.039544462085625676e-02
1.673164731835974015e-02
3.939376198290515940e-02
1.708779238845927265e-02
7.251367336795520868e-02
4.127756238689765655e-02
7.393056491847216360e-02
8.612340364974169216e-02
1.934049221939697707e-02
4.889445498915251376e-02
1.095888310444229768e-02
4.584778073971920720e-02
6.911182289853512462e-02
-4.195670737887832735e-04
7.139941602119008468e-02
-1.611908609782046822e-02
5.086158347828646786e-02
-8.313819342058973230e-03
2.141441248069310757e-02
8.374643387817937157e-02
-1.023498437049358105e-02
-1.541547261660920071e-02
7.833923672461488852e-02
2.110492551437493161e-02
2.160749663265193118e-02
2.177063256867069543e-02
-9.056077726280097745e-03
1.624050478137050932e-02
6.203722786067784878e-02
2.284555028785753908e-02
4.658928432047387824e-02
-1.167593548030619599e-02
3.915244071386289604e-02
7.051066717568110764e-03
8.527187570559541241e-02
7.811836638947991518e-02
2.332328738645756197e-02
6.707735556870399185e-02
9.131630413473372510e-02
2.119558186171647748e-02
1.763910740092465221e-02
1.698307140869839693e-03
8.171017017165854712e-02
4.646834976412092533e-02
6.274868922347204281e-02
9.603278676332664687e-02
7.297385212012663658e-02
9.808117543180576436e-02
7.683746131822559444e-02
-1.640100791165781391e-02
8.524362156786377542e-02
6.583434698469461943e-02
5.274959172109730532e-02
4.203000149708162325e-02
7.398867715045089055e-02
9.167755769759024231e-02
3.675045635599057114e-02
3.222049897316874023e-02
2.158505852280420342e-02
-9.684893380071496818e-03
-3.015621080632229639e-03
2.470307485589500265e-02
4.434674306783611963e-02
6.270870442697057401e-02
-9.086592892328821183e-03
-1.787647904672791388e-03
2.799682754220965755e-02
6.069321341641319145e-02
6.400376454218770217e-02
3.160390770503473945e-02
8.017552187181783974e-02
4.497812063647455005e-02
-1.467018139339607702e-02
-1.801793045062537180e-02
4.113022508711464131e-02
3.431517356799827778e-02
1.601894620993527321e-02
8.033050854811707442e-03
3.211329507067508388e-03
7.562451022212654528e-02
2.386783968296303168e-02
1.145637634368456767e-02
1.292421775014575627e-02
1.014684193299170839e-02
8.853787325045009426e-02
9.380253916745279197e-02
9.947548775917944286e-02
-1.015401215337153988e-02
1.103005535328477685e-02
3.590395915390288961e-02
-1.974213383773708308e-02
7.317379405628064715e-02
1.253800941870436211e-02
2.350586101735141834e-02
-8.944018196139094309e-03
6.509015857071134836e-02
7.762749559720344417e-02
8.100976398041155602e-02
2.683277231399960536e-02
-3.194918186766721596e-03
5.012696212533394868e-02
-5.592449479148581259e-04
3.591171637961977636e-02
5.831222957157795872e-02
5.901692813585322772e-02
-1.332024072947403728e-02
9.649836462849026297e-02
-8.996108962924468516e-03
5.487748686963517253e-02
-1.264967259405456144e-02
9.475436426514098620e-04
8.797896537538482664e-02
1.016560871787384329e-02
9.078443359670224089e-02
8.407110863271785584e-02
2.219751948608085848e-02
5.854971254879616505e-02
8.513974976464591671e-02
-4.177737517199488909e-03
3.495898845472880656e-02
9.210790216554744225e-02
5.323032373137669138e-02
5.938181771135796205e-02
5.624726293336139438e-02
4.775969073278846233e-02
8.909139010161677696e-02
2.605287040825242720e-02
4.850163697028266052e-02
7.584159733240990187e-02
6.224470179043530005e-02
-1.788190993859488723e-02
-1.380622123047499546e-02
4.302635628488077346e-02
8.581768149698741632e-02
2.451299887093863136e-02
6.308268749012777010e-02
5.817094999407410039e-02
6.918908964012708551e-02
7.864516614252725635e-02
4.359958183343716487e-02
7.404387339990363415e-02
4.455945642253621164e-02
9.471821464668142565e-02
4.308582625650987652e-02
4.345524428332088462e-02
2.688637976720601244e-02
4.947842191365854625e-02
