1.094694639613203124e+00
1.089399786648512114e+00
1.066654008129711340e+00
1.067909004680603235e+00
1.022377161842636273e+00
1.036113508133389427e+00
1.089955969016284332e+00
1.026165336545071138e+00
1.090443164864802528e+00
1.076236911128954254e+00
1.013310651207632640e+00
1.037626310664834683e+00
1.094994110480020488e+00
1.038202883489254491e+00
1.039280927332234095e+00
1.042420809175252039e+00
1.027474971387092761e+00
1.060925579725835233e+00
1.074404056839357802e+00
1.027754003336260435e+00
1.001293533855789120e+00
1.057094450805647901e+00
1.057871141627795941e+00
1.068142448257774380e+00
1.051273721968366548e+00
1.000690257124212668e+00
1.057976066744661825e+00
1.002585365235791892e+00
1.026497404235418243e+00
1.024186595568611358e+00
1.057612207120498748e+00
1.025938034708431701e+00
1.038814551982811141e+00
1.097892235489000834e+00
1.095419892208181256e+00
1.062832396672574564e+00
1.025842980957731188e+00
1.037914434528978802e+00
1.006436537210717352e+00
1.067213275617774126e+00
1.090516534696569950e+00
1.069883519572216946e+00
1.021526592688890123e+00
1.012895460752564869e+00
1.089461960673834051e+00
1.005377280235707937e+00
1.055034395700448213e+00
1.025716933656233509e+00
1.082519992979740220e+00
1.035132886700559141e+00
1.072550587062739424e+00
1.003032738208700980e+00
1.087579850291471750e+00
1.029588879145474367e+00
1.072204410904324723e+00
1.018866453658143101e+00
1.064079572416989805e+00
1.068504285241093754e+00
1.093133745630098907e+00
1.025197218578064229e+00
1.084145126085666266e+00
1.058663741635126554e+00
1.027628221804206321e+00
1.063860805210806504e+00
1.062947773721622191e+00
1.087550309862894249e+00
1.032247863647867359e+00
1.076418769078509641e+00
1.033434899079249902e+00
1.031922142817720545e+00
1.053571197663868864e+00
1.025297567263599774e+00
1.006423140463396759e+00
1.040533642440505169e+00
1.099860783940347808e+00
1.037615011988094027e+00
1.003479491221729525e+00
1.004069856010044726e+00
1.000278658781143193e+00
1.033256916409686754e+00
1.064428268618107243e+00
1.009940645474372900e+00
1.007406731031911029e+00
1.050924367016830674e+00
1.075912591350479897e+00
1.089346066082574893e+00
1.023993473792004005e+00
1.042838332591565331e+00
1.066697479016875727e+00
1.085397993533369077e+00
1.038987966560467768e+00
1.045609066376953944e+00
1.095258261665176702e+00
1.060415673358561683e+00
1.047223757318576087e+00
1.065077917722493162e+00
1.060871202084164189e+00
1.021609296474036643e+00
1.006380529692167514e+00
1.039517275642988903e+00
1.008331006091046866e+00
1.087990836155687369e+00
1.032089831420839987e+00
1.086944249309426791e+00
1.074878864658169286e+00
1.079992863821940929e+00
1.072680362628763318e+00
1.069531432054934061e+00
1.097492984974578256e+00
1.059519640559290821e+00
1.012908357175096086e+00
1.072352616153684712e+00
1.002177412254904310e+00
1.007571356054251854e+00
1.015303985803728271e+00
1.039479355202745481e+00
1.084857012508872121e+00
1.003192961189077748e+00
1.055585230219986625e+00
1.033646194181240707e+00
1.021393553642542917e+00
1.021511095873671060e+00
1.007192608810181467e+00
1.048072983148621073e+00
1.037369747070216341e+00
1.035991487358783658e+00
1.087695600053830036e+00
1.084759791261084905e+00
1.087481265638888583e+00
1.062072353647521838e+00
1.086610456472125286e+00
1.009069724428451442e+00
1.045205861586723683e+00
1.046667935337997513e+00
1.006218263086712472e+00
1.057903161870850317e+00
1.087481874530658699e+00
1.055818414423074669e+00
1.022415720028745811e+00
1.051150835238247483e+00
1.052365875940234785e+00
1.077387699019689560e+00
1.067928262614874724e+00
1.018403625165361870e+00
1.060164845970127834e+00
1.035220076703270209e+00
1.078538022208859859e+00
1.021388865328266782e+00
1.000553420390919435e+00
1.011274118979982539e+00
1.040140796443674631e+00
1.023456331375264039e+00
1.059462316187469888e+00
1.001244289958966416e+00
1.024783533794378698e+00
1.079685261863385648e+00
1.048227016883714890e+00
1.046649423847452409e+00
1.081428470724357771e+00
1.040745102721015947e+00
1.057685148862627322e+00
1.028939000056088293e+00
1.048683190642872187e+00
1.094394872215099124e+00
1.033751642496824941e+00
1.057162356073534815e+00
1.053104771972916742e+00
1.013144975822096949e+00
1.070530864088836243e+00
1.047193149513794053e+00
1.081553516502428147e+00
1.019685425261859013e+00
1.041616011053065227e+00
1.093805087689512234e+00
1.031932640901075837e+00
1.063649481672180874e+00
1.010002497478948102e+00
1.036717735627534109e+00
1.070812620556776507e+00
1.005588824482948507e+00
1.079263920320191916e+00
1.005363581855567956e+00
1.001519492315917859e+00
1.037723341460306425e+00
1.073448837185277727e+00
1.074579785721957226e+00
1.076888074698233222e+00
1.007811276505273579e+00
1.097600053518675178e+00
1.024168784686093847e+00
1.083540886562078143e+00
1.097690927561458585e+00
1.052947380848921588e+00
1.079917032554601253e+00
1.038439205643426844e+00
1.023273031542327516e+00
1.050530310807529899e+00
1.059102625539000808e+00
1.069821666088695222e+00
1.011921135486283818e+00
1.002858940908119445e+00
1.059932395158384777e+00
1.020239669987127673e+00
1.032868937809543031e+00
1.015365072536106084e+00
1.028556086174041040e+00
1.042644287229890443e+00
1.030287733434221087e+00
1.072619030483394020e+00
1.077295177126277537e+00
1.069401425550954299e+00
1.038898957919949684e+00
1.026190873053118180e+00
1.095379660198191996e+00
1.007661191187489758e+00
1.075895705592788687e+00
1.063329542893955981e+00
1.076963130504105859e+00
1.035464880138300625e+00
1.081334923109139368e+00
1.094425157677718197e+00
1.018437923555405078e+00
1.090215903330757019e+00
1.036832848221597159e+00
1.071210063661425460e+00
1.068413516290815046e+00
1.021490405642644372e+00
1.033133839351107142e+00
1.019242004425001902e+00
1.005016387120121646e+00
1.033507458895879250e+00
1.050775909798385754e+00
1.076874671507418446e+00
1.033518097298768756e+00
1.073769954465469079e+00
1.041908631067822943e+00
1.019855871638762013e+00
1.050639065758123047e+00
1.033209108082097982e+00
1.012080653408908848e+00
1.044583686026166358e+00
1.080053137944055663e+00
1.006307836659778632e+00
1.038019102636196678e+00
1.071389296493650223e+00
1.094659311813444225e+00
1.041678361432593514e+00
1.058487500967709938e+00
1.018359980144768473e+00
1.030348936858188402e+00
1.041766830243877839e+00
1.049434123709471089e+00
1.092067001611470856e+00
1.042184926431660719e+00
1.066056773554525217e+00
1.050823816546474943e+00
1.012693647591313528e+00
1.061384532604119135e+00
1.039258475512503610e+00
1.050228359173283277e+00
1.073178446174472445e+00
1.079449683023738782e+00
1.099040363554197874e+00
1.051994948111947936e+00
1.081388513277100394e+00
1.071379520154633669e+00
1.099686793559855991e+00
1.089451508271778613e+00
1.052046109310551758e+00
1.080393537224714873e+00
1.022199489954658702e+00
1.049325397340362453e+00
1.003636115044264754e+00
1.050976634436040946e+00
1.050429310971208841e+00
1.070512762258098771e+00
1.090739497803372204e+00
1.066940198515050175e+00
1.018227096462820835e+00
1.050554773944101683e+00
1.093419605308022069e+00
1.022974993094814655e+00
1.034759181260152427e+00
1.038292004229961929e+00
1.086420303553320199e+00
1.093535539809792345e+00
1.021980664788108228e+00
1.060718581500685431e+00
1.012070266615807457e+00
1.081798942180270506e+00
1.093076107642144690e+00
1.083390607705559727e+00
1.089276385180755868e+00
1.001915045033722862e+00
1.077907097378281831e+00
1.094418326570602229e+00
1.002701304809194394e+00
1.097731901737758475e+00
1.066155971025567695e+00
1.085034985583275713e+00
1.070732386696551686e+00
1.077201690833956338e+00
1.016525174689687283e+00
1.063665885431701597e+00
1.073026345835415007e+00
1.059885000802300414e+00
1.003333665876217307e+00
1.000300358459160321e+00
1.025016802087341361e+00
1.070514194306500633e+00
1.036470706012375009e+00
1.036864293362795841e+00
1.017890419798496149e+00
1.076315480447582074e+00
1.031577209276062002e+00
1.069123119980326164e+00
1.078537483849677958e+00
1.065630354644685918e+00
1.025152142362619312e+00
1.040288188233294164e+00
1.036649593289775684e+00
1.055486087123928662e+00
1.028478672626650159e+00
1.051111224598777483e+00
1.061697903496969575e+00
1.056843760681995148e+00
1.036255125966054624e+00
1.018092335088735645e+00
1.063751840039936836e+00
1.025651916758533400e+00
1.030730610458839402e+00
1.098397582752662638e+00
1.027788358880996844e+00
1.011986369276271835e+00
1.017305574898609954e+00
1.079065243126740903e+00
1.027371337945288898e+00
1.065197653299419400e+00
1.048275232673107960e+00
1.033162775738078132e+00
1.033874808802796030e+00
1.024397219162277217e+00
1.028315797998606396e+00
1.063396375226604018e+00
1.037518545172649187e+00
1.012191047731021865e+00
1.071651443414788352e+00
1.039449559138611701e+00
1.038433532581314545e+00
1.069946519383074834e+00
1.095113583889929521e+00
1.010904577284657435e+00
1.080555287023398758e+00
1.011699812294093004e+00
1.060917933438468630e+00
1.090539096581389256e+00
1.049743837002676372e+00
1.001243013109208047e+00
1.021301615480257885e+00
1.026298347321833893e+00
1.045751482521755982e+00
1.004223161795572805e+00
1.037299285450949071e+00
1.068603975013279861e+00
1.079109309302208830e+00
1.049399425064647007e+00
1.038620755271122409e+00
1.076870859912821610e+00
1.057763501135373208e+00
1.029309762999084610e+00
1.011419973311761700e+00
1.005430341178543463e+00
1.091268877522576064e+00
1.053892205829894513e+00
1.077933474755431442e+00
1.019803365462394806e+00
1.048019526675022961e+00
1.090725457650609576e+00
1.039302691693720249e+00
1.031784897688343028e+00
1.065546686937274279e+00
1.010577545622227458e+00
1.012616260746634245e+00
1.068852709783712385e+00
1.031412130225128232e+00
1.094288936257593825e+00
1.005815210229195511e+00
1.028811392555555981e+00
1.033433657749882162e+00
1.083094172211384931e+00
1.048933338257335812e+00
1.056479835163409930e+00
1.077290100183148747e+00
1.037991294797938391e+00
1.019371807197281932e+00
1.046659151763405182e+00
1.042903961542385183e+00
1.014735753059109458e+00
1.049166310408145897e+00
1.031827637454267865e+00
1.035810469251669641e+00
1.075034021233019166e+00
1.013200275590938393e+00
1.088028319157701151e+00
1.057094679419286143e+00
1.012573974733631754e+00
1.011289405583749579e+00
1.067637471908074120e+00
1.022201218360902164e+00
1.039081961640146101e+00
1.066983806015368463e+00
1.003225591090227686e+00
1.055324932830393747e+00
1.078432034794163830e+00
1.093995347496825810e+00
1.072110455558105579e+00
1.096831890410819854e+00
1.037123526434604814e+00
1.071515955553489441e+00
1.042648357048104435e+00
1.017851311767181688e+00
1.043403378709079732e+00
1.033126698436903634e+00
1.096763135714698301e+00
1.088100970082590102e+00
1.076592309513784596e+00
1.048650687730493303e+00
1.006758485129086056e+00
1.057249484053143673e+00
1.069966139317044762e+00
1.054281194111786002e+00
1.087509269868476514e+00
1.023452558820991731e+00
1.095700494817070769e+00
1.036856782566291324e+00
1.099285594350597917e+00
1.090292650558658760e+00
1.077931580196078487e+00
1.015574202522672831e+00
1.017315341136467488e+00
1.085923918063858240e+00
1.002299271332981467e+00
1.013556689587856052e+00
1.084375222374595049e+00
1.092322963439035011e+00
1.093123456433160667e+00
1.014936722602778563e+00
1.031861910430148521e+00
1.020733517715522565e+00
1.067099807549110047e+00
1.019720688186996238e+00
1.018495349033340824e+00
1.072648730915979787e+00
1.028990506009184180e+00
1.068394317873814670e+00
1.022083670785618459e+00
1.084397395692990429e+00
1.038277040027208775e+00
1.056590234490427660e+00
1.090349155432489558e+00
1.032062966049115849e+00
1.015609937148370445e+00
1.024337180293753313e+00
1.062597284722726743e+00
1.020712584063649730e+00
1.026867236515133452e+00
1.029384333773883275e+00
1.004739850798294087e+00
1.018466855888629841e+00
1.023641232880635243e+00
1.030399876526038483e+00
1.013232949985963360e+00
1.050530707850142687e+00
1.093244633772297414e+00
1.016454474241837991e+00
1.065259535835709537e+00
1.027403756572985216e+00
1.002822214427451675e+00
1.048523800597321642e+00
1.014853773071362930e+00
1.088045588323240720e+00
1.013725161528102214e+00
1.027327571925072514e+00
1.002855301928611720e+00
1.078620811353140363e+00
1.068820173047205557e+00
1.006587804747549386e+00
1.072009031214045116e+00
1.021493442198492252e+00
1.032671778793124773e+00
1.041903440208119536e+00
1.091806156772679115e+00
1.019420407109703053e+00
1.075742196786012350e+00
1.086983900371875977e+00
1.035409211779506178e+00
1.084670238529406916e+00
1.047068198888442270e+00
1.007958524169319636e+00
1.003667960009577254e+00
