4.709335309140566528e-02
4.057716641774310184e-02
4.514377283292014820e-03
3.896090979515198782e-02
8.669845221094901744e-02
9.676152383025085624e-02
1.328557177089578420e-02
5.798213653080036556e-02
5.917143433960538046e-02
9.617643545614354417e-03
-1.366049429732381013e-02
1.722897312801409744e-02
5.020554542225408312e-02
4.625101372409265443e-02
9.773800253205525146e-02
-1.490975620912094249e-02
2.672801728032554378e-02
9.197588690851715709e-02
7.269509308791914648e-02
4.789581603345813288e-02
-1.797633463958967642e-02
1.936182320479057709e-02
-1.564424245035705985e-02
8.775904753935390157e-02
8.329767147066025057e-02
6.267393442631150058e-02
7.447640102650361638e-02
6.138646806701603120e-02
1.629047440987617043e-02
2.240882583668296971e-02
1.316367165495410316e-02
4.488159388840051722e-02
2.778842449706235909e-02
-3.823502103595315810e-03
5.457923798297219936e-03
-6.724440963133364660e-03
3.475584894048731888e-02
7.932581693523389765e-02
9.787437565584036769e-02
6.717849288229033045e-02
5.115582769342991165e-02
1.202934675558681166e-03
4.792467931320140706e-04
-1.156944527812714570e-02
-6.332627276256269991e-03
-7.406921983995376838e-03
2.340913998238004431e-02
1.422376150216232357e-02
4.672355771852984563e-02
5.825594897058895827e-03
1.561087745796031420e-02
5.358886854564209878e-02
6.891206729536279718e-02
7.717522327678873195e-02
3.248335671263910540e-04
1.392707172098817808e-03
7.293846483404532732e-02
-1.178048857109548556e-02
9.359536958589612099e-02
-2.969645922025324070e-03
5.242103275141136998e-03
9.435471713305686181e-02
8.061796140552425494e-02
3.617186679234228597e-02
5.992894392351451327e-02
4.666796466236992902e-02
8.418941925175524310e-02
5.955148443413282172e-03
-1.305053603235545485e-02
8.375710946565584347e-02
-1.189024008759340806e-03
2.232731976296707319e-02
-6.063991602018651422e-03
-5.573217955414020569e-03
6.085985255930766169e-02
4.936599201980773621e-02
2.952523365546344883e-02
5.375747294527723208e-02
3.042332042934790468e-02
7.440888887490491876e-02
-1.790267372034989868e-02
7.480310203124174162e-03
7.802691461523952876e-02
-1.475992025984204647e-02
1.483453128781748662e-02
-1.343401221898987696e-02
8.162847832448746205e-03
3.398479815343018184e-02
5.994171137303717922e-02
8.164536884938103367e-02
-1.668835550366833467e-02
3.898401898604286764e-02
6.815736915627858272e-02
7.418880726718633800e-02
4.471889772273862640e-02
-1.086412474475421247e-02
8.728588091864085408e-02
1.046430663082200535e-02
4.944018678312789294e-02
2.561434325365840800e-02
5.210170846459524774e-02
4.743955908547003997e-02
2.066183026612658860e-02
2.899703041159210418e-02
9.978641676358836199e-02
-3.259333015240770126e-04
5.730401277555048634e-02
1.449875385748423604e-02
1.067324000481202628e-02
4.025660695351190865e-02
6.314694153578184754e-02
2.461450082046013829e-02
9.871773157802891940e-02
1.879831998732598569e-03
-6.151661556706433664e-04
9.402061739820215258e-02
1.844351310342720943e-02
4.331297134004782889e-02
6.067470280246067826e-02
6.678011242463703645e-02
1.387491155859643319e-02
3.587362901608946719e-02
7.169221951601867371e-02
7.974063834371862558e-02
-1.232047265560703292e-02
3.292687075797988416e-02
6.050089630743346603e-02
4.959386913896672577e-02
1.905308080174983668e-02
-1.662960451399781228e-02
-1.989240096518268136e-02
2.234410495326559845e-02
1.490185766314595581e-02
5.566770844271869134e-02
7.920542607182819161e-02
7.834518921624621102e-02
2.662843226478475364e-02
8.745024591224948018e-02
9.118690334766471617e-02
4.979142973840676445e-02
4.241290670461904388e-02
5.387126167712730229e-02
6.942406170760026529e-02
7.604132617995534860e-02
5.828074850999480361e-02
-1.300790530275568527e-02
2.408262298874693300e-02
6.064883726302246203e-02
-6.334309695691609995e-03
5.983139492024208694e-02
7.317330885396212958e-02
3.786366930597406810e-02
9.142454533623990687e-02
7.426314491514746097e-02
9.347030944978802769e-02
7.558094995592675586e-03
3.157135938976714240e-02
5.807044300850647267e-02
-1.774299367523470353e-02
1.245206882722498312e-02
9.649819815902307973e-02
7.110045552736647678e-02
7.054601044506896013e-02
5.897810990154286892e-02
7.512794186958406811e-03
-8.241188778220597325e-03
6.642786826347177320e-02
-7.417996626733973364e-03
1.710400474246571642e-02
2.157043354445835684e-02
9.376074750135894587e-02
8.098708550508067205e-02
5.844572226138529392e-02
9.638702145413229061e-02
3.318192995924337807e-02
8.202230417614514435e-02
4.614516905219687160e-02
7.382210769746247458e-02
1.296640036408852961e-02
5.989920598416312303e-02
1.969104672445958978e-02
3.262376196293410857e-02
7.489704548283054181e-03
6.207687248504790978e-02
6.621628092408593513e-02
7.370901535879482297e-03
-1.330171668480701827e-02
8.651264432262267823e-02
7.689972147226811772e-02
4.985211612042245166e-02
1.199498734581039630e-02
2.649825894442167304e-02
5.815332872563072630e-02
7.633623155752036760e-02
-1.879080488185196768e-02
6.686766480416563019e-02
9.503843702275095728e-02
-1.303863116384873858e-02
6.483204987613078174e-02
-1.627469335587316754e-02
5.072609054820757801e-02
1.418540278209569003e-02
3.926363748102162238e-03
3.928926846845282039e-02
7.124486377383627833e-02
6.069317243362210013e-03
2.061385597246266979e-02
3.411109220947970699e-02
1.772757280183339182e-02
9.475647139508321104e-02
3.186411569250333087e-02
4.256540345341237874e-03
6.928824675084162277e-02
6.401451228171790853e-02
5.222662908585841424e-02
9.622177106219945153e-03
7.795622439098247314e-02
2.636769207615757490e-02
6.817978468033930595e-02
-6.245477048747347451e-03
8.117518431803448509e-02
5.278631124452981549e-03
8.816558255301137903e-02
3.283979301245193438e-02
3.793703446859170159e-02
2.338732797695787166e-02
3.231192412845031170e-02
-8.278225782895470841e-03
4.009391758627560420e-02
4.041774101012081399e-02
7.832516620943409669e-02
1.101668775541214673e-04
8.388445565207094945e-02
1.194397986114386148e-02
1.547148223554216037e-02
-5.368742605774684887e-03
7.539137613003131511e-02
6.624890403675792044e-03
3.730303288344198609e-02
5.471104147736496892e-02
3.104912849127974481e-02
6.602513932667554430e-02
6.864940218250666082e-02
8.924380029429700156e-02
6.355882857475704528e-02
1.465027156551732337e-02
7.571541451153276925e-02
9.489303541595144054e-02
6.908497133145488633e-02
9.556302082171873324e-02
7.752220583128062448e-02
-9.028840249783506161e-03
-6.342175343546812769e-03
-1.058089732985304648e-02
-2.404751524713571315e-03
1.334937739162326067e-02
6.728798775301272905e-02
8.138288331191909086e-02
1.220486094233234550e-02
1.246731981821114568e-02
1.657799201954828286e-02
4.767743329186072132e-02
3.130818643675602198e-02
8.150664475627536487e-02
4.715662063683299932e-02
5.957097340899310256e-02
3.277756194720334026e-02
4.698160394466874279e-02
4.837180284934609886e-02
-1.640725987481022122e-02
8.392001790268037442e-02
9.822491524555858333e-02
3.054819074161127176e-02
5.797378532339804436e-02
7.029353579959712883e-02
-4.357171259748285341e-03
2.511358282427423802e-02
1.849874951616130650e-02
8.683627293492097998e-02
3.117409637323348762e-02
7.898660380477016962e-02
4.106397892694850504e-02
5.351118619339462201e-02
-1.602349127530954681e-02
4.801548805462110825e-02
4.388038998856230721e-02
9.936097543849208014e-02
4.884589250011277251e-02
5.281584731540671374e-02
-1.929754200115586793e-02
9.034031433993863769e-02
9.558699667858576443e-02
4.652175299913943740e-02
1.491329662303132395e-02
3.937706222258464950e-02
7.657380175565940694e-02
8.517909324573970375e-02
6.465657197018705171e-02
7.123080994174935121e-02
-1.041333749779761036e-03
8.562380190158734583e-02
6.759131993543089634e-02
9.911811607263197599e-02
6.245285769031247436e-02
8.960717527631741064e-02
9.516142395396644249e-02
3.489800520464896028e-02
3.901376034893817846e-02
5.342445921256941399e-02
3.926153653111937036e-02
1.508854403778605094e-02
4.835574555258745355e-02
-6.854934153193088450e-03
4.299922081970514176e-02
6.022605256967301923e-02
7.565341169704574431e-02
7.567676916307879142e-02
2.601263385575526901e-02
8.423857844205041856e-02
-1.453370567918622902e-02
-1.049335611729064303e-02
1.757280750372576181e-02
3.058762088660610737e-02
-3.064277028830136862e-04
2.150120585961293532e-02
8.184435660867982187e-02
5.175926196614437369e-02
1.556357209030452202e-02
2.796849059331379603e-02
-1.625321294895602092e-02
7.137519084662521940e-05
4.336405338431284506e-03
1.961352592965145275e-03
7.083753717773209890e-02
4.850996365473174421e-02
8.472997238609152049e-02
7.311094366026783808e-02
4.438606938422513803e-02
6.665622446987465310e-02
1.608472384238052513e-02
7.079068720300760176e-02
2.464175194780232961e-02
8.704204103065676934e-02
5.294802074067135600e-02
3.447316182127012352e-02
4.149717259593092844e-02
-1.886875846397307113e-02
2.995541666478147499e-02
8.728976178490424620e-02
2.860752438409107021e-02
8.598403149407080059e-02
7.262160935199182821e-02
-4.303308466834892404e-03
6.384668843216441403e-02
-1.306002137812730009e-02
2.253679799455239260e-02
4.347343594359696917e-04
6.395788518547436408e-02
3.084581687687369331e-02
9.549223680800944525e-02
3.019783574131667050e-02
-1.111985337749560321e-03
9.963765982826831846e-02
-1.954751961939918056e-02
8.417465371140166186e-03
7.489855592024498299e-02
1.763535690093891509e-02
2.845875086706916787e-02
3.835857751768849411e-02
-2.523091499181416564e-03
5.807959877167247209e-02
1.122458747515901398e-02
7.045933221910907762e-02
4.814752249674962570e-02
4.852416209370821742e-02
7.420251300983092546e-02
3.441909688104388687e-02
-2.288447355954910389e-03
1.989808900958790414e-02
1.127564103279764599e-02
7.454670008876329579e-02
1.357881720912127235e-02
3.477071298303389957e-02
-1.542172132612418256e-02
2.763883796110502139e-03
7.644896021868918812e-02
9.746830651681238911e-02
1.147037119546897785e-02
2.940115763828614684e-02
6.144863910583639455e-02
1.068293321610005661e-02
9.906231571518840651e-02
3.418266060622046632e-02
-1.269091041121735326e-02
8.955693695002354959e-02
-7.291259975312710390e-03
-1.066721254163941618e-02
7.153166450118556008e-03
7.819117713301458605e-02
-1.339573245990202666e-02
1.940939873559039894e-02
2.028128620129772061e-02
2.189228644708470298e-02
8.647901083191755767e-02
3.679588515625413503e-02
-2.249302644012320801e-03
5.616487360078849245e-02
9.258068887730354357e-02
-1.415974234371501599e-02
3.933973579177479918e-02
1.022113803261067225e-02
-2.927053170902860213e-03
-2.225165487148867555e-03
8.983896261690818563e-02
6.642516746128811211e-02
-1.559591057465035263e-03
9.278339758855165542e-02
3.074612755035651193e-02
5.016636915024176580e-02
4.694749914331750040e-02
-1.491643601624573906e-03
-6.345965239001305144e-03
9.050121773744874976e-02
3.063095849831969433e-02
9.841531770943237611e-02
7.143433197324107475e-02
9.114668407671212835e-02
6.328062848217948233e-02
7.257336850348769519e-02
-2.076200260876789189e-03
9.985562419157331671e-02
7.112066505007978712e-02
3.608488935710622847e-02
7.166395283695689566e-02
5.694010865158997958e-02
9.806784191446191179e-02
1.535220051123009979e-02
2.328475913018763707e-02
9.457394004542613031e-02
8.776037526943256117e-02
7.198999361661068130e-02
-9.869177975849035070e-03
9.942674559481975982e-02
1.964714641595789388e-02
2.942933139147181285e-02
9.116762671099550019e-02
3.621647597969405996e-02
3.284292497547061651e-02
9.435521656325068784e-02
-1.104483655737368078e-02
9.585992763048195586e-03
3.811046637664285142e-02
1.544739060390699220e-03
5.802879495838736412e-02
5.807627915016126685e-02
6.100225096681755055e-02
6.078623669760603587e-02
1.705435578211279488e-02
6.162122346190999911e-02
2.283788489383441547e-02
4.607482480859421969e-02
7.896728568228611467e-02
1.268285662516715692e-02
8.912790305508255795e-02
8.045980337997232779e-02
9.876577617356134542e-02
9.050389004417225963e-03
-1.306156362617051994e-02
-1.898365980255175417e-02
5.618488876823797551e-02
1.599627477562820879e-02
5.339077021539591350e-02
2.721241795878455785e-02
6.502710602188312150e-02
9.284845660178214777e-02
-6.493458065691659273e-03
5.917939328051421977e-02
6.856472173714633911e-02
6.107303210718877107e-02
-1.667841670568593823e-02
3.218427410779269027e-02
-1.187963975092079343e-02
1.681962643244218694e-02
2.814582448989877764e-02
4.894589467560019058e-02
5.560150489670601104e-02
5.099529727788250366e-02
5.072722300163468034e-02
4.025940799631606837e-02
-1.269785353232447123e-02
5.638937404570162903e-02
2.581463332605415592e-02
5.239032400246750043e-02
9.162734625880253336e-02
6.235933263605651644e-02
5.388148804805106828e-03
8.726687427672505382e-02
5.294076321662605222e-02
2.051195728522698866e-02
8.336587842642272095e-02
4.977345924970021096e-02
6.965434677301247934e-02
-6.536651905756397929e-04
-1.274531241508087762e-02
7.388751367790832858e-02
3.512634325311476957e-02
-1.892140938219684029e-02
5.238773241783345469e-02
-5.394924577571140814e-03
2.908793655971686487e-03
7.835161960291318894e-02
8.091459840060291620e-02
7.502035466823700482e-02
6.634815345614511473e-02
-5.226623819390518663e-03
4.903586945026132404e-02
2.537545651517148990e-02
-1.522155406444906760e-02
1.066739617131978041e-03
7.472254582402727829e-02
8.040164059539728347e-02
1.552087631602243681e-02
3.933824122608013674e-02
3.556821338297709578e-02
2.812103728560520419e-02
9.894717614510563364e-02
5.138410748363916869e-02
2.307462891986033701e-02
8.842218338010580936e-02
2.417252547236087984e-03
2.479375289196123280e-02
5.738843171995398895e-02
2.003008555013147465e-02
1.422421613217845007e-02
8.301334637878657330e-02
4.076176573467044095e-02
8.165893200178167555e-02
7.333103114319883264e-02
4.366608045709098607e-02
4.813153249548229873e-03
5.290884382277465103e-02
5.924164232233662675e-02
4.361869445910236676e-02
9.387160091792763617e-02
3.169826095668017152e-02
3.939516984630939134e-02
2.736261215475974465e-02
5.316725054676584017e-02
7.302430926482011281e-03
-9.370120514859529154e-03
7.737901442374628402e-02
8.282659723859550627e-02
-8.586873189969495071e-03
-1.850672971493015281e-02
2.987464878001351229e-02
4.670272624770238634e-02
4.732841775442123144e-02
3.110431064737264814e-02
6.477765031753200675e-02
6.965151664415586419e-02
5.086212809107093502e-03
-1.316325010782170776e-02
5.178785428714716144e-02
-1.471369857869005843e-02
-5.657640622594118859e-03
5.628619900657602648e-02
6.199278572189251268e-02
1.222265038046179211e-02
9.648773865114970705e-02
9.223991209898099730e-02
5.834492190868005579e-04
-7.056678647166355484e-03
3.804245840211895047e-02
5.095170390641504121e-02
1.581162679123934364e-02
9.593874973299883202e-02
-4.509570791103442375e-03
-5.334253593143847144e-03
-4.265460371625121733e-03
6.844483619405318520e-02
-1.073356566251112629e-02
6.953379567763294522e-02
7.705038560601433495e-02
9.665766144835623297e-02
9.678492959458835643e-03
4.570517058890774531e-02
-1.492161094730629772e-02
5.858610115475369751e-02
3.375067614155734252e-02
2.867238180679276480e-02
4.755572614387446051e-02
2.471183905709630618e-03
5.169537282555734109e-03
7.296432971158708924e-02
8.245673616161339203e-02
6.087547470785951986e-02
5.610665132580117120e-02
-1.605552256882966308e-02
8.418473292128862695e-02
1.729925477313243656e-02
-4.213512459782142033e-03
9.922622445922467393e-02
8.692703822864308871e-02
-5.379439381501559259e-03
4.640874953575063744e-02
1.955723966544375622e-02
-1.215501718622731195e-02
8.673116859647272969e-02
-3.357553127424021955e-03
2.671484516731529105e-02
-3.373238248941680395e-03
-5.897130308348244934e-03
-1.468338143461227555e-02
-1.036489975861219770e-02
2.413306936813921708e-02
7.817790465332376260e-02
5.028411102211180483e-02
5.732635588666873394e-02
2.941550289782275673e-03
8.595899171103139197e-03
6.532240616841557268e-02
9.628196792646778746e-02
3.903455677361350462e-02
3.206615831525168325e-02
9.708730022063255527e-02
2.491538219132134399e-02
-1.737350488739385773e-02
1.990907186948723609e-02
6.122618878750393789e-02
6.444216976303006328e-02
7.080163374856431047e-02
2.333264038188866477e-02
-7.586127070401129172e-03
2.034162273125229847e-03
8.119966159967791780e-03
3.904630259067556897e-02
-6.526937486718913453e-03
2.288192563343455568e-02
-1.469382313731826956e-03
1.727583492119737565e-02
3.872720831193779412e-02
1.811283205262094811e-02
-1.381975716430535600e-02
8.359620729933735228e-02
9.850426395283849723e-02
5.244113585805919298e-02
8.138090469634584601e-02
1.262080749005283289e-02
-1.351342135055431590e-02
8.212026886068142517e-02
-3.977863502238259547e-03
6.568378371504145219e-02
-7.065347103498521852e-03
7.620973598466819487e-02
7.448935944882116578e-02
9.645746047408647328e-02
8.200258352265737960e-02
9.483356163736089001e-03
4.118387129110299971e-02
4.257418453885898624e-02
-1.917233035962744025e-02
2.394889705556732182e-02
7.363476486873221649e-02
4.354881148545113045e-02
9.996229843597914666e-02
8.780358311854184750e-02
1.589319451747547504e-02
7.150924771578383299e-02
-1.921800208414037314e-03
5.892984883353789838e-02
-1.994773575494742171e-02
-1.473913116974943580e-02
2.199973627028753084e-02
3.332336563246389438e-02
8.448073219940596679e-02
7.823081534849314622e-02
9.098746496434896580e-02
3.181367632418642677e-02
6.802472255603356222e-02
3.351109932061688279e-02
7.668432036917996464e-02
4.023687405684664431e-02
3.013244899516211509e-02
9.714211910717773790e-02
7.712027860139712698e-02
7.999842918182027696e-02
3.810880381128264882e-02
5.718801478516756520e-04
3.006942993416617319e-02
3.034463960978104821e-02
7.997808390417332491e-02
9.856195024329249266e-02
6.916772574661739226e-02
5.326569010190052023e-02
-1.690544265928417556e-02
3.828015563344902561e-02
9.031807099086539004e-02
4.803949190857363660e-02
8.813235693231999401e-02
2.081025680569760852e-02
5.113320228458904937e-02
1.833695543600295449e-02
-8.715764784085736419e-03
4.343244071870082379e-02
1.064339509445767426e-02
4.815336178646265064e-02
-8.267209711723020119e-03
4.242743330399070811e-02
9.026628719176869181e-03
6.969370262984783682e-02
9.745588062577087429e-02
9.928918250184817773e-02
2.562781349409036513e-03
7.574274427190205716e-02
3.972129409421513990e-02
9.017476968449462948e-02
2.932048299496884183e-02
-1.558311073179955569e-02
-4.713183592558633367e-03
8.452501456133985902e-02
4.169898628243927374e-02
1.624239147039735834e-02
5.827772815627883796e-02
5.344966424059172799e-03
8.926090307889496256e-02
-2.751893116005019874e-03
2.115536544985374343e-02
1.743073439406447531e-02
2.317212372128162404e-02
2.055235712406401280e-02
1.815411188188341060e-02
5.826730000653447539e-02
-5.284990024293979849e-03
-2.532699244899953850e-04
7.245966111191816383e-02
-1.236232220042118510e-02
8.091388720787123789e-02
8.566583480717840371e-02
4.163971901028595823e-02
2.312386869996471347e-02
6.025927412240925096e-02
-1.514269736589409984e-02
1.138218552189674757e-02
2.200121962786916532e-02
6.182037947313713533e-02
3.149731202132322050e-02
4.229997953957917445e-02
7.168579645856067162e-02
2.613386534877234005e-02
4.045845539732094431e-02
8.141917704098208808e-02
5.153872754776019777e-03
5.790428210208398152e-02
8.510808281793146024e-02
3.575613159459659074e-02
6.645586741412631837e-02
5.721055779242380235e-02
8.017378756397956774e-02
2.837500081358188334e-02
8.545944781139018509e-02
7.934527592887552494e-02
5.476006971018823610e-02
8.638392393658558821e-03
6.328814116910544407e-02
9.840645928038221218e-03
-1.060147337957368860e-02
3.857324043018189874e-02
-7.944927782735020094e-03
7.109157376278109342e-02
-6.571893787256782860e-04
3.965341355531912249e-02
9.918721841859895472e-02
-1.889854797251272825e-02
8.818316869449099871e-02
3.331097059169021990e-02
7.080666478447406043e-02
7.786789831070792256e-02
6.836051392657198356e-02
4.622443805780171444e-02
5.385245333542974799e-02
8.668229545461277052e-02
7.825744900668740733e-02
3.540252850061056944e-02
3.898836245076792162e-02
5.195380130873927804e-02
7.102984085834782024e-02
-1.007632035143231526e-02
-5.934711951676416991e-03
3.607447060910989878e-02
4.152413407906314913e-02
6.842186157619614684e-02
8.638468974024367947e-03
7.434616510564820424e-02
5.739366529228524805e-03
8.284105711115187509e-02
5.240845628669626999e-02
1.029204378652544272e-02
9.462813546348279592e-02
9.504609237435188152e-02
6.853488689099807019e-02
6.199785489191068921e-02
-1.662650321434000836e-02
-3.572657504916469662e-03
3.350556564412474070e-02
7.750403881486726820e-02
6.665833657388227362e-02
1.281745656140005282e-02
-7.146858866622432527e-04
7.412920446096097488e-03
-1.912696021531983329e-02
8.430782313938285644e-02
-1.527473271849743783e-02
-1.176144087761045454e-02
3.630136843668989310e-02
-1.366524402605088367e-02
-1.777838116895518947e-02
-1.995140031491553570e-02
2.124609089070652115e-02
5.916596338552673751e-02
4.224214340677034940e-02
1.692320953154151028e-02
7.580927277635705896e-02
-8.442725948527525504e-03
2.916190518752878949e-02
-1.265821452047307533e-02
-2.621352883853088345e-04
5.539369636430127586e-02
3.172868969666217676e-03
3.222589024769770272e-02
6.738172183678507732e-02
6.821021536910221172e-02
5.534196475802757864e-02
-5.468190493477353975e-03
7.023570792691709308e-02
1.839673315409906529e-03
-6.443346035578105535e-03
4.092453860067914173e-02
8.149189500111632400e-02
7.887750490632268463e-02
7.619716514989370582e-02
7.117014946199196057e-02
6.718119317965486059e-02
6.996542645640613234e-02
3.714366276717258331e-02
4.370724365199563088e-02
1.707573933238595507e-02
9.515812904384356175e-02
4.087457758703186284e-02
7.792340820168733306e-02
8.342438178607251842e-02
4.793261870920702272e-02
5.584795539898726457e-03
5.681817751169185304e-02
4.533518480842052556e-02
1.657857467298389301e-02
8.024782435177660322e-02
7.265111755664664661e-02
8.827176034220042544e-02
8.020974784549433911e-02
4.055265034533959978e-02
2.818968994310576057e-02
3.837590585791572639e-02
9.876784963935039685e-02
3.313571829006173308e-02
6.996997859138370801e-02
-8.862171744032053267e-04
9.581881997657963612e-03
2.128698591362540235e-02
9.741356864430845974e-02
4.093527126507379155e-02
1.984569452226783368e-02
3.101050198286720364e-02
-1.196297674246877760e-02
7.313070517352873723e-03
7.674347019207841680e-02
1.827858677055931372e-02
3.242946847867735072e-02
9.531173252279247221e-02
3.403348765150673860e-02
-4.783701008699930979e-03
9.816885168963920827e-02
5.380207904496644988e-02
2.203698849251041481e-03
-1.481183544352240866e-02
9.000852291034507069e-02
4.116242087635318958e-02
9.828691334593780277e-03
5.051522949564672682e-02
-1.515840775542662278e-02
-1.725825441320289963e-02
5.143986847875217649e-02
7.930766038959290165e-02
6.268889970418252411e-03
4.223634476040576125e-02
6.339973639377026460e-02
9.909345838028528475e-02
-8.015129864328684323e-03
4.795484604700055165e-02
-1.053366712527136796e-02
5.638901044158906029e-02
6.772545954545489133e-03
2.444640395263031687e-02
2.466143150887559546e-02
8.551974361140338154e-02
-1.807202121820178017e-02
7.486565097594376217e-02
7.987055666470259385e-02
2.809271933648650396e-02
3.580532862318648590e-02
5.575786931631949994e-02
6.726022163202610704e-02
8.735767441184622006e-02
1.296572210872283179e-02
7.686452769428979426e-02
6.629615897872676022e-02
5.482258593785736822e-02
3.604942323919219094e-02
7.023203207494073397e-02
3.122253769432818335e-02
-3.066161293870522941e-04
-1.526980399926964813e-02
5.634946242888738688e-03
4.976450460147786858e-02
2.289378451738113829e-03
5.379528421313070630e-02
8.461909254280212955e-02
8.104791428431411260e-02
3.419337235014967280e-03
1.633976056722534834e-02
1.597890107245046251e-02
4.643768866041012022e-02
6.872309174850112223e-02
3.989123778484586491e-02
2.663877814027418647e-02
1.330021887375238895e-02
3.517025015156542700e-02
9.008393901486548561e-02
5.887006603152339368e-02
7.766203235935360827e-04
4.414665279065796422e-02
9.875739522729085063e-02
8.569517878361940233e-02
9.912357837596273702e-02
-1.208033228319496492e-02
9.819045581134457079e-02
6.939986858961794125e-02
-1.487585747402055993e-02
-3.080199769259633902e-04
8.889854832897911563e-02
-1.907305906045249008e-02
-1.262149207825746799e-04
7.884004853969871218e-02
2.028185968762828695e-03
2.320818629435799155e-02
-4.011091288900592300e-03
7.187248393747044939e-02
2.445007120415089094e-02
9.845229962054348472e-02
7.279524982874764627e-02
4.374877881922799305e-02
2.975434432317972458e-02
-7.051613879114121755e-03
3.421430402900429990e-02
-6.304228654669707596e-03
9.868706123686568632e-02
8.549669445205342055e-02
9.320787754815169912e-02
9.261207542758669031e-02
6.619687815920703711e-02
5.172161972790430273e-02
5.111983762380202523e-02
9.379172625521267626e-02
8.419754436375870288e-02
1.728739895177352701e-02
8.139613497137092313e-02
3.133815190192551503e-02
1.862656460004428680e-02
4.855382586600735101e-03
6.519984049385314784e-03
5.248029716836088987e-02
7.379462945428245935e-02
3.827878814469724833e-02
9.982455362514025543e-02
8.293909140802238622e-02
2.247002078396811292e-03
4.886052139712943054e-02
7.772233434310264755e-02
1.884182192742675163e-02
1.867968245002441310e-02
-1.461848241780392375e-02
7.569425792657862029e-02
3.821540008948612344e-02
-1.713853239357447655e-02
2.720802574671267113e-02
4.048557711783055957e-02
-3.591924425924847286e-04
7.476268591682987130e-02
6.411242746770533241e-02
3.528810761583656141e-02
-1.353768407772539678e-03
