1.087372287051098674e+00
1.005244603298781181e+00
1.022267667247892309e+00
1.038770832987801374e+00
1.024187871229408797e+00
1.065820093249873812e+00
1.064579420562430601e+00
1.072682217215201295e+00
1.059435692088815051e+00
1.004540150228547368e+00
1.083644839553502326e+00
1.000690961806327772e+00
1.049413549867823203e+00
1.028212916514894548e+00
1.099982517214093791e+00
1.031287833938097087e+00
1.082638939634917197e+00
1.036565978144847966e+00
1.032543240940726470e+00
1.016331921114997705e+00
1.052431944220111770e+00
1.040315663553525782e+00
1.079529317499823948e+00
1.072332354731464710e+00
1.037050833132836747e+00
1.001075022277470916e+00
1.055484738229342190e+00
1.056955484731227912e+00
1.058276104766475267e+00
1.089009047546396047e+00
1.037975575964123376e+00
1.008655836622469382e+00
1.092734200842851111e+00
1.036032909543875835e+00
1.079085420974215559e+00
1.039977323776198670e+00
1.005102779611688923e+00
1.055907566792031016e+00
1.087638432432983082e+00
1.044683303389764228e+00
1.078821006034389018e+00
1.048259140826024893e+00
1.041186236128630815e+00
1.013390747869060693e+00
1.095348444362839180e+00
1.093256716689133157e+00
1.026597084226969603e+00
1.080070713603518584e+00
1.044420707277101235e+00
1.053839877626150612e+00
1.021554826635675983e+00
1.090940749090822504e+00
1.072870031199110619e+00
1.052544807271222016e+00
1.048424822529881562e+00
1.059250278194378225e+00
1.053379688588969243e+00
1.052697717235627994e+00
1.028165542569705160e+00
1.069173626761090068e+00
1.066940153949937242e+00
1.073938417741930662e+00
1.050794035247920144e+00
1.086149300482928792e+00
1.054945996616436510e+00
1.057715967372142574e+00
1.063332062734419825e+00
1.022649202671324531e+00
1.037405666093685230e+00
1.015482045733949512e+00
1.094936564092921616e+00
1.079749615904570970e+00
1.038937605837451761e+00
1.053812550632258871e+00
1.028799165890351253e+00
1.026007880154943930e+00
1.072162373522861367e+00
1.002079232377739437e+00
1.080117181141791116e+00
1.014253733537352264e+00
1.095602212501412431e+00
1.065089639943190836e+00
1.002521243251808247e+00
1.024168796898015987e+00
1.043363862174162549e+00
1.016740875918537457e+00
1.083493218998830221e+00
1.084050888784234168e+00
1.088973799335963166e+00
1.068724514926632896e+00
1.083491673787726706e+00
1.087112434051887844e+00
1.065857461371790826e+00
1.017866261998306099e+00
1.071797353863628066e+00
1.075761691993901037e+00
1.062808385480144002e+00
1.014978869332586076e+00
1.083215580385239019e+00
1.083186755344110352e+00
1.038381358125096687e+00
1.033157899711045768e+00
1.047791128862144650e+00
1.046775844673818234e+00
1.047125361130423871e+00
1.075068038099896039e+00
1.034131198055942669e+00
1.032867319192603661e+00
1.067355553866227824e+00
1.033267751307270110e+00
1.031507684331088415e+00
1.033965720999068916e+00
1.039820278167955081e+00
1.002898090191804981e+00
1.054115315821610999e+00
1.080652824403338874e+00
1.034751631926339677e+00
1.070176975053799051e+00
1.089990585987037575e+00
1.034346803284469152e+00
1.001917883423961264e+00
1.000499252781557269e+00
1.009339809856659054e+00
1.003938890801282513e+00
1.031705530552105010e+00
1.035577778117389602e+00
1.035521603300792348e+00
1.012810103844608678e+00
1.068361350643545649e+00
1.023846949312523291e+00
1.004207082400577766e+00
1.065521301831363843e+00
1.067660296224598904e+00
1.054227672436772512e+00
1.065322647087522112e+00
1.031517974439553509e+00
1.033227427238294860e+00
1.017793834004612430e+00
1.004664751432065684e+00
1.078995239043332166e+00
1.074044863335774425e+00
1.026886775428167198e+00
1.012147902627960727e+00
1.013030420413566279e+00
1.073742526600392821e+00
1.013889192468082623e+00
1.074413919004458373e+00
1.047413870115525558e+00
1.046106057931489142e+00
1.086671660581038923e+00
1.003916532438026810e+00
1.009938818826574769e+00
1.084301044627251631e+00
1.075524418448199127e+00
1.023566159238960660e+00
1.091380717782989285e+00
1.080777917852303593e+00
1.092857065767686819e+00
1.064391269583002453e+00
1.085762264480648387e+00
1.094230295443825884e+00
1.079189167344993816e+00
1.083308284655175591e+00
1.020668041374088286e+00
1.074642938567091699e+00
1.001437037016463361e+00
1.051309434775355767e+00
1.000666010232945879e+00
1.040759122919703517e+00
1.097095115629538986e+00
1.006749330032549405e+00
1.062806720746733991e+00
1.038057051265139252e+00
1.056487567705666653e+00
1.052231219293962239e+00
1.016403721593132525e+00
1.097615033367666193e+00
1.076772003797213495e+00
1.063022858526619263e+00
1.031795594583082565e+00
1.078095235270154939e+00
1.036659089031133574e+00
1.058744439302871099e+00
1.060810251115159364e+00
1.054811195895422271e+00
1.040610278456306936e+00
1.032514838997521389e+00
1.036400156411671825e+00
1.030469283160768912e+00
1.065978620353402295e+00
1.091679336812438006e+00
1.040316256582719756e+00
1.041308645084223716e+00
1.063711726295646809e+00
1.020117011937358820e+00
1.096615657922085596e+00
1.060653351508949349e+00
1.084019902518650547e+00
1.063620571391541425e+00
1.020411301648751934e+00
1.037969116858446395e+00
1.009422895279345811e+00
1.003839626098232962e+00
1.072063079665366736e+00
1.087976331654608275e+00
1.048568570383121568e+00
1.012319445777813076e+00
1.018717452630809817e+00
1.021389141147905466e+00
1.096031563148959220e+00
1.056730902160817775e+00
1.035811364076662855e+00
1.088806819641371604e+00
1.077489447367047992e+00
1.007004974878828119e+00
1.069560702963888721e+00
1.084151938102706048e+00
1.052535647537688579e+00
1.069470366692074625e+00
1.075798141643656169e+00
1.067790280184018670e+00
1.000990568456930685e+00
1.015633274135061548e+00
1.029669279127875647e+00
1.060201062648660209e+00
1.056132540903154782e+00
1.071956776794788402e+00
1.059380427382449419e+00
1.061007087269965954e+00
1.066429439754985387e+00
1.034319792449896136e+00
1.055660805335616237e+00
1.095986483008372980e+00
1.069991833282415206e+00
1.034406569274868293e+00
1.036640603287849904e+00
1.061163122303852013e+00
1.032674699320001777e+00
1.038337019307850273e+00
1.002350513525130937e+00
1.072922945595941702e+00
1.065072254173375699e+00
1.068951301499464268e+00
1.079600270011980001e+00
1.028914078893069073e+00
1.010948939335792662e+00
1.060188221414964493e+00
1.092186017069166626e+00
1.012978295366061765e+00
1.012185979721880846e+00
1.010715364457701826e+00
1.046624347175675540e+00
1.098194127924204899e+00
1.028924751301787399e+00
1.047153707171166959e+00
1.033310048906084244e+00
1.006755401958075558e+00
1.022592068103742147e+00
1.034258169076717859e+00
1.000672848732805820e+00
1.029522366172722636e+00
1.044116767662523815e+00
1.050865735933212530e+00
1.020163741440549998e+00
1.027755820916123497e+00
1.072724507385966142e+00
1.041294291360745694e+00
1.040672309741605073e+00
1.022381196706396489e+00
1.081292705561037293e+00
1.088038993414151223e+00
1.002634472376647601e+00
1.086266173815823244e+00
1.095658935218792429e+00
1.085568709533704768e+00
1.057030799371063701e+00
1.079875682995888431e+00
1.097747788725968121e+00
1.005466578036203096e+00
1.091026426489127621e+00
1.036781385475078032e+00
1.063836552722711826e+00
1.069886361918227280e+00
1.086645506380769399e+00
1.023659826332987022e+00
1.043483524119684480e+00
1.073607596145076837e+00
1.023684061968112680e+00
1.075051670324852715e+00
1.005347946340141796e+00
1.040086732201670028e+00
1.083903314230681092e+00
1.000959890235100458e+00
1.025345697929012312e+00
1.089961290711641384e+00
1.059357632663232573e+00
1.074767081953289516e+00
1.030951021018319924e+00
1.034624113465849371e+00
1.075281363383416178e+00
1.005221871835331848e+00
1.016136570315699039e+00
1.041494032371812040e+00
1.070272801210183644e+00
1.048313813541778439e+00
1.088084875207738556e+00
1.030108058230777335e+00
1.084673543976489629e+00
1.091834125590149362e+00
1.070274225178361238e+00
1.086185887291654550e+00
1.030739978871595630e+00
1.015792343590069757e+00
1.057566078536465559e+00
1.033397024298644107e+00
1.066508126138325130e+00
1.036152016941716880e+00
1.010750495228521117e+00
1.070873099687767782e+00
1.079107688932509523e+00
1.075797281940812145e+00
1.097419722627808847e+00
1.046721869136869376e+00
1.060690713839686383e+00
1.090508886042927061e+00
1.089520367903950460e+00
1.033384881307479519e+00
1.017706817082553172e+00
1.073133548491449263e+00
1.039212848662751654e+00
1.017108476030147646e+00
1.058750074771916516e+00
1.060267941736223296e+00
1.034433166040962027e+00
1.026994021416483438e+00
1.066796866890799667e+00
1.015245453690082122e+00
1.033145682106205498e+00
1.093681279807459550e+00
1.073971686529531899e+00
1.006039862121961281e+00
1.026387867601051163e+00
1.029587031205643433e+00
1.071905945877074773e+00
1.072147264798736899e+00
1.020636003287185734e+00
1.010465138892969295e+00
1.058927545102220424e+00
1.083005086478225465e+00
1.003351138437027723e+00
1.072488852154066086e+00
1.001613944630998398e+00
1.066347221786836386e+00
1.015990371235481415e+00
1.067778438558205867e+00
1.062643997245862781e+00
1.003842328727397648e+00
1.043712171196069738e+00
1.048543016717307985e+00
1.058791838649289829e+00
1.066868259619599968e+00
1.098310771985197221e+00
1.095284110989074300e+00
1.029759515038855655e+00
1.038408230547547051e+00
1.024455871529258211e+00
1.093306429690370285e+00
1.041796260220639425e+00
1.019291869072275203e+00
1.007622060967095612e+00
1.066475696148005969e+00
1.036504436752242686e+00
1.008321658313395819e+00
1.018583762515225644e+00
1.016494243878222070e+00
1.086977665942802984e+00
1.017379041858132993e+00
1.070379050075297434e+00
1.013326742922473933e+00
1.065163060879337653e+00
1.048198469841448155e+00
1.018463944577827185e+00
1.081103329938564173e+00
1.001951407823921780e+00
1.027558303003203832e+00
1.094591849357497093e+00
1.050902488644047672e+00
1.056319743174595649e+00
1.098373097779800078e+00
1.063698708710375085e+00
1.050501283834383237e+00
1.063972000790665451e+00
1.048593053116012142e+00
1.085914737653314033e+00
1.077409894560904080e+00
1.085720701899951068e+00
1.092058595825455170e+00
1.017688516354845474e+00
1.030599352598821294e+00
1.022840350243523933e+00
1.074596146631549010e+00
1.022184207474900575e+00
1.039719445962213440e+00
1.030317896794917587e+00
1.074218196372354939e+00
1.068898272600594446e+00
1.025964174369258242e+00
1.027350755109988745e+00
1.077641039564490200e+00
1.064705563107038566e+00
1.004706754180020978e+00
1.034108193596555036e+00
1.080149730498887850e+00
1.048910371372507200e+00
1.050157180522804268e+00
1.086585704868403335e+00
1.022787512077688143e+00
1.070967122978826014e+00
1.033542745322659773e+00
1.010108582326347815e+00
1.071155176878129778e+00
1.075748672777093295e+00
1.022439295910116286e+00
1.093249399283090284e+00
1.097375632023829928e+00
1.039319845190781688e+00
1.060612014885084609e+00
1.077776459941165665e+00
1.066857637286326765e+00
1.038828968746817516e+00
1.066083554135953460e+00
1.015715068796884335e+00
1.080501912207895598e+00
1.059983278081122915e+00
1.057414148716932845e+00
1.088042348260924941e+00
1.083275909287536809e+00
1.082711585856035663e+00
1.091423032955761485e+00
1.040130822210807215e+00
1.079319572414121575e+00
1.037079713973444228e+00
1.093980231669662517e+00
1.059808936011342961e+00
1.017535105983423671e+00
1.046368068385097549e+00
1.048886535420421096e+00
1.021855228225352352e+00
1.052719062382797777e+00
1.070092175536530243e+00
1.019912422621858550e+00
1.023899289948795532e+00
1.087062511865393821e+00
1.006520480691346586e+00
1.067467381471850274e+00
1.076068143801972354e+00
1.037631506531148329e+00
1.004274816762239508e+00
1.028457405948346892e+00
1.076071253756788249e+00
1.098220564284856815e+00
1.079192849115281350e+00
1.027825991261072547e+00
1.000847941805022678e+00
1.003379449915670074e+00
1.065889606078868290e+00
1.091455247129533124e+00
1.033525268273056241e+00
1.029408203942105970e+00
1.016072758128986564e+00
1.015968838455790335e+00
1.055826631691759721e+00
1.083736775609769332e+00
1.040092217508513883e+00
1.063181503424837970e+00
1.005940423260468286e+00
1.062287510486375597e+00
1.018185605107080116e+00
1.035551607472393831e+00
1.030921297458579300e+00
1.041777446606169333e+00
1.095659890300700878e+00
1.089168702799098165e+00
1.004365636635914161e+00
1.021618214646488942e+00
1.000738370727137339e+00
1.033117886675909203e+00
1.048883283135366939e+00
1.064523406233691016e+00
1.033361176209068422e+00
1.055047146446586481e+00
1.066126126095596760e+00
1.055978552794809566e+00
1.056366883148009528e+00
1.022230451298031362e+00
1.090694435573253740e+00
1.070617051396928643e+00
1.049003541071508616e+00
1.022519815638513574e+00
1.028711341264357371e+00
1.087640679138824673e+00
1.067713734700664663e+00
1.076578745965669492e+00
1.022335231102223796e+00
1.073269733118806801e+00
1.082845953762219038e+00
1.061330913152119360e+00
1.011416659428286513e+00
1.068109679976442683e+00
1.022670473144747127e+00
1.026599484800152950e+00
1.098388302517354420e+00
1.063928174589565012e+00
1.011928826200467979e+00
1.093082629350192292e+00
1.010421212039911865e+00
1.073826822367538902e+00
1.029907514912032918e+00
1.039059029644721521e+00
1.091266891131286609e+00
1.060288493790213726e+00
1.080848195602936102e+00
1.035775082920550094e+00
1.034453860970486527e+00
1.057089367315775741e+00
1.067643979983030622e+00
1.087048357002778021e+00
1.065099553635281637e+00
1.080668490919537872e+00
1.027894077708781273e+00
1.038914139408486204e+00
1.098234344222030368e+00
1.028203746497387439e+00
1.043826641867734883e+00
1.096698093816563802e+00
1.098680136513762173e+00
1.006805327034506758e+00
1.052024626294762566e+00
1.001976877307487968e+00
1.008564301316517531e+00
1.015260089056553738e+00
1.003941818482926740e+00
1.024989700200760856e+00
1.000423933590881775e+00
1.070033368413606079e+00
1.015294866549764752e+00
1.068913617724635667e+00
1.033020324458232331e+00
1.080089310927342394e+00
1.097039239388878151e+00
1.014729574447809979e+00
1.003017588891218059e+00
1.083657938471443760e+00
1.012130571631414400e+00
1.088270999719845200e+00
1.053322411591068430e+00
1.071561617742773143e+00
1.048458856262939776e+00
1.070001200129343744e+00
1.009810558100728395e+00
1.016502701719654400e+00
1.087606887433840042e+00
1.038297159618735144e+00
1.009159973887047146e+00
1.022101888795469593e+00
1.084818077660809621e+00
1.013341387100467506e+00
1.061979677518922083e+00
1.074908711106818737e+00
1.083850892036290592e+00
1.072776558763480326e+00
1.051703874936396943e+00
1.042455432065020116e+00
1.078510229649787711e+00
1.086776191924951673e+00
1.086904792203282399e+00
1.004190388885290997e+00
1.020631983158094558e+00
1.079911737112542180e+00
1.046801417927380351e+00
1.097068011348412364e+00
1.050972731493489576e+00
1.004897683687761001e+00
1.045008299448121791e+00
1.002222442840300820e+00
1.083991736448545629e+00
1.031607210999666790e+00
1.006695188259279394e+00
1.091675112596893094e+00
1.020798785658812324e+00
1.078098401530056538e+00
1.018152736911463130e+00
1.023772115671060856e+00
1.033946652375678399e+00
1.048929218342715464e+00
1.019303823327869729e+00
1.040051446559766113e+00
1.045978603069309010e+00
1.037474578795823499e+00
1.043093028445069459e+00
1.079990657479095839e+00
1.099810567390210769e+00
1.065927960712728773e+00
1.013059642959128315e+00
1.007013441195487635e+00
1.059667022837199823e+00
1.056339319040734637e+00
1.055367310565250127e+00
1.015686799571804855e+00
1.022441544954270087e+00
1.092348250492387374e+00
1.019842659390870265e+00
1.036795067985739394e+00
1.074153153835838648e+00
1.007842436339096093e+00
1.070322315500286114e+00
1.079823932639391693e+00
1.065720803882982182e+00
1.092543635518955281e+00
1.077040905181236852e+00
1.060997690298658869e+00
1.026394660168107764e+00
1.054736931877892747e+00
1.025179534800432668e+00
1.046804496009033469e+00
1.046269005781912398e+00
1.028280446239962398e+00
1.000856970701862858e+00
1.075882648995267532e+00
1.005813130230994501e+00
1.062062133132205766e+00
1.045333470166470047e+00
1.087292836079558178e+00
1.060265774876927747e+00
1.016988725282119255e+00
1.011382460093656510e+00
1.077636746610319385e+00
1.055013376887478316e+00
1.097776737397197611e+00
1.057904657666508763e+00
1.057133754577447959e+00
1.038528115398861917e+00
1.003311382154286280e+00
1.073575401281906982e+00
1.093020413060276086e+00
1.030378795064815334e+00
1.092951671318280304e+00
1.021556594138465002e+00
1.084203857649213898e+00
1.089965352567233481e+00
1.077066705284690062e+00
1.087729234311474391e+00
1.087739009513677191e+00
1.092163163482405386e+00
1.031812352724887250e+00
1.063687914965534276e+00
1.051127139453020609e+00
1.025327225783825291e+00
1.091573390257465359e+00
1.012293654692377309e+00
1.038018300076256173e+00
1.050118317521604672e+00
1.019751184392098775e+00
1.025217468402655818e+00
1.006595887238840303e+00
1.083416784608296934e+00
1.034045455534956526e+00
1.006143263535977050e+00
1.046639853928698072e+00
1.048694192372139788e+00
1.040947742109540997e+00
1.067911945409124375e+00
1.017538770122870639e+00
1.091642989896217220e+00
1.088965652747289514e+00
1.040502245077149723e+00
1.092468074097551645e+00
1.025112420960329729e+00
1.051882294418276409e+00
1.064548722992728624e+00
1.015422705401228809e+00
1.056102860412029276e+00
1.055934489157493772e+00
1.078030742945377485e+00
1.072270197846457274e+00
1.081759199683055117e+00
1.087985951241184246e+00
1.054186380785401056e+00
1.035009424734822714e+00
1.006413322434539515e+00
1.008038319118351955e+00
1.045442238255200662e+00
1.021487936905108418e+00
1.008464116480208173e+00
1.017824069669054587e+00
1.005602179747296487e+00
1.077243342084289734e+00
1.026103887060809683e+00
1.006158590865571911e+00
1.010496278943225690e+00
1.039898179225887898e+00
1.047028713534030153e+00
1.087966033783490882e+00
1.044673830087794464e+00
1.075448486096078460e+00
1.032300729615760693e+00
1.060832893141264277e+00
1.091949578419849853e+00
1.022758900821321593e+00
1.029478789282348039e+00
1.072579206172441291e+00
1.018153499000749251e+00
1.094032378048941601e+00
1.048485828717695467e+00
1.085016006863694926e+00
1.006726309236755545e+00
1.088475819733873973e+00
1.046061717462408280e+00
1.066995508703089790e+00
1.085193780503988625e+00
1.020360605491106298e+00
1.000319482025504136e+00
1.056591115967273620e+00
1.090746503973333503e+00
1.086806650027125620e+00
1.041382011822732157e+00
1.035630056230082863e+00
1.003687314281983767e+00
1.075635087312925675e+00
1.083706884659958014e+00
1.077426252142474672e+00
1.001887471474590674e+00
1.004350071552446710e+00
1.096470471528062651e+00
1.010376647518150595e+00
1.058640894570618496e+00
1.009690654314365332e+00
1.058094151164212571e+00
1.097653494551416253e+00
1.048074248359577965e+00
1.002608410904094471e+00
1.067127475689698901e+00
1.041962987368997062e+00
1.004096984850377794e+00
1.021250866012634706e+00
1.070239511094349227e+00
1.022855099459768935e+00
1.055516919282737387e+00
1.073034894391432292e+00
1.077454987159522259e+00
1.089138490658229097e+00
1.081976882109791038e+00
1.054978145340690565e+00
1.084513973844519974e+00
1.037422744351294446e+00
1.073972052583227255e+00
1.023365489408503359e+00
1.024055793607330678e+00
1.001528176736326436e+00
1.003784453705638402e+00
1.001177470832418148e+00
1.067479448862853397e+00
1.022584062659418480e+00
1.067307829596175095e+00
1.041439226375542759e+00
1.010244443232223288e+00
1.085162348144990796e+00
1.013684694935366393e+00
1.076120600269392158e+00
1.093985244501467946e+00
1.088500034181542508e+00
1.085255912688541935e+00
1.037520467751727127e+00
1.074599170433338191e+00
1.022544207244572512e+00
1.044810869301930678e+00
1.012315367003290500e+00
1.087134999808317515e+00
1.039619238998569228e+00
1.019884181876602236e+00
1.003456555404077966e+00
1.052493850170511225e+00
1.047218078561101828e+00
1.063489788716294626e+00
1.041330663321897054e+00
1.061639927215709989e+00
1.075630216201004963e+00
1.012227330375625067e+00
1.025648966443280630e+00
1.096114139887913286e+00
1.061677416205184077e+00
1.098927528528634179e+00
1.002212583194330486e+00
1.080254426912227173e+00
1.098193078773054276e+00
1.030447572758493635e+00
1.047734115655838405e+00
1.073833477131118652e+00
1.003852950928975751e+00
1.065912793060609376e+00
1.055942468373041621e+00
1.061214143785736752e+00
1.056368377497034716e+00
1.072975275006186724e+00
1.055878684989135063e+00
1.088791765075212359e+00
1.028510263566654981e+00
1.046589465567853372e+00
1.027740195261762857e+00
1.006479755740482762e+00
1.023802147770457083e+00
1.077342164078800346e+00
1.046317008809868776e+00
1.048361152459790446e+00
1.057496764634479947e+00
1.074903417002132322e+00
1.068197778056071634e+00
1.005782789381146403e+00
1.040025112427403586e+00
1.034292474972468900e+00
1.056047787554432071e+00
1.031494233515191317e+00
1.056519268725255367e+00
1.091720062566948091e+00
1.024335936635910382e+00
1.011088731024783138e+00
1.023634632291291702e+00
1.050789849908558171e+00
1.091000303191623777e+00
1.042241298357023727e+00
1.070741837938433472e+00
1.078851747328151145e+00
1.022088813353700054e+00
1.031967477033850278e+00
1.037050833332918032e+00
1.016594777042819864e+00
1.077462995984369121e+00
1.048948419820306288e+00
1.074231308029455434e+00
1.093552113341168974e+00
1.079150006165389142e+00
1.007436089860541228e+00
1.031402250215541994e+00
1.099373950468188310e+00
1.007584965437253288e+00
1.048476107975345961e+00
1.019134135295618471e+00
1.004594610898513096e+00
1.028389018694046531e+00
1.057541295643857904e+00
1.063180471221707890e+00
1.064872009676410824e+00
1.002364852595154066e+00
1.090732623636165632e+00
1.037083701586826390e+00
1.080667902415497705e+00
1.045610989117479628e+00
1.052341766066220652e+00
1.045770059284720999e+00
1.035816426017746927e+00
1.032017250905213013e+00
1.052431431125477213e+00
1.008720156991365746e+00
1.088120545398159722e+00
1.044809102275123802e+00
1.073418502738890945e+00
1.007418043208036851e+00
1.097456942435607985e+00
1.026921494604923657e+00
1.096340005488251723e+00
1.049470068732403671e+00
1.033613198281495560e+00
1.058392268258931734e+00
1.019729049242414698e+00
1.053063628357147508e+00
1.029500644016700939e+00
1.047257252872882516e+00
1.065937957276680725e+00
1.010645345891101776e+00
1.020201961046651284e+00
1.068422142901169547e+00
1.089397748888540907e+00
1.079625613342555468e+00
1.095561282712271822e+00
1.055107541084915779e+00
1.075042899627777437e+00
1.015226216951849114e+00
1.084165295812696161e+00
1.054123236461744773e+00
1.058312481732944565e+00
1.017193376474509137e+00
1.060401727355140267e+00
1.048338506032935324e+00
1.025871039563994724e+00
1.050751616525718246e+00
1.018772822189410343e+00
1.079713982858359511e+00
1.023909178063243886e+00
1.050788742713139934e+00
1.036621386982352178e+00
1.028818375610534241e+00
1.097342219230276417e+00
1.063355597278441866e+00
1.050949476842091723e+00
1.022024936612055068e+00
1.031857727262088797e+00
1.091025973792273840e+00
1.060778321656335121e+00
1.095926727305418513e+00
1.054992189042688544e+00
1.061281269396856297e+00
1.068410240333772299e+00
1.007534638626916168e+00
1.033455726100223959e+00
1.031177203668857789e+00
1.021165249250741924e+00
1.092764734811011884e+00
1.051042325841675673e+00
1.074129191721946208e+00
1.062411049483010572e+00
1.098171568152607636e+00
1.094314729385797103e+00
1.085493263206306791e+00
1.081778297091948060e+00
1.044395761337933326e+00
1.000265802307442220e+00
1.028976384953361300e+00
1.076021846679015237e+00
1.069533985599633752e+00
1.083624370983508056e+00
1.088565671309285943e+00
1.080287912554163565e+00
1.066354769803437019e+00
1.036424998448540968e+00
1.030529154695603911e+00
1.095577280970831291e+00
1.007778995853575887e+00
1.087778234793739696e+00
1.071326229379456763e+00
1.056685844095529569e+00
1.049795068618190941e+00
1.002982313157256389e+00
1.001350299846831327e+00
1.080176089137701245e+00
1.059738194366842468e+00
1.024293818838900805e+00
1.051675814045494040e+00
1.034944765097008945e+00
1.064850741587501037e+00
1.060955824977833695e+00
1.042016767033806302e+00
1.014490952984533623e+00
1.013949804770393204e+00
1.097131576286804133e+00
1.095325369285278683e+00
1.081748012475882481e+00
1.067376910046170968e+00
1.050723550156872133e+00
1.085295390881029443e+00
1.004723759443475917e+00
1.060809324615592075e+00
1.023395272011089041e+00
1.075755992358700563e+00
1.035863593451427977e+00
1.041768272555371189e+00
1.068309387808663358e+00
1.081288620060096850e+00
1.039294329244770942e+00
1.038209312078479662e+00
1.031434363417477407e+00
1.064316121798903891e+00
1.031313258687375445e+00
1.000470388652225706e+00
1.069873737580575579e+00
1.073808280358486966e+00
1.023878180050879827e+00
1.013160722393127600e+00
1.024999819946776913e+00
1.050747458395915546e+00
1.095037347809076023e+00
1.090971540605899071e+00
1.016547923519580010e+00
1.015531724682183778e+00
1.017202674217306813e+00
1.064873852581341929e+00
1.098258833704928161e+00
1.041440424976062262e+00
1.011935711905362467e+00
1.033919377880398338e+00
1.093377010274809491e+00
1.040102794026609434e+00
1.022235261511327042e+00
1.089418716174851642e+00
1.052448410853061622e+00
1.085692191416658847e+00
1.014002556286542456e+00
1.009095045153909798e+00
1.048402289688524336e+00
1.011542694351464267e+00
1.041820559676629010e+00
