7.715379738718809721e-03
5.306097492099044743e-02
1.114921169220330077e-02
5.073272683799881499e-02
2.869720101807381532e-02
4.633678994875592427e-02
1.860212097779066417e-02
9.371603044527906934e-02
5.309214715287635666e-02
2.154825290843421712e-02
1.841792047728308887e-02
1.461309448607786207e-02
6.239722454158357079e-02
6.828373382704938654e-02
6.210321756515048419e-02
7.851929940555447962e-02
5.718535107847952381e-02
4.569618652377525903e-02
6.975943869571997469e-02
-1.807916158586112682e-03
4.692672229958885777e-02
2.814478765695720489e-02
2.000605422349142556e-02
-1.916777947599078435e-02
2.504783343836006551e-02
6.474695298047952741e-02
1.263050811416946764e-02
8.962845680602635201e-02
4.389996539277830900e-03
1.808200287774070283e-02
9.492483045666497837e-03
9.330820304509220009e-03
-1.061241082453471922e-02
5.055582102396144473e-02
7.112473203107923247e-02
9.967633121453529921e-02
9.888808637540520696e-02
8.102601027959091540e-02
2.130614339912627678e-02
4.741950821345125577e-03
4.831117568745230129e-02
4.560968463257239480e-02
4.025225914508462344e-02
9.401351707477141606e-02
5.431323654661129874e-02
4.146305812121402201e-02
2.603574701577167014e-02
1.858045055564714124e-02
9.256048566838534497e-02
4.673083778458327064e-03
9.086522745661367029e-02
6.855872752026255512e-02
8.614606017296377871e-02
5.836353336334962338e-02
-1.282081847749880731e-02
6.030507859536393678e-02
8.333530672817650309e-02
4.173011968822069873e-02
2.792517442112375445e-02
5.884728188390288273e-02
6.301080337704102752e-02
3.981558555819743328e-02
8.739271481349535076e-02
-6.395409737926106841e-03
-8.223436094258807991e-03
2.799795191349409643e-02
9.530504129099015564e-02
7.278808382699197832e-02
5.552452950859382286e-02
3.927108407510265797e-02
-3.992414226074856437e-03
3.267190309896531031e-02
8.956669901285298219e-02
5.110003537625812386e-02
4.700263886047599537e-02
1.920781055104369209e-02
-7.918568662173552930e-04
8.115463744188596007e-02
9.724040020161306419e-02
5.046548206329687369e-02
7.833717514375578006e-02
3.262930094922396329e-02
6.835463687830957424e-02
2.683328380035137142e-02
-1.967079605551702581e-03
1.566252474476768561e-02
5.178248211569723425e-03
-1.793007467573535726e-02
1.760272311874895232e-02
5.442153559261017626e-02
-2.723630501256568692e-03
2.110218503022768047e-02
1.607116572551741188e-02
8.212672630456969991e-02
5.086846991945857821e-02
-1.488929449888819201e-02
3.943541675781422895e-02
1.897898951362069278e-02
9.360991174062231746e-02
9.902960017744373566e-02
1.876363846755203443e-02
1.724506791382112228e-02
5.806965034890135269e-02
3.333041854903154300e-02
3.408172509569819264e-02
6.732357371453280559e-02
5.066356904144932172e-02
-1.807991649357442582e-02
6.833271813312669085e-02
-1.843934690475152946e-02
-9.486143095441547726e-03
-1.509418710490028834e-02
5.897815551129670375e-02
-1.377992004170623327e-02
-1.304183087753208251e-02
3.439965567994829332e-02
6.243488800419561002e-02
6.973256935984425975e-02
5.511025123540801152e-02
8.786114999576219442e-02
6.966651053934809490e-02
9.681806256515537723e-02
-1.270112046454482946e-03
9.583960856518286553e-02
4.167471369268771486e-02
-4.087394862555507324e-03
2.884807789985618584e-02
8.561999083196256133e-02
5.104044652433206708e-02
2.976198875728318718e-02
2.426758767140806475e-02
9.506638361835148543e-02
6.532373313764633371e-03
7.611361792262502646e-02
2.822409995949532943e-02
8.625729240117818719e-02
7.598852750771530051e-02
6.263063249220893192e-04
1.434510694493062663e-02
-2.871552295651651904e-03
8.476203782244408347e-02
7.203461081367690255e-02
8.738343442439580611e-02
3.460188809066749860e-02
8.821470506426581926e-02
-3.557366077361456824e-03
9.912945723102430107e-02
9.568007509045640957e-02
9.772192162181194547e-03
9.210632605247597027e-02
6.022973994630637096e-02
5.566066515008311760e-03
2.957143226702909147e-02
8.947144688660960132e-02
5.544344264492830077e-02
4.658786684649857124e-02
1.902420277970599469e-02
-6.347140965931571954e-03
-3.309530177947269530e-03
8.477998253590804389e-02
3.600891576357306834e-02
-1.160904986574654366e-02
7.390049854245946126e-02
4.784622203150462605e-02
9.172893962217344710e-02
2.797969711703742965e-02
3.557167668008136274e-02
3.123488846286774298e-02
6.462548382790556101e-02
4.991173481271488077e-02
8.132700524589900337e-02
6.011322708400106130e-02
9.179957755479067893e-02
4.417561382331411379e-02
7.491112018594038580e-02
5.800441998259894816e-02
2.895042051991512586e-02
3.353091662049302590e-02
-1.815368937186945253e-02
-1.022329717844513639e-02
7.559912271826545876e-03
8.783633608635989243e-02
9.035515191937962265e-02
8.391312586900989690e-02
-3.785250459494949454e-03
4.688433629776223022e-02
6.853608400373659149e-02
9.875765333352264086e-02
5.284182439277396170e-02
-9.518181341412400645e-03
-2.408333588306676293e-03
8.994684482843612328e-02
-1.004850308877482980e-02
5.690355151713342996e-02
4.191269450990549317e-02
5.265054367629747045e-02
8.913932307290689527e-02
3.927682084482694846e-02
7.370468830926558274e-03
7.844237465153784672e-02
6.919647782222591859e-02
5.046025165272097213e-02
7.754436296632137571e-02
8.628018393629567628e-02
3.905216356841904879e-02
7.658168893408266731e-02
6.629955697066571008e-03
7.402402248230070814e-02
-1.992881617566752417e-02
8.401351555110554703e-02
-1.021438767652264185e-02
8.208300732619329410e-02
2.791910672648972858e-03
9.551352132437146425e-02
4.430768821681398129e-02
7.324849157441848391e-02
6.344908954556328917e-02
2.014417176793834377e-02
-1.947358878855977304e-02
2.395720578898934486e-02
7.264975971978623881e-02
6.313329308507630022e-02
3.330336641009049026e-02
-1.416421909315904865e-03
6.114924035931583457e-02
4.360803053207233659e-02
8.159895206709313897e-02
-3.764295073140962872e-03
7.915907487537404696e-02
8.641412974333892438e-02
1.056725639243576154e-02
6.301577016810629150e-02
-8.662226419242071915e-03
5.644654561090556300e-02
6.672290356379367848e-02
4.166509276677825280e-02
2.716274402624632364e-02
1.574837729556200286e-02
6.534829888400608966e-03
2.610301250607975285e-02
4.183825939606443389e-02
6.276445806158754970e-02
9.709471122358460937e-02
8.697740345584741017e-02
4.187239400140804757e-02
5.218636206125684684e-03
5.215707319958979432e-03
4.163388224937134008e-02
7.222620588755965243e-02
2.880317077009740198e-02
4.476115074536934912e-03
1.372668288142445472e-02
5.975424090830236401e-02
1.511858270432276177e-02
2.123608777444327758e-02
1.798654868232704360e-02
6.678759752558245666e-02
4.751408711915573735e-02
-7.070042388274203060e-04
4.734745018612004919e-02
-1.883342116989185702e-02
7.181291343141918415e-02
-6.560396534300476715e-03
3.223519083661469109e-02
-7.033374092268970465e-03
7.577356216884169327e-02
2.514634569894435082e-02
9.058381301377532724e-02
3.964385741591910928e-02
4.061123811716893517e-02
9.430551656921300208e-02
6.892062062113419457e-03
8.851849206000926562e-02
7.697596111249373207e-02
9.683826128155720303e-02
8.780976970186765707e-02
4.999034059293876175e-02
3.349962343689354138e-02
3.116129456438479148e-02
1.430611394291437730e-02
2.435842122424369469e-02
1.872926924964386439e-02
7.239077413821327911e-02
8.588164802450354296e-02
-1.425096539750102774e-02
-6.437108351247222693e-03
1.410943971385313772e-03
2.560427906516456534e-02
2.446954797469847245e-02
9.863887355605764629e-02
9.630121059503425618e-02
4.269886799999959848e-02
1.182960525830889162e-02
3.071442583500969339e-02
1.623618616102649390e-02
9.668549852534889799e-02
1.951512338443700187e-02
5.797275728803619188e-03
4.536942312056875537e-02
3.037846307911580904e-02
-5.049425007570737187e-03
2.027604322182886484e-02
3.466433723952794949e-03
3.828972973484386089e-02
-1.984559708488450522e-02
2.045029059040283023e-02
6.566122751340158770e-02
3.864946904865328159e-02
7.966066036841430720e-02
7.350634503209924064e-02
4.687047717098376254e-02
-1.949426474697450729e-02
6.823058900622117062e-02
6.813579673983853613e-02
3.391775181600269196e-02
6.744739130250917980e-02
4.847535367970040587e-02
1.713983071996782667e-02
4.172336645295890434e-02
4.764107799321758152e-02
7.156918477276084933e-03
-1.036125543162555972e-02
2.216030763165008008e-02
-7.602037397499610341e-03
5.495579887323311097e-02
2.128003090865977776e-03
4.847223840194797573e-02
2.408596024400535066e-02
4.823913575728398795e-02
8.014819092433807246e-02
9.351991219481213535e-02
-1.508727956175020396e-02
1.746098271184851405e-02
2.406948701315143879e-03
2.160549792276980977e-02
9.954333979203383587e-02
7.339563973524476648e-03
5.822881533370687090e-02
4.401357232997010760e-02
2.553451038730563186e-02
8.168317817014048021e-02
4.944000066741878474e-02
6.277930127682111727e-02
1.016145663612723349e-02
1.816875880282113262e-02
1.631096132480467850e-02
7.149594042710581687e-02
7.593566891958072884e-02
2.107003868596258808e-02
2.156546883446654531e-02
3.580650506701110736e-02
-1.050003668726745727e-02
2.475617777474605971e-02
8.722029067327401186e-02
4.865586980695046915e-02
1.659574745420360278e-02
1.127726591192316011e-02
1.012124493875403430e-02
2.833384106740012912e-02
7.919789591269868478e-02
-8.814681422972188082e-03
5.069552489343710777e-02
9.830184458055081509e-02
4.783246535253798948e-02
5.461761386602870250e-04
4.522674369099112524e-02
2.926335714175732142e-02
2.798167725671410130e-02
1.997234858287949208e-02
3.462622115236818621e-02
8.660859262771872236e-02
6.424446177934109437e-02
7.259686629282885439e-02
3.880955372426259098e-02
7.240383262875570158e-02
2.977334188726768471e-03
7.612085991151909536e-02
5.288864962021616600e-02
8.521854182067541139e-02
1.925104706933531210e-02
7.877077995243050856e-02
4.376449983392354665e-03
7.861490528204351236e-02
-1.305742686504602831e-02
5.918998292754523716e-02
2.934661036176868659e-03
6.119780659732355910e-02
2.363014741112392722e-02
9.888112655099222381e-03
3.235710773862119499e-03
4.365547078124049074e-02
7.418949945329272877e-02
2.795070178545079262e-02
4.197795622970047769e-02
3.705966026278001424e-02
6.236146775781528651e-02
6.271134203010589325e-02
5.558886697508237662e-02
9.823109041452735002e-02
9.591184672129272892e-02
4.703910784716248961e-02
7.807760677399813720e-02
-1.164684139686062575e-02
3.628567053020792521e-02
6.770854775542374526e-02
2.166351993466894901e-02
5.434820338340629053e-02
8.382377630214077335e-02
1.229364070839578452e-02
3.540285897741413113e-02
5.670037743338768310e-02
-1.679843494749630461e-02
3.567636106882930702e-02
9.871554112065608622e-02
6.682558827868578799e-02
5.517907562601039040e-02
9.667268459519921808e-02
1.743519917881332371e-03
1.203769239530319557e-03
3.077977254957180511e-02
5.984142462313821187e-02
2.336518102297996738e-02
8.256067640530365126e-02
4.966526401088583453e-02
8.612454706579356078e-02
-1.863467206559050321e-02
-3.260683698113595042e-03
9.054096410479044177e-02
6.811753659680717943e-02
4.623577184128559170e-02
1.400310685538253344e-02
3.889012086716575611e-02
7.014636701606437319e-02
5.552520783321006348e-02
9.656556172302091512e-02
-1.805967430606621876e-02
2.346923099808384192e-02
7.312235248236033380e-02
9.644632710290867994e-03
7.446327793734286438e-02
6.532839828928532072e-03
2.669940043422762768e-02
2.003963432534162578e-02
5.525725606024420311e-02
6.905430368949880271e-02
9.869622563677268867e-02
4.856291825839241516e-02
4.974807928945029767e-02
6.308402479023196563e-02
4.443972245314686820e-02
-1.575074468043770326e-02
6.100308400314641277e-02
7.764767117927870443e-02
6.767271835477507713e-02
3.839493341505058333e-02
7.458220222397418664e-02
2.335198350211209126e-02
9.865729692369848425e-02
9.265657214439232403e-02
-1.153961619376102192e-02
2.177162326103867715e-02
-1.530963379293559176e-02
8.945011895028077975e-02
7.544107258248927000e-03
2.933563593744834691e-03
1.580249085090667041e-02
1.120298138148418873e-02
8.791969958501984206e-02
8.877985765751947311e-02
7.032849558962013525e-02
-1.602511049568941526e-02
7.934921960570426314e-02
7.413245686864571027e-02
6.109506382378887546e-02
6.691623077507469208e-02
1.075513305025922739e-02
-1.469178154531740159e-02
-8.464563047522544528e-03
4.269977398414825931e-02
-1.497527036703474868e-02
6.583259562386534203e-02
3.094077152118244675e-02
8.179343270337612049e-02
3.099718404397931379e-02
5.977756037674530898e-02
7.246475176288495745e-02
8.032351417896366197e-02
4.350147778600649273e-02
8.471384232786124957e-02
5.490040202403380365e-02
8.356483310576895418e-02
7.889997405483580029e-02
6.515470046131233151e-02
7.492969607504058882e-02
3.621621949131428875e-02
9.574980291393982157e-02
2.325477076455921208e-02
3.238817826976818359e-03
6.202594227480000277e-02
-1.038828382017203782e-02
