1.041281896353819514e+00
1.092730108085554708e+00
1.089235323072403450e+00
1.049066872681479357e+00
1.098079204030873335e+00
1.067144369369412926e+00
1.047254877466964107e+00
1.034427952028317055e+00
1.062038491813866337e+00
1.034055994885925145e+00
1.025854651127798167e+00
1.076128109782195974e+00
1.053587011637112880e+00
1.017160879393012252e+00
1.038951867171873378e+00
1.024243227506830056e+00
1.055699783306239592e+00
1.080958953677905399e+00
1.092328653583589881e+00
1.001147125112621161e+00
1.003170397391692559e+00
1.095321436384941727e+00
1.033762428756109353e+00
1.087772743668641073e+00
1.066490050135475709e+00
1.072629331963923294e+00
1.003307649652105393e+00
1.038922240121864959e+00
1.008741528828245970e+00
1.079398668476664325e+00
1.027974195756446107e+00
1.023225781682359559e+00
1.031917944976062040e+00
1.025805497761147489e+00
1.079020855130806700e+00
1.019097275308279427e+00
1.059807034874364229e+00
1.060415699424117397e+00
1.083247575231982340e+00
1.010044222298398742e+00
1.012609423951694732e+00
1.084699893940785476e+00
1.098420745769726370e+00
1.041474190485663920e+00
1.048239326067349264e+00
1.094728246629963930e+00
1.070747354076792668e+00
1.042548410543066240e+00
1.083378586661388310e+00
1.015248490670830783e+00
1.018216173237236566e+00
1.057320954047710426e+00
1.060767629358370323e+00
1.083297592487831862e+00
1.007502636886862035e+00
1.014065410677505108e+00
1.020036691173262344e+00
1.026276217396844270e+00
1.006446459887756051e+00
1.007437522376789074e+00
1.082303863301590674e+00
1.056749533219577764e+00
1.010080572153385203e+00
1.066430640226179616e+00
1.063793423284861150e+00
1.071315625551197526e+00
1.013716700592998343e+00
1.026622867702167374e+00
1.014543553041003854e+00
1.058121919212866135e+00
1.020162049667883819e+00
1.000950418614608983e+00
1.032764159900967815e+00
1.037765097797288094e+00
1.024109555843101704e+00
1.036473971641862057e+00
1.004849017527774224e+00
1.080351659005940546e+00
1.009291775312802342e+00
1.067860413030081945e+00
1.016981095423395542e+00
1.047903543974541218e+00
1.085670885756063742e+00
1.075154379144255268e+00
1.003928250965197666e+00
1.076739560009473129e+00
1.006081255041129108e+00
1.072358927770728609e+00
1.008039610354464433e+00
1.078173957497159829e+00
1.075150819537337821e+00
1.094398201821352057e+00
1.040051038508881476e+00
1.000920331325065415e+00
1.044044951140228550e+00
1.027449770420625796e+00
1.031131314368419316e+00
1.024828554492762667e+00
1.017187103160299477e+00
1.044240997835345519e+00
1.084291829539662855e+00
1.009891410217461649e+00
1.046673798318940030e+00
1.065818705920448028e+00
1.090873269352963026e+00
1.057133912314733415e+00
1.020530872311176784e+00
1.099279985959042083e+00
1.051563922753221858e+00
1.008939377237144885e+00
1.053426788423956761e+00
1.079750549818941030e+00
1.033682170210681983e+00
1.012668798544337667e+00
1.052762459677204276e+00
1.032590777631709589e+00
1.093761508766231128e+00
1.029834374444996925e+00
1.015147168477334327e+00
1.049554197872071049e+00
1.084088536298569716e+00
1.093111490546823994e+00
1.044926648245175116e+00
1.064454562185036091e+00
1.002839176901868301e+00
1.031129060487921523e+00
1.093387611116441116e+00
1.090899728951298719e+00
1.078471181271106527e+00
1.055882522032870918e+00
1.043528630499794829e+00
1.014661381995858536e+00
1.047173256185459866e+00
1.059941515371515486e+00
1.087599555222907632e+00
1.067192764448702480e+00
1.037443099362749699e+00
1.070009922048674511e+00
1.043506030222558945e+00
1.014480559814940897e+00
1.067190424368927859e+00
1.076952232643117569e+00
1.033143206541843329e+00
1.091131908552312790e+00
1.092753158310098449e+00
1.016677430725556830e+00
1.003222656240702282e+00
1.032510721007060317e+00
1.008226220498158021e+00
1.002224115694500206e+00
1.043698563235105459e+00
1.003332552657905996e+00
1.034812318988555857e+00
1.099344933825053605e+00
1.038371044609659011e+00
1.085785388066166979e+00
1.014892376996071155e+00
1.043232559324089204e+00
1.033010515674806395e+00
1.087870508351600485e+00
1.058343486759568020e+00
1.082251975412631628e+00
1.094375299332461360e+00
1.084400718575042610e+00
1.029199187407558780e+00
1.077016447849813208e+00
1.088240422871769031e+00
1.000363711493592822e+00
1.019640462259810088e+00
1.019179540632842995e+00
1.094748916633323521e+00
1.042824404030433749e+00
1.055682462753992468e+00
1.017641562429361990e+00
1.088017925684672038e+00
1.034243222631850312e+00
1.094920034019952526e+00
1.028592358043484367e+00
1.036363403995768540e+00
1.015035134421455654e+00
1.078979143322657652e+00
1.000477244218616502e+00
1.007032802705432939e+00
1.004950480168928628e+00
1.024935959199731572e+00
1.065771312083295008e+00
1.080452267243854347e+00
1.064319188957182805e+00
1.072104252456026030e+00
1.074911314041156363e+00
1.054542960473298985e+00
1.003566015413139612e+00
1.029345507490278644e+00
1.056987887831955408e+00
1.090434993132131325e+00
1.028768790889095008e+00
1.010025827522013087e+00
1.083009695939066708e+00
1.026747044142886311e+00
1.017793534706675329e+00
1.026219063617228366e+00
1.088192704417839662e+00
1.034377474687199649e+00
1.027070432001107703e+00
1.024269667190313315e+00
1.069712298031651576e+00
1.049473011725139626e+00
1.001188534190687651e+00
1.045200951356548558e+00
1.040057888679184916e+00
1.022269558054500926e+00
1.097697332025460382e+00
1.056551507252927458e+00
1.040872526470132398e+00
1.065182135885091697e+00
1.028477856307483007e+00
1.042876897535925940e+00
1.029175795522544234e+00
1.073340314423080866e+00
1.096895034669613356e+00
1.012410499710113099e+00
1.063133843465494000e+00
1.023295936587857780e+00
1.010021613564132892e+00
1.015329370994768832e+00
1.031074041515186668e+00
1.021364428423423343e+00
1.092755555194870665e+00
1.035044457781899130e+00
1.029661647576489480e+00
1.068162135525956291e+00
1.089143252360542879e+00
1.063711890164798168e+00
1.089519446270664105e+00
1.073991575115542663e+00
1.083142669427960669e+00
1.034561983490994930e+00
1.019476787688741615e+00
1.076593573094695389e+00
1.044540287370292031e+00
1.010534498552973837e+00
1.084103924030534571e+00
1.091519562900123752e+00
1.005180671625164557e+00
1.064078608754429389e+00
1.009425596360090660e+00
1.060598878682815327e+00
1.050651186574592222e+00
1.040978117037646200e+00
1.064105999022525673e+00
1.080017148890360268e+00
1.058850605920551358e+00
1.037389459934429770e+00
1.086413588535423802e+00
1.092092245930339267e+00
1.086591979128580077e+00
1.037688063055135501e+00
1.059087663248768019e+00
1.058489215389229576e+00
1.069617710547496436e+00
1.051703459801199614e+00
1.080422236165345939e+00
1.020490347443350210e+00
1.013646832427667732e+00
1.073298330288119606e+00
1.094359366181097748e+00
1.037112017246939910e+00
1.066562960900109491e+00
1.077677958738395780e+00
1.026102902971184117e+00
1.018961330333065129e+00
1.083670987882118686e+00
1.042055503382541159e+00
1.047794810075747929e+00
1.034987398758386412e+00
1.043904083777063008e+00
1.068426712556034719e+00
1.050742423925459024e+00
1.031162798239061429e+00
1.089959612493716534e+00
1.059588222705137639e+00
1.084241896274642292e+00
1.024349724477656931e+00
1.062644632018366897e+00
1.021458076962073136e+00
1.098679556009236169e+00
1.066645321664659862e+00
1.084145153035218634e+00
1.086042152060525456e+00
1.010391756070497360e+00
1.000121827473280600e+00
1.035412923147879694e+00
1.081666787842189059e+00
1.016419948907718807e+00
1.090554907698325637e+00
1.056418489642839020e+00
1.062046155738320730e+00
1.000816991127428057e+00
1.081114633107851386e+00
1.067645151150796723e+00
1.074326024153002601e+00
1.047197934251644202e+00
1.007524899613084113e+00
1.071965985847326941e+00
1.085170772268856165e+00
1.095446641743760274e+00
1.011014126590621176e+00
1.084528901076181162e+00
1.023752798328328772e+00
1.081069026418268297e+00
1.000181438610496798e+00
1.000924132659421373e+00
1.084160297376768778e+00
1.017775611377462086e+00
1.064790824643727651e+00
1.017255740601939573e+00
1.013872657629831142e+00
1.034407870961887133e+00
1.083263682810916118e+00
1.063460312108901462e+00
1.031547379264413866e+00
1.001404870918314538e+00
1.079914016239816865e+00
1.013265941683778593e+00
1.053198177438321004e+00
1.026144712232937906e+00
1.076995421627899407e+00
1.019139644026622271e+00
1.013253625266284264e+00
1.091398998097842465e+00
1.059251155634854724e+00
1.061686825487262231e+00
1.048823002222978973e+00
1.035573990192108829e+00
1.033640157779313729e+00
1.026751012367230986e+00
1.086136649720590430e+00
1.076405615517001424e+00
1.027908603913719965e+00
1.034249390043521677e+00
1.078981320171577662e+00
1.038763500511529214e+00
1.089602690286903819e+00
1.005550679495953448e+00
1.041193363116135417e+00
1.068408229962349409e+00
1.030145712044599593e+00
1.079105029878369315e+00
1.029420445271370443e+00
1.055165073514580110e+00
1.075666220358173053e+00
1.060492339557385977e+00
1.059832530355432345e+00
1.046249425979920877e+00
1.019271584861120017e+00
1.075976409679119117e+00
1.018399080648093147e+00
1.045231231081451773e+00
1.056148162712136074e+00
1.035245765880305147e+00
1.035982109586632616e+00
1.078582090833956508e+00
1.066306512490152070e+00
1.003945212116404528e+00
1.082982589583415534e+00
1.011109548505934486e+00
1.094211080671895875e+00
1.065733444930037743e+00
1.039849662857189161e+00
1.097794796488772429e+00
1.061820497323695101e+00
1.095325996571999694e+00
1.005580411311318922e+00
1.050630738311090218e+00
1.075757336329837610e+00
1.040172884532629682e+00
1.085903026132936544e+00
1.033018645382268508e+00
1.045143508212619032e+00
1.076832376691473137e+00
1.058712085927983271e+00
1.049070964709431397e+00
1.085140129788773500e+00
1.061144961233207340e+00
1.020489481142459409e+00
1.095868763174064675e+00
1.002512297364623661e+00
1.015227054986779898e+00
1.014282275583280102e+00
1.047583467852753358e+00
1.087426270146276908e+00
1.071868545765449099e+00
1.066249849029972108e+00
1.009025706599450789e+00
1.034687384629656703e+00
1.060271122916921271e+00
1.003615947031496702e+00
1.094905738334733591e+00
1.016447074616671387e+00
1.039055888497447233e+00
1.013626068422579962e+00
1.055996002181421201e+00
1.044486773914766076e+00
1.081685073643360084e+00
1.065186520731620679e+00
1.058079957041892838e+00
1.071486444887246536e+00
1.095402519250024076e+00
1.045245424477447838e+00
1.031762706411930131e+00
1.073966082408672085e+00
1.063256656683319035e+00
1.086437997068032013e+00
1.098507402356919904e+00
1.059087831440034932e+00
1.032340248529489468e+00
1.068695904431907984e+00
1.028928071259535448e+00
1.031943506783329134e+00
1.074359317131891256e+00
1.002586882668876633e+00
1.047689561554230320e+00
1.078846374575386236e+00
1.021877687758213638e+00
1.099648121972000014e+00
1.025553532149732439e+00
1.058468844665622521e+00
1.086670485922010210e+00
1.041106152541267926e+00
1.013482367712674748e+00
1.017741993584854399e+00
1.091231528010103702e+00
1.094712540694757985e+00
1.019172551740014976e+00
1.066051179144337002e+00
1.049309575712247478e+00
1.097482455717903926e+00
1.021400567841061813e+00
1.053765122948499888e+00
1.071008900649659257e+00
1.020000346273583158e+00
1.085615176453925912e+00
1.075370876326700698e+00
1.075450484102659310e+00
1.057676743069839498e+00
1.080141567650264811e+00
1.014348519128108750e+00
1.044764240145899858e+00
1.018053031530404828e+00
1.094611612470681283e+00
1.098119827345471977e+00
1.017196244717748277e+00
1.074089958074951667e+00
1.035054008079024257e+00
1.094554280923678125e+00
1.041059632494867992e+00
1.014419202628080496e+00
1.049301964202858262e+00
1.055364735485291305e+00
1.020754296330490973e+00
1.047462600888071638e+00
1.035502723387895063e+00
1.037556699646866809e+00
1.029030842417347769e+00
1.036187382781470490e+00
1.048188171688174908e+00
1.072164635637246732e+00
1.017522670726774159e+00
1.058405936975836514e+00
1.088371130646736074e+00
1.022526982178932453e+00
1.083857926326241339e+00
1.048739880205022734e+00
1.003032481266000531e+00
1.021606345930583526e+00
1.042401509054006414e+00
1.050654932431303701e+00
1.044148544818860103e+00
1.074736892097152952e+00
1.079922245475304798e+00
1.004225404297460544e+00
1.019208621787735858e+00
1.097329635074583143e+00
1.060467056017597720e+00
1.097144185057208121e+00
1.069046079168847196e+00
1.093603921162938031e+00
1.092123906665956268e+00
1.037643325840108766e+00
1.037768223697202563e+00
1.062218397582056717e+00
1.077532761128163985e+00
1.064938023446521997e+00
1.016840081401539253e+00
1.097100596010368356e+00
1.009176499499514046e+00
1.033449440130989716e+00
1.099306320567814632e+00
1.005551573196063808e+00
1.074093148590050673e+00
