-6.480851690287624950e-03
2.281094669983043874e-02
-1.408263387468787139e-02
6.889302981696404649e-03
7.701554354360805321e-02
7.908518430025794632e-02
6.997025197851146350e-02
9.249542430216338429e-02
-1.324305566935716875e-02
-4.646359261661485093e-03
3.570426961658323961e-02
5.526587297714434521e-02
7.781693312380474903e-02
9.494295528711119841e-03
4.700002787461589338e-02
7.948188012318095630e-02
5.459481831015372544e-02
1.454790372970190052e-02
-2.578612033924686936e-03
6.266218466906575690e-02
-1.493808241661021344e-02
1.777921144339901852e-02
6.364139868693471924e-02
8.351699760383780868e-02
6.027047755927085471e-03
4.107194823984565424e-02
2.260779354453789844e-02
2.792412964362079794e-02
9.497888237017696605e-03
7.517696894680260533e-02
-1.646506090538602321e-02
8.569396984662953909e-02
-1.186494729133814874e-02
9.273492388482990068e-02
1.618138468590718873e-02
8.685964635478528317e-02
3.756042147822001576e-02
-4.120807328250895851e-03
-6.180686291723972575e-03
-9.008600140225486025e-03
-1.747195243761992534e-02
2.847879520625230462e-02
-9.847060831294700972e-03
1.233376361773567617e-02
3.163691809467607252e-03
1.604673495652960899e-02
7.595602255777815504e-02
3.671660186666535208e-02
8.806615138546668164e-02
1.361194128615918555e-02
1.606149234668428558e-02
-5.166273841031229774e-04
3.149999969086986207e-02
-1.466445629256506698e-02
9.233911958783402874e-02
8.987102325703191785e-02
3.755669826935269240e-02
3.572088623827375520e-02
8.274813105107460542e-02
1.457185504111945321e-02
7.840429499817835879e-02
-4.211705646323199437e-03
3.493786404987143934e-02
2.657240436173785927e-02
1.806051772576773226e-02
3.726351354160325341e-03
8.396132120755255002e-02
7.885741890626761508e-03
7.166229329428615985e-03
7.717402685532802342e-04
5.485039712635232656e-02
-8.257202574756162747e-03
9.726453749269882432e-02
2.804023921985884446e-02
4.028836539766481040e-02
9.999961391586197068e-02
2.248162139684084168e-02
3.751229369527704638e-02
3.853172291591336340e-02
3.971004223088064888e-02
-1.043054711893181413e-02
-8.281172353703380659e-03
9.304726534978938202e-02
7.995041154611830236e-02
5.624831085729380120e-02
5.310861217791626454e-02
-8.351585957703515362e-03
-2.785237937053149787e-03
5.533060815571064217e-02
9.434136644950542883e-02
2.869680926954673236e-02
2.808820462925761333e-02
-8.086893137872239179e-03
-1.051907602997952280e-02
3.845666929637860110e-02
6.613635735753790879e-02
7.760385651003366692e-02
8.184882993096589954e-02
9.996940510768750898e-02
1.374677654005846891e-02
2.161213995367180021e-02
4.150577433043377285e-02
6.113527917337964468e-02
4.828696697151992068e-02
6.046561919862633583e-02
9.820468038753073226e-02
7.238720709619384658e-03
-7.171485184569141233e-03
3.874309388567252765e-02
7.083560534577990064e-02
-1.904856928349892703e-02
-3.221288316011747255e-03
8.786395942089049449e-02
9.847319400298147618e-02
9.100193256393163121e-03
7.584004891369722917e-03
3.554021156017039829e-02
-1.973993352213862518e-02
-1.665121555281638688e-02
2.327486513282033334e-02
2.242632605530269635e-03
3.865577508258132011e-02
7.300390682369836681e-02
1.934325780612982174e-02
1.169673281519431271e-02
7.554409618064868159e-02
-1.331657378381407783e-02
3.301557370136677660e-02
2.877617875755141344e-02
7.288877230232645998e-02
2.926460252674661575e-02
6.972954886293813992e-02
2.901310478176250332e-02
1.001894596488193262e-02
4.643686647821387847e-03
-1.165993402455661049e-02
5.614946652190418164e-02
5.707621605404322729e-02
4.923718396767820527e-02
-3.425201574909636504e-04
4.112845189004964153e-02
3.524428746406778334e-02
-1.552655736631598088e-02
7.056292912154005226e-02
2.968411500877063749e-02
8.711055792847566259e-02
9.754539309946190506e-02
7.827121998411470938e-02
3.212455058776901573e-02
2.747153031238223561e-02
3.858120151955445054e-02
7.608358995780233058e-02
9.203553378129471219e-02
6.104996118002863070e-02
-1.303023507624687626e-02
2.244107257590372342e-02
2.411442353998899737e-02
-1.639624000685382943e-02
-1.615512667926839729e-02
4.002287437173915330e-02
2.879381295641217017e-02
9.454863825597235871e-02
-5.472366418023537002e-03
5.736634317732038080e-02
1.623123179175800165e-02
-6.342456881481498693e-03
4.218904431424978091e-03
4.528830491133842284e-02
5.411128474096504881e-02
8.532035288393316486e-03
-1.612804479328035223e-02
2.145350778293491148e-02
7.842308899354963336e-02
7.768228641032171033e-02
3.961603559904863792e-02
1.246289474906428843e-02
4.406231342494630610e-02
7.884505886052151774e-03
-1.505832964523609249e-02
3.302279258867805989e-02
5.781620494490928575e-03
1.355692983218379291e-02
4.637839150449078740e-02
4.182656986690892753e-02
2.626408709741559835e-02
1.515936184255428296e-02
3.358864144498482918e-02
4.994854069802542179e-03
4.046274470775045040e-02
-9.640742276264062730e-03
3.309707914679303059e-03
7.881404853425193202e-02
9.086205696424075329e-02
-7.016361746586648879e-03
6.275532538333957605e-03
2.043610155338677556e-02
5.145824979863901361e-02
5.826343516532387495e-03
9.827907563738180752e-02
6.376223749568356303e-02
9.557315423164557122e-02
3.439511172588262389e-02
5.738739261714403961e-02
9.046219835422995847e-02
-5.095212357355641611e-03
1.082971231120513633e-02
4.934232566300215950e-02
-7.670155826194466689e-03
4.247669365198958324e-02
-7.071084664190502994e-03
4.764331886366912627e-02
1.837229438890333397e-02
-4.665638746479192425e-03
2.247464950821394594e-02
2.027407499775691485e-03
7.857976075800826576e-02
9.816696368900044989e-02
4.625840537281328269e-02
8.118655172735775305e-02
4.934745614761133770e-02
5.300670904740260869e-02
-1.279453986765956980e-02
4.237362838430924761e-02
4.481768313687771454e-02
-1.926732515159387815e-03
7.037023860040765577e-02
3.652887936920599932e-02
3.220176595840756884e-04
1.415761981728295635e-02
5.894461188505317750e-02
1.251821147542815996e-02
2.945465004195003608e-02
-1.490209787879319230e-02
8.919128055790138260e-03
3.932260912120114082e-02
9.739309641992130451e-02
3.813699404552176736e-03
4.720989319885003643e-02
9.652461179433642624e-03
8.273050658610142660e-02
9.631820966145744622e-02
4.429491391931196509e-02
9.691192722924406311e-02
5.615471501127790310e-02
5.767686556427295552e-02
-4.360230065321504811e-03
3.684641410603607670e-02
-7.205529904326660878e-03
-6.073596719436444996e-03
-9.606714769297907200e-03
9.229190768656177213e-02
7.673911274584034603e-02
9.519363333668837135e-02
9.122153915493622783e-03
1.670821685727682734e-02
2.463853247616970901e-02
4.717779705585702088e-02
3.854391151965635975e-02
8.909939721456884565e-02
1.302162960500076808e-02
5.467456171850121338e-02
4.407589061337216507e-02
7.404237393684534596e-02
5.331867360204287087e-02
7.929712582891910999e-02
-3.998495720543192300e-03
5.194213607786109244e-02
8.048852448787977010e-02
1.323324417798471195e-02
-4.258848323927852397e-03
-3.796333228313714114e-03
-1.186248462919119347e-02
2.761057588189599551e-02
4.903449477486134661e-03
-1.442329610003470486e-03
6.391055784136050882e-03
4.609641170651479491e-02
5.078687676432155906e-02
9.170242340787358726e-03
5.575218743631103757e-02
-1.471292898450041534e-02
-1.804337065539750318e-03
-4.981202076184406552e-03
-1.345817337225455393e-02
-1.532301480292073102e-02
2.031231691017367294e-02
2.385584164234339291e-02
8.419177710714083329e-02
9.460213597064121016e-02
6.238815645432285728e-02
2.277136959641686345e-02
4.920120845398535947e-02
6.937661201996250804e-02
3.688651046589590948e-03
-9.683330130905156916e-03
8.465115311718567070e-02
2.551625785501034083e-03
4.438269567857791587e-02
3.077742633690833465e-02
-2.110430626865722470e-05
-1.338610159377201687e-02
-2.953861298400205920e-03
9.926295653170782995e-02
3.945897777466919609e-02
1.450434445732605090e-02
1.849707423812012655e-02
8.093220858065007517e-02
8.577218354557918090e-02
-1.748148669833237551e-02
-1.445134105175821179e-02
8.904946717577640058e-03
-1.032747231419568062e-02
8.141350527587512542e-02
9.653778286414385623e-02
7.687934451969796745e-02
8.911626296666431968e-02
4.070167677026892417e-02
4.927480000196795412e-03
9.061399812155543354e-02
1.154028251016509313e-02
8.470521003721569187e-02
4.910355255206488856e-02
4.079388270100607616e-02
5.782948889054034813e-02
2.603059961804955399e-02
-1.632424059383680640e-02
1.061373472653950878e-02
3.583994162149843621e-02
7.881436404006518515e-02
4.988251414698455233e-02
-4.186907484272296004e-03
6.923848968622682565e-02
-4.215186274088671137e-03
1.224075564533471175e-02
6.434527151777681697e-02
-1.981644350894480253e-02
5.302059369349543250e-02
8.600131033128294300e-02
-1.846633727235481512e-02
5.066007955529659712e-02
8.484063667975326462e-02
9.409532495906269833e-02
9.880373145843786287e-02
8.312762735990542051e-02
-1.053949014903006638e-02
2.255164935989233468e-02
4.968371229478359130e-02
2.749188060947287474e-02
5.653118392156081251e-02
3.990455001539296859e-03
1.214914624563412024e-02
8.352376234970418367e-02
8.979900660632678111e-02
9.603708226509660717e-02
6.339290437011788071e-02
2.172316357729855638e-02
-1.669790858677995538e-02
3.893553431585340674e-02
-3.975026975475172419e-03
4.695332788467940222e-02
8.370979196596446681e-02
3.307354776194093571e-02
2.769237161918663634e-02
4.854723449651918155e-02
2.577080605946132155e-02
3.046048649117210488e-03
4.076022566810443004e-02
2.116307142977944325e-02
6.000703216861062728e-02
4.347717554100624660e-02
8.680052319847907094e-02
3.536768284517637778e-03
7.206445038597651676e-02
-1.559604541603303376e-02
8.969257450029881340e-02
4.112072140746254878e-02
4.902678561685722136e-02
4.689719209794125654e-02
-1.016768958691835131e-02
7.220978549678420955e-02
-9.377108333929323747e-04
8.507816643989454808e-02
7.238454901969534894e-02
3.855415760840588679e-02
4.332177064182003712e-02
9.610843816688419139e-02
2.060189537379468125e-02
7.033426645169767177e-02
7.903391521581988599e-02
1.903715609750200252e-02
-1.294148615957547467e-02
5.510245029847794795e-02
-1.365690603182320023e-02
3.936228308262453013e-02
-6.724888860842511903e-03
4.669504295356023682e-02
5.554419171861574300e-02
5.156700727358951020e-02
5.844004940517796842e-02
2.132470103487757104e-02
5.963593553603291353e-02
1.812286647527324920e-02
8.591933463160161821e-02
1.487517494224560241e-02
1.913686458699819307e-02
-1.303722634124983640e-02
9.528845770616890809e-02
6.303730371298843504e-02
1.296960831302782988e-02
7.855968689580328235e-03
1.273440692495098406e-02
4.273124413502195351e-02
-1.534067078374445024e-02
2.028130483600035575e-02
-6.085252593541583266e-03
3.797275961603605032e-02
9.773216036422373298e-03
4.012766533480845166e-02
2.724686133376769473e-02
5.148877545507833664e-02
-1.999012188656317662e-02
3.540830125102602255e-02
-1.343943070694474627e-02
2.400061685288271476e-02
2.023768654353283805e-02
1.037014958481163179e-02
6.874555056178169310e-02
6.270551157676450271e-02
1.522584176098147266e-02
7.660711330725326895e-02
-8.650287455469132455e-03
1.018907394863646787e-02
2.129400708430911199e-03
2.158463172976412062e-02
1.243551597983416288e-02
4.284905066468436274e-02
4.567448791944540842e-02
7.852184683614175931e-02
-2.301932450766250304e-03
3.627490193969086507e-02
-1.715714416645500173e-02
4.075839637805926674e-02
5.287391192008397689e-02
-7.642441424037844586e-03
8.406544668881102411e-02
3.108589474422230811e-02
4.354013543793815166e-02
7.230802128313412735e-02
5.812230825288294128e-03
5.568085168273938235e-02
2.877980555278832411e-02
4.286554763606284513e-02
7.820389256382341558e-02
8.571566501382590908e-02
8.904818311965284616e-02
2.940003265147049863e-02
9.085482874633017680e-02
5.763457285253603679e-02
7.125283371367695240e-02
1.974430937690883556e-02
1.892619723649194632e-02
3.504118084882558437e-02
2.511777402970399517e-02
-1.878638084659626020e-02
5.674989098781516028e-02
9.385174019266584455e-02
-9.408576577579194633e-03
8.196842381393011634e-02
8.357740022199057484e-02
4.389184004329026167e-02
-1.426863551129026533e-02
1.222325475771686085e-02
8.437609880795780837e-02
5.401047969982737673e-02
-1.849675443113079840e-02
8.930613852811605802e-02
3.176863064225794731e-02
1.732651051418634958e-03
5.200629767659545322e-02
-1.428165406404139151e-02
2.982099787717698916e-02
4.441645136544526695e-03
2.087534614610294173e-02
8.679286042663582335e-02
-3.935854888249767924e-03
1.704370401299526785e-02
8.285711025601166790e-02
8.274029750515830839e-02
-5.336011866593576292e-03
-9.240606748828565295e-03
-1.414330769920466024e-02
5.728067718942723985e-02
2.776781686893097303e-02
5.729855044949783149e-02
5.365327360851096516e-02
9.364400121481296357e-02
5.971999444325608308e-02
-1.127426481491899425e-02
6.648737221620366900e-02
6.577031281044674188e-03
