1.068612332157923284e+00
1.029452982633802582e+00
1.089595883836489421e+00
1.070790275797935731e+00
1.002215331122527919e+00
1.058359945027943283e+00
1.055546638484509581e+00
1.069601867481996926e+00
1.041410462788798341e+00
1.019597554027282138e+00
1.014271322075831039e+00
1.085611104935024329e+00
1.015341656728552255e+00
1.016765256430265385e+00
1.029828755266081419e+00
1.048163872623040227e+00
1.087574580307614225e+00
1.053664574649398222e+00
1.027414184193810698e+00
1.016908370226450753e+00
1.096858907930089000e+00
1.064419546480971146e+00
1.033931117800719779e+00
1.098712424334863158e+00
1.024089619624291458e+00
1.062160857040621131e+00
1.065901131127925394e+00
1.047958367536880431e+00
1.019779561163776327e+00
1.019048672585969317e+00
1.041115344348457983e+00
1.091476929256316231e+00
1.092125146880008169e+00
1.015614757798398715e+00
1.087632116952854444e+00
1.035156874770120305e+00
1.080103716857860219e+00
1.021541503248625915e+00
1.012413928562500454e+00
1.004633312395480482e+00
1.041822151094313531e+00
1.041754733160014545e+00
1.077044564118834424e+00
1.020089053283170566e+00
1.081758091133159905e+00
1.050594195264379804e+00
1.095267717566959620e+00
1.008137990185497435e+00
1.093994335528903239e+00
1.069062545448064894e+00
1.004394877770393046e+00
1.090594705417153421e+00
1.014114887409681254e+00
1.038274578880547638e+00
1.077501988758748475e+00
1.064410067770126700e+00
1.036809197088284895e+00
1.092472320706866729e+00
1.070501364467961958e+00
1.050582886778748781e+00
1.030018457823949074e+00
1.074876542990390149e+00
1.046776459196342213e+00
1.000250739287205759e+00
1.061758372310066090e+00
1.021395040113067809e+00
1.092815038997919208e+00
1.048899048241009879e+00
1.056861563614073463e+00
1.039142644836867913e+00
1.006902157418793742e+00
1.071569658286679605e+00
1.025918215026051739e+00
1.031652964769717240e+00
1.032057686784138006e+00
1.031953543124402461e+00
1.083603019205648499e+00
1.066514032395528000e+00
1.017700083185408388e+00
1.062071394875080843e+00
1.041530595551751093e+00
1.009533649433811631e+00
1.021345465420384402e+00
1.023703401146399461e+00
1.008562221300758344e+00
1.014473087783354766e+00
1.004440837016074006e+00
1.008520860411771469e+00
1.051755639171986445e+00
1.061104462686899508e+00
1.088843960709140912e+00
1.051126982789952313e+00
1.036686530028008368e+00
1.000990574194428939e+00
1.087202993256572547e+00
1.002318592645063289e+00
1.088672842528641604e+00
1.031442430461306348e+00
1.041733019461115406e+00
1.002374101691899222e+00
1.069419617066940997e+00
1.082256157032586152e+00
1.079926054880505859e+00
1.069293657013371313e+00
1.059855155124983517e+00
1.090272298390450700e+00
1.084761897114616458e+00
1.003515401258776807e+00
1.007716538037487064e+00
1.088850878583738746e+00
1.050597860176432752e+00
1.032447200615992600e+00
1.035906948238373815e+00
1.033178040652483309e+00
1.052065570916283832e+00
1.059434541831680399e+00
1.014894114374910172e+00
1.028303839900763794e+00
1.063040921131441330e+00
1.075848889619291482e+00
1.041141494373979182e+00
1.099710714295319303e+00
1.010033787719161191e+00
1.091835017274048081e+00
1.095000403378825427e+00
1.032944461701601480e+00
1.084252867422174749e+00
1.088701665125271667e+00
1.088809442855537712e+00
1.082240881188424320e+00
1.072114151490569878e+00
1.008285787227105379e+00
1.020066241427766141e+00
1.093737227970742909e+00
1.091377525572208906e+00
1.027924527356122386e+00
1.058505376036068313e+00
1.051586971075539001e+00
1.054304671894286782e+00
1.030447382827915925e+00
1.081761377912966671e+00
1.059035071353329194e+00
1.049196128834712471e+00
1.040266379016577591e+00
1.020519658813762387e+00
1.063459707372707230e+00
1.030860655838479190e+00
1.016712452035606562e+00
1.086341326829320275e+00
1.043969522563694019e+00
1.053065703396528274e+00
1.092616928881123606e+00
1.095217562494487318e+00
1.012865034194531333e+00
1.050881946176819959e+00
1.048541844624631514e+00
1.042990402357808710e+00
1.091646774347221793e+00
1.058572494362551630e+00
1.018233307474848637e+00
1.071324009167296643e+00
1.086438262315169823e+00
1.056440504200915731e+00
1.095134332220734530e+00
1.013667776919659591e+00
1.078658052893936015e+00
1.008283138276488078e+00
1.007969687048819063e+00
1.020146665078845549e+00
1.050413374044151471e+00
1.067494704077614598e+00
1.030653878173408255e+00
1.099833215589203439e+00
1.089852831005347467e+00
1.010227419477742528e+00
1.006304350980803619e+00
1.099170951549385489e+00
1.093931104990176539e+00
1.027461039739451021e+00
1.082503153099088067e+00
1.090921893848705970e+00
1.042503356839155959e+00
1.083133421685425146e+00
1.070123664134224883e+00
1.095707918556900085e+00
1.032611996057962500e+00
1.085174150495787915e+00
1.010676766514215785e+00
1.008771862036877520e+00
1.083417561030940890e+00
1.039654278947754307e+00
1.030445870481949244e+00
1.063062961486215263e+00
1.073735661414880305e+00
1.002137670380417234e+00
1.052578492894192586e+00
1.024015146134248377e+00
1.035380628708232553e+00
1.033906359435136979e+00
1.031835606466753763e+00
1.017331925529675773e+00
1.093752004860414795e+00
1.062300929548573691e+00
1.096456731597679202e+00
1.025166974539272191e+00
1.085265940542012419e+00
1.082822464155120956e+00
1.048906746717289895e+00
1.079729521216584498e+00
1.099727942874779041e+00
1.090110879255146159e+00
1.082757480144051820e+00
1.019191936484260985e+00
1.072298091749009030e+00
1.026420904102980147e+00
1.089185832624704364e+00
1.026888189356569114e+00
1.022523988087954638e+00
1.038199312381407724e+00
1.051194921798031423e+00
1.087238325217268597e+00
1.080951029891267456e+00
1.082007007411672772e+00
1.086650215507940942e+00
1.058569428739197571e+00
1.054045488890072324e+00
1.063012339520075233e+00
1.077014469552497467e+00
1.058160534624767557e+00
1.063047378585663560e+00
1.045688126265710061e+00
1.053284892369986459e+00
1.084553647311936375e+00
1.018635982606230561e+00
1.082603629222207209e+00
1.039072914934815461e+00
1.002246040281193240e+00
1.035947608999172820e+00
1.026133459770398382e+00
1.005324686594366579e+00
1.028104208974963685e+00
1.038137632736348070e+00
1.031020796135829087e+00
1.058988513882765048e+00
1.080995547807784174e+00
1.037904132726368056e+00
1.026793921960486022e+00
1.016120806451489722e+00
1.090100497113992262e+00
1.095204774378429224e+00
1.016028101522732152e+00
1.048957960107658183e+00
1.024677908843788732e+00
1.071978319697266091e+00
1.089415374424423266e+00
1.052038573977188474e+00
1.042330890638924812e+00
1.097014808111591799e+00
1.052221953317965530e+00
1.010854634156074461e+00
1.060038776134410110e+00
1.007458196286506569e+00
1.020612087087386266e+00
1.047115572841285980e+00
1.014631697484302375e+00
1.052174327536820719e+00
1.083594960208108748e+00
1.036238652073685707e+00
1.017947165556050582e+00
1.048279676206935518e+00
1.095134962449942240e+00
1.022905247364651826e+00
1.014922287767070719e+00
1.011817622161858665e+00
1.006016276286497035e+00
1.022967972488277644e+00
1.043175075895646842e+00
1.033814898339189936e+00
1.032244907384228139e+00
1.052839865185145163e+00
1.055958988886896099e+00
1.096842325996634226e+00
1.012492984728978529e+00
1.048751064663332233e+00
1.062417688661531745e+00
1.043262096581431431e+00
1.091892688440811998e+00
1.054815450997839799e+00
1.020549784703070895e+00
1.015664821906770987e+00
1.016500227075111118e+00
1.024783694858087513e+00
1.069138830175648147e+00
1.087666943620624993e+00
1.051071664012220630e+00
1.020436382490934379e+00
1.060013700721224250e+00
1.045936815549453502e+00
1.026111748328748963e+00
1.034317622248145385e+00
1.046518535699833441e+00
1.014300904040382312e+00
1.027626676105110270e+00
1.063213473901595041e+00
1.034010977009009125e+00
1.031283417005783631e+00
1.082752951970938904e+00
1.059174756630742120e+00
1.086497060224023592e+00
1.033815183505216950e+00
1.011171575219175667e+00
1.012235187929265035e+00
1.088239010602000123e+00
1.061867502180881218e+00
1.054215944290192608e+00
1.055008062181785666e+00
1.016479444582306213e+00
1.099634851741335240e+00
1.011890531309730834e+00
1.068823989282529530e+00
1.095143827489351906e+00
1.056109685845982638e+00
1.066614096588783811e+00
1.040640712090709519e+00
1.093596306466120049e+00
1.049033009664212202e+00
1.009049450149199556e+00
1.028861234475624276e+00
1.012114870003716138e+00
1.024783166497579723e+00
1.044982277528485604e+00
1.063883754877420929e+00
1.010453205727749992e+00
1.037348756044188303e+00
1.097841609454980993e+00
1.065933348819370075e+00
1.011727157628376172e+00
1.091426446630887392e+00
1.015412118259889862e+00
1.031458434709144223e+00
1.059650500779595772e+00
1.086654533013071244e+00
1.071026170145565892e+00
1.064849379610273594e+00
1.073756190329319349e+00
1.061372203176448981e+00
1.067373048279030456e+00
1.083186400648656678e+00
1.052369244995852826e+00
1.006081366037370417e+00
1.006281925689032519e+00
1.089235345623656981e+00
1.002073108143021862e+00
1.004926055275099595e+00
1.079724501404879300e+00
1.016903106787766964e+00
1.027034593077411406e+00
1.069658130507141980e+00
1.045130764722569605e+00
1.019239946576915301e+00
1.057325542687086672e+00
1.087238574881194575e+00
1.083228809395681447e+00
1.006921766021171560e+00
1.042748709019725606e+00
1.021545462678595584e+00
1.012829643095266130e+00
1.040185395089536780e+00
1.057858086904674755e+00
1.078615171369399217e+00
1.070047178558017453e+00
1.000052116434565930e+00
1.005229315453868066e+00
1.091980225805928129e+00
1.007363112370121883e+00
1.071681913606135517e+00
1.015874448325525536e+00
1.026165769190495958e+00
1.076975674234412095e+00
1.071059442966041608e+00
1.073553317014417141e+00
1.007994728932999795e+00
1.085267785973759169e+00
1.027672850427271634e+00
1.084616182307011067e+00
1.030129250405404928e+00
1.028114402893978152e+00
1.093974903762931827e+00
1.042664945655999320e+00
1.030635910086868723e+00
1.080117759880300232e+00
1.072623517694298201e+00
1.043711167118261285e+00
1.081258551857076977e+00
1.045433450304241951e+00
1.007913833453536911e+00
1.061881058768822994e+00
1.060634229227334746e+00
1.013705482559974058e+00
1.004959123759153972e+00
1.078550152915186855e+00
1.044347030334694004e+00
1.083296974429568404e+00
1.073204377735047954e+00
1.099898103622099832e+00
1.018376675311103652e+00
1.021189171305381338e+00
1.017832809225138080e+00
1.049043338005652970e+00
1.092600295150638612e+00
1.024396341736526939e+00
1.095974583229491373e+00
1.039965731758017986e+00
1.011968051788939116e+00
1.051433297117193577e+00
1.087388116241913671e+00
1.058192553922011614e+00
1.020327052147086633e+00
1.090859499501934504e+00
1.008615219492270176e+00
1.057955210514888389e+00
1.071309808254177431e+00
1.070139423946619983e+00
1.025347626277578472e+00
1.047753979235625854e+00
1.037354812734528675e+00
1.014319483974218006e+00
1.056707242975363670e+00
1.069594877772707786e+00
1.035485293154400965e+00
1.012918302286409000e+00
1.015157575720070149e+00
1.048739362534494513e+00
1.067142723118658321e+00
1.021583345287885747e+00
1.096687406482993010e+00
1.011893575848073601e+00
1.038689681971181056e+00
1.098089415119340773e+00
1.036717865857525345e+00
1.094236583143687103e+00
1.086148388954471189e+00
1.089250587773079149e+00
1.006490254364936776e+00
1.063263069761136270e+00
1.018955821787811189e+00
1.011576752645920729e+00
1.076020642625514778e+00
1.096155253455650014e+00
1.096526430013878173e+00
1.050382413373913248e+00
1.066805154111760023e+00
1.062142628584533899e+00
1.059373911686148917e+00
1.068117741041530122e+00
1.056421914660250705e+00
1.046835646867567027e+00
1.075738382281643979e+00
1.033043578271163998e+00
1.090950747985282243e+00
1.035714314490683519e+00
1.037270511050551791e+00
1.006468425336944028e+00
1.063220556633144076e+00
1.003449556225540995e+00
1.044523517852170347e+00
1.026788366288793108e+00
1.078343368195797458e+00
1.094435094576604373e+00
1.004026744346464106e+00
1.062827471165444626e+00
1.066279167425962182e+00
1.097422034954170567e+00
1.073441224551221929e+00
1.020407177461960968e+00
1.026997055384302859e+00
1.031459619209103007e+00
1.076473577761971834e+00
1.051682236967959261e+00
1.024466583889066307e+00
1.048858134143216159e+00
1.079805195601258871e+00
1.052391666707543694e+00
1.004571809966877449e+00
1.013033617923885465e+00
1.058654352406241062e+00
1.026297387069643019e+00
1.002336158257736365e+00
1.095423061074963567e+00
1.044939223316011745e+00
1.092360539427541077e+00
1.074499186320909905e+00
1.079549615137556540e+00
1.046753978015520392e+00
1.034347595841806022e+00
1.041787858712177606e+00
1.075406598134379887e+00
1.073059120199552963e+00
1.087937328577957663e+00
1.042258228452737745e+00
