1.610612071986031527e-02
2.898093652179462368e-02
2.859288197735992271e-03
9.016686523203268355e-02
3.948360859781789578e-02
4.622128782153551996e-02
8.023374361593658965e-02
9.793703912271693734e-02
-9.916587873029073658e-03
4.232495251320465834e-02
5.325362696485667902e-02
5.267165069851405257e-02
2.588060081266471343e-02
6.642357852280725283e-02
6.641998215870781319e-02
8.083139348825936488e-02
-1.927522804050154151e-02
2.414923955710401512e-02
5.237799643441620745e-02
5.792164957121814783e-02
9.526083354170003514e-02
2.768925444637567249e-02
7.482112489051186144e-02
-1.014927130387934841e-02
2.822039449086819266e-02
6.244432146238503012e-02
2.681877061386873581e-02
3.018165739566114683e-02
4.253662425531715141e-02
-4.481626265731590217e-03
4.606795115855710776e-04
1.265921540282130900e-02
3.978757051418252422e-02
3.547047786193939511e-02
4.411030545743069298e-02
9.487287074060467285e-02
-1.976642686273554633e-02
-1.030020528957774004e-02
9.730073701472317926e-02
3.165191646777154588e-02
8.837504617115012062e-02
-1.134438967675024772e-02
9.061049932287103259e-02
-9.397052130910176285e-03
4.678725787526047397e-02
1.069375744320121349e-02
8.994749338669055794e-02
7.327112439231059371e-02
8.199714547630133910e-02
9.109715784635581681e-02
8.130994271868063894e-02
6.609291962520297270e-02
8.906929525680241932e-02
5.860232128513362393e-02
3.744351075008554852e-03
-1.727209141583079324e-02
1.501145840844686150e-02
7.522533334941249039e-02
-3.979798245672187124e-03
7.562357133254846153e-02
9.808311298207902929e-02
4.496975341533290815e-02
-1.153630074943414255e-02
8.620058456021831295e-02
-3.919462065782947091e-03
-1.582287322604354618e-02
-1.626800040701673750e-02
9.033369881719990890e-02
2.651511329216007032e-02
6.530502861392978309e-02
5.045107324230894974e-02
6.939823177314877189e-02
8.385395263937564514e-02
7.730445581357148210e-02
1.081487325658330237e-02
3.957494185977171453e-02
7.605338256422773668e-02
-1.295439298564645542e-02
4.035297287278566403e-02
-1.884846695727951729e-02
9.740329288502123928e-02
7.267365249833145080e-02
9.595684516677301101e-02
6.035049878642260307e-03
-6.780288525762637186e-05
-8.685525974446396333e-03
4.314904922054980940e-02
8.651779426043702120e-03
5.673704855408198688e-02
3.951011142507397655e-02
7.751293212321024029e-02
9.853004637764513352e-02
4.391865799912779422e-02
7.276937684393153249e-02
6.379938160842253680e-02
4.654282255457936612e-02
-7.381738298232945819e-03
-1.882249035748881014e-02
7.701926018010082919e-02
2.393027521029067808e-02
5.951207299219631736e-03
6.885523486274928995e-02
6.815504407965808364e-02
5.852500494180008783e-02
-8.538863742512869601e-03
5.403796368912701376e-03
1.416028038487122595e-02
7.764854616384266051e-02
2.521327164370408894e-02
8.538556964855573139e-03
2.048070284846555122e-03
5.577167987930058135e-02
1.819550619895272600e-02
2.410882334323346740e-02
2.688750913277926022e-02
8.811134636436894485e-02
3.607525431783197012e-02
6.860237987008488414e-02
3.261439341906126332e-02
2.159521634765250095e-02
1.723507624615140330e-02
3.845124305835749545e-02
2.736046413745405262e-02
8.417093773585752892e-02
7.281726768409264861e-02
-1.441778340514874787e-02
3.652868315929784504e-02
8.845956799489065880e-02
9.977005162527326221e-02
-5.939504095421667060e-03
6.488963532276634250e-02
5.788080501027906277e-02
6.871794766238811802e-02
3.198769920918738408e-02
7.387060512714725691e-02
7.379341740197913058e-02
1.122658705350603262e-02
5.776821369167757514e-02
1.645397889604404210e-02
8.266122048930843458e-02
-1.683925068564389588e-03
6.877961811044303042e-02
9.370643083935020767e-02
7.313197650260992722e-02
9.188831966305761878e-02
1.193933315846426244e-02
-1.245747110761293193e-02
1.617019239802961958e-02
9.171017396977704239e-03
3.341165850278092486e-02
2.114594761217792121e-02
-1.308299823006197314e-02
3.946806729940599556e-02
-7.653965204173366135e-03
4.226013737713583962e-02
4.413907314593265574e-02
9.566147460373654321e-02
-1.189397533385568549e-02
7.213120228461671057e-02
9.340147624155475947e-02
8.088538903442717143e-02
1.636653899648802049e-02
5.499747086447411004e-03
8.885878170586347657e-02
9.926554642684053131e-02
-3.378255495993021107e-03
6.637394893901678306e-02
-1.241459009379143955e-02
4.973880592468434003e-02
7.084089422540193470e-02
-1.557890454690675705e-02
1.163101195016885345e-02
9.746793064181551169e-02
-1.813806065711455126e-02
-1.330900235122535816e-02
7.712955541822866246e-02
6.486401894209713193e-02
-9.619470244085021049e-03
4.654034363445594402e-02
-8.695515298127660594e-03
6.931337007346720369e-02
5.388918594819917807e-02
-8.118431010332613842e-03
-1.620085326617624194e-02
2.526821659412643514e-02
2.150025279375895534e-02
-5.337165563966345463e-03
2.949610146262910196e-02
5.392046126097716635e-03
3.754415751868685203e-02
4.610276728329851248e-02
2.031322516414719656e-02
-4.997094377960586975e-03
6.147009125204280777e-02
6.154183338236064726e-02
1.947853858451290346e-02
-1.276058777485411869e-02
8.468194003889491228e-02
4.335190609876971024e-02
3.550801605030473596e-02
4.230629762364813973e-02
7.615069665972336310e-02
-1.971419334918465480e-02
7.014577983877298695e-02
7.632039184618892580e-02
6.924432129489234422e-02
2.172195816877674560e-02
4.285861323691327052e-02
2.616517582106421894e-02
6.629659950186213985e-03
3.513760337280873169e-02
7.194340476817838448e-02
7.195861512930139259e-02
-1.632238157424882943e-02
9.443126681587116211e-03
5.489198851340333640e-02
2.357825823174264021e-02
6.217847364088775058e-03
6.444495381534127987e-02
1.186318965485477425e-02
6.209215889585430193e-02
7.882784452978416900e-02
6.454610011347987342e-02
5.806466241821500729e-02
7.006974853210275189e-02
-1.953111605386253710e-02
6.220183636366943825e-02
8.918988000662939064e-02
2.613781383541920536e-02
9.722453162051077069e-02
4.775162643004615681e-02
2.761221740872124922e-02
3.742017916282168455e-02
-1.393407998567876283e-02
8.844872327642192000e-02
-1.931541297611645211e-02
1.955036160529066355e-02
7.611431766223046569e-02
-8.971762753070891550e-04
9.533298600357695274e-02
3.090431238050831905e-02
2.382233625161011767e-02
1.548520267637456746e-02
3.384352470155924109e-02
4.412725829471410288e-02
3.885798690338891637e-02
-1.672771367357203318e-02
8.893199570950117983e-02
2.186516851127640049e-03
6.306698714504831160e-02
4.223548665823112502e-02
4.568875019644265401e-02
7.435403255717015769e-02
3.950330497750528802e-02
-7.176400677286762578e-03
3.327810413232683284e-02
1.258031497792801504e-02
3.333029211359131438e-02
9.882560349676855482e-02
2.594137072296114413e-02
9.704105236529389500e-02
1.237797167250993466e-02
2.335733775759012490e-02
7.302901884832785351e-02
1.082951604167648602e-03
-1.363907402379811902e-02
8.375035347440687450e-02
-1.894608011880306864e-02
1.551390372913106358e-03
9.157968660969409425e-02
4.959891637942151488e-03
4.468984147697704912e-02
8.547896129118380537e-02
5.006282322305939669e-02
8.575761442592143291e-02
9.962330892198453802e-02
9.219876618815492364e-02
7.614792774787491891e-02
5.473280808479377701e-02
5.352705745733801757e-02
8.812859202209689935e-02
-1.212726465946348253e-03
7.075892689088890408e-02
-9.659586357163662748e-03
6.884080990676873235e-02
4.574863695427619503e-02
2.661465646399837140e-02
7.383075317815604444e-02
8.335739365674485479e-02
2.762780022183905851e-02
1.166312896706128352e-02
1.791550984637471991e-02
-2.908109440974606524e-03
8.854001985657730667e-02
7.070835274645582980e-02
3.792741287182375964e-02
1.885127977650438366e-02
8.516715928519766332e-02
-1.880413149229558448e-02
2.757586463354555137e-02
9.759727322166791841e-02
4.737457222505798982e-04
3.941624380204043071e-03
6.747528009206499311e-03
8.629355060045470344e-03
9.163763673991741354e-02
7.160329565601784851e-02
7.010779943487646659e-02
8.230582590999274695e-02
6.625415826823383147e-03
-2.340439277185052402e-03
2.573667794594057187e-02
-4.404286290612534349e-03
6.300642384724799983e-02
4.702285178108041308e-02
7.915580217377524153e-02
-1.609494046887016000e-02
9.336102203254928456e-02
3.073677247921219671e-02
-5.045638434449188289e-03
2.924913880780087225e-02
2.092280487848675527e-02
8.419050807309987061e-02
9.374708942076211138e-02
-8.474852444148858049e-03
6.242989313316808786e-02
6.006270243397530961e-02
5.582209454755501787e-02
8.348819708085093716e-02
9.280279470429014105e-03
1.452619631090517130e-02
1.808227916633628127e-02
7.085333578064154786e-03
-2.354547442798757967e-03
5.753864763865076948e-02
6.228927787342275479e-02
4.987099530232712297e-02
1.807134089970833038e-02
7.671095218306978047e-02
8.529160265093332915e-02
3.779601404567747847e-02
-1.631187539315268747e-03
4.663645324449705587e-02
7.594775247950745489e-02
5.911398846244968197e-02
2.689618476083786500e-02
8.692591826793832910e-02
4.597760408666211329e-03
8.699460016214494162e-02
8.535398870093906243e-02
-1.862057069464461562e-02
-1.968267469801686376e-02
6.273985785644467517e-02
7.530459758800160663e-02
-3.288025170232314331e-03
-3.845025170207225229e-03
2.646679139361927599e-02
6.178323667853966028e-02
-8.023893707170914533e-03
-1.523895873293561881e-02
6.675740463508203493e-03
5.551438169494353481e-02
-1.572525888599565075e-02
-1.473490645249620271e-02
7.200397905927584385e-02
4.331842016037394660e-02
7.890713984611018306e-02
3.305676101505103381e-02
6.972492216920879449e-02
8.324947204396607181e-02
5.196106404918127142e-02
-3.316225849263648023e-03
7.554959276708449190e-02
5.263048297824080013e-02
7.128454464269065594e-02
-8.218619928294076948e-03
7.260326377453725499e-03
-4.621719444356164538e-03
9.676518037454211185e-02
5.227225706941050765e-02
8.774751826059418169e-02
8.429997249196460873e-02
-1.027495320553275041e-02
3.355453136174595119e-02
1.243300046062493017e-02
4.797291656624266820e-02
-1.076515675026937235e-03
9.703955662386024028e-02
1.841831708177045848e-02
2.884102078763131280e-02
8.831005416242863892e-02
9.963792615275922360e-02
-1.733116569725583200e-02
8.746641624016739114e-02
2.466959883598643030e-02
2.597401209768642957e-02
9.036797994420919800e-02
8.078968244771736473e-02
8.839550211285072956e-02
7.901126700897347088e-02
2.957001575722180073e-02
5.662120065519397893e-02
1.010484811290200333e-02
3.217175716176469413e-02
3.155780546345696158e-02
9.261209570412841374e-02
2.046434152286840877e-02
5.067129686105913133e-02
2.690817362873343735e-02
2.474616217041878882e-02
6.588005857079974603e-02
-1.860519194099290174e-02
8.202852342078341408e-02
-1.880953651780045699e-02
8.195706949755116044e-02
6.282261038345771098e-02
5.103815132993125281e-02
9.816627776902056568e-02
-6.776007352608885356e-03
3.772889692822904706e-02
-1.490509628517233676e-02
7.490644698440264426e-02
-1.658166082887803025e-02
4.982624805306409832e-02
8.427493396529123215e-02
3.119961526649041306e-03
4.049723063335945727e-02
6.189649455161914948e-02
8.565897199551401886e-02
2.940362707679380558e-02
-1.611874324730826202e-02
5.411154033844699229e-03
4.029868813695561269e-03
3.537361825140117322e-02
6.676491699757203246e-05
4.218509740645348671e-02
5.849731510371097842e-02
7.819725970184721042e-02
2.219414297506251341e-02
3.305976686741614323e-02
7.027606551137285940e-02
-1.872632399636533010e-02
1.604382644344163819e-02
5.755523998830337773e-02
1.823666998199905201e-02
3.995445974837040504e-02
8.868577430009551288e-02
-7.433013811323128939e-03
7.556802995923302124e-02
-1.931762049860757946e-03
3.794085338036805310e-02
1.960974447171005483e-02
8.720465506467341144e-02
8.683860233581579269e-02
4.109967073598019827e-02
-4.740017048295816146e-03
4.112495806241406315e-02
2.185150757877729610e-03
3.157685276805355379e-02
6.364968050889745210e-02
8.124006115217285995e-02
-5.114747493781645130e-03
2.625490821300782013e-03
-1.135919699893212648e-02
-1.431580124774978202e-02
-7.702895881459611432e-03
-1.335559675118107303e-04
-5.620490476415879524e-03
9.174166853382886844e-02
9.614087744201019192e-02
6.323724077867687310e-02
9.389935148850496460e-02
2.715664306801178138e-02
-1.510763448060097741e-02
8.159345294216599487e-02
3.377159928271532274e-02
-1.610246158221264115e-02
4.079465194098934322e-02
1.959996303391952147e-02
6.443592205547156448e-02
6.649956052970500131e-02
5.590191705565614178e-02
3.802269471874142326e-02
6.798881859829591923e-02
4.300720221200787785e-02
2.355672809013721267e-02
3.759010472591083063e-02
5.172301651721258886e-02
7.643168639214235893e-02
9.116232460150976158e-02
-8.196606684683404101e-03
-5.271639908914459161e-03
2.148975706479546235e-02
2.343820433428735542e-02
8.404892943326268406e-02
2.041399663367839470e-02
2.808725135183734803e-02
2.821031190212990383e-02
9.686624633169299559e-02
3.276668394558794606e-02
7.382237011436898477e-02
8.810621239593233178e-02
3.547999861312600700e-02
5.259005146528709929e-02
9.170846462412694799e-02
1.252127938859967995e-02
9.202582444386514515e-02
4.409174305671993699e-02
2.230626688592987975e-02
3.771756478095630860e-02
7.464105911176231734e-02
5.797926867254674099e-02
7.790834274161967388e-02
-5.530424712857704220e-03
9.555970533174189263e-04
8.070224048076199419e-02
4.604253298965009511e-02
8.389145444908183147e-02
9.165057694792380638e-02
4.554666242078347915e-02
7.659815102964692701e-02
9.359469252781436877e-02
8.477179536609309729e-02
4.459503714322481105e-02
6.647784137938718418e-02
-1.336648616317523408e-02
6.493823598383309526e-02
-3.656650469330439968e-03
7.692791381877579771e-02
1.574471359002538665e-02
9.693704252540698285e-02
5.670874135298632768e-02
-1.952933617610492015e-02
4.395973509397713141e-02
4.771268638911208004e-02
4.132123503909557183e-02
3.256662469183074782e-02
1.545892575649146505e-03
3.204478053035676732e-02
2.193069599506200160e-02
9.063446401167236932e-02
7.622862400388427662e-02
4.632441910411841390e-02
2.269558742757776457e-02
3.173583725885611995e-02
5.464206074048368056e-02
-8.251749752966932791e-03
3.504035521011783505e-02
-1.548402658785961138e-02
6.402828255696849102e-02
9.514814058264743635e-02
1.325648290892812026e-03
9.848197800507103861e-02
5.181115194832636162e-02
-5.014533627516158665e-04
8.380221707047480484e-02
6.363973231968238220e-02
4.456495305761025427e-02
2.196366630255710412e-03
3.018373432379604579e-02
5.384749511825735746e-02
6.673710540078438280e-02
3.509671068907251057e-02
5.229932516938461118e-02
3.437668115880641861e-02
8.262300613111989156e-02
-7.206011041045181156e-03
9.688327513920805267e-02
5.931233311586585344e-02
5.571817990785442321e-02
9.864271702148542931e-02
5.375427310941643944e-02
8.045608300873882679e-02
-1.498039866954948597e-02
5.287500763350872629e-03
8.618258115388710561e-02
5.462337243359354638e-03
7.969516161141489141e-02
7.348739087230909961e-03
5.794954521081481513e-03
9.886947655500818999e-02
9.125605943455372682e-02
8.545907630742405336e-02
6.995579991881402393e-02
1.987871310302513281e-02
-1.311685131058874104e-02
-1.803738299186844266e-02
6.172927291725259502e-02
-1.355520508002282763e-02
7.415273467711805400e-02
5.282543722475618181e-03
3.448762590704325393e-02
4.616095304102749153e-02
-8.110744384850869515e-03
8.385761966694302294e-02
2.606152392503564841e-03
1.589151684938105644e-02
8.580330507896118120e-02
7.627219284262808097e-02
-1.998335479774807077e-02
-1.172164588285501234e-02
-1.664128035562022906e-02
8.778778814791901586e-02
3.668277839298229870e-02
5.823452223929534433e-02
-1.304872695231557717e-02
4.827576630934879431e-02
2.199624781173997734e-03
8.729723246822350402e-02
3.944515659407996089e-02
2.118745197972799268e-02
7.939325117487462669e-02
7.925989566016218568e-02
2.852604509707771033e-02
2.689210703294399318e-03
9.323639836230335209e-02
2.044394035982940658e-02
1.662798404329192750e-02
3.928149862420748928e-02
3.520874596341674878e-02
1.049283346111469853e-02
3.921279762639087729e-02
7.498879547549941460e-02
-4.409969932082615646e-03
-1.081781517754958760e-02
3.094867346591404986e-02
1.678187054581820395e-02
5.112837204564800453e-02
-3.711555766633622966e-03
-7.401909245014846872e-03
5.729706651934877992e-02
6.567039070852884186e-02
-1.088153159654333020e-02
3.708061281051172609e-02
9.410159854128183343e-02
7.106664116812111409e-02
-1.051076765124381654e-02
1.438235140062166240e-03
6.786075327443741312e-02
2.191004345442540066e-02
4.330797261114317787e-02
6.519281579634210455e-02
5.892272578078165679e-02
-1.720121319479887834e-02
3.838832512741613412e-02
6.765221244948711743e-02
1.146131343749281009e-02
7.303346285833800522e-02
7.387707454782750649e-02
7.296122725775937290e-02
3.136776949148793736e-02
8.252992646253175246e-02
2.635336835422273302e-02
7.650957630680188526e-02
3.461727963677378728e-02
6.386823043284365481e-03
7.797945174421386239e-02
1.110021687959810918e-02
6.809740431068167510e-02
4.483965605760545370e-02
-1.101692513440314172e-02
-7.870331896328852661e-04
9.550548083054138937e-03
5.211206705365328817e-02
5.957082079846130751e-02
8.245176351190905417e-02
5.122289021706075141e-02
6.493512679819460343e-02
6.545902619133303624e-02
4.130874201795808887e-02
4.900350115182618149e-02
5.819688221257997285e-02
4.017742756789384473e-02
3.412992194399271095e-02
2.925272673386807368e-02
6.344846205487178481e-02
3.377299125969822347e-02
7.634769831694587783e-02
4.242471921879936714e-02
7.740189004824550578e-02
6.939555728088289688e-02
4.566125324458276957e-03
3.950588525119359817e-02
-9.940929978750142823e-03
6.247520114793715662e-02
6.517972986638070898e-02
9.722245203483530218e-02
-2.823360494988918362e-03
-1.571743537365720422e-02
8.623176198249303537e-02
6.129292107551001512e-02
4.190149941556575719e-02
4.167496089712229013e-02
9.088271971566115603e-02
-8.912227694761387306e-03
6.239893469820766148e-02
-8.008742063685540466e-03
4.794216015363403360e-02
6.219563005224607033e-02
1.971783075943686278e-02
1.755796174667912518e-03
8.719660951663726900e-02
8.732677362445942504e-03
6.978307732475175218e-02
6.028936945595829433e-02
-1.100065717885189559e-03
8.675272256643673519e-02
1.518971203484564478e-02
1.123091382575758593e-02
-1.557979476396743890e-02
2.597452656831848380e-02
-8.867426022858570372e-03
4.320667164290626500e-03
1.782205349345089562e-03
3.525751037170042623e-02
6.916694722686043961e-02
6.684587421128199147e-02
7.369181812358911732e-02
7.664876339473287309e-03
-6.224981616817120908e-03
5.349619547088277360e-02
2.382679198898472739e-03
7.709350329472537677e-02
1.779763745677575421e-03
2.193788544113852920e-02
5.460966694670915667e-02
4.193369702652480213e-02
-1.371171031346277505e-02
8.496893398540616982e-02
5.889108707748932914e-02
9.921687560349300161e-03
2.409327520661102076e-02
4.372381380791406924e-02
8.726045046710013964e-02
-1.662764336742849833e-02
3.838132643479359729e-02
3.430349876921102992e-02
8.365067192006778174e-02
4.820685426127327422e-02
8.782894321725259745e-02
-1.849186152219473023e-02
4.286924937591982121e-02
4.668324215107727548e-02
8.179856256423610750e-02
8.415278983859707240e-02
3.204943098530915746e-02
7.691038553454186688e-02
1.031980088430153181e-02
-1.255155512124980777e-02
7.942276050428399153e-03
8.107615713785655542e-02
6.842332388060755333e-02
3.447731993164306064e-02
6.753546954856667894e-02
5.270703914431545956e-03
9.432130252173928642e-02
9.692670434853800643e-02
1.774061726803674230e-02
-4.052992773241264474e-03
7.474082843981878777e-02
8.796396676287109029e-02
-7.857566232336736511e-03
9.943781080912109105e-02
4.521963880724802487e-02
1.716863011406964332e-02
5.903456109818892850e-02
-5.474075804260895850e-03
-1.970313383092725870e-02
2.035614861214726443e-02
1.445143573799112860e-02
4.334019950964793089e-02
9.017594896203056515e-03
-1.672593573900826164e-02
9.566523730780150669e-02
3.519702429796855991e-02
7.939192125750076101e-02
5.028141470337263441e-02
3.792056095467212506e-02
4.380520123919810771e-04
-5.417200021171065388e-03
8.491683366634782126e-02
3.443536385536186128e-02
8.585709076814201923e-02
7.491822605978221139e-02
5.445000136421490611e-02
5.656211482951914449e-02
6.987252827434294045e-02
8.537337191099493572e-02
8.769114713039625336e-03
8.945989826123092181e-02
5.572809917823071113e-02
-1.444530302004984335e-02
4.727807193890602722e-02
8.966433033870877672e-03
6.852908641245197829e-02
-7.854783542910331873e-03
8.228919962897256191e-02
2.506064166914044253e-02
5.305654936330844729e-02
8.112986595839093151e-02
-5.942772119486615726e-03
3.622841826266706700e-02
-1.243161311050596657e-02
9.263541862259139226e-02
8.524511405420417964e-02
8.765289207646069503e-02
3.102108862323865388e-02
2.174336862403116258e-02
2.200201668602963859e-02
-9.997508725033807733e-03
-7.303544831503997956e-03
5.044908727620311950e-03
4.543249805677872233e-02
-9.742183703333556072e-03
4.147834255496193195e-03
7.753230450574118138e-02
2.691802355678137373e-02
-8.707849368464297413e-04
2.425325241573970600e-02
3.830578980795590338e-02
8.304517431895808155e-02
3.508275081664358197e-02
-1.817473124060652034e-02
5.062079188323409529e-02
5.632608502745864443e-02
-1.382147755930434804e-02
5.614138652103255189e-02
9.987003433403100761e-02
-1.690441544777506952e-02
4.704898212914339350e-02
3.491586742531208043e-03
-1.179366309941205782e-03
8.326818313716605191e-02
9.499189597923790584e-02
-1.067831481247125125e-02
6.486791266938055078e-02
9.857978306944886748e-02
1.335569905072522476e-02
2.269474329536266474e-02
8.775733690873178949e-02
9.702732932535550192e-02
9.582375357003929117e-02
3.204163018951158848e-02
6.865538606793429588e-02
9.377669336489134755e-02
4.604829252054940675e-03
9.104493028045097802e-02
9.356256672580062772e-02
2.895526202781921812e-02
3.514209643539775718e-02
-1.674507407531555803e-03
6.546729589422296824e-04
-1.606868322699470802e-02
1.176489159291721140e-02
5.596487313680563458e-02
8.925409938003475707e-02
4.564421026106195434e-02
6.294449351223387057e-02
2.086527637542590422e-02
4.326931635657287056e-02
-1.438724022448319845e-03
3.329554584920972615e-02
-6.154194033933298863e-03
3.528251586733947842e-02
2.817107556775387198e-02
9.253684263188929893e-02
-1.897731545027303568e-02
1.859194720440458803e-04
9.746382398175794382e-02
7.365718947208062251e-02
-5.789523273049676164e-03
1.374208437989871828e-03
1.448213565138558104e-02
6.626990315659606057e-02
8.111056067345362441e-02
7.058204281269656044e-02
5.482397983258884000e-02
9.897617787539982059e-02
1.758629484187271275e-03
1.255004228924595094e-03
5.617518660876959224e-02
-1.164832870141495336e-02
4.359757776202967394e-02
5.536121500892998704e-03
-3.243160110324598555e-03
-1.538720182372399492e-02
4.967808998256180442e-02
-9.513263252486945515e-03
9.752635242327910292e-02
1.735054433234100787e-02
7.803454525125440300e-02
6.032001709251957888e-02
6.471607352518508882e-02
6.268992144880335127e-02
1.698014068816575128e-03
2.635408473948959787e-02
6.910695671757288716e-02
-9.073077089260332337e-03
4.984411838719438048e-02
1.054145920215965315e-03
6.217019577441057487e-02
9.686924129283254470e-02
3.539990018548290485e-02
9.802853631022880043e-03
3.062060146775886019e-02
1.212234097022843113e-02
2.779694909323202415e-02
9.524067759790047494e-02
8.359326572522372822e-02
4.280639358276991380e-02
2.604234260728184938e-02
9.386124737276776986e-03
5.482217343816929433e-02
6.147800259338129236e-02
6.664394379882082609e-02
3.019381642340996860e-02
6.809547899039256058e-02
4.474880291043147051e-02
2.005446516869441656e-02
-1.790237366712214145e-02
1.147519844876061096e-03
8.357960120756673106e-02
-1.735497154103463405e-02
3.929711025045951045e-02
-1.024764326598343045e-03
9.464375343204059488e-02
2.499099861409493847e-02
6.485517954262513818e-02
-1.203763879721639514e-02
4.470826479414273524e-02
-1.098516257452244495e-02
-8.380254917190863365e-03
6.152232920581524045e-02
3.149441940545989749e-02
1.840828071851062162e-02
1.843500302106526254e-02
5.375553933803277340e-02
7.233101871940564309e-02
4.126188004197466064e-02
2.393518058928096118e-02
6.323884382816082061e-02
7.978288281516417169e-02
5.054740625532888609e-02
2.323749038507297651e-02
4.674883919401809362e-03
2.510951825786218380e-02
1.058756021875794165e-02
6.359164657576170387e-02
9.382886150637112510e-02
9.444734486895148273e-02
9.779911516136923638e-03
1.763453789215585835e-02
1.756647493020004405e-02
6.561597856237842696e-02
-1.129122757239011191e-02
2.920215747990062213e-02
2.742990327026542316e-02
-1.644002419953496941e-02
2.750294596911851200e-02
3.365218801296258888e-02
-1.866626687817113731e-02
9.559395251843783026e-02
-3.213924469923336302e-03
-5.144424229030462870e-04
2.371874556769794015e-02
1.064890022150151438e-02
9.420284161744414686e-02
-1.285469049904824565e-02
-7.821778926135459706e-03
7.340813058894356258e-02
1.253382663413446160e-02
-1.186609117245065841e-02
7.077460673878303854e-02
-1.853139198758695788e-02
-4.869671515459006103e-03
4.810812816945662929e-02
1.991372347488809882e-02
8.610119564290640015e-02
9.592463797749702092e-02
7.053664852100370586e-02
8.210315238058790710e-03
5.863638770597898175e-02
5.485845086009029370e-02
5.082595848915925918e-02
9.382094246067564092e-02
6.604116586358536878e-02
6.404608432302097420e-02
2.149634732988070160e-02
7.547135202096569295e-02
3.831822857040463604e-02
5.596651479781919458e-02
9.207813630170294528e-02
2.886333559446137634e-02
-1.208520774571381767e-02
9.193126833197072523e-02
7.912521811396797111e-02
7.495134174193110455e-02
6.653572819713064745e-02
7.076131687768640044e-02
5.084044170533247309e-02
