1.086100802702155255e+00
1.047190042547240907e+00
1.047591035164238793e+00
1.022671652584818958e+00
1.049650094829325919e+00
1.083651772716867523e+00
1.071986256296227902e+00
1.008809284190478772e+00
1.063627714366975452e+00
1.063380047607764389e+00
1.052327845085710312e+00
1.075508599525615505e+00
1.009152605164204131e+00
1.037127641562428870e+00
1.085224048478615311e+00
1.028999298436318544e+00
1.014567493963234313e+00
1.099507206340912591e+00
1.049613859602631427e+00
1.010424932389506258e+00
1.096608913126515539e+00
1.090412088755640996e+00
1.022282693372196904e+00
1.094510485107663023e+00
1.042975710664933109e+00
1.076874955757372909e+00
1.082770553102466504e+00
1.068782332366276844e+00
1.015865531243373754e+00
1.079621610649978747e+00
1.093339594630842626e+00
1.070392029138248269e+00
1.029727487923726592e+00
1.033383394708428771e+00
1.037035764511198943e+00
1.033510183976536601e+00
1.072826031957906157e+00
1.040961734534204819e+00
1.019139604766035490e+00
1.069881887170063495e+00
1.002530849219930520e+00
1.040207287515330759e+00
1.062696226549818102e+00
1.024662352618816330e+00
1.013508830711845832e+00
1.023296132354210464e+00
1.051068570612242237e+00
1.052120843588752130e+00
1.093887463647766678e+00
1.096018292938310879e+00
1.079164508875782857e+00
1.066893481673246269e+00
1.053850574402741769e+00
1.057288237198711345e+00
1.044474454465783131e+00
1.082933194914174280e+00
1.077443141274132543e+00
1.090142415237105311e+00
1.047718946562348208e+00
1.075976779118155147e+00
1.075952675142340498e+00
1.020531114040910348e+00
1.058396708062760538e+00
1.059790303869396100e+00
1.039455978660655422e+00
1.043392499387976180e+00
1.065504308919152265e+00
1.013464177939099153e+00
1.051531859462906171e+00
1.044982670020149662e+00
1.066848733472679722e+00
1.079458349460914901e+00
1.017602800636166149e+00
1.096117792671286173e+00
1.098366347750062033e+00
1.078119507477320438e+00
1.029741539081213464e+00
1.012418021332450069e+00
1.023113655238077291e+00
1.035207105004058992e+00
1.004893512068422812e+00
1.098449450297369845e+00
1.052086131097381250e+00
1.095544983849479070e+00
1.098947971480082053e+00
1.057009735480542778e+00
1.037471093011363310e+00
1.048783000819133226e+00
1.093217078745507109e+00
1.023961725740846429e+00
1.020525805636798733e+00
1.089531017710733352e+00
1.093741773386482929e+00
1.030920242426952571e+00
1.023847111655546538e+00
1.002568305199770471e+00
1.069193587519217559e+00
1.056705605261027081e+00
1.004264799397191821e+00
1.001591075940730935e+00
1.050381726937080984e+00
1.003285250344191137e+00
1.099978282610099001e+00
1.070553297353185052e+00
1.055081034584599786e+00
1.008845239080695677e+00
1.046569307391222114e+00
1.022411545522190046e+00
1.011481629627578149e+00
1.062173035172079283e+00
1.027672461771661494e+00
1.041526972184532607e+00
1.042597904501156858e+00
1.016821885781868939e+00
1.005136534469711851e+00
1.009052297118355090e+00
1.053860221325763735e+00
1.018356586087993954e+00
1.064085271905276020e+00
1.094538993493242574e+00
1.066900121896310116e+00
1.062004494138063748e+00
1.040977048570064012e+00
1.009985502654237921e+00
1.064256481696961520e+00
1.002050405399724564e+00
1.049472240527793421e+00
1.023281358149641385e+00
1.037331667009247615e+00
1.039432747657953682e+00
1.019301579128582658e+00
1.062334597465515396e+00
1.040890610687142281e+00
1.058521391033495407e+00
1.054872525823303597e+00
1.053267528247852747e+00
1.007890333387842396e+00
1.016395786183699412e+00
1.037571391016198552e+00
1.099253080865951304e+00
1.043768787437239665e+00
1.097168587220121783e+00
1.011502131853776021e+00
1.005336812677846803e+00
1.020618759589582147e+00
1.022326063867213808e+00
1.077811521365688252e+00
1.052337642686312469e+00
1.040659024247397202e+00
1.006165679316251893e+00
1.003257464085270056e+00
1.038820080728296347e+00
1.020972053874186436e+00
1.015744427650403292e+00
1.008197125784032089e+00
1.058780985250995954e+00
1.084375980380708704e+00
1.061935384638833968e+00
1.037694269843721706e+00
1.076075388620574946e+00
1.052617070594369375e+00
1.016842700840268288e+00
1.065419998305721316e+00
1.052922221008709913e+00
1.082595718755110958e+00
1.004899816771132048e+00
1.084455581790076728e+00
1.033950430908580742e+00
1.001004135367548953e+00
1.015763795397424563e+00
1.007706264330410217e+00
1.006509151145883685e+00
1.046632616777966485e+00
1.094116342865001146e+00
1.070362155841330543e+00
1.048277098409864605e+00
1.052903914663214646e+00
1.094847994871076757e+00
1.091498914858342273e+00
1.052516904845954171e+00
1.081692503907800251e+00
1.027932183949950451e+00
1.034315841558427929e+00
1.057521483425028830e+00
1.032532804720409869e+00
1.065004745511912487e+00
1.050229420938384450e+00
1.078951893943917328e+00
1.087181160450425121e+00
1.045755653540395125e+00
1.083970873664700019e+00
1.034339915379941299e+00
1.006628277379251424e+00
1.057017599164538968e+00
1.004437560675259355e+00
1.040293367636156319e+00
1.019257624544177343e+00
1.093120485915204387e+00
1.021831982554353813e+00
1.040120454597830646e+00
1.037182961093353395e+00
1.072905386418230078e+00
1.072711970843406748e+00
1.007796493635374269e+00
1.087090764729111259e+00
1.024033542798689966e+00
1.064642331461663760e+00
1.023214085511193305e+00
1.056032095994609232e+00
1.090403766822569898e+00
1.034696977403577689e+00
1.047808818607424364e+00
1.069300173332131454e+00
1.027175707499211610e+00
1.063480488660293322e+00
1.008341020643630959e+00
1.068576258177814431e+00
1.093737421952334810e+00
1.037123287556766638e+00
1.008062547340897952e+00
1.029069745509473499e+00
1.060163486691023671e+00
1.077578828479416995e+00
1.064916287463771649e+00
1.058221169617986623e+00
1.084091131354716575e+00
1.001257194186552457e+00
1.011548953949836349e+00
1.047183801207493437e+00
1.077168797971581604e+00
1.075365965846790006e+00
1.087787512860637129e+00
1.079651838765451233e+00
1.078962131045546391e+00
1.039076054279973516e+00
1.082638679009281235e+00
1.055471067376425154e+00
1.049009292814612859e+00
1.071817837625281378e+00
1.070769171425532740e+00
1.080490710163254819e+00
1.027540893232098629e+00
1.012128432930725186e+00
1.050414795906971177e+00
1.073453660539759991e+00
1.099773660315134682e+00
1.074324283778517408e+00
1.051397914914247389e+00
1.086695632282139057e+00
1.021468107255850910e+00
1.062623693511616674e+00
1.054229468864575914e+00
1.014083852423407928e+00
1.019710593389426379e+00
1.068647704081718608e+00
1.025405211051593213e+00
1.098995086483500749e+00
1.035569780668925466e+00
1.010757151849086544e+00
1.021778364436721542e+00
1.056566666832707169e+00
1.075799662845512650e+00
1.065143768182525541e+00
1.084368374352566278e+00
1.011866820877048712e+00
1.085084789213421219e+00
1.024599639271104312e+00
1.070372418000310688e+00
1.083721031104178500e+00
1.097876443212852937e+00
1.000519299228209924e+00
1.022073649553757901e+00
1.027242071527031397e+00
1.063732455608826788e+00
1.037156090660946939e+00
1.044092075833685573e+00
1.084854285583175981e+00
1.000833483933412982e+00
1.090983439467852367e+00
1.057622451155051158e+00
1.060573650782268063e+00
1.037858827334189771e+00
1.014962623771985761e+00
1.082187814219166100e+00
1.078531744325439856e+00
1.001098248992956963e+00
1.003415498587479693e+00
1.039073487291766629e+00
1.041494177040472424e+00
1.019425055622966925e+00
1.002725554969936095e+00
1.076160269907959544e+00
1.010828914728013617e+00
1.026651063481623272e+00
1.004637607333414673e+00
1.000749863203577394e+00
1.093380613621114383e+00
1.077698523043405743e+00
1.066394352126970313e+00
1.011982991179487978e+00
1.036122990835449675e+00
1.006793911637407168e+00
1.064793271141131203e+00
1.030658094467146846e+00
1.085690971615175471e+00
1.012513916679158799e+00
1.003281020545448765e+00
1.071589556330078130e+00
1.051381099956212983e+00
1.003092696692682528e+00
1.091285989286253200e+00
1.007664295611602867e+00
1.053850950473147030e+00
1.072440469309043243e+00
1.010256898075905241e+00
1.057323582280551122e+00
1.068661219117834849e+00
1.003983375574489134e+00
1.052060913125220321e+00
1.063044216583430623e+00
1.018178383632303730e+00
1.057772392194829658e+00
1.037771820925690980e+00
1.028475530933161242e+00
1.077574838604125951e+00
1.065239241869748721e+00
1.009136332160148974e+00
1.058563653507619273e+00
1.023972229694488645e+00
1.090314234029303719e+00
1.059311327443871908e+00
1.062736434696088805e+00
1.059328454216814430e+00
1.040849288664366989e+00
1.093482165175779341e+00
1.076522337667070062e+00
1.040055821292867000e+00
1.088244929189096322e+00
1.040956893383875759e+00
1.075493012430559281e+00
1.028078455743111963e+00
1.089076408787693850e+00
1.053169652766508646e+00
1.086769333543039062e+00
1.018081369975175843e+00
1.090431347065918599e+00
1.086378475776053509e+00
1.067300132689430470e+00
1.014407464620279198e+00
1.088761249044195578e+00
1.093203652543172977e+00
1.087780677208235680e+00
1.015904362476880429e+00
1.015092042631004832e+00
1.056418820598141517e+00
1.085395665539118593e+00
1.049842917275744414e+00
1.076319395742695306e+00
1.061786546735684844e+00
1.084945034461293423e+00
1.095438033533118638e+00
1.017869771901946052e+00
1.006978459206553822e+00
1.024618119254643744e+00
1.063783569394235018e+00
1.091645079470251689e+00
1.043757519679181289e+00
1.066390945062954287e+00
1.041390105238994224e+00
1.019942469887976211e+00
1.096368872095287994e+00
1.047149701477748218e+00
1.034599821054247082e+00
1.029155557408887756e+00
1.057569558520684794e+00
1.022563430993932654e+00
1.065586509005203908e+00
1.041125525499780213e+00
1.007310505448526072e+00
1.094444875450770294e+00
1.072814861280811938e+00
1.010485554136762554e+00
1.080438608049761884e+00
1.081001812560755893e+00
1.054157933486246534e+00
1.018257053363376574e+00
1.003083542787069682e+00
1.055981138488400140e+00
1.050274638794311599e+00
1.055323783451622699e+00
1.011976528118277985e+00
1.027129700353194286e+00
1.030332464874665677e+00
1.013877439828734683e+00
1.008973090484452495e+00
1.006534306917322263e+00
1.076851563061681505e+00
1.021999761682928165e+00
1.057540332354170109e+00
1.040056528440761019e+00
1.014170712758895698e+00
1.034381593343082439e+00
1.033998300034413953e+00
1.093300958303682124e+00
1.050626986119749473e+00
1.066771630860581244e+00
1.056765204101997258e+00
1.042222121109311006e+00
1.010017588151725265e+00
1.096410375380989288e+00
1.057545722891748863e+00
1.043230903805040022e+00
1.078971004123458366e+00
1.018385493102939909e+00
1.013295679296758678e+00
1.075340928236251603e+00
1.070490556946868344e+00
1.069537143795723066e+00
1.052461775950488621e+00
1.020978288527448319e+00
1.015759475388066990e+00
1.019749555027974264e+00
1.025937086493864614e+00
1.007813617887826085e+00
1.074218649432360229e+00
1.002393095287945846e+00
1.045614943552688914e+00
1.054739354414729657e+00
1.009807209429548935e+00
1.047973858394777302e+00
1.089012019554574939e+00
1.003204751106714587e+00
1.079462558974543906e+00
1.032118474336945591e+00
1.052217255910183447e+00
1.098468812984081389e+00
1.046999171512050575e+00
1.051803718832853063e+00
1.059684189868673299e+00
1.045733553374114333e+00
1.030310137965556150e+00
1.081140589218598791e+00
1.024012254090894247e+00
1.008620994637331902e+00
1.069477458037865647e+00
1.055717113610645796e+00
1.023478424463694747e+00
1.068961903111695921e+00
1.042680036309673763e+00
1.012000258020748111e+00
1.097420155984468071e+00
1.081516131577810347e+00
1.008903362776239376e+00
1.094588282312004113e+00
1.069655512006298492e+00
1.009271208147378251e+00
1.046177002630296782e+00
1.027123009484144589e+00
1.084802233687528039e+00
1.056655459319018497e+00
1.050334869426781559e+00
1.036959816258933520e+00
1.044369619186966247e+00
1.097640538933584597e+00
1.002034290796733007e+00
1.018496012889576807e+00
1.045436938166489638e+00
1.039417789363610511e+00
1.077076247406114629e+00
1.012038295400840893e+00
1.022658414173349239e+00
1.095607551064026630e+00
1.056845634546532020e+00
1.018750007277785308e+00
1.044934142457830895e+00
1.055949861826189107e+00
1.022773211303607432e+00
1.024879592820753693e+00
1.078716000306844114e+00
1.043746017199046916e+00
1.084657774708107869e+00
1.095569719708115120e+00
1.087252027986441494e+00
1.032977566913227507e+00
1.010437043461606565e+00
1.081677765546309233e+00
1.058199589021153963e+00
1.098739561109630003e+00
1.046070758001601986e+00
1.036016590028403073e+00
1.069890198336860276e+00
1.048756333138960883e+00
1.070171734518590378e+00
1.007734496388808187e+00
1.042056987773526844e+00
1.028017665468263564e+00
1.057173521332209987e+00
1.076507210468549136e+00
1.095587794151136940e+00
1.045645797572437807e+00
1.082505877618456180e+00
1.054842308104285920e+00
1.046470868733029747e+00
1.030523406406884668e+00
1.023727017368609715e+00
1.028485697266898535e+00
1.014431503641594512e+00
1.080295214097490852e+00
1.075548696176635177e+00
1.059410041390606905e+00
1.025345938829237635e+00
1.002588234633861930e+00
1.029576477924158961e+00
1.072936190240757037e+00
1.094557647561308356e+00
1.028105940713524458e+00
1.029810516950886878e+00
1.064952874891398782e+00
1.078652280994935708e+00
1.051751708635084270e+00
1.092441561913458870e+00
1.090397125841906956e+00
1.041797990582193023e+00
1.014128800563762312e+00
1.020302568694875234e+00
1.045160648902264233e+00
1.030027584232878102e+00
1.018789165221457571e+00
1.094545513373607060e+00
1.076917415007638379e+00
1.010610446279584185e+00
1.028352962556964512e+00
1.014113155068887107e+00
1.060293655823054682e+00
1.040469670593219709e+00
1.062253442095594469e+00
1.029898729971354676e+00
1.021280027560406589e+00
1.083741489028697602e+00
1.056380664576011874e+00
1.089227831064962793e+00
1.080575315902779110e+00
1.032614975950045588e+00
1.070578134377717205e+00
1.055791026467188809e+00
1.020033096692500862e+00
1.001593794600031506e+00
1.044391829988326137e+00
1.027522908839361371e+00
1.080246401804561218e+00
1.058712031855143509e+00
1.062639730860938103e+00
1.098526583771860299e+00
1.037663809171349039e+00
1.075313796860475346e+00
1.077626073470432599e+00
1.001825052443276576e+00
1.079640205769476280e+00
1.003832217087774703e+00
1.003445503972344666e+00
1.078660337968551097e+00
1.021298223599019561e+00
1.001287882672046825e+00
1.008297819921651683e+00
1.056504867090968691e+00
1.022691127376943010e+00
1.055605850917558763e+00
1.008963396064551876e+00
1.057124591450550710e+00
1.004881709917677668e+00
1.098092225082951678e+00
1.008011441713263290e+00
1.080082157098274376e+00
1.000404300596149154e+00
1.017695103336572426e+00
1.034345378073439514e+00
1.052835784169918076e+00
1.098720926282049648e+00
1.044097081110200387e+00
1.066564548703971660e+00
1.061749024975495281e+00
1.092488913764315450e+00
1.060117183213756586e+00
1.086510693843158570e+00
1.040033268343986350e+00
1.003641921314522012e+00
1.006336668657058508e+00
1.024073689049394220e+00
1.065483142615596623e+00
1.007327659381907825e+00
1.080481421649946983e+00
1.078001886911435836e+00
1.087244884934118749e+00
1.002107041147720201e+00
1.033067494215647919e+00
1.081603722240756404e+00
1.025256633335547063e+00
1.046961511828959246e+00
1.093858642238203727e+00
1.058764476153160272e+00
1.069491298853204597e+00
1.016413325725084027e+00
1.099711797721144579e+00
1.007022952455502551e+00
1.008610499988100484e+00
1.059369464396747285e+00
1.036417831540658030e+00
1.038207358612842857e+00
1.052810290591478015e+00
1.001726650339851643e+00
1.022682702370967256e+00
1.075564106308432244e+00
1.070213684513512620e+00
1.038133075425850427e+00
1.068487872253243154e+00
1.036520714806504984e+00
1.035703877005374585e+00
1.090195948746736976e+00
1.099630584300920422e+00
1.009472899170277049e+00
1.013555782120792337e+00
1.024129007796267032e+00
1.095647314597830047e+00
1.053768365489342607e+00
1.082939854780052613e+00
1.013085316198570895e+00
1.087790003821656803e+00
1.042919997270400856e+00
1.013461823310588761e+00
1.014937757665406171e+00
1.043435707419142933e+00
1.066353213334053196e+00
1.036316873762765045e+00
1.057602042641666795e+00
1.047442526155534903e+00
1.042788214002830838e+00
1.052118671976477682e+00
1.052336695300946534e+00
1.046079860298903208e+00
1.005350433608777738e+00
1.005323114169423881e+00
1.033185294443357938e+00
1.046288363560627266e+00
1.016794572061334057e+00
1.042535228441314299e+00
1.068564677838864219e+00
1.028152530983940105e+00
1.034821063247097550e+00
1.006143402311633128e+00
1.066192966025282018e+00
1.024574607811498117e+00
1.031021767572799286e+00
1.018255448691264053e+00
1.048447758648220152e+00
1.098272201769893597e+00
1.070569438134746587e+00
1.057864863414044621e+00
1.064491783609690323e+00
1.032490999136500776e+00
1.046732598958302951e+00
1.079423336604395933e+00
1.062792687251749912e+00
1.085706532426260917e+00
1.024394737455528004e+00
1.084189630594997622e+00
1.087796897587971046e+00
1.084347477093802414e+00
1.096882467166187869e+00
1.013714840144337215e+00
1.001075348181944324e+00
1.053191376873322316e+00
1.081641726371768808e+00
1.016891863573496702e+00
1.074407131323791509e+00
1.059372338649768430e+00
1.033583347113833373e+00
1.030154302626890006e+00
1.062755883471889318e+00
1.058860757636418626e+00
1.034958144394986901e+00
1.088702942920787731e+00
1.069748498129012848e+00
1.036830425174286807e+00
1.049920419534872806e+00
1.060029148574689772e+00
1.091988877604017416e+00
1.016501779690075491e+00
1.093396822381789812e+00
1.039107649007958933e+00
1.033799650923064695e+00
1.086039839071359925e+00
1.045936010723093279e+00
1.007253953962349069e+00
1.040108850327428280e+00
1.070948918835607166e+00
1.085242002424289032e+00
1.003372616539670137e+00
1.025218545046445717e+00
1.041971913404423855e+00
1.067849373954618430e+00
1.032582195789975676e+00
1.061141590199593088e+00
1.056841052295511396e+00
1.009217410594725139e+00
1.096424974292073973e+00
1.062927429515001521e+00
1.033389986310952580e+00
1.040113118528120051e+00
1.064414040732122979e+00
1.071350033937034318e+00
1.058870860257202118e+00
1.006862247045576808e+00
1.043810694172714770e+00
1.035621073790537139e+00
1.028395620800875543e+00
1.023366561335051106e+00
1.023134470534819096e+00
1.001397346983844860e+00
1.096744313665208193e+00
1.070144802445880838e+00
1.073325582836808678e+00
1.027172870395479665e+00
1.074872155163462573e+00
1.078106141199703272e+00
1.079065412028192839e+00
1.011170467143490459e+00
1.001817351925019972e+00
1.043175293957496752e+00
1.047335418806325080e+00
1.095383360819577989e+00
1.080990228358419403e+00
1.058407191884558785e+00
1.001262425740614637e+00
1.025236162982756660e+00
1.068819550110737815e+00
1.012726221529153481e+00
1.097579521901685951e+00
1.084651325555335166e+00
1.087039499999579384e+00
1.086708809150938704e+00
1.021776375437249307e+00
1.037490605986206793e+00
1.000951546087087696e+00
1.054166545024358914e+00
1.034045753157580627e+00
1.059717551636550015e+00
1.024920418806987366e+00
1.091401051452425941e+00
1.083662803857957879e+00
1.006419675194006214e+00
1.046978832662924352e+00
1.052287539213047518e+00
1.038198160050964436e+00
1.044082941626564232e+00
1.070242553121715012e+00
1.072217997281124102e+00
1.062716878421568589e+00
1.015513594431485922e+00
1.026928259611912253e+00
1.054878705798099503e+00
1.056063849557851375e+00
1.035546189774172232e+00
1.097521092180753444e+00
1.081657945351853556e+00
1.017605015260994117e+00
1.046584131638134574e+00
1.003929127923752995e+00
1.079847945177754953e+00
1.046650042215923726e+00
1.063751650302297680e+00
1.074541049251305669e+00
1.059354383076112960e+00
1.019490521179682752e+00
1.064481369303044156e+00
1.024424622415770258e+00
1.039273783063198398e+00
1.088527794362893264e+00
1.094550847108218372e+00
1.006911937536437041e+00
1.039763531934500662e+00
1.005564437108741771e+00
1.013745248740200999e+00
1.094963385888389151e+00
1.020172617436930329e+00
1.058210158230499021e+00
1.036559455624427750e+00
1.006951999485443894e+00
1.092131716869936042e+00
1.013735348239636291e+00
1.021356146282426991e+00
1.002096395674026974e+00
1.067895520231899820e+00
1.004075919075908763e+00
1.097551914253007244e+00
1.058820802022448326e+00
1.042702589121442536e+00
1.033242878615689309e+00
1.062888825321202324e+00
1.044084590772205168e+00
1.076541370787996721e+00
1.045581977751847136e+00
1.062518941825652208e+00
1.028221556044029761e+00
1.035486907930595502e+00
1.098715263815331467e+00
1.045659177311033083e+00
1.091375162102232954e+00
1.030173901736065156e+00
1.071261949345950315e+00
1.079657306455225063e+00
1.084100514777464275e+00
1.004496693417178177e+00
1.032163631929225112e+00
1.004652543549925392e+00
1.031732862170295473e+00
1.071540654805277493e+00
1.093917386337929454e+00
1.002140259809670253e+00
1.040330261929580002e+00
1.037320889636193177e+00
1.087883333756794357e+00
1.086975097855045425e+00
1.055392985405773976e+00
1.070673145792368830e+00
1.091855714611828176e+00
1.098650067943472752e+00
1.059989324282982093e+00
1.040867622573835805e+00
1.088012195366068413e+00
1.087797481691710422e+00
1.037487004028528226e+00
1.012745508367158598e+00
1.029081341292469753e+00
1.077709954226744982e+00
1.061669933257536780e+00
1.069398363463131885e+00
1.092707584390678610e+00
1.033721879255672604e+00
1.093167048008324649e+00
1.059710966935286214e+00
1.008203540982409274e+00
1.088047775479687784e+00
1.064816505983816608e+00
1.028921339958448034e+00
1.059799880563919272e+00
1.000911868907256697e+00
1.089715574135338816e+00
1.042488590611979182e+00
1.037823161198482280e+00
1.030774882167244000e+00
1.056620475645634771e+00
1.067673307663107973e+00
1.042494236768047866e+00
1.071026573361883560e+00
1.095656874085389809e+00
1.026643629374202948e+00
1.027807846642743828e+00
1.007789596347745453e+00
1.009657306605474147e+00
1.097849477365305138e+00
1.020433472892491755e+00
1.014341907760160311e+00
1.059906818911280135e+00
1.020414083671347782e+00
1.090836974704957774e+00
1.062915048862766776e+00
1.034288901713821929e+00
1.078791852258775386e+00
1.036662644924659649e+00
1.029078736926657855e+00
1.062303199225997918e+00
1.094510115670821015e+00
1.092410008972820146e+00
1.008538991284069875e+00
1.019998160080236138e+00
1.063370063116954922e+00
1.074719794190063471e+00
1.070037292604813173e+00
1.075579051862191715e+00
1.088520171626096822e+00
1.069178401458569905e+00
1.052753942375802110e+00
1.098650906387217630e+00
1.027304979040389421e+00
1.008972782969849380e+00
1.053070915388126583e+00
1.006903130502061261e+00
1.099163319312799425e+00
1.001751327257051072e+00
1.070575809872925666e+00
1.068674010126073437e+00
1.019240047136223071e+00
1.023260447341419077e+00
1.073094826397369195e+00
1.048072137472958687e+00
1.023363745720790252e+00
1.056714540261414648e+00
1.071216032544393792e+00
1.086038857202462626e+00
1.021692780960267832e+00
1.063971702701721700e+00
1.072928148821455263e+00
1.072190112941493023e+00
1.004088363242212845e+00
1.018023784560398104e+00
1.009581298453301246e+00
1.066246012373615937e+00
1.089781882964558024e+00
1.018251287623522794e+00
1.032350475070962448e+00
1.036620407751023043e+00
1.010444862761051166e+00
1.046413658494283361e+00
1.078365648273063249e+00
1.010237822462529689e+00
1.059155709551119262e+00
1.056690635685884061e+00
1.073733160384302554e+00
1.046516143143204181e+00
1.004246610668032780e+00
1.020024521075820534e+00
1.084480778561941028e+00
1.043541490399085836e+00
1.019323216300423995e+00
1.002493103328498725e+00
1.070310965482696108e+00
1.049929658356288487e+00
1.007628388701119482e+00
1.084664655749073559e+00
1.098563007508117861e+00
1.060351440284175828e+00
1.020398907256650167e+00
1.056428904130918944e+00
1.012912264222449288e+00
1.036540475091045410e+00
1.021642167428232550e+00
1.089882038156407384e+00
1.077490223408184455e+00
1.021092307648427511e+00
1.049963353395607202e+00
1.010490515237106424e+00
1.027939154312946357e+00
1.043171244927636465e+00
1.005665464908660933e+00
1.020146869340926354e+00
1.012359207002453854e+00
1.052619795528948909e+00
1.049832260015095553e+00
1.023903660049381159e+00
1.025482906221358403e+00
1.034739395334919987e+00
1.079822200497803530e+00
1.051833771366481596e+00
1.035884546749900492e+00
1.069154920158578825e+00
1.044427790191239769e+00
1.049124056424032947e+00
1.068783582475320015e+00
1.085982240803983423e+00
1.038156082162277283e+00
1.050197117764927857e+00
1.022856692827321057e+00
1.014830121042585631e+00
1.048887385547658369e+00
1.007453495366995355e+00
1.029277136750651023e+00
1.062251967740405201e+00
1.077843280248427460e+00
1.044361882559537325e+00
1.001615401150800055e+00
1.010346388609839163e+00
1.034874217912709060e+00
1.014268443666178410e+00
1.026760818370915596e+00
1.068281116937890074e+00
1.026850405720682868e+00
1.028234972627425359e+00
1.083348639911805522e+00
1.082061949419192759e+00
1.079757678234856355e+00
1.041262914751394764e+00
1.045306193698101849e+00
1.008777803034601295e+00
1.042600405750373938e+00
1.091693674588799512e+00
1.008497134947707430e+00
1.013220388532622751e+00
1.019555536408816909e+00
1.015085200929965792e+00
1.005171525373059094e+00
1.083096258975867032e+00
1.060947349685904317e+00
1.072274175283980391e+00
1.035885212899262608e+00
1.066648038615035210e+00
1.011845039200432339e+00
1.076902521562151271e+00
1.035581023395700573e+00
1.015501153407915247e+00
1.067641164121579278e+00
