2.590145420037816629e-02
3.886892727812604753e-02
5.573366862102609176e-02
2.379304909513775199e-02
1.229190013236629644e-02
4.808458736877718742e-02
7.767374730734444288e-02
5.506565447500073873e-02
-1.340402047517176565e-02
8.755347912937597177e-02
5.040779380081790439e-02
-1.407093628449961054e-02
9.586579851821161458e-02
9.108406007107715252e-02
5.648608219819757637e-02
1.982845853451125143e-02
-8.660343091694477566e-03
1.598757599271688826e-02
-1.759362982919296381e-02
6.619391167311555746e-02
8.298944151725196061e-02
-3.146724479576146205e-03
-1.241300407020862542e-02
-1.036858549789097805e-02
6.056334650253585028e-02
3.562996309577179388e-02
2.799018290705352144e-02
4.579714997591577408e-02
3.804327974048549166e-02
1.411980849708552657e-02
6.576963606333743884e-02
1.757017160013280010e-04
6.753985025316369684e-02
1.918766035090078981e-03
8.953794665453429502e-02
5.190749990933636593e-02
4.439801469327885053e-02
3.494794120541516724e-02
8.482316919493920748e-02
1.545511472823428087e-02
9.374172881208875374e-02
8.917977613258940700e-03
6.250104759181650954e-03
3.794634861250208158e-02
6.636564013928847316e-02
8.519903217692055553e-02
6.255856420383330840e-02
-1.103174412934984118e-02
3.382885070763756719e-02
-1.696808118604115762e-02
-1.411803698198554197e-03
-1.312411730682182774e-02
9.808831984994938191e-02
8.959608675123700849e-02
6.787310538876369093e-02
-1.984191543987672696e-02
3.021477376359353248e-02
7.283714784293419953e-02
8.163796161317113387e-02
9.985320778841123845e-02
-1.352435784869328479e-02
9.376172826460062171e-02
7.434277589952055509e-02
4.593651395294739981e-02
-6.642516507430470257e-03
9.018342787593441878e-02
7.116080128134114058e-02
1.675717970384370259e-04
3.272131180273030182e-02
1.025088509501553488e-02
9.782111435922155596e-03
1.962328461395784415e-02
-3.507017841765314864e-03
-6.900568744185443457e-03
2.019296088628644639e-02
2.161167775032550586e-03
2.453025763852444141e-04
1.355312639712662540e-02
5.446912662151486006e-02
-1.937544291225866411e-02
1.752981449599278971e-02
6.191895138433615997e-02
1.065553103607053478e-02
6.028182543994482778e-02
3.019266758851249163e-02
6.634589399771688434e-02
1.350283775917690207e-02
5.596229690838025461e-02
8.652185140430317112e-02
7.879712087786196195e-02
5.886751507568663278e-02
6.191770207376938451e-02
8.184305769300852240e-02
4.515616513885506444e-02
-1.201644099952042105e-02
5.908363814688782911e-02
-9.792781583022014749e-03
-1.033779909850438515e-02
6.726796660941553041e-02
6.049718491899554879e-03
3.797809741109627046e-02
1.593399817589366899e-02
-8.072901881793747778e-03
7.158643690151755834e-02
7.876758948211351474e-02
7.345168039920699221e-02
7.425308440096817231e-02
2.103494159398003674e-02
7.405013132237346640e-02
6.258581168988054666e-02
7.446143496993077454e-03
9.759563367017795588e-02
4.146463060817212609e-02
5.784946283360389852e-03
7.930673762101615731e-02
7.701505479385888087e-02
7.884592497925969889e-02
8.839519904913109571e-02
1.158556209104561960e-02
3.096069710568763803e-02
6.162404879070580710e-02
7.610447912179969798e-03
5.459154195131438181e-02
1.638766425098174898e-02
3.675493804908735312e-03
-8.460586234687091783e-03
9.801231838617141534e-02
3.598928100544583619e-02
3.289816495827034559e-02
9.946613080881679114e-02
7.872843954532167399e-02
3.859304261300917915e-02
2.025299322004628019e-02
1.473433189169967225e-02
5.766052097595354697e-02
9.508642853049129040e-03
3.233973736724132797e-02
-5.234417907552257193e-03
5.854650819981237209e-02
1.882751796837986089e-02
2.039177629047247628e-02
6.011837397910106684e-02
-1.786792644238426389e-02
3.854731564650060172e-02
2.685323230158399160e-03
1.490880052955395954e-02
1.538111253139885434e-02
7.114533036851017345e-02
-1.021755347654151012e-02
-3.952151596237452741e-03
4.642964139641374277e-02
7.486122937139411126e-02
1.891105992217121182e-02
1.792851289481051796e-03
-6.217233260888689952e-03
4.488407287158056869e-02
1.341589977538271486e-02
3.866310918371691774e-02
9.065201882801335320e-02
1.400060084878424968e-02
4.129431729539836948e-02
5.530247588718559260e-02
4.196601865223908989e-02
9.590182708249232746e-02
-2.153207421349036255e-04
-1.203124670484358519e-02
2.378385870533271731e-02
2.827710980812966554e-02
7.900003518734655117e-02
6.689735149887744703e-02
4.554701280043940703e-02
-1.651058079613943255e-02
7.180909552879448376e-02
1.805700170392911599e-02
-7.024091775665377083e-03
1.220329080622559875e-03
1.805621922142648314e-02
2.935969477678930864e-02
6.328655463372544199e-02
6.053684323826941105e-03
5.750289327351794377e-02
1.910400141773073088e-02
2.248155636757185813e-02
7.219247413809137814e-02
9.916722690630576376e-03
9.737205808131588203e-02
2.323896402422541765e-02
9.376798707496052099e-02
-1.409983232141320819e-02
5.741928003772329980e-03
6.642859539385868872e-02
7.386903559277932518e-02
5.929212017070316365e-02
4.536847775211616529e-02
8.097986783076076278e-02
9.822939658418142206e-02
3.083799129073075754e-02
1.719835085395403015e-02
6.789049680723659164e-02
2.838395063302927637e-02
9.842348012435794824e-02
4.804508427303395834e-02
4.907304988245440869e-02
1.746424618442633803e-04
1.422596676099228616e-02
1.091067200369533891e-02
4.983324816249314060e-02
3.456477995992375540e-02
2.745924013821538293e-02
-1.539038329872005964e-02
-1.069673324324825134e-02
-8.905472468878423281e-03
2.243254775306565904e-02
-1.710204774725036792e-02
4.829952104468110408e-02
9.823651596268972996e-02
2.442399114413334668e-02
-4.412504813418064928e-03
6.198351963630882588e-02
8.313538417148232107e-02
3.535810726754146094e-02
7.544593818474243374e-02
-1.253178426953576938e-02
6.492700170872661714e-02
8.961802504477694997e-02
1.308862341372273377e-02
2.755934572715888417e-02
6.559836867249764503e-02
2.337914386919172013e-02
4.059491961377181823e-02
8.094912084713272449e-02
4.118169363109720760e-04
-2.916257258062469188e-03
-1.271315870204807290e-02
-1.457190314800201753e-02
7.994839972185630722e-03
-7.647879675316543793e-03
8.070760115166734916e-02
6.412519566706986751e-02
4.589360178556910197e-02
8.608263613547847970e-02
4.311259816466936345e-02
4.363459831904746566e-02
3.174464653590432228e-02
-6.048510416277354598e-03
4.555718797255668695e-02
9.229260977640892094e-02
1.400941244158750501e-02
9.857234057042171815e-02
7.415900936066338600e-03
5.763804841773850773e-02
4.049000856784405744e-02
9.322704572596779427e-02
1.794183067700989495e-02
6.182276220861983307e-02
9.496036550364611584e-02
8.760010700073540824e-02
8.215325575191313734e-02
9.880945421382843208e-02
3.247327339825671622e-02
2.949312981619925042e-02
4.963876373882748771e-02
7.435669023592306193e-02
2.282778441827766278e-02
-1.174286274321901559e-02
9.825881520804877201e-02
1.090091516634488986e-02
7.753408408863447787e-02
2.400989317783187860e-03
6.838339307088889263e-02
9.198236227534802023e-02
-1.845857244356063215e-02
8.470595867799338152e-02
-1.801171054700769630e-02
6.315635245893741478e-02
-3.062156043489368262e-03
7.404362077659387698e-02
6.855659730767993398e-02
8.761946257597259813e-02
1.652835784884822481e-02
4.197625274003129181e-03
-9.120394848842234767e-03
8.860505835315110601e-02
9.577931843169310011e-03
3.052632247052720557e-02
7.274438896841482760e-02
3.249778966404942571e-02
5.402052859328064505e-02
7.360893021588807428e-02
7.728053944363256350e-03
5.105579925103283234e-02
3.101087038267389198e-02
8.952084353768716141e-02
5.246099685850330596e-02
9.057304863303076992e-02
-1.950935486734024088e-02
7.803754115216691989e-02
-9.561014854538849028e-03
2.002923300525540420e-02
3.112144850756121475e-02
-1.164410350962829556e-02
7.581446009237605838e-03
2.553973918197086426e-02
9.886434078026279382e-02
8.735456246726315543e-02
4.930089064582478253e-02
4.647108248122376606e-02
3.758522862604463111e-02
9.887617383773014690e-02
4.629358040228583049e-02
4.558522887328923801e-02
5.119370785980591199e-02
-1.826401907915081030e-02
7.018343655662086233e-02
-8.643467637694399186e-03
8.894276694691968799e-02
9.155273557439894128e-02
1.660183080720065152e-03
4.087403170996513346e-02
-7.439045615759174584e-03
7.657860197700193383e-02
4.826911155408282472e-02
9.435624156889189235e-03
4.553002454518763342e-02
4.348296907115689613e-02
5.348613307996994554e-03
-6.647819437545748888e-03
1.474541056111096718e-02
4.706348470466976963e-02
7.343771300256903001e-02
-1.829996744709232528e-02
9.482970506145949052e-02
5.669387298160469268e-02
7.919153770143666504e-02
6.216516215680828461e-02
7.204664242931901885e-02
-1.588437553031580435e-02
9.353382035823058771e-02
3.420236808042736998e-02
5.846238701840983376e-02
9.224365302464006267e-02
-4.642264916664791061e-03
6.340242922965230732e-02
1.461217717309398409e-02
-1.473387882040105151e-02
-1.801413412873981504e-02
-1.894819203861164772e-02
-1.163230949684482089e-02
7.069204842988266457e-02
-1.077290076051712515e-02
8.671135523842146697e-02
6.612576626472566055e-02
7.076444472326268165e-02
-1.620846213199107766e-02
3.288087083810062317e-02
-1.979063332619116627e-02
-5.338644864034547063e-03
9.213497109537575891e-02
8.193642908452786200e-02
2.340607603893102642e-02
3.379390466993842379e-02
1.509185165533957762e-03
1.989389904723830663e-02
4.086412835277990208e-02
3.553536199424224551e-02
7.995718718667182978e-02
5.564159011616179318e-03
8.201001386256914771e-03
-5.407582676826006018e-04
9.119836269078787638e-02
3.309826214327794836e-02
3.153816996099706449e-02
7.102378108260741507e-02
5.026221453934971717e-02
8.436409980568491951e-02
7.390454652150074688e-02
7.824687941334819430e-03
2.601927662649084969e-02
-9.546319369210989197e-03
4.117561060593576128e-02
7.720937302581036554e-02
9.389320389112063014e-02
5.976456532326740456e-02
4.393188814938393805e-02
2.633333633742011848e-03
-1.024109628394968136e-02
6.504811609778950177e-02
6.267375774772199898e-03
3.694995618309628027e-02
-1.073551349040570424e-02
5.544027080099621363e-02
4.442620539016584047e-02
-5.943295326594974504e-03
9.788864594400345509e-02
3.768553966612922523e-03
7.773824511546048588e-02
-1.493395143369596542e-02
1.992426915069237317e-02
-1.002757622541903225e-02
8.185592376688111127e-02
5.990030650179245519e-02
3.315781786695830291e-03
6.754480356299236155e-02
4.339694051346518200e-02
4.021949858049923832e-02
-3.559342536656882189e-03
8.092733254201667226e-02
9.820984256278175728e-02
7.757359894943906264e-02
1.998711088738486588e-02
-5.275611298430002427e-05
6.132880308764659949e-02
5.416571485751441040e-02
1.335223984377652620e-02
5.262029744649604490e-02
-1.730788625548447535e-02
8.529069638949202808e-03
-5.482276921580386125e-03
1.546263733234043772e-02
7.689332963809369925e-02
1.011864714729400830e-02
4.363609752440819611e-02
5.240877152827802532e-02
6.935025496599041273e-02
9.389971800902373322e-02
-1.678076298118767740e-02
-8.937429359933326406e-03
7.976713626567513704e-02
-3.827939012234344435e-03
2.790288656520871838e-02
-1.176907405185390922e-02
5.704588402011988302e-02
1.346366324545694021e-03
5.529999186410772261e-02
9.315034748786468755e-02
4.975238874394945221e-02
2.684392127519596299e-03
9.931086169283342979e-05
-2.424775123423077855e-03
6.038985632458074293e-02
3.633983687136802671e-03
7.969249881156185988e-02
8.934501044513463996e-02
8.715235150229855288e-02
3.677421938016267600e-02
9.537417087716401620e-02
3.877106879372496651e-02
-2.097378478103997801e-03
9.392793071887653444e-02
6.845264146499534241e-02
4.978250950217591453e-02
5.266274703478390773e-02
8.908344797021293393e-02
-1.733681367181801741e-02
1.726741458817622130e-02
-1.150336092450160441e-03
1.391507566496820100e-02
-6.923703727256062465e-03
-1.787746164545281347e-02
-4.810773172669081249e-03
8.634411774589927091e-02
6.761218345353799120e-02
4.878385342144474224e-02
5.756835287747605334e-02
2.244032906966851940e-02
9.905614788676059268e-02
2.639544421002407160e-03
3.520594531273860128e-03
-6.253819774245035143e-03
7.561845708044424852e-02
7.646817748840688267e-02
1.923589474918947426e-02
9.977677756778921547e-02
8.944123094666267537e-02
2.328499295806353911e-02
4.010605388217453049e-02
5.681552488449474747e-02
9.588005915008372682e-02
2.052712619036555289e-02
7.344609071900581876e-02
8.032455341822714034e-02
3.290649825459507349e-02
1.121168885356912948e-02
5.727820970837144143e-02
9.374830315562629468e-02
-7.832625967618026680e-03
6.973092957865575925e-02
6.436462047714795742e-02
5.139025879235832595e-02
4.628585950201020982e-02
8.188508559849801138e-02
3.619832037430510685e-02
-1.051646214296446218e-02
-1.890329527966043768e-02
-9.091986672604534386e-03
3.958476834490501362e-02
3.296424818841890703e-02
6.277432641600910745e-02
8.774613566157805911e-02
8.013926873868576495e-02
9.015544157241493772e-02
-9.914502657901226937e-03
7.097407737325674149e-02
9.286658939815276015e-02
5.718294321359934651e-02
3.770873575703231895e-02
5.423897317124562467e-02
9.891660051017514554e-02
8.424063803002702910e-02
3.113161076915684985e-02
9.711935730703240288e-02
2.556485704908243242e-02
8.422463073467394146e-02
7.851310848332976322e-02
-7.850949621234332501e-03
6.485627956772450908e-02
2.573196925258793011e-04
6.287683546661052003e-02
9.951908704838176301e-02
7.941403207722699809e-02
9.008334299186693261e-02
1.499508665516900360e-02
8.875264446331478096e-02
2.853089640099391519e-02
5.860696431642606341e-02
3.667936710945933487e-02
7.908947989153493341e-02
-5.863819222627712421e-03
-1.517876581409928483e-03
-1.878127216760430013e-02
4.596543519573288716e-02
-1.953168102113542193e-02
5.425053123861138527e-02
7.188286770189435126e-02
7.449572625991594810e-02
8.304182574674343065e-02
6.999706510087423672e-02
1.404335339972323862e-02
4.610167030907613706e-02
1.793404986248557306e-02
5.951206574227749235e-02
7.681011607288426579e-02
5.406690287585816379e-02
2.209436925343937277e-02
7.630621879244575689e-02
4.906633307091411850e-03
6.695731457328626263e-03
1.852515049358887181e-02
5.853339298334843399e-02
6.955752273660938123e-02
3.081290851861432853e-02
7.987634665045366400e-02
9.468892476556624305e-02
7.831522257340307880e-02
2.850859101809930310e-02
6.059571450409168003e-03
-1.515097144132333123e-02
-1.531501538999904821e-03
2.270060473571057849e-02
6.484597756578146244e-02
1.240534475326322481e-02
9.202026415407242588e-02
-8.410865294202519993e-04
2.713643526910404849e-02
3.735332804273316931e-02
7.626047396731078232e-02
5.362475671084909745e-02
7.103548584459863646e-02
3.902696813673328657e-02
9.512923884497280491e-02
4.623899837475622943e-02
-7.810182088733141209e-03
9.538955417516621627e-02
7.194325179296360423e-03
4.285976728514642731e-02
7.389005342595958425e-02
8.657592279747339248e-02
6.495479480976860953e-02
-2.182406310408908229e-03
-1.990161100672267411e-02
9.504870496002609803e-02
3.713115926470769712e-02
7.767964702853141779e-02
4.920171163438583073e-03
5.930344322755799757e-02
-9.042981473018985375e-03
2.261324699553203185e-02
2.146184980360312314e-02
5.060461457664758300e-02
1.171989312078589376e-02
2.208599104797352372e-02
1.427160629457839905e-02
7.146074208157542074e-02
4.477840583554072718e-02
1.072370257507131511e-02
1.851521031773604650e-02
3.437672895802253159e-02
-1.131762984530771191e-02
9.798595173154708848e-02
7.886561335613138934e-02
5.225500424363947738e-03
7.076401907771723288e-02
6.669809951767674550e-02
9.120140222640801819e-02
-1.589065662944612323e-02
3.407253199333117044e-02
1.952934016226905503e-02
9.681703562715009842e-03
7.219506288195828847e-03
-3.360190382379533297e-03
-5.922647295846433790e-03
-8.625791412125213137e-03
9.974844080457313800e-02
6.677379440712188918e-02
2.594972054212313708e-02
9.233746414719727624e-02
-1.210928180997419314e-02
5.694326305839299274e-02
-5.182972948762522639e-03
6.246658259023724069e-02
-1.378547730920749032e-02
6.803275729386085158e-02
6.509167492200595984e-03
3.340206942639555032e-02
3.778517250598614763e-02
4.192729754939152065e-02
-1.853706773290741266e-02
1.770123269037302341e-02
2.798748318515612357e-02
7.459652202701423651e-02
-1.020315820853547918e-02
4.657696276087072706e-02
1.939035212692003310e-02
6.840210803176963172e-02
6.500500389679367275e-02
8.324302951920212190e-02
-4.770277384788669528e-03
3.492739884792778193e-02
2.127657729283830360e-02
8.601163955699585306e-02
8.487944777766374960e-02
-8.390373325377330563e-03
3.609446216362038884e-02
9.841560518927289225e-02
6.165394248077441658e-03
9.086448231679628007e-02
-1.806444441134383294e-02
8.168251260731279606e-02
4.075230011249811324e-02
2.732946181991120077e-03
-1.630355341312760692e-02
6.212554461722835653e-03
3.016601266603971890e-02
5.050285957573937001e-02
2.535371006090664583e-02
5.685529617461573815e-02
6.798355460569287245e-02
9.947884928092239065e-04
-3.017524525354507020e-03
5.645092152382456818e-02
5.916043210428441335e-02
2.386299713599511832e-02
-7.300823229099660805e-03
-1.522467111840725487e-02
-8.115128107849084796e-03
3.698826647632784403e-02
7.163200159019401936e-02
9.023308895980897831e-03
8.832614943709737876e-02
3.303451183543791581e-02
-7.611119492376069995e-04
9.459483605061215494e-02
-1.700862797016284081e-02
5.079831460916560404e-02
9.382772823435490961e-02
9.223489207861945705e-02
8.845321109563682171e-02
2.565326079723664887e-03
-1.080908152274076377e-02
1.894671140174461130e-02
4.339290519770978849e-03
2.219764205392317155e-02
7.174447904092631778e-02
1.949681258544183962e-02
-6.782195932266907312e-03
-9.784831770846897508e-03
9.177014234009257809e-02
3.582983767302887201e-02
6.810092918521101768e-02
9.093634971294424496e-02
1.660370420408517969e-02
5.221972125416043942e-02
2.869175121617582522e-02
8.504861421131111598e-02
2.554905439836787848e-02
3.879828328284641581e-02
7.665666771618329101e-02
-5.106236749845874737e-03
2.729881358429837521e-02
-1.328549769370154440e-02
7.289770657986799351e-02
7.748996232509786086e-02
8.297710952681425223e-02
-1.216648385386851459e-02
6.196090190436334688e-02
-9.868402558811557868e-04
3.243470813457288715e-02
6.016076340958893820e-02
9.009386728356690022e-02
2.231049151059520327e-02
9.828490054995174530e-02
7.238989921979183118e-02
-1.274743070849227757e-02
3.805662626966400952e-02
-7.657553408744596432e-03
7.303979868615551041e-02
5.095352234703190430e-02
7.136570610844476803e-02
2.900915889035015141e-02
4.197526295903995786e-02
-4.716968464648502168e-04
1.075532165153718356e-02
-5.277346357958501849e-03
8.588364633922242197e-02
5.872688849125959343e-02
7.901510747539039481e-02
1.165940572605680611e-02
2.317288468413009409e-02
4.554159613422159580e-02
5.390980766353167808e-02
3.445402423085561217e-02
2.625097623041402692e-02
-1.064687637587326090e-02
2.276489095576918545e-02
6.472557772922497843e-02
2.438216683931198128e-02
1.812023324207420391e-02
1.788378283164897969e-03
7.447698933165894375e-02
7.594347503286906498e-03
8.590870841291634030e-02
8.295948106394329669e-02
2.032084514300796368e-03
2.598299091542927500e-02
7.255291203382363552e-02
5.409682115596713137e-02
2.070817559927775123e-02
3.407503735117879684e-02
5.093927859362806787e-02
5.438641852109274422e-02
-1.499137358741700100e-02
3.196325744334213570e-02
8.205355736822034229e-02
9.615060859318368125e-02
6.280876878921694273e-02
3.385824722901345507e-02
8.035601544924261819e-02
3.705978834313426035e-03
1.138575548573446394e-03
-1.474257048434237174e-02
9.094295825617784712e-03
7.127941231339732231e-02
6.694138934858491485e-02
3.276015654664404808e-02
8.417109642955851456e-02
5.675522782578891479e-02
6.394380440603764093e-02
6.101499547133537593e-02
3.080392619644146263e-03
3.960576610914513795e-02
4.371944736101803647e-03
1.284096497875171147e-02
2.961966864971417313e-03
6.155636988059612347e-03
-1.641362015115155337e-02
3.461116815268264202e-02
1.142099410249885691e-02
2.035785809999960186e-02
8.556587500064406770e-02
6.038065218052580951e-02
6.774511148752682121e-02
-4.511820788436090440e-03
1.411360154419387392e-03
8.387105977257380829e-02
7.729124854063641747e-02
1.898413054108908163e-02
9.296027517284657926e-02
1.860040059982049146e-02
-9.898641401321541661e-03
7.107240029882989224e-03
2.779581083613899897e-02
9.957929027847264858e-02
2.762345940283213522e-02
-5.711680551899321612e-03
5.285798084433873667e-02
6.690861643375785317e-02
8.604413433613185280e-02
6.074797747509552703e-02
-1.986829621429139769e-03
8.629362095302506308e-02
-1.746800139205900021e-02
3.061927015616293726e-02
-1.172054381960547370e-02
1.117580098563576360e-02
9.566012385134134433e-02
6.904658907248475974e-02
4.952932438447997521e-02
7.011673165296353205e-02
8.756276709548999754e-03
1.188718803375596669e-02
-4.025970653384874226e-03
5.179432482276997984e-02
5.984487568367279076e-02
-1.700181858721136474e-02
6.930074791413068369e-03
2.576579312976268535e-02
-1.044240459554566722e-02
4.521920437112669777e-02
6.660561339775478151e-02
4.336138618673096579e-02
2.701932410397678286e-03
1.350619193175965974e-02
7.022136170051710563e-03
5.174673165523921425e-02
8.142280894169799665e-02
8.140937559310722216e-02
-1.738027497433200508e-02
2.284644145755106506e-02
5.725011453976928955e-02
9.521801785944787599e-02
3.388713594366545012e-02
9.165610036771823510e-02
-5.800041348133281455e-03
7.011684217972358191e-02
8.317538191988001206e-02
8.292842235670189188e-02
8.302933715824378780e-02
-1.115432735368585351e-02
-1.328517561485587084e-02
1.361921023801931224e-03
1.670264688345702089e-02
4.734472382284975189e-02
-7.374562257366896328e-03
-6.131471283004303469e-03
-7.990207286300926581e-03
6.068330485074178993e-02
3.844921145254470707e-02
2.695488235867278190e-02
-1.380910179580301100e-03
1.762347231842559606e-02
7.116386256644305353e-02
4.017481277046355825e-02
9.802325580887001621e-02
5.006002835327150180e-03
8.527169597347497576e-02
3.197150192310360683e-02
4.439535664791281755e-02
3.788542279498666177e-02
4.829066292937886362e-02
2.323349537391962080e-02
8.997907213681861915e-02
7.363826328044337233e-02
-3.907080577961762058e-03
2.241981952811934395e-02
8.740395598243745623e-02
3.249291092770039552e-03
7.510200828060777101e-02
9.580776624921111262e-02
-1.571111446567492395e-02
2.195998167576283452e-02
9.177311637764554164e-02
2.984818434682432950e-02
5.204995087849761948e-02
2.568749569708553629e-02
2.958121919698760219e-02
-8.458498346552295599e-04
9.888699202375984820e-03
1.711707483291457013e-02
6.616531578265762159e-02
2.817505886396081891e-02
5.371076903569325933e-02
-4.066031017497390154e-04
1.719743828439823305e-02
5.832651479798341143e-03
6.632980734736480810e-02
6.513581134581573895e-02
-1.661641417029458001e-02
6.176323672774053364e-02
4.878617031782465918e-02
8.863517870890387507e-02
3.685107150413219346e-02
-1.389284283063395818e-02
5.112864412176471723e-03
1.184726078804133886e-03
7.072526584810442246e-03
2.610174018775124685e-02
9.652130130466969604e-02
6.928591622320492971e-02
2.051344867215699683e-02
4.731282198284712803e-02
5.623035067837474366e-02
3.580066572115200851e-02
8.488583239069622671e-03
-2.985321227337078831e-03
-1.514487120582508339e-02
7.571835419102124209e-02
-9.973403888475616472e-03
2.767914420302953690e-02
-2.324542310393046957e-03
-3.769110127867767585e-03
8.611418154604823239e-02
5.847472583746615715e-02
5.279252264170188058e-02
8.204885476423165458e-02
7.272022557136435805e-02
1.310428235946489370e-02
9.535419793401807287e-02
5.814862657136800339e-02
1.017783125137393732e-02
6.922539087224070797e-02
3.587733689912421531e-02
3.556663687391263540e-03
1.207623811454276372e-02
7.276752031241619234e-02
6.770935949960918410e-02
4.098681606484930184e-02
6.065203372081376387e-02
8.173463253252595540e-02
5.427111264458205075e-02
-3.425695559679805408e-03
2.630782346913210570e-02
3.029218927987642127e-02
1.580341076641681233e-02
8.777167842639205242e-02
7.919728787869351194e-02
3.813852149085784904e-03
3.866912857770590795e-02
5.631077386415604680e-02
1.072468724691768432e-02
-3.897416410808401954e-03
-1.768103611874910844e-02
-1.735069586570031283e-02
3.593137332009044282e-02
8.347880633517693050e-02
7.822392204847734842e-02
6.728739188466013876e-02
6.778668564709725008e-03
2.148953330041869156e-02
9.422396023711547552e-02
5.792827751199378095e-02
7.897899952522509370e-02
-6.698846745176227635e-03
2.284633142802924496e-02
4.137185675843910171e-02
-1.284074572401615322e-02
8.005742624289476084e-02
5.151125057420914699e-02
3.427765563276025801e-03
-9.605535131478281502e-03
5.324470000371543665e-02
9.244144839542080272e-02
7.037418271984563489e-02
4.195302654654502195e-02
7.183247660995521755e-02
5.883649229273327230e-02
-4.997096858956528651e-03
4.845427680133933268e-02
9.871781295222580022e-02
-8.079692344153075259e-03
4.746718188148446593e-02
2.708699716450733985e-03
8.738139751353485307e-02
1.259054537453862047e-02
-1.019386805375048673e-02
2.676604272045799218e-02
4.315326127310814552e-02
8.758960416192967946e-02
-1.269242378093072589e-02
8.206693471422123187e-02
4.660340627255342427e-02
8.111002010382929728e-02
8.688278782166014569e-02
2.672698054379158902e-02
-1.676937691143344164e-02
2.265132725240938741e-02
2.763880669782669067e-02
2.158139621598515259e-02
8.227493406625703554e-02
1.899576882759206400e-02
2.203079952507615638e-02
7.336933965232476929e-02
1.959497586232602714e-02
3.622298037648970237e-03
6.944636791632950723e-03
5.100615824106259633e-02
9.949610990418768230e-02
7.204416930012887132e-02
4.693757548298323201e-02
8.984528622968204759e-02
-3.526187514293146336e-03
