1.027873412848821166e+00
1.003411039255556192e+00
1.082051587908613444e+00
1.068259426067707629e+00
1.069838751603847449e+00
1.070605652191288337e+00
1.053044652474711684e+00
1.050758283183146791e+00
1.027598132379849538e+00
1.057233018774404343e+00
1.027368614492039312e+00
1.065862890975559862e+00
1.015340781677776860e+00
1.086551026448396184e+00
1.087876637900527355e+00
1.045819890822337062e+00
1.037405459426887555e+00
1.079097953958655598e+00
1.020805836508491105e+00
1.020940335081152117e+00
1.000734159860358741e+00
1.076932517063442729e+00
1.008871356827628629e+00
1.061556865870469046e+00
1.041601011499665441e+00
1.080970955050387428e+00
1.055558264415832559e+00
1.023122271344977463e+00
1.020340933063767386e+00
1.065450916533807746e+00
1.058429023907192068e+00
1.049384134982748629e+00
1.035733735824319046e+00
1.052264297884636379e+00
1.026231752899177785e+00
1.035530192621911150e+00
1.042326092859733322e+00
1.062737353782024163e+00
1.007350804546043532e+00
1.033531436024526906e+00
1.073234753151137921e+00
1.091148759813588498e+00
1.022019246096806500e+00
1.027993083145311237e+00
1.004362059690718123e+00
1.028724232629539381e+00
1.071415831768130156e+00
1.033822280958548223e+00
1.072478370063850495e+00
1.067777934366957560e+00
1.083335936167807878e+00
1.069757770110356443e+00
1.021268047751757502e+00
1.073731797474285488e+00
1.084659529332389960e+00
1.076854597819435266e+00
1.000228878912751140e+00
1.067368562372082774e+00
1.079245772934920078e+00
1.058696019822281231e+00
1.087194729919579661e+00
1.035938957580696318e+00
1.058034650350426986e+00
1.046836447520311797e+00
1.048207069027759397e+00
1.034175265677333533e+00
1.062364648820220747e+00
1.038686443155779404e+00
1.060815525662869518e+00
1.085583467872807573e+00
1.015827362223291397e+00
1.044567137785864741e+00
1.071273370123321689e+00
1.085543491499224800e+00
1.086865076110400175e+00
1.060775375083100602e+00
1.031748889322697371e+00
1.021421570017102098e+00
1.057671236599149189e+00
1.080375112957808748e+00
1.058052412089580896e+00
1.039139268715437048e+00
1.030053021512458145e+00
1.078255700432558806e+00
1.049964263899202610e+00
1.053254499064746330e+00
1.076404760950216977e+00
1.036939416608210207e+00
1.012269790109866063e+00
1.023225278453529397e+00
1.055784363180567009e+00
1.042509150788375027e+00
1.024814554786848131e+00
1.011399884959042872e+00
1.051872450583273944e+00
1.093157044139357659e+00
1.005313523859977076e+00
1.095814233873588339e+00
1.092848638217459145e+00
1.072917186833682424e+00
1.062907377664598751e+00
1.098450929048319313e+00
1.056145652793635037e+00
1.046709526290499070e+00
1.097884190592679499e+00
1.028523375804625051e+00
1.017193362797628176e+00
1.048656763765441147e+00
1.043528029170176286e+00
1.076591017682275497e+00
1.012567964941418763e+00
1.037624886162126447e+00
1.070212465473621144e+00
1.099856931003515115e+00
1.020422208819881549e+00
1.008878780774845163e+00
1.043435823170887122e+00
1.037278814112480685e+00
1.071206478401759199e+00
1.055649431915632430e+00
1.049902377679390986e+00
1.051339339821119934e+00
1.010755351329945650e+00
1.016026603740594281e+00
1.055263302414334747e+00
1.049342407529052945e+00
1.027570611703939152e+00
1.007671750513719822e+00
1.032498397269399293e+00
1.073702944711536045e+00
1.011791681929347098e+00
1.058266385777782981e+00
1.077240497647108164e+00
1.005090141604321197e+00
1.090804712394231490e+00
1.008837171305972058e+00
1.096732013396654493e+00
1.027981200027128672e+00
1.057357805915089877e+00
1.004775338866084278e+00
1.008676927808209278e+00
1.019904252710998493e+00
1.033044984278228107e+00
1.016236069806600417e+00
1.074973889094533508e+00
1.086331777159470935e+00
1.051642606763216525e+00
1.000104282931866484e+00
1.033733760639387045e+00
1.075120629963227215e+00
1.070516115729171158e+00
1.008922225301180253e+00
1.061882787608296796e+00
1.048930918791751488e+00
1.056777214684508692e+00
1.094348240867146549e+00
1.000432633510006886e+00
1.077610896394985307e+00
1.044367254613258078e+00
1.039963346322079651e+00
1.023271674929918662e+00
1.007012208499031614e+00
1.071631934849067935e+00
1.004044269088937957e+00
1.017801258175739409e+00
1.038971501717860901e+00
1.065422548038406303e+00
1.073740469858670776e+00
1.062890436551584328e+00
1.064504271524661982e+00
1.081066902481999659e+00
1.037643870166673699e+00
1.038958277511833783e+00
1.071393413508532788e+00
1.062269019893160138e+00
1.096563065077271082e+00
1.051656635940104501e+00
1.028970132595631970e+00
1.072687174276608868e+00
1.056818367517030843e+00
1.041512322874340812e+00
1.036692257822583230e+00
1.015242567589811351e+00
1.041505741062115797e+00
1.021602153301799154e+00
1.059544195715065529e+00
1.089707515299612073e+00
1.059462248512393234e+00
1.058126233731424559e+00
1.093957765181283515e+00
1.090549370803197027e+00
1.029680469321057057e+00
1.045939218204427146e+00
1.065191553856356999e+00
1.019998379191438431e+00
1.030646901677132465e+00
1.038598362865453373e+00
1.062964958386154901e+00
1.092451959185930743e+00
1.021123380408369696e+00
1.056727043374717567e+00
1.014987601459833133e+00
1.003126981153514174e+00
1.038404492841390248e+00
1.014786782898340789e+00
1.049980640965888945e+00
1.084928340398005009e+00
1.080515856736415925e+00
1.086132422363320416e+00
1.057279819364397744e+00
1.000842148229227568e+00
1.041206655526684122e+00
1.057393835792142189e+00
1.023722515898133567e+00
1.003061721925798455e+00
1.020733688726837896e+00
1.065075654804989114e+00
1.058139863847342266e+00
1.062178601648970711e+00
1.069855770375172099e+00
1.013004241263464333e+00
1.018390935065994984e+00
1.023452071272511033e+00
1.054137321381090064e+00
1.054990804455762321e+00
1.059687576253739882e+00
1.029943554312241716e+00
1.086785079438863821e+00
1.026785706004319954e+00
1.090098342891459682e+00
1.025386829520600118e+00
1.075275915371490809e+00
1.095836070473140467e+00
1.005948098989391193e+00
1.038612205645827347e+00
1.008481785142779197e+00
1.078114916351209596e+00
1.080607256980782749e+00
1.072182012675438223e+00
1.036410730695149995e+00
1.090179898543240933e+00
1.075775297331734270e+00
1.033816407632846879e+00
1.099512212459073046e+00
1.038356640786138874e+00
1.039628080742531990e+00
1.002060409124848617e+00
1.091183568628364409e+00
1.012984044061877364e+00
1.050523266288593272e+00
1.020579509372228300e+00
1.056024824515062299e+00
1.037976188792913090e+00
1.012648911404519625e+00
1.068144847176746737e+00
1.005929786075938193e+00
1.078123747492426343e+00
1.016502250150554287e+00
1.028235459336320545e+00
1.050183282014020225e+00
1.070388164364234340e+00
1.011306510847096662e+00
1.012578316376702592e+00
1.067429687327638321e+00
1.045993327529387118e+00
1.052409456181635061e+00
1.023283957187352211e+00
1.057012711317330877e+00
1.046882701012612271e+00
1.029825709116120036e+00
1.033566334141830190e+00
1.053058108605651855e+00
1.043749154657606093e+00
1.019276914532652567e+00
1.013344158996609901e+00
1.038929036513501547e+00
1.059124174232546567e+00
1.006183843875008810e+00
1.035053726727694690e+00
1.049796351450597687e+00
1.042024690722365587e+00
1.033670327272351308e+00
1.012199138094458162e+00
1.036804069467007761e+00
1.096538428087838968e+00
1.085643768930783626e+00
1.011597457384205478e+00
1.051585193738047597e+00
1.024655009648906434e+00
1.047076032786583788e+00
1.003288655919730932e+00
1.077786513579717553e+00
1.023134073614652140e+00
1.048627214028073462e+00
1.029166069013552898e+00
1.050165455135428694e+00
1.075110126092980734e+00
1.060816914279989476e+00
1.044834949617189812e+00
1.093502428576281105e+00
1.028874317121536430e+00
1.061072074988801184e+00
1.065712618456060135e+00
1.048929436838990314e+00
1.060321559353947896e+00
1.008451716034838741e+00
1.071885699036119854e+00
1.047331872976622114e+00
1.038424246853133281e+00
1.057332432405691192e+00
1.030718568004675983e+00
1.073093941662972117e+00
1.053912791810155403e+00
1.044579783966926190e+00
1.008125186345429025e+00
1.051370760902914148e+00
1.038458670037678777e+00
1.032639423335673934e+00
1.023937606191737126e+00
1.079108078930532733e+00
1.035454085313998185e+00
1.013071130158513578e+00
1.092074573059683695e+00
1.051234238931981313e+00
1.026041206307371167e+00
1.042477638659837558e+00
1.085710329381176065e+00
1.005866148941935379e+00
1.046635583047053508e+00
1.043567594825196121e+00
1.047884492473759366e+00
1.063407522799759031e+00
1.056386149385994511e+00
1.016730521365982520e+00
1.000186745137684241e+00
1.040459728396900596e+00
1.018408069365265733e+00
1.087505519208969096e+00
1.041524915446324862e+00
1.083572615900881164e+00
1.034354716588333556e+00
1.086970862294783347e+00
1.059156042520175367e+00
1.001507278696642578e+00
1.007950821200001013e+00
1.004538163565486197e+00
1.096510879137222449e+00
1.097590140597546782e+00
1.003650405360066555e+00
1.008292739924627313e+00
1.086776090424889540e+00
1.046634126826331945e+00
1.030368331167170526e+00
1.055605038886344715e+00
1.038949275288127083e+00
1.031277072623408397e+00
1.081528454867760392e+00
1.033030013461955443e+00
1.021403339650483355e+00
1.086039675839799656e+00
1.069435649216894602e+00
1.071058322325862289e+00
1.077105641098372812e+00
1.059397588445168292e+00
1.095625110982105577e+00
1.005156677886052119e+00
1.081489719484261647e+00
1.071089077014719892e+00
1.025760682148169955e+00
1.034116398803685000e+00
1.017629197835573596e+00
1.096092848701788247e+00
1.045831134900467640e+00
1.083824791219242467e+00
1.006061029641401205e+00
1.017936196691263895e+00
1.078272522936577715e+00
1.041137158962105458e+00
1.027447724463661061e+00
1.061692263849982165e+00
1.089417689752683271e+00
1.072192887010299467e+00
1.048426716940269676e+00
1.024298535670401300e+00
1.006517579035269616e+00
1.058556417827203777e+00
1.061048232132930424e+00
1.052260527187333983e+00
1.087953348581117918e+00
1.075232851252864386e+00
1.018020328785515849e+00
1.064440413096779947e+00
1.008229351441907395e+00
1.029096138144894867e+00
1.086574090003095128e+00
1.006261928015157237e+00
1.048693023725814299e+00
1.096132888843778241e+00
1.037398456263499469e+00
1.083049867983162162e+00
1.008271634708876041e+00
1.094249066628191880e+00
1.003596168148245260e+00
1.071605304523875590e+00
1.083604469556175065e+00
1.077196534787111082e+00
1.066131028296098959e+00
1.051796859986605881e+00
1.079314305060876888e+00
1.043319723875617999e+00
1.026165135307965270e+00
1.077464288036156903e+00
1.037347494473688458e+00
1.055962808191977187e+00
1.071043624841905739e+00
1.097710682581444441e+00
1.061654278716809952e+00
1.074637886283520194e+00
1.033834144245618036e+00
1.043636552022481956e+00
1.035696581035217667e+00
1.001385562974791421e+00
1.067451080360607651e+00
1.097736536535996787e+00
1.070558312639014797e+00
1.095678936499654865e+00
1.094900268393403486e+00
1.000782248835665023e+00
1.021095803114017153e+00
1.069803586700073028e+00
1.025620142208237606e+00
1.015720532540235199e+00
1.094448540740519782e+00
1.098326237558324481e+00
1.091052372530992187e+00
1.058667889590225064e+00
1.022016671169605928e+00
1.090870089071438676e+00
1.021941277707024032e+00
1.033903278663249381e+00
1.053998452897824567e+00
1.031495799970751248e+00
1.012369369380156758e+00
1.088402522872973455e+00
1.092484961943894106e+00
1.045509063271881089e+00
1.092112249339171504e+00
1.073819146662401636e+00
1.080071343778741699e+00
1.081913120631018632e+00
1.050444970759757846e+00
1.045678131136662081e+00
1.005172651624791413e+00
1.094005260801237167e+00
1.037444739637625180e+00
1.034374801526666054e+00
1.038285898400186591e+00
1.058780032898772427e+00
1.063411680014831440e+00
1.057077207544651953e+00
1.038085968828637906e+00
1.030382485877882726e+00
1.033691820104193804e+00
1.028136781493774299e+00
1.046507853554480505e+00
1.004208869928837400e+00
1.006310966583287447e+00
1.005776325174369212e+00
1.054633919170109957e+00
1.094197205356760572e+00
1.015529316483921196e+00
1.052062145601439402e+00
1.069529127056856099e+00
1.050695525893291515e+00
1.045352502472158829e+00
1.062292503924984199e+00
1.045866219275278119e+00
1.034837573273467815e+00
1.074605042045095216e+00
1.039142284143079298e+00
1.091949312666775418e+00
1.072401957420076712e+00
1.038653056103011174e+00
1.058206494918460416e+00
1.041649359852836465e+00
1.096913521103950240e+00
1.045204225260669917e+00
1.090048183871750620e+00
1.023648634565584858e+00
1.063515324980932375e+00
1.015522429671950499e+00
1.057856865010192493e+00
1.098527497481417647e+00
1.021512327393055752e+00
1.017816309630137805e+00
1.053277731331179412e+00
1.030425828891542883e+00
1.069273795731385812e+00
1.060097979115429689e+00
1.020654214422170192e+00
1.087692799708156022e+00
1.002966857246165855e+00
1.017158927417073144e+00
1.078292416258552322e+00
1.034391154524000100e+00
1.074411102975006083e+00
1.067438720001999686e+00
1.028532662546717713e+00
1.052362818891324103e+00
1.065806378368354013e+00
1.039497038258335060e+00
1.093306294666138268e+00
1.043667148781377785e+00
1.005128273577831965e+00
1.044831785752653230e+00
1.092792337209575138e+00
1.087891245036878729e+00
1.052697690021240362e+00
1.021510175684126498e+00
1.060900214772094063e+00
1.097287977607238396e+00
1.007548350569628326e+00
1.056401880261487625e+00
1.017740928202349293e+00
1.049047792235918930e+00
1.090644515697241523e+00
1.034168982906702894e+00
1.023584316033588015e+00
1.056198993049523693e+00
1.074202357785912110e+00
1.001577590817550822e+00
1.066726717319531614e+00
1.017873246845813151e+00
1.086604362875033924e+00
1.028299511714135361e+00
1.077241268002913754e+00
1.069389301579992457e+00
1.054788471409056516e+00
1.086760135734299526e+00
1.000595220079559589e+00
1.002848676536619577e+00
1.035533382094626420e+00
1.044966311326332331e+00
1.051515883454245515e+00
1.050438581366458068e+00
1.029155796403769196e+00
1.076310835559200374e+00
1.055565401875410148e+00
1.028774204843612594e+00
1.022088487214062535e+00
1.032336441448024278e+00
1.014996267096649918e+00
1.058081804180134977e+00
1.089167488882488266e+00
1.082444775626444367e+00
1.064163895080944222e+00
1.038543447327998859e+00
1.099743722698519388e+00
1.090753546276335806e+00
1.069581818845759980e+00
1.009165872255981977e+00
1.098880257813978245e+00
1.021738247265087107e+00
1.078891510237543816e+00
1.071651338164371969e+00
1.047303351440176833e+00
1.094657069169822750e+00
1.094124654813405817e+00
1.080155342033634724e+00
1.002595938410913323e+00
1.087623246033474933e+00
1.068403874820627930e+00
1.030864919128055890e+00
1.019026584595347895e+00
1.009850783047721690e+00
1.087560790436528313e+00
1.043787606601958906e+00
1.038809282442075599e+00
1.015820001589245791e+00
1.001776979436197035e+00
1.040564469944920134e+00
1.042784408419257236e+00
1.060893368137898696e+00
1.067268966794672647e+00
1.055701334127134627e+00
1.013200400234254728e+00
1.064095766829207479e+00
1.060461880778829968e+00
1.030863746521685886e+00
1.016687948492791538e+00
1.077123172307693721e+00
1.036309268250758420e+00
1.003492320513687419e+00
1.052365747632706183e+00
1.040951390924703901e+00
1.064744234915869336e+00
1.082695744871499555e+00
1.067423649311748601e+00
1.022336353424176503e+00
1.024829858328034859e+00
1.099627323928888289e+00
1.070114301055854700e+00
1.027329912647682919e+00
1.071709860473786913e+00
1.096589758734939135e+00
1.094771365689243936e+00
1.049877573672294950e+00
1.086419707794846534e+00
1.036103783976261461e+00
1.089864254924003184e+00
1.094146755523068393e+00
1.076422974815253397e+00
1.043773461531976920e+00
1.069186433666886149e+00
1.063694256585228981e+00
1.055723468986851765e+00
1.016920665931543510e+00
1.003770644640651799e+00
1.024357150668498306e+00
1.051506817930617732e+00
1.042376897043315820e+00
1.086765627978181215e+00
1.077808814332482656e+00
1.020262891720156606e+00
1.030421078773074983e+00
1.098862976925232715e+00
1.075697750782873330e+00
1.060069980972947024e+00
1.073794687699932915e+00
1.029088311481477946e+00
1.029566755137278689e+00
1.063048547419789047e+00
1.008875231595276478e+00
1.074420465344887221e+00
1.052745307085223514e+00
1.009708985980456442e+00
1.096756250542710864e+00
1.025264254744536307e+00
1.003423911530882950e+00
1.010582434628532145e+00
1.040524811299999186e+00
1.052108238661192408e+00
1.035348964795431481e+00
1.023811895512796610e+00
1.046827316430708921e+00
1.062736265521669443e+00
1.049652589935835323e+00
1.056150483679258123e+00
1.049602686256472239e+00
1.050584874451144790e+00
1.056670858098886834e+00
1.089647553073137765e+00
1.090103948346725860e+00
1.034353592773929353e+00
1.002129317027773192e+00
1.099052649587339392e+00
1.007886400517336245e+00
1.087580598916334296e+00
1.052953195029329159e+00
1.099476527792851321e+00
1.064382802506411707e+00
1.035783979572431068e+00
1.034879991485176065e+00
1.098978291288079001e+00
1.090204331809665250e+00
1.080213789022669291e+00
1.024788518994964592e+00
1.045949925506202360e+00
1.042034838720694800e+00
1.091494544657927612e+00
1.073915870135885520e+00
1.051567734266773746e+00
1.046041033575602075e+00
1.075487808810601464e+00
1.065975344626056032e+00
1.028376652263021773e+00
1.030604686859480035e+00
1.025247029328546278e+00
1.098136016586257258e+00
1.030313160726174404e+00
1.075478198907149574e+00
1.081350758867730022e+00
1.059535896735056992e+00
1.073370816904972935e+00
1.055443119509279937e+00
1.038565738111205672e+00
1.090550919736319013e+00
1.079071121153338364e+00
1.028923734659179301e+00
1.049297873881779974e+00
1.065895305109993751e+00
1.029195999491922642e+00
1.021318711507368304e+00
1.053730966662428825e+00
1.014307398584832987e+00
1.058578113883999361e+00
1.074850017598667051e+00
1.022256355340309675e+00
1.094442081999474237e+00
1.024335614026634200e+00
1.019419647039049970e+00
1.079459549367345561e+00
1.081227713156665660e+00
1.050440358317231260e+00
1.041684332952011793e+00
1.018359215708001253e+00
1.006488663321772004e+00
1.026626103232914256e+00
1.062557949230226173e+00
1.014581748729679100e+00
1.089077873982116973e+00
1.019741834343691700e+00
1.083491223098013823e+00
1.057956781033449589e+00
1.035070730044524545e+00
1.018745455032604497e+00
1.035895617403636892e+00
1.085752317000919120e+00
1.080998277089949333e+00
1.096640621591433717e+00
1.081356613333639638e+00
1.084971062594599633e+00
1.038888043223715973e+00
1.036402789586464923e+00
1.099557734586605218e+00
1.093353183493723790e+00
1.096496581051237262e+00
1.097694822113095547e+00
1.018827172922162294e+00
1.036313184993979286e+00
1.015196214704514155e+00
1.078510063179847878e+00
1.008938285718017136e+00
1.024114832242166706e+00
1.029141237604614734e+00
1.088371493374961307e+00
1.068622628418374187e+00
1.087331034832486498e+00
1.043587410142150285e+00
1.053590425335123815e+00
1.099903703972241464e+00
1.057607886110838002e+00
1.016034337446551028e+00
1.072619527382205673e+00
1.020905213520069132e+00
1.093944859142063741e+00
1.033910576915420876e+00
1.014938138170811133e+00
1.074343181754887855e+00
1.066640346106090265e+00
1.062576103636299063e+00
1.040220109122157677e+00
1.067371720080077413e+00
1.074714865947244746e+00
1.023591568967513021e+00
1.092618996616523841e+00
1.050217794481423494e+00
1.021421605280554923e+00
1.089514063900651530e+00
1.018247942504968417e+00
1.068579424164638469e+00
1.028653720606110600e+00
1.096326373992895675e+00
1.057718010258653418e+00
1.051371300548927357e+00
1.091101605498896898e+00
1.020679131210549206e+00
1.092260171572529082e+00
1.018155569763884882e+00
1.061593877918071138e+00
1.067416736114763731e+00
1.083522046863379273e+00
1.053328142999106376e+00
1.085573592910341167e+00
1.073571497670658070e+00
1.076201480167656710e+00
1.064963942546180320e+00
1.081712826505140779e+00
1.083338676373446940e+00
1.072673887177258978e+00
1.060239932755951076e+00
1.016308610426321479e+00
1.049567877629133061e+00
1.023693234429269294e+00
1.014517386244209618e+00
1.012773370892838365e+00
1.058074929318006285e+00
1.002702537807730554e+00
1.037903623662188579e+00
1.016185353752685927e+00
1.085125661802974761e+00
1.045927344118496860e+00
1.060078294530334198e+00
1.052680079760439646e+00
1.092456950888368583e+00
1.026658281657754745e+00
1.089338133784521379e+00
1.050329429861999397e+00
1.049027565862808542e+00
1.071875966599943997e+00
1.098650833188081100e+00
1.036592892916653685e+00
1.083548133095503685e+00
1.089223781426306825e+00
1.072369082619764713e+00
1.084535414096123862e+00
1.076504845304531166e+00
1.090057590945541444e+00
1.083770689745295446e+00
1.031083722823484594e+00
1.044306304719492706e+00
1.055907081089283439e+00
1.038671265224228479e+00
1.049460802562571127e+00
1.075464680980122267e+00
1.096964035693522188e+00
1.079643379810083292e+00
1.040776247220464690e+00
1.010293718038607125e+00
1.064055187499485244e+00
1.045052716992950881e+00
1.074876454284166227e+00
1.098957168211101232e+00
1.092736939128544416e+00
1.004742711759404550e+00
1.014392625163306638e+00
1.086240685934853900e+00
1.012572131537549769e+00
1.018857562516528814e+00
1.001797944899856851e+00
1.061882297137451525e+00
1.047048356920725398e+00
1.056870483952817574e+00
1.084172177557247263e+00
1.042159982011731101e+00
1.039826218275764491e+00
1.084829105018463524e+00
1.023124436956243999e+00
1.039826814644438047e+00
1.071704324077906723e+00
1.038858806899417120e+00
1.038296225249159654e+00
1.020863546740116368e+00
1.091065378269642672e+00
1.012710208707564785e+00
1.001103660119511130e+00
1.044419435508016969e+00
1.007633792469970091e+00
1.080118953201173682e+00
1.021471496251898481e+00
1.026107644662589635e+00
1.034774434535274068e+00
1.014733284975025684e+00
1.041775960116977373e+00
1.089888833788166256e+00
1.005465945208237288e+00
1.074202638745237470e+00
1.036733126564566732e+00
1.023855072490173379e+00
1.002278377917684260e+00
1.092785347046580480e+00
1.031963874232016298e+00
1.083225676221504230e+00
1.066386251575762278e+00
1.097896692714681821e+00
1.077081665464574067e+00
1.005436377490569022e+00
1.006355028129388929e+00
1.012261146145954083e+00
1.017276885800577624e+00
1.021043553379985314e+00
1.070299774484974709e+00
1.090359394110879343e+00
1.091718736117859745e+00
1.025559460345289997e+00
1.016656921566560623e+00
1.087507498254511873e+00
1.096748486565041647e+00
1.078963332341160708e+00
1.007178369102476490e+00
1.035087677322149124e+00
1.063270341041575806e+00
1.068588870160356974e+00
1.025024188291214111e+00
1.012410864234823293e+00
1.013992382754720367e+00
1.098513965547495141e+00
1.063578028131940911e+00
1.035491470354519050e+00
1.071014816915661694e+00
1.003911454790729740e+00
1.002872682875434851e+00
1.008991481756511543e+00
1.076480901180391525e+00
1.051087191851372227e+00
1.046855055726369388e+00
1.080624911017053602e+00
1.071925104478931745e+00
1.085999472433163637e+00
1.066283636582083805e+00
1.026023412764172971e+00
1.067207274355244762e+00
1.001629786163205749e+00
1.010791139318423681e+00
1.092522523183635519e+00
1.083564398408948692e+00
1.005603335498707507e+00
1.059202826401959729e+00
1.024098756355176221e+00
1.030178810331487949e+00
1.005838056561498384e+00
1.034288705180375079e+00
1.012351324531130858e+00
1.037961980558657515e+00
1.016374437963324384e+00
1.022935453054153898e+00
1.091259964918410930e+00
1.098873446040132151e+00
1.054468172830694606e+00
1.056374107125039208e+00
1.029257070672281449e+00
1.057515726976405723e+00
1.092866345725487243e+00
1.086168574306552337e+00
1.035088973502580778e+00
1.022657620502951614e+00
1.091288597510396308e+00
1.032361233425287184e+00
1.082697504459525950e+00
1.066899074251447255e+00
1.030443128825859089e+00
1.084031559102972553e+00
1.010685171445229402e+00
1.020116871659823676e+00
1.054017903535405365e+00
1.040904420762100324e+00
1.044011287555754564e+00
1.027599424905314418e+00
1.071797547909830506e+00
1.018094231944123296e+00
1.075525095101636630e+00
1.011557427727756586e+00
1.004232593809310847e+00
1.086544022815181476e+00
1.087008121935093996e+00
1.010173420302881597e+00
1.027691579149758949e+00
1.057476541629477129e+00
1.079630888163488622e+00
1.014770041444441606e+00
1.064954457797943732e+00
1.037547067663468603e+00
1.078534909487631088e+00
1.078961998138316281e+00
1.054511540564127658e+00
1.049757557776419992e+00
1.053238652836808065e+00
1.013252107602291341e+00
1.068798404832887794e+00
1.042149666017068599e+00
1.055040183216795713e+00
1.080176626814929763e+00
1.065085596308702254e+00
1.001403540036323037e+00
1.041679228814299085e+00
1.084451180310356699e+00
1.001767370737246532e+00
1.018229560641418230e+00
1.053243493341240455e+00
1.098574421690579506e+00
1.025460700124358970e+00
1.011116730092165295e+00
1.039776111508526890e+00
1.004912375703600258e+00
1.093246818306350843e+00
1.023775786405155985e+00
1.006149853547740891e+00
1.082487933898288013e+00
1.049974095684372388e+00
1.074105285626939965e+00
1.008832832608533181e+00
1.096746280980148258e+00
1.028549384412160039e+00
1.063648056350988469e+00
1.035056232077143035e+00
1.064082808107432943e+00
1.097882289119269661e+00
1.089196877888679360e+00
1.058357537701968942e+00
1.006524802162831689e+00
1.025613513935222487e+00
1.058854089490123718e+00
1.047302768235166548e+00
1.064944292362041578e+00
1.094879009308303841e+00
1.098998484813990872e+00
1.097415403382165033e+00
1.038672652638628069e+00
1.065480310048279478e+00
1.025973014726436983e+00
