8.746536213208018495e-02
1.465251115686898309e-04
3.880198675427451449e-03
6.149486000464439439e-02
3.804056235976656375e-02
2.037929417315009414e-02
6.765055914056416347e-03
3.303093928081528297e-02
9.509092559627320418e-02
2.221606486926448396e-02
6.555922083649559640e-02
6.036825190531235064e-02
1.829260062902192743e-02
8.785953244090712044e-03
-2.178504626379432207e-03
6.741792296188724165e-02
5.194994572812226125e-03
-1.623653208000524345e-02
1.937274726016936441e-02
8.572786344276425718e-02
3.953978131338611868e-02
4.999871278050710410e-02
8.230066316861010811e-02
6.858163207470821532e-02
-2.047586787953425275e-03
4.469908601840028028e-02
3.470600919903636672e-03
1.734299904333043083e-02
7.136399107246091389e-02
8.129489602885268951e-02
3.049914725330215778e-02
-1.338793932784215074e-02
-4.495606771792165848e-03
3.189181175631265741e-02
6.292797214518386362e-02
3.922085616992759816e-02
6.047090609124866623e-02
-1.467059649905663732e-03
6.378519767000817575e-02
3.136351627254951868e-03
-1.830959003306229654e-02
6.815648304134787339e-02
2.253837307084801886e-02
5.099312055408704303e-02
9.193192765039685799e-02
6.655930616668862682e-03
9.282540641321625208e-02
7.460503496863825357e-02
5.235765656618876496e-02
8.453115239400073311e-02
5.893697069204563432e-02
8.698585368414073205e-02
9.782405545409079972e-03
9.427047851058828476e-03
5.269759086279764138e-02
8.138604188711937026e-02
2.408218820074078600e-02
5.092023903164547005e-02
4.757149928809961681e-02
9.986782953373751076e-03
2.068978310723216044e-02
9.830406658863645453e-02
9.818491408018006905e-03
4.306463127505620603e-02
6.457621428567830724e-02
3.824847234834551080e-02
4.497728161961020432e-02
6.787165973604881997e-02
2.514847136287245641e-02
4.517759640560867901e-03
4.848674359832524927e-02
4.251120247058964158e-03
1.586676431271363472e-02
-1.693982691108256514e-02
3.303983987102604436e-02
9.916624335175321103e-02
6.847009337675313834e-02
9.533049802049144150e-03
4.420889318804065160e-02
1.167814268105396222e-02
4.526342348023372486e-02
4.085521911377139326e-02
3.399565772787604967e-02
8.477110580499120501e-03
3.978082187582702989e-02
1.084745396303349319e-02
3.360619042172803550e-02
-4.181436672255969822e-03
2.385821496183572824e-02
-1.583119460311163684e-02
-5.629380665816698451e-03
-5.392066312705843037e-03
-1.361196213225196634e-02
8.184431251792247120e-02
9.034213091179742194e-02
4.950152928288717447e-02
8.341057183101151240e-03
9.311837080064466754e-02
3.437853995660929141e-02
2.985298422635171769e-02
1.200871422870730329e-02
5.931192754794469002e-02
4.893749972997707420e-02
2.447145361655985243e-02
6.008020513724252054e-02
6.269253351260027640e-02
-6.779269562130480278e-03
-4.195261607591350972e-03
1.974179914623248530e-02
5.982845719965598774e-02
4.138668933953545959e-02
3.763218450554423056e-02
3.216337143724770642e-02
2.396652040926109187e-02
7.226693582946655536e-02
6.921311938507132555e-03
7.779112238622903908e-02
8.807358726010254546e-02
7.833782233052737076e-02
-3.055946891271772020e-03
1.792777656531288274e-02
3.240016735214328036e-02
9.784779621761424684e-02
3.670116849722146468e-02
-5.379347416675499260e-03
2.831902794814544419e-02
-7.786630335205230874e-03
1.452606996516331642e-02
-1.983425434981291036e-02
3.410081828649379199e-02
1.001635520815759295e-03
-6.917097853947605859e-03
5.329357191276139216e-02
4.768003874777310136e-02
5.753594512824601603e-02
8.260058481947277903e-03
1.952995766202766589e-02
6.108833944716865472e-02
8.053992611836656434e-02
1.835456317355245795e-02
8.498062124501497283e-02
-1.088484194428515628e-03
2.796238152142201464e-02
-4.436034097477182733e-03
2.501906570036619218e-02
-7.555488219609265629e-03
-1.342471609283490096e-02
7.909959592927075234e-02
8.533821539301197912e-02
7.019043833538121668e-02
7.915353098207507376e-02
1.955524410517003528e-02
4.383475990048474324e-02
6.499254595928651013e-02
8.961761597134330903e-02
2.563600346152213397e-02
7.344147308223341469e-03
5.347482685646072487e-02
7.725087883722038529e-03
9.696019265395200426e-02
5.175828715820077197e-02
-2.480542943445067372e-03
5.095882211278977836e-02
6.694212131695936874e-02
4.268509690141399082e-02
2.368498967968548155e-02
8.103005709076455121e-02
5.571751019558665585e-02
2.542371187351673625e-02
1.491108805822713781e-02
5.111109349965202442e-02
7.873597494198322777e-02
8.031375584643357657e-02
7.422152529029032997e-02
-1.150691515317994566e-02
7.409451398305001713e-02
-1.525507468883596437e-02
8.769732421342885109e-02
2.861278861703085361e-02
4.319057554358937678e-02
3.219680535151499268e-02
-9.010670853297457136e-03
4.084619905992922795e-02
5.680848520551262659e-02
8.308969385610492919e-02
6.153313622403233651e-02
-3.700239883322881118e-03
6.152175292993278255e-02
3.373884218174624805e-02
1.493236712174402306e-02
-5.867802070888342159e-04
4.912562620233056065e-02
7.042103972350957641e-02
7.880663300913268166e-02
1.331129673567521890e-02
5.975271252012701040e-02
8.559385419322093624e-02
6.514551646406578633e-02
8.743476963758702036e-02
1.945160034158462461e-02
9.840764218879784198e-02
3.599589400711919462e-02
3.353948642401800850e-02
3.553296609023758046e-02
7.425534892926802244e-02
8.068588872341908580e-02
5.574551762048271519e-02
2.761780686661873332e-02
5.058342385074182657e-02
4.700691858334325735e-02
5.601952477743478431e-02
1.942729009159626166e-02
-1.884678212626911611e-02
-2.230982879667772062e-03
3.282753719311269636e-02
3.304112115073368217e-02
-1.963596621007019857e-02
3.373984787731557078e-02
-1.658181110200744948e-02
-1.775949034108700864e-04
-1.348540325573494188e-02
6.169823501308506486e-02
-1.150015107826852546e-02
2.515388595072879860e-02
-1.846390452178102437e-02
9.203008559692191226e-02
5.874431738851196294e-02
1.681053929608313305e-02
4.106420182580818035e-04
3.226717988907019941e-02
3.767104814716752681e-02
6.754303664017907716e-02
-3.527067907398939023e-03
-6.008286548129539856e-03
-6.114486178241755263e-03
5.588733831325790047e-02
6.074173512572247913e-02
8.992683485878127242e-03
9.081561098563402379e-02
5.414417629105877650e-02
8.691381039637274819e-02
5.524965778332854849e-02
-1.661747142558437501e-02
-9.395177461293728258e-03
6.574449372969801142e-02
2.768308695621951240e-02
9.279481844769998933e-02
5.580713381778019955e-02
2.751051913043017078e-03
4.526133150802785776e-02
3.328541625816969218e-02
6.321738821931303931e-02
8.213811372178399239e-02
5.528818538090733703e-02
1.948661020918279405e-02
8.437270104951105631e-02
3.729620347576886874e-03
3.967412198699619974e-02
8.006582838452906692e-02
8.898634171481797916e-02
1.991655425127688422e-03
4.733364823018757633e-03
8.823852108872651256e-02
8.157049345004471763e-02
-2.825188188721464849e-03
5.445709077777073637e-02
5.110752751839933716e-04
9.686340864837947318e-02
3.848319486966791936e-02
4.143745184263325498e-02
6.385494385572115794e-02
3.635800773180530854e-02
7.347989143770639053e-02
7.062561409708457971e-02
5.309843166838672940e-03
7.902887974684509598e-02
9.269594735220836046e-02
7.627080579744961730e-02
7.120527697382247889e-02
-9.289616134702870925e-03
2.549380350134626896e-02
7.832442776478550084e-04
1.906612500581250300e-02
-3.898247935212602322e-03
6.947123715187768223e-02
7.600624343717447828e-02
7.699469301462698312e-02
8.402464231098268066e-02
2.633956846688715464e-03
7.667697674154343168e-02
6.860776613969279958e-02
9.094255225720500324e-02
5.944711548327040462e-02
-1.989104961043204958e-02
3.404475447878707595e-02
4.024755781820731071e-02
-1.642166257784701683e-02
3.177082991882378138e-02
5.883597918343075328e-02
9.553055360104149851e-02
4.394312100740659088e-02
-1.666250652531163501e-02
9.978619644017226731e-02
-4.030904095111469132e-03
9.688550905416618009e-02
7.033345112963132473e-02
2.331862851931759337e-02
1.302911470220933718e-02
-1.586288325758175577e-02
4.694910517369721425e-02
5.763671486967121560e-02
3.131853493062258104e-03
9.184236326229036629e-02
5.519599106127502652e-02
8.827287006047129791e-02
1.605449097699150271e-02
-1.348575284709744096e-02
8.682508860875916279e-02
4.575353832693376810e-02
7.850589313783851164e-03
-6.808178721676457976e-03
9.643907692922698560e-03
9.587802726028867017e-02
2.948300155428703120e-02
6.062444664665578298e-02
3.006533134525364928e-02
5.432992803035284479e-02
8.122560271817536037e-02
7.252028895488026039e-02
6.716706769466593979e-03
9.527628629804249516e-02
1.303218895006147751e-02
7.300521788092945163e-02
9.130482932050638933e-02
6.671900013235379512e-03
8.915063587100501008e-03
-7.001715541944428939e-03
5.889189860141322286e-03
-6.267665015232041711e-03
5.397928228668899542e-02
1.594399805619705832e-02
9.786253869298509878e-02
-8.816795290653618028e-03
6.927154146786221323e-02
-6.447899292648821834e-03
1.324135433855487196e-02
4.368537384313503358e-02
2.807773623189966164e-02
6.937182557710466768e-02
3.848557873076763336e-02
-7.369213942398401829e-04
3.410375158847459010e-02
-1.134741284680127957e-02
2.588481017176135976e-02
9.334298203396335092e-02
6.152418511897032871e-02
-7.334142373215240054e-03
7.474398000530974029e-02
1.984152209394224667e-02
3.368626245626410443e-02
2.953969304207463772e-02
5.600679357378657297e-02
2.295921054629064886e-02
2.908212063210150258e-02
4.018492029316897418e-02
1.748205779852108135e-02
6.719086795316418781e-02
5.989220378746965001e-02
3.191657178802280448e-02
8.721540829669498229e-02
6.947396372371621165e-02
8.186350492817216773e-02
-1.329809741046652366e-03
9.533335367732075072e-02
7.594942262711522341e-02
-1.061713476690884575e-02
6.958927301111382524e-02
9.053984200498961521e-02
7.019858134565060137e-02
2.380930413320257386e-02
3.263370067373956573e-02
4.122496871878045255e-02
2.809973025362315704e-02
-3.351409000446718689e-04
3.264442133033175486e-02
5.725506254704783304e-02
6.234672763869240908e-02
-1.994463882347254080e-02
7.991924582713796910e-02
-5.173362733623298321e-03
-9.343774251146895818e-03
7.995228181819920288e-03
6.935438555364888125e-03
1.462304859826352513e-02
8.881509463849773800e-03
8.836867668150591437e-02
4.128552658712236756e-02
-1.378609407794089553e-02
5.137793844866213322e-02
5.928734660878703933e-03
7.269467537651110034e-02
5.777365402210136308e-03
1.819275671062245067e-02
1.153897538628598576e-02
-5.915013874156369034e-03
1.547682014861348834e-02
5.042499986258099087e-02
6.876372376212358528e-03
8.575910699676142501e-02
6.759444585931449062e-03
7.438795912343335037e-02
1.705564528207700534e-02
-9.094261417810160786e-03
6.512612398779757394e-02
8.187506278418472949e-02
-4.095978445672790458e-03
9.648594325715573183e-02
5.908652559291532880e-02
-1.600383258487918237e-02
5.840349219292613470e-02
6.360933740778430823e-02
9.428135287872473069e-02
7.119762378809182946e-02
8.294740784764918773e-02
6.005802797480254418e-02
-1.121495289050260420e-02
1.472419545328257709e-02
9.908607134265455529e-02
3.731232121785384853e-03
4.607074745366618318e-03
6.494952865157870014e-02
9.641172411158878408e-02
6.798883640332487044e-03
8.103659997250244051e-02
1.099839332675982620e-02
7.178523248871894469e-02
2.125995828742599167e-02
9.876741244180156643e-02
1.620244840153168761e-02
9.317831784916336124e-02
8.195398477045260505e-03
1.512547364541318509e-02
-1.498119314965578805e-02
1.085090265244649521e-02
7.773677705710128893e-02
5.573583623815625554e-02
2.269138916463644615e-02
6.197052927963765667e-02
5.978737594042082826e-02
7.588465560738526239e-02
9.890820759324422951e-02
3.154810157077771182e-02
3.998102350345544842e-02
2.242801628572758596e-02
7.248533634604212295e-02
9.595228422613472086e-02
4.152461974890146734e-02
6.480320709726084677e-03
2.707291940763044413e-03
4.542089959114745112e-02
-9.290032408641096806e-03
-3.858687702724877822e-03
5.520859228690778997e-02
-1.434913454678992534e-02
8.958476541692865502e-02
4.943643315298580643e-02
9.371203154021122417e-02
1.593886155025743198e-02
3.707312155912846630e-02
7.985359920450367521e-02
8.756730843742221992e-02
6.667008103531930907e-02
4.007503632240107250e-02
7.452625156180113508e-02
7.908131974235611122e-03
1.903890323016076483e-02
6.405792691454753607e-02
9.806437602076391313e-02
2.462065108499592384e-02
5.585467597926567496e-02
2.116988356704525495e-02
5.147295843479496313e-02
5.544999211577150700e-02
6.904259336931978241e-03
6.894234775409294191e-02
-1.551921725383605122e-03
2.956136934979392353e-02
1.406484654656174962e-02
-1.300354717243823108e-02
2.411617949676837444e-02
9.036452442297096543e-02
-1.211678233234450910e-02
6.786917536220961333e-02
9.028084042999715009e-02
4.251301188358200256e-02
3.196509825238842695e-02
1.348332225002007653e-02
8.130208692255914971e-02
8.361116798335950506e-02
3.154660730216744813e-02
3.742303181503590925e-02
7.538933199798703022e-02
-1.108120497123869092e-02
2.775395630140786371e-02
3.022494825372873742e-02
5.993687628408439494e-02
-1.383087463454881275e-02
7.499324984106110759e-03
8.191541250039410804e-02
6.815650304030491935e-02
9.067467059956928199e-02
2.385916406953149729e-02
5.948565796660337801e-02
2.415219505086129217e-02
6.867303176597747139e-02
2.646784160052649201e-02
-6.686686865782930436e-03
9.830361782483461319e-02
6.997496863493636587e-02
-1.102641134917131498e-02
8.502285207853338411e-02
6.654356170156843636e-03
1.454476637046516266e-02
1.784541405134022415e-02
3.946114675852570308e-02
7.265939847557807696e-02
3.635234906037572433e-02
8.128724641834210451e-02
6.150287930558735738e-02
4.223840640844872540e-02
6.646008015501446431e-02
4.622326564141325533e-02
6.615336087098340478e-02
7.651033532250905989e-02
8.930576885937743792e-02
-1.556149964645871589e-02
2.107511728039569016e-03
7.401656549660981521e-02
6.179378180983653712e-02
4.526452143349163348e-02
5.999218974188852416e-02
6.389515620357752446e-02
4.960247961792946247e-02
8.365125364156873744e-02
7.019499014216556976e-02
3.446352404920688395e-02
7.421254287113927817e-02
3.667230803796918404e-02
4.166580543035505735e-02
5.001100158839667797e-02
4.241923980223821777e-02
-7.572171737903747590e-03
8.769434164197564829e-03
-9.281558768327568751e-03
2.133036036517979919e-02
7.468781248182641830e-02
-1.607841653230100351e-02
6.810686248012981503e-03
7.630283000946866401e-02
4.599797261432925222e-02
2.736554567934323251e-03
1.096356269953785434e-02
-6.502634009243092594e-04
-1.691164626151716796e-02
7.387964549726772079e-02
3.611374752464428795e-02
9.091149146482023491e-02
1.000206270953673746e-02
2.321767883939290442e-02
-1.083833276803833345e-02
8.000923885889665854e-02
5.678926013189247723e-02
-6.236898855920771159e-03
4.023892758694251615e-02
3.198623874662809285e-02
9.816889574713734412e-02
7.191541153610191139e-02
4.103748992195444673e-03
5.702182583676509986e-02
8.477691047580795947e-02
4.588558660059165184e-02
6.259614027172193118e-02
6.143320355218874484e-02
-6.466776076598129350e-03
2.349860164097953771e-02
9.591646197515381334e-02
9.371229712608535045e-02
7.882889401979151223e-02
4.324381010703268191e-02
3.818835242804533014e-02
7.919958554388584204e-02
8.573471761178767803e-02
5.444150072985788624e-02
-1.707042057645233313e-02
3.363485023771008164e-02
7.101083880902586687e-02
-1.282237147368459063e-02
7.118825586440599706e-02
-1.064252575278118451e-04
8.895255554784611829e-03
-1.750402253006888564e-02
9.447758469405075077e-02
6.874199593612502490e-02
4.313912162943163431e-02
1.155822409521600411e-02
1.902026917938190106e-02
7.065475588238701032e-02
7.033433180803942697e-02
9.166731222702068083e-02
2.275357029216410962e-02
7.729703570902338172e-02
-2.767337791234916050e-03
7.242467489583039042e-02
9.154766405369871296e-02
2.281910884399343878e-02
-1.014456548629309035e-02
-3.191072145078143601e-03
2.786112230513564450e-02
4.499741106081620035e-02
7.506217746362872645e-02
8.780848925476271438e-02
8.101098665060439685e-02
1.974079470993950550e-02
7.497100816041091242e-02
4.089826567102268495e-02
-1.297143299549003044e-02
4.318500189172375103e-02
4.992807756530542873e-02
7.416755279298713199e-02
-1.881023806058738923e-02
3.656241883267358217e-02
3.504878051372872783e-02
-3.313773756834049317e-03
8.346294897713056604e-02
7.616848088887490098e-03
4.995899981839252435e-02
-1.889214563389410642e-02
9.305805608193516709e-02
5.798928563891583843e-02
9.034298857309736031e-02
5.414519383132140873e-02
6.798294325137052563e-02
6.005729231786806344e-02
6.699874648113421371e-02
3.927011629004797250e-03
7.772500325647253849e-02
8.727797910661988512e-02
-7.482099824182778317e-03
7.006827556730291229e-02
1.117047654069215287e-02
-8.241444540619950396e-03
8.156949980446277781e-02
9.930374737691306797e-02
-1.848236065677971371e-02
8.042157734406987779e-02
5.071820612398870998e-02
5.752304845059251492e-02
5.869312755656382052e-02
6.376954097606420124e-02
7.035349397019394213e-02
6.923863552601169924e-02
-1.674588067694959825e-02
4.547141300200230329e-02
8.438403154084010011e-03
8.809192209505868620e-02
2.925256251335320648e-02
4.801928176887548805e-02
9.462391826934821171e-02
-2.991676025758067958e-03
-1.801781476318016148e-02
2.648796615657571935e-03
-7.944247450345755246e-03
3.750072294053799493e-02
5.178160781380844457e-02
4.811693148594829716e-02
7.901897578032918146e-02
1.631649187656346658e-02
2.349849404443666093e-02
-3.717737400122551883e-04
6.078913536464083944e-02
8.780479327238158160e-02
2.706442316561493908e-02
5.139740783648233391e-03
3.561696799891571341e-02
3.967708926384694301e-02
2.642383134172095194e-03
4.007412035661218896e-02
3.449713890324009047e-02
5.935636870015841005e-02
-8.256773217867253989e-03
8.763530082825723988e-05
1.330926912756729905e-02
9.555603772665614837e-03
8.592285410237512910e-02
2.234217906329893574e-02
2.260090964246349796e-02
8.062513079480175537e-02
5.677452539241507889e-02
6.567295000696565799e-02
4.728984593631066491e-02
3.403379235809288195e-02
5.126588059306096123e-03
5.931956875779977045e-02
6.565078595147663676e-02
-1.952421440066334432e-02
7.291652731555181566e-02
5.973756260671310436e-02
2.113554109394462019e-02
6.350425045908503208e-02
1.421469295790674797e-03
-1.106792677666033897e-02
2.288434436370611821e-02
7.168891171888215619e-02
9.710034952030929811e-02
3.086456356186939240e-02
5.650958887343068837e-02
8.353395763220032577e-02
1.197914348389276032e-02
9.570739004125633498e-02
7.376353414104361295e-02
8.458922208369255846e-02
7.556189109613085930e-02
3.551591357392466092e-03
-1.640096628327186029e-02
3.067572632169720398e-03
5.138555876193023897e-02
8.312449147568759522e-02
3.881280944482094764e-02
-1.204599985832364648e-02
-3.410157775336916663e-03
-1.607359440989516997e-02
3.554251323770574178e-03
-4.223368373350834537e-03
4.717698905156536560e-02
5.108352709612788700e-02
1.714717099239269557e-02
3.677632668786039172e-02
8.122726145461316855e-03
9.476344168931286061e-02
-1.862482763545256215e-02
9.623945602827173318e-02
3.982422410899662257e-02
9.441371399250658714e-02
-1.317580773996843146e-02
1.094660084779295120e-02
7.691668172991029950e-02
1.703598961484740701e-02
8.841969109888900280e-02
4.119339697414080986e-03
7.978554248481953270e-02
8.343194613744286947e-02
7.851566577410976078e-02
7.657205705526180795e-02
2.280155368502507010e-02
7.973893076567778460e-02
9.235760231159230449e-02
4.323134497249883634e-02
-1.329107738642035241e-02
6.708516095844638955e-03
7.241475755877538334e-03
6.520366126707188847e-02
-1.522479253407208258e-02
9.782213198803597909e-02
5.065541360974479268e-02
2.613328374439956303e-03
2.183795730254732212e-02
8.756571402684892869e-02
1.950878192648800372e-02
8.568465337838890306e-02
1.783395774671077752e-02
-3.123725194198012645e-03
-3.491867940691052025e-03
8.798167331064547791e-02
8.548479853999563227e-02
4.923872175850486921e-02
8.251528459166844465e-02
-1.072759940651851589e-02
3.821988018855138058e-03
-1.311458290457539339e-02
-3.475764796816958879e-04
2.634747832526141906e-02
1.956778450765644592e-02
1.832665575906291047e-02
7.060454217487167894e-02
5.843905699347631821e-02
4.909302714235332099e-02
9.811738907969137780e-02
9.522208353393261937e-02
-9.159186683640426971e-03
4.108675830029043241e-02
5.287414261465939180e-02
5.370777094871445612e-02
4.034680970733091343e-02
6.390941001324866588e-02
-1.032979960314851266e-02
5.187314732712410004e-02
6.002699253315077477e-02
4.960149246521353139e-02
-1.182285119021044342e-02
8.654834060497172687e-02
3.784580852693832098e-02
5.405251909780094122e-02
6.225595129230049318e-02
-9.846300481578459940e-04
5.119795345268353393e-02
6.072137152398245086e-03
2.670914242959576343e-02
2.851026009124269303e-02
-1.208057006915190350e-02
6.820015504702944820e-02
7.274789049409631503e-02
2.765805988554661740e-02
4.246219424859362657e-02
8.618844505316264337e-02
6.051641780013980454e-02
-1.851451143089587886e-02
1.040172124665014047e-02
-1.165749525170790314e-02
7.176311015208922117e-02
9.865126451758678139e-02
5.230180645254642324e-02
2.801928148477102545e-02
7.808671758428428755e-02
-9.544794086855596174e-03
7.313966751182798820e-02
5.690980783263517584e-02
5.165388168497954402e-02
7.575495346950959774e-02
3.080917071551856137e-02
5.019384825600343991e-02
-1.030334197450332410e-02
8.467266885444697799e-02
7.303546112083983410e-02
2.951972066085395766e-02
3.930212171215408112e-02
9.781055791242347641e-02
6.372971550343387026e-02
9.977753157470375944e-02
8.913012065381434312e-02
7.945562012476221903e-02
8.313629736993267960e-02
1.473972847670370137e-02
7.259092786118127166e-03
8.012751553334074295e-02
5.067073585896939014e-02
3.569699897384839837e-02
5.028215557925312662e-03
4.354486737436033539e-03
7.235728439345277818e-02
7.888442272920653808e-02
-1.220524665022328439e-02
4.823538329508728073e-05
7.348729743773711742e-02
5.173368993707590235e-02
-9.057696639860942506e-03
6.997133268826657981e-02
8.287413358848877420e-02
2.756448638747717797e-02
3.878428133630562602e-02
2.335535547006052301e-02
4.255187855410359765e-02
-1.543518522094040196e-02
9.306591361384189409e-02
6.089395844591438678e-02
9.934075676556269885e-03
7.230412943662399561e-02
7.913887005936204311e-02
3.609827430167657225e-02
8.900209366340239292e-02
1.798673638269915678e-02
2.161298542600521497e-02
5.036218165926902024e-02
6.390027784966548219e-02
7.461590765686777760e-02
-1.558192624753441946e-02
-4.530936111144290984e-03
4.648581317451061512e-02
-1.197207557804225511e-02
9.581278450105831790e-02
3.567057870105409811e-02
2.696118910323832760e-02
4.510324373097950035e-02
9.248588232830699807e-02
8.006572344065339408e-02
9.821035547992339187e-02
3.980655064246013675e-02
2.164496394296864731e-02
2.996933165889025322e-02
3.926601088203802992e-02
3.751895891686203577e-02
5.594575304468285548e-02
3.299002784032246949e-02
1.166979730947114921e-02
6.491101785873933105e-02
1.979428126663587695e-03
4.217696295531417339e-02
7.190580466824204875e-02
3.178714320070076538e-02
4.756156316626301839e-02
5.711482824053951135e-02
2.402916907469123189e-02
-6.866572760076215115e-03
-1.199839139252960145e-02
9.417257466702741442e-02
3.356457666187015465e-02
3.722960699589930589e-02
3.552120649639675665e-02
5.995815587595740292e-02
6.734831271811117515e-02
-1.042000451755948839e-02
2.793669848067128689e-02
6.065721267603023381e-02
1.359389900915605395e-02
4.622295378397885124e-02
3.748453599381482149e-02
1.242285899629455223e-02
-1.220895567144490539e-02
2.791455140343091987e-02
9.042376040792558106e-03
9.529172705931400478e-02
-1.321851268293674359e-02
1.418409225586502245e-02
1.791892514645381657e-03
2.148083518699729980e-02
2.840972624119762410e-02
1.015057735324727609e-02
-8.063666912010923962e-03
1.831563013537873194e-02
2.464996058272148072e-03
4.125100588342543728e-02
8.127003583334703463e-02
-1.160403222165916001e-02
7.929131876641486165e-02
4.016875951355564078e-02
6.116212660718958055e-03
4.423934825230155937e-03
6.284944048886924317e-02
1.387360488346882706e-02
4.006106805368325752e-02
-2.799362939977814019e-03
2.797631986198010137e-02
5.556481755863026950e-02
8.701496003740764873e-02
3.334852344793907963e-03
3.143118155880318676e-02
5.570608247641171962e-02
1.986357333128298611e-02
5.567402890828195006e-02
4.429617411996475407e-02
2.160366628027588637e-03
-1.491105943423760502e-02
8.225846007338095955e-02
9.853368695670658428e-02
7.012343311318957467e-03
6.291239394637170718e-03
6.405284078645921697e-02
9.370562407191398990e-02
4.328850720739678415e-02
2.979467249291820399e-02
9.491632497525559486e-02
5.194802619449963299e-02
-7.249773960571456732e-03
5.682193940505342322e-02
7.189441237252716665e-02
3.672678257708691940e-02
4.888341507172322409e-02
5.757424854817111415e-02
4.854210157794407177e-02
6.180309616114353088e-02
8.971271602890106001e-02
-1.734175239770401403e-02
5.155513743765403889e-02
5.543638170239641172e-02
7.219313265490103632e-03
4.179291537357140984e-02
-6.930599959653158115e-03
3.719439114004610691e-02
1.466840430982946711e-02
2.511227221839810661e-02
6.494436043170710715e-02
9.151443803756431628e-02
9.410748954423422963e-02
2.667066966655977020e-02
-3.359730638679371550e-03
7.318599598685338048e-02
2.589802313310213613e-02
6.156450601652334320e-02
4.671121612134662704e-02
8.988122359934337668e-02
6.925327160438923824e-02
3.032847146113125739e-02
6.881504204506727618e-02
4.272248933736606802e-02
9.586153771459574036e-02
3.207756335628270117e-02
1.419053095727882893e-02
6.206743652884972456e-03
7.898502651673813824e-02
7.518479075610201567e-02
8.408607073533247434e-03
