1.090786421866126732e+00
1.080101018626459686e+00
1.006178693945165348e+00
1.031423128554396662e+00
1.055286219250382462e+00
1.029161009587399533e+00
1.075609768249526699e+00
1.010480595986920305e+00
1.053188775329265470e+00
1.085310111411866840e+00
1.085054282012567928e+00
1.017889789014284174e+00
1.023482505998790426e+00
1.036998923413081197e+00
1.090791379621691926e+00
1.076021049362346549e+00
1.053918397613911262e+00
1.019232615631113337e+00
1.015421323521165098e+00
1.084969634096365709e+00
1.079874807763419930e+00
1.013194301832651023e+00
1.081286554929546728e+00
1.097888278304183673e+00
1.077346975947524266e+00
1.069086682934061727e+00
1.091158422688887075e+00
1.015279863445494701e+00
1.035392615632851898e+00
1.052941366493939546e+00
1.038796185461022592e+00
1.089106214571599729e+00
1.013536205684016922e+00
1.005800085724582349e+00
1.085320256190278387e+00
1.063887873800099415e+00
1.023181853050799672e+00
1.086398194998251743e+00
1.029261852157393742e+00
1.005573595409957166e+00
1.058724889632714605e+00
1.092146944081702209e+00
1.040470359852739168e+00
1.096485422055876402e+00
1.072482754696813423e+00
1.094789873793742929e+00
1.084986383718363312e+00
1.063469184077541208e+00
1.074527592251936614e+00
1.083989715393005149e+00
1.084675443304939257e+00
1.048365929857542955e+00
1.023856385272634784e+00
1.060548265326809236e+00
1.068914253128557590e+00
1.052988614902371056e+00
1.085751580189574295e+00
1.042017257484470605e+00
1.083688456096540076e+00
1.004074687958243173e+00
1.088184150506970926e+00
1.080831338106074346e+00
1.030529290909419471e+00
1.095229458908217657e+00
1.017442318951717883e+00
1.060457540754856209e+00
1.036423131171128720e+00
1.050477795882849064e+00
1.016913488995428105e+00
1.018236994939548890e+00
1.047932632746820136e+00
1.085617233330937292e+00
1.042106684329866306e+00
1.097821742223422437e+00
1.004083330831707643e+00
1.012825654949345067e+00
1.093717762086985568e+00
1.066058434977586344e+00
1.026670161966622752e+00
1.059619513181459416e+00
1.027898235393855497e+00
1.003792034341909334e+00
1.061913496579018901e+00
1.085625720942259287e+00
1.073517093666040534e+00
1.072990929816484806e+00
1.041787062231041228e+00
1.087242619562611257e+00
1.014427747616171160e+00
1.023815929128589763e+00
1.018536409799279951e+00
1.038080345531513737e+00
1.019115730842482082e+00
1.007087547446810838e+00
1.088378677637394265e+00
1.033342313189613115e+00
1.039264906586238046e+00
1.090243777314121587e+00
1.063755701509429219e+00
1.057911747445863249e+00
1.043023965323737867e+00
1.072762358957445317e+00
1.076366284245547478e+00
1.003886766386822949e+00
1.093445990223230080e+00
1.072979923823154103e+00
1.016711056264546498e+00
1.022468327691443024e+00
1.031749960452274406e+00
1.062972383738003179e+00
1.008376922593736014e+00
1.047910839303202835e+00
1.010332922588431437e+00
1.034441869984542350e+00
1.094701449994917919e+00
1.009795686949648497e+00
1.054256783225166583e+00
1.079393933211152845e+00
1.057400289240668201e+00
1.050602506814979575e+00
1.024595022940944178e+00
1.009227024357336910e+00
1.053930567750457570e+00
1.066834485018891110e+00
1.006953247587979661e+00
1.079037735050071944e+00
1.002908479316444224e+00
1.042419763593789073e+00
1.010687435417227942e+00
1.059834039848025267e+00
1.039709895228236425e+00
1.027933745114703257e+00
1.026166421037415288e+00
1.061995342771895778e+00
1.046256812027047456e+00
1.094966082895774351e+00
1.078510871132325466e+00
1.050823043242320676e+00
1.000956906619641762e+00
1.042765956154160234e+00
1.003756078655833051e+00
1.094643209014591667e+00
1.066450798501128228e+00
1.075316372124301534e+00
1.040672701883707418e+00
1.086668382995723325e+00
1.096943320450175730e+00
1.045361299217135054e+00
1.043514025220684704e+00
1.091121720147661733e+00
1.076472430985027984e+00
1.034473030398477711e+00
1.042161501393276568e+00
1.026555127061534067e+00
1.065608458533255698e+00
1.032824979859690018e+00
1.087659223511673989e+00
1.042770606773440356e+00
1.008694884208874987e+00
1.058176702258170510e+00
1.097560302395837128e+00
1.082142774290972387e+00
1.096139315173093154e+00
1.067025003634072489e+00
1.054470230539822140e+00
1.046917247100158210e+00
1.001166184396669490e+00
1.036300653360388679e+00
1.038723833422896536e+00
1.027595864135018022e+00
1.079358484894610060e+00
1.062714539759027632e+00
1.006760236215125337e+00
1.062009686722092505e+00
1.037821879571904526e+00
1.078414384092494682e+00
1.068134088188569697e+00
1.064028393596851751e+00
1.036493668376160304e+00
1.033012327143174147e+00
1.092949231784394515e+00
1.042321525129592974e+00
1.089972944803977661e+00
1.047118899962718119e+00
1.073763639962355354e+00
1.083688142374821251e+00
1.077256115098316203e+00
1.068553714115370479e+00
1.071086122718601708e+00
1.047903255407138801e+00
1.093552843430086963e+00
1.047414937184755424e+00
1.019756603641782444e+00
1.060758795028877488e+00
1.075610246420697136e+00
1.053105788284719901e+00
1.010318650901711690e+00
1.054838099859074951e+00
1.043162011998113536e+00
1.089456602648074313e+00
1.061481603537566487e+00
1.034088947861510066e+00
1.036431065522517070e+00
1.079641338361705172e+00
1.052521994167662900e+00
1.063300310879914834e+00
1.004445933586574968e+00
1.075962572250512839e+00
1.095644868998189247e+00
1.056745337498225856e+00
1.010988615115616662e+00
1.095955763837607400e+00
1.005862142882554044e+00
1.021374358279689698e+00
1.046518791518725955e+00
1.099135818372509510e+00
1.060956584022783034e+00
1.002241794029455901e+00
1.047339608652225307e+00
1.067521559486288796e+00
1.044457414320830946e+00
1.075968189405741571e+00
1.045499792944265982e+00
1.000211314547644337e+00
1.075821847807714171e+00
1.081654221439795505e+00
1.023474481772360001e+00
1.033639331530705086e+00
1.034684743312123345e+00
1.097990148995046100e+00
1.019140309839892788e+00
1.093158610440691625e+00
1.042648315259095293e+00
1.049651925789555795e+00
1.046619825777312274e+00
1.034107070727252164e+00
1.077832393113081988e+00
1.071845641076909939e+00
1.000374669100994707e+00
1.071374112831300796e+00
1.055774705738142583e+00
1.074616421775558717e+00
1.067351619115846306e+00
1.040244893311519148e+00
1.031772747909221133e+00
1.067790012695311042e+00
1.033036295061843690e+00
1.067283132227295983e+00
1.027701872702953434e+00
1.009253091048603501e+00
1.033808403131532661e+00
1.041101425716787876e+00
1.031539105254017263e+00
1.052373009448915875e+00
1.010046282384981398e+00
1.048119900065190402e+00
1.045420688776723228e+00
1.071204809255241974e+00
1.015888492305339730e+00
1.016884613598360909e+00
1.072430351152792838e+00
1.065944815461666195e+00
1.020939793487001035e+00
1.045557628642654890e+00
1.015535030854089804e+00
1.078904869614721429e+00
1.084716785518767379e+00
1.097789221682615945e+00
1.011590164271871206e+00
1.052363978872136396e+00
1.037392434609359038e+00
1.032940544459123977e+00
1.077158308622598204e+00
1.089852305604928073e+00
1.058133587713357526e+00
1.041982996081397772e+00
1.027689698903716753e+00
1.088416310997806669e+00
1.069141418248705566e+00
1.026599421870025841e+00
1.056938242193216526e+00
1.070931943408927500e+00
1.069405032597125604e+00
1.051186563051745182e+00
1.098041276995657567e+00
1.097774889554959277e+00
1.092521764890952207e+00
1.021976992820650576e+00
1.051142034539152892e+00
1.067149673839103086e+00
1.030828581050735826e+00
1.059242884067170154e+00
1.037981702277221530e+00
1.033000592172620191e+00
1.044520608266295891e+00
1.056661787739110681e+00
1.020147087313908685e+00
1.006561336566578424e+00
1.021043864305658522e+00
1.041575465369869224e+00
1.068985927718500983e+00
1.022366553159132829e+00
1.090340737896870360e+00
1.014077093640279870e+00
1.090424067512173245e+00
1.081107067662025356e+00
1.054295934382860844e+00
1.097766445487805109e+00
1.095435966537984029e+00
1.003740863790615778e+00
1.041852865694251840e+00
1.012062223864351518e+00
1.040145071221669548e+00
1.029659463099354522e+00
1.065530016422963522e+00
1.086915844054863634e+00
1.076785120991639033e+00
1.077352375058569178e+00
1.072819639134686476e+00
1.005603487513805128e+00
1.047330729297867080e+00
1.046586762754139865e+00
1.086933962792919983e+00
1.069279096176072974e+00
1.041414410446809269e+00
1.050457729511410587e+00
1.012626349511870361e+00
1.088516054515078046e+00
1.085472332432393161e+00
1.021108726236211517e+00
1.021837579459891954e+00
1.046024695288726658e+00
1.063655083653664901e+00
1.077858333354623666e+00
1.025327984687326666e+00
1.069797552537129492e+00
1.018493917930855419e+00
1.069142023138773379e+00
1.014800668591341770e+00
1.086503882082264116e+00
1.079017687753707433e+00
1.086824288595303667e+00
1.082822196238432788e+00
1.040213774878273600e+00
1.045121781609551714e+00
1.077220566847312488e+00
1.046243337116097516e+00
1.061915739402734538e+00
1.028107212862350961e+00
1.040726289618263856e+00
1.032301593293459829e+00
1.052998696055790440e+00
1.022617030032444863e+00
1.076310598657424622e+00
1.031342733440069770e+00
1.078975126089672498e+00
1.051008974480655889e+00
1.060967524773532400e+00
1.015453175465571123e+00
1.011176568924001096e+00
1.096460660127137388e+00
1.025135119696315211e+00
1.041283105545224519e+00
1.067013141552875855e+00
1.015004753126981685e+00
1.014364691459561651e+00
1.021951646539244418e+00
1.085397796647774582e+00
1.022740444574809393e+00
1.040345665624035965e+00
1.042649970801943882e+00
1.059590818964387227e+00
1.013938642533602774e+00
1.024717824324407722e+00
1.048995987835048993e+00
1.087743966599606260e+00
1.090772269727742216e+00
1.049898390561544881e+00
1.059566580027771154e+00
1.007108018148507700e+00
1.045843658378219354e+00
1.088427945174823774e+00
1.083439704401477410e+00
1.075090612247454835e+00
1.007087094057272481e+00
1.059866718107022709e+00
1.071444156212993493e+00
1.088449677823907003e+00
1.007438530796889831e+00
1.026423627693344054e+00
1.097151717718857000e+00
1.023932433323537339e+00
1.016205886000338676e+00
1.083015491884416370e+00
1.096006638562075475e+00
1.009059965610030529e+00
1.082358374062362794e+00
1.058965378247783251e+00
1.005798266037652988e+00
1.071791814030873091e+00
1.064545845119914791e+00
1.026156971375423943e+00
1.015844561414787739e+00
1.035231527407953545e+00
1.089325992169045909e+00
1.011645017989528217e+00
1.073901809904462823e+00
1.022121934837954882e+00
1.026335908993938117e+00
1.026522031188442652e+00
1.091557820314617233e+00
1.090957710916761192e+00
1.099132381207434506e+00
1.094974130024948034e+00
1.031696593041088850e+00
1.074324133261640668e+00
1.034284713388011534e+00
1.070526923888283743e+00
1.007856034445084870e+00
1.049060654910509705e+00
1.028582672934192033e+00
1.039812315501437157e+00
1.046506340927565892e+00
1.043104934778019688e+00
1.040365504847832190e+00
1.002088300856124548e+00
1.040602603774219315e+00
1.024045629363167231e+00
1.021324443888917077e+00
1.071556887591067042e+00
1.036310197851131765e+00
1.021125987528091139e+00
1.019568821783650936e+00
1.046315562707763158e+00
1.067563960682251567e+00
1.049617424586973824e+00
1.086191335232432387e+00
1.013688355682727860e+00
1.010975981540775726e+00
1.094910791595898214e+00
1.077734024069508800e+00
1.006380345524490183e+00
1.026668198579760549e+00
1.088066574612577275e+00
1.027149320025915635e+00
1.006561966628369609e+00
1.080552444110487009e+00
1.079419792933931310e+00
1.052745944991165139e+00
1.068217334251843509e+00
1.082537664772931230e+00
1.078088264893535042e+00
1.052548935296633736e+00
1.047308769790435523e+00
1.032211745161206506e+00
1.004407643474547029e+00
1.047469669321456465e+00
1.058105503320868390e+00
1.082022786046880958e+00
1.027747744502196303e+00
1.041471129652000283e+00
1.004861315795766874e+00
1.093991236592551264e+00
1.095325799448907400e+00
1.062446151464792043e+00
1.020170599496597719e+00
1.026948031403093431e+00
1.081672104271292900e+00
1.084666441500497625e+00
1.021361221772397743e+00
1.005379628939859771e+00
1.033006449504670465e+00
1.055529582938183442e+00
1.065635179213997086e+00
1.053286660802872809e+00
1.092915991931925568e+00
1.027857589835231344e+00
1.065046285914193591e+00
1.087354069930838829e+00
1.095436794714688578e+00
1.038183886717465310e+00
1.064575305298411934e+00
1.090503751489529494e+00
1.052250557726969626e+00
1.064956973669254348e+00
1.078612633915898567e+00
1.015018324408787365e+00
1.056902697341761899e+00
1.023580773739484195e+00
1.031380862505128171e+00
1.032957419951037847e+00
1.007259265527020498e+00
1.089714784322992180e+00
1.088989210279777575e+00
1.022606353629562648e+00
1.027753936610749541e+00
1.084050957710620766e+00
1.033501751850359529e+00
1.050105370650855185e+00
1.017572526937439603e+00
1.059136298097500539e+00
1.064409531835043721e+00
1.021130483239437226e+00
1.096024103110281311e+00
1.062837993324740271e+00
1.084066476929972822e+00
1.020685786594959676e+00
1.082470612276734023e+00
1.078032629621048066e+00
1.056005070957381164e+00
1.089388772852445397e+00
1.011447871549416178e+00
1.030788722081009468e+00
1.012591225270366380e+00
1.034616040606651577e+00
1.042507130953777450e+00
1.041823021354159495e+00
1.040044991040462552e+00
1.040653526971789589e+00
1.077031603008604455e+00
1.061075218676047038e+00
1.093370457365653525e+00
1.033831876056917176e+00
1.062210197157369862e+00
1.057085879823824515e+00
1.050524971994461154e+00
1.064611857176858356e+00
1.062519630083033739e+00
1.005696530783178888e+00
1.021761604736876716e+00
1.060357792118635567e+00
1.095461641823995524e+00
1.071891778009009366e+00
1.067249003322737977e+00
1.095606742490232488e+00
1.003629148515215563e+00
1.012892023681213782e+00
1.089219672798806382e+00
1.098022336051114545e+00
1.015810146213051990e+00
1.001562662794027059e+00
1.002521385766242945e+00
1.014800183377491338e+00
1.033868654553208533e+00
1.092664660356154505e+00
1.017215668726744848e+00
1.090158356023741337e+00
1.032972656525292354e+00
1.065702812860794380e+00
1.046993654721140921e+00
1.090519633452198933e+00
1.080646925290873472e+00
1.082542027581059774e+00
1.092846441994589579e+00
1.091471051738330145e+00
1.056394867146437377e+00
1.088489451534079944e+00
1.005469676042008542e+00
1.065097800147368101e+00
1.027855634029679166e+00
1.084780309610364535e+00
1.098994216100803722e+00
1.026165174140985403e+00
1.061135114253286105e+00
1.006821067493591348e+00
1.085942406256658055e+00
1.018526035192067525e+00
1.028416364377006342e+00
1.078040859681042241e+00
1.013932956240934047e+00
1.011767388986574590e+00
1.077883492621841910e+00
1.057213131680632356e+00
1.032329264032666227e+00
1.059670855763337416e+00
1.061861252062026306e+00
1.035970584339350964e+00
1.066044469690818230e+00
1.014253783164182687e+00
1.012697306116715046e+00
1.034964638017243255e+00
1.045131682416265306e+00
1.061803552895290048e+00
1.051936278629764354e+00
1.063431373766774435e+00
1.073831205326004845e+00
1.083996925361383035e+00
1.072110710800871836e+00
1.065697926076228264e+00
1.018497004722836774e+00
1.063278538632608905e+00
1.036145526558236885e+00
1.003632983584185290e+00
1.056102623283384556e+00
1.009143173323163722e+00
1.061185587672199171e+00
1.062061873400661938e+00
1.061378716939852973e+00
1.042342626593069532e+00
1.091671790542156906e+00
1.060990653337991807e+00
1.083126340527132303e+00
1.056790328306841387e+00
1.068355121727550872e+00
1.002725620781049320e+00
1.071721793463792149e+00
1.082428128329877115e+00
1.036102867531193850e+00
1.081973856627254316e+00
1.040334946624733137e+00
1.069090098745967277e+00
1.095890854052818719e+00
1.089309801171347125e+00
1.081163631469578279e+00
1.068578042918272297e+00
1.032724936050668729e+00
1.048892999586140240e+00
1.015685477632428002e+00
1.030097919060987355e+00
1.037164890458353472e+00
1.005747212453740325e+00
1.075062722657101233e+00
1.035251952921008245e+00
1.020767048167426916e+00
1.073600827153639914e+00
1.010976274581855128e+00
1.058756614576545907e+00
1.065036891766068194e+00
1.077334789109140489e+00
1.035113194410376192e+00
1.038186886185930691e+00
1.069497441335339083e+00
1.013376002136044063e+00
1.095459536533640144e+00
1.016005446480942265e+00
1.084206223317992324e+00
1.001806809158631850e+00
1.049342257535466061e+00
1.074975732910237403e+00
1.028053515557562969e+00
1.009059686740291006e+00
1.009352903181993000e+00
1.039055353905958379e+00
1.062437205396717044e+00
1.055439477145448945e+00
1.089343826078077671e+00
1.087828898560475377e+00
1.066816794258095946e+00
1.088668052387424812e+00
1.048650140788328855e+00
1.041766970669012471e+00
1.034378881434217634e+00
1.032323356276874327e+00
1.077309613640393238e+00
1.088680277051919054e+00
1.090543370766520859e+00
1.035684897984054276e+00
1.028640519934855613e+00
1.039559618355746062e+00
1.009697381046774201e+00
1.064978888556485481e+00
1.018308689182910287e+00
1.023651326595523159e+00
1.086285983736698491e+00
1.028922726740450599e+00
1.001356609601204983e+00
1.047788058992952909e+00
1.098486054874880269e+00
1.017519253053294603e+00
1.060684217144451713e+00
1.058365811819269142e+00
1.074436379036157074e+00
1.037502134508437202e+00
1.032982366742116742e+00
1.004170061298047312e+00
1.049338590691817341e+00
1.001852656646875506e+00
1.055339975022560717e+00
1.000158539671268665e+00
1.043804313350757740e+00
1.059914222275615048e+00
1.065838089260608967e+00
1.077633539371089633e+00
1.017460913027827596e+00
1.003363470678021674e+00
1.001651601113981771e+00
1.074289021211184192e+00
1.044640979962364380e+00
1.024841945723395487e+00
1.014681581373361174e+00
1.062379733979643692e+00
1.065420053276882717e+00
1.000094830253793976e+00
1.079371326596012981e+00
1.042108949093482950e+00
1.011299173049934552e+00
1.013116883399778789e+00
1.076508207113042959e+00
1.060784836143428445e+00
1.016528853280206812e+00
1.039312798707479946e+00
1.048789513667045536e+00
1.053406366820793139e+00
1.071566221991534951e+00
1.019296649791412879e+00
1.066715818848858133e+00
1.025860472374851007e+00
1.047868932123366958e+00
1.024796673022458471e+00
1.065549434597450329e+00
1.017614541732646982e+00
1.090270898825815626e+00
1.093227133481087687e+00
1.076183001060471378e+00
1.076930677572593975e+00
1.033679982526475083e+00
1.088847356224436957e+00
1.044308889388027017e+00
1.036866583943703013e+00
1.057156787415179489e+00
1.096225699146882615e+00
1.082548323151655723e+00
1.067906140173344731e+00
1.078182467755058660e+00
1.092006559637013430e+00
1.017770602325370088e+00
1.050588153636664801e+00
1.000269126751329951e+00
1.007692483877193901e+00
1.051341647221589071e+00
1.015051814996367208e+00
1.003065220722871631e+00
1.035483297002242731e+00
1.077126615488241068e+00
1.003407225947692272e+00
1.025498446159946786e+00
1.086852749729112055e+00
1.024247390672850422e+00
1.093115450031300950e+00
1.056941185483804890e+00
1.044325186304461139e+00
1.021107219527160437e+00
1.081885071229762296e+00
1.095104572562672907e+00
1.029099119405719964e+00
1.093153716404941411e+00
1.071359819043611772e+00
1.012990697498468373e+00
1.097218458290990073e+00
1.072580636368924090e+00
1.057721340228038320e+00
1.096490912704835452e+00
1.092384311582072609e+00
1.054251573037890299e+00
1.062509823076928317e+00
1.064211576938708603e+00
1.004884982881620870e+00
1.083704687050620841e+00
1.089387162939531972e+00
1.087869441467379072e+00
1.026695876252490480e+00
1.096839248477960549e+00
1.098378068559577203e+00
1.095815489627525618e+00
1.089239649515507447e+00
1.063344167851646871e+00
1.089281679537674519e+00
1.082496210537755132e+00
1.090986906873463447e+00
1.008332515676168883e+00
1.052902461496723285e+00
1.061199846774666389e+00
1.028577115473600090e+00
1.060768661865570728e+00
1.022450558937797460e+00
1.005178045415487054e+00
1.079220923026270818e+00
1.088101867049686922e+00
1.005169573379974368e+00
1.095204824223908524e+00
1.088642883444014497e+00
1.026541978931851284e+00
1.025532378125870725e+00
1.096335095546202787e+00
1.055098328992670975e+00
1.047279983494360911e+00
1.089833652324686986e+00
1.016128283047214476e+00
1.082293567526791067e+00
1.048018371745733646e+00
1.072631436435265817e+00
1.091588521770628040e+00
1.052587496941952860e+00
1.091655798902762431e+00
1.098506084940837901e+00
1.074362604482544725e+00
1.043533241458663108e+00
1.096727646184853189e+00
1.026915236695201683e+00
1.052443915869493374e+00
1.047131269817460630e+00
1.019029398484883719e+00
1.092163131160771794e+00
1.072412954108443728e+00
1.025171557405948342e+00
1.003933227222186364e+00
1.099971565955076613e+00
1.053090193377135053e+00
1.003649669935828603e+00
1.090160980853252637e+00
1.070605841701399052e+00
1.060798520781651488e+00
1.064914556899468678e+00
1.022278123593269861e+00
1.064202136899271789e+00
1.016842077857583737e+00
1.025361028830641397e+00
1.020495085449350636e+00
1.032470496982446528e+00
1.045486654531477377e+00
1.049950395122809965e+00
1.053825132679192977e+00
1.072793666429024739e+00
1.035611474820716582e+00
1.078371501349367101e+00
1.070498000740189637e+00
1.094914147445934294e+00
1.014643162717916658e+00
1.084115931856856507e+00
1.060676462113855356e+00
1.060491650070519931e+00
1.048188321036402249e+00
1.033633925636891382e+00
1.065443162026465496e+00
1.041399808701727103e+00
1.064539745648065638e+00
1.058055441501722038e+00
1.011597024344861540e+00
1.008603437085596743e+00
1.062287355254226462e+00
1.085548243298050997e+00
1.017919744108418234e+00
1.025332867308494489e+00
1.096302464077175243e+00
1.026743847300368495e+00
1.057293551589557845e+00
1.002828127148967630e+00
1.030495552459379738e+00
1.044002679431173197e+00
1.030769650584030472e+00
1.011844050431652597e+00
1.011232845744117981e+00
1.071320661264425267e+00
1.073404361180237077e+00
1.024397107244078509e+00
1.065443820364533334e+00
1.089181910006636889e+00
1.028472907186052332e+00
1.087389432398909062e+00
1.031477459962137022e+00
1.071614808604413716e+00
1.096207047375346022e+00
1.030803614274433899e+00
1.049843515064643018e+00
1.086184643908596703e+00
1.056119034141241642e+00
1.014074402352027393e+00
1.007015199329574617e+00
1.023332812254329482e+00
1.067871228848638498e+00
1.066228836794856916e+00
1.000967920563680780e+00
1.050625736015759149e+00
1.000465415504742106e+00
1.099642663506577467e+00
1.022464863658141265e+00
1.003964413629817587e+00
1.006825765250901172e+00
1.011599567724379423e+00
1.033750271237875662e+00
1.075668349760339426e+00
1.052096801797568260e+00
1.083824090755058478e+00
1.032397602789606905e+00
1.016373763474207159e+00
1.078915389227522947e+00
1.095196951286881326e+00
1.017661273545439782e+00
1.084908536028243109e+00
1.073249671786099757e+00
1.067568037235729461e+00
1.079027251406285970e+00
1.013317108558549950e+00
1.082821229942271035e+00
1.089909271577300443e+00
1.065093359783974902e+00
1.014434534437664404e+00
1.064851382803658097e+00
1.029567334039755311e+00
1.008939161369020621e+00
1.056866616323536512e+00
1.028033251314645735e+00
1.097379644039714774e+00
1.027242901206349313e+00
1.073678093063411332e+00
1.053066736386898183e+00
1.079776475247803624e+00
1.024105120358958620e+00
1.023826084386836532e+00
1.007388392175506020e+00
1.038411783858320225e+00
1.074979016535981380e+00
1.013693104074266937e+00
1.064673054331318758e+00
1.042265573178563054e+00
1.066523618666951112e+00
1.063709344211807073e+00
1.083336462549957746e+00
1.060888713003533379e+00
1.001374220083091959e+00
1.095964165515044275e+00
1.062949968090922681e+00
1.007814306666357407e+00
1.033212249996104282e+00
1.078610585642374664e+00
1.017971023832370259e+00
1.052970632179265786e+00
1.025322846924829667e+00
1.048314971464245238e+00
1.061519925695457722e+00
1.093637432889208450e+00
1.073597119375876208e+00
1.073794261740785405e+00
1.038543343931293661e+00
1.078629358450751141e+00
1.015726364169992291e+00
1.095526511977070516e+00
1.007860097016539225e+00
1.005916247487502746e+00
1.058000166528477282e+00
1.030799612808895205e+00
1.095662736511975988e+00
1.066234412966098777e+00
1.024700251787052707e+00
1.075321456042795498e+00
1.067198673121150465e+00
1.026027680634029604e+00
1.043700561655662051e+00
1.010065978035840750e+00
1.047168329344950299e+00
1.065446132231035348e+00
1.045600957286637822e+00
1.039581465049409958e+00
1.018936320275851237e+00
1.008066393664373672e+00
1.080706483298492726e+00
1.007276823697391244e+00
1.094064041532387010e+00
1.023623851749686287e+00
1.041913659841597894e+00
1.004630639504513923e+00
1.048993702588077781e+00
1.075942396562391767e+00
1.057485746650171254e+00
1.013492317026716938e+00
1.027715010640212423e+00
1.067285745735403690e+00
1.072345737039550384e+00
1.004959958577727797e+00
1.005769852857042457e+00
1.096169472607680273e+00
1.051774633611290977e+00
1.099477281416911145e+00
1.086071132119956761e+00
1.029235636986774338e+00
1.095025443576936874e+00
1.053058738552026918e+00
1.068146828384824110e+00
1.036023691322845774e+00
1.031376447525017337e+00
1.060224460738829810e+00
1.058785544189371208e+00
1.013104582587005531e+00
1.085090684698693853e+00
1.053256017831693869e+00
1.005259680965142843e+00
1.026858937456207155e+00
1.081262145065803537e+00
1.040228156944460691e+00
1.039933229374937707e+00
1.095626680264960573e+00
1.038881292685343016e+00
1.066658820361403137e+00
1.071709314238372013e+00
1.010213130613006438e+00
1.070233698510823839e+00
1.086557287720100629e+00
1.070211677447370002e+00
1.079177172746202507e+00
1.071593652171226374e+00
