8.011497856147981045e-02
7.465533473803240283e-02
9.956625487058178015e-02
8.259521796315055786e-02
9.129936739936156398e-02
4.407160854347152990e-02
6.113506125620697673e-02
-3.372675069689353572e-03
9.778984441978255671e-02
4.519603090273510704e-02
-1.986707808309955484e-02
3.704643982120658929e-02
4.296063473803289623e-02
7.254807168297343345e-02
4.642772735003924955e-02
3.660533943181380756e-02
4.095354294825936936e-02
6.309460514156141342e-02
7.402456550987480954e-02
7.699864802834119337e-02
8.667293284766933170e-02
5.908401259508638814e-02
9.936206507905090413e-02
-1.523279218050204234e-02
5.405609907277421355e-02
7.147320381410821044e-02
5.256979652567610184e-02
-1.987164584641856746e-02
4.198076927671587355e-02
9.033725833359390611e-02
-9.761427834037682272e-04
9.468836638502373115e-02
3.606705550458820519e-02
3.012488336235631323e-02
2.838033019116893360e-02
4.887292571147766607e-02
9.583916892983282421e-02
5.275410303619727792e-02
-1.701980632612876132e-02
1.495204014063673467e-02
2.458314828922071940e-02
5.067555698199197045e-02
9.682087889916267398e-02
6.688192452991993664e-02
3.311188158112382540e-02
7.519260708295928686e-02
-8.555045019982823393e-03
2.305395758318627350e-02
2.081587019922505680e-02
8.244890247055382260e-02
9.613152332824152768e-02
1.405545118445980859e-02
5.933542282463964701e-02
6.033137118518207276e-02
2.879815927788969068e-02
4.798853410334139036e-02
4.613950410771684718e-02
4.806881460930430283e-02
4.993851636704747798e-02
9.004513498211924594e-02
4.856523505366531351e-03
3.426717746927968045e-02
6.304653111789222664e-02
4.413020222210785326e-02
5.521044418076734295e-02
1.400697725038324223e-02
4.651815443752901902e-02
9.784073452266008053e-02
9.462425154627034096e-02
3.950891337686308902e-02
-7.245803137536342003e-03
7.952615057448425562e-02
3.946365293928139062e-02
4.556043797468366241e-02
6.678334547848534253e-02
8.079590282773550791e-02
8.839871435973485625e-02
6.963283471827877436e-02
1.429591025734018236e-02
-2.574315813302696654e-03
6.538028740905707514e-02
9.084793698608380208e-02
3.198127288866543794e-03
4.320682169973942555e-02
5.065570427857481184e-02
4.714495448228343821e-02
-5.114206340896128647e-03
1.201903355641082208e-02
-7.617075097520603633e-05
7.147091482639482407e-02
6.278739414875776637e-02
4.859143038254040703e-02
5.920966639540167775e-02
8.986876927377246416e-02
7.358308952808843839e-02
9.428199289766417412e-02
-8.106199137394524273e-03
1.889935223428751074e-02
7.679796947392567019e-02
7.313844989913503847e-02
3.863056701304001805e-02
5.232024023585080119e-02
3.812859556085838875e-02
3.854306320804500030e-02
4.119331067169711147e-02
2.944713051961130382e-02
8.604742014452157473e-02
6.525981942594388796e-02
9.076752759907377038e-03
-1.425351346122529818e-02
6.113509356478097345e-02
1.465948875672223872e-03
-1.207662998734587018e-02
5.120807143592408239e-02
7.288680522260387873e-02
-1.902245744476472114e-02
6.727117477719220251e-02
-3.385144976530231331e-03
2.154093098253331492e-02
1.997882153000086689e-02
9.502491864165195368e-02
7.832998543293656635e-02
8.714987902103293882e-02
-1.850145408940106692e-02
3.469260742894174354e-02
3.763756164529589998e-02
8.982477654919809873e-02
-6.632541828043065149e-03
4.812461478439680751e-02
8.750005616497481820e-02
6.899618766691345551e-02
1.461778107013356545e-02
9.600776122947683733e-02
7.969814655252715346e-03
6.199430419570479966e-02
3.020130728558285613e-02
2.799365891435308049e-02
8.789125033518803420e-02
7.524503788946368399e-03
-1.105722328816344420e-02
6.888506650833642331e-02
2.633122040088259688e-02
4.864831839966109184e-02
8.853818402588103931e-02
3.093440237864240536e-02
1.726524901229510925e-02
2.262814066323698761e-02
2.135996503043133612e-02
-3.593216762656330221e-03
6.419989188460302476e-02
-1.205738176252107823e-02
-1.602482169731322958e-02
7.134557842930297489e-02
6.203941619941967522e-02
7.157245380476900953e-02
8.705971967896289354e-02
-4.860598324059378986e-03
4.408164756153219732e-02
6.867870221192790003e-02
-5.934157755352078428e-03
9.138851128161767923e-02
9.178602606913988105e-02
4.001277667739279453e-02
7.502370030573014825e-02
1.885338908935585076e-02
3.717360051019967526e-02
9.766968769306563769e-03
7.890885951483084249e-02
4.343002838008079569e-02
7.528299049455461356e-02
2.044933279884162194e-02
5.968278007939210872e-02
4.830384637432505457e-02
-8.485229970015824991e-03
-1.282774146737403892e-03
8.300627462128237766e-02
8.532068491056481185e-02
6.342382916111330426e-02
1.468062514799525417e-02
4.830895901306342388e-02
4.569205624331124094e-02
-1.326779791110180989e-03
1.471062736263964096e-02
-1.167984893264706336e-02
-9.686295290056875368e-03
8.569886375726327998e-02
8.372243011944929814e-02
5.140120074543147455e-02
-1.363495633879801411e-02
-2.658746163592452111e-03
2.031494280756034401e-02
6.136694921749417941e-02
-8.857470032546931396e-03
9.011917307174044378e-03
6.805181156074875670e-02
6.736269408681788695e-02
2.279928323630987103e-03
8.793062806960857958e-02
-1.979631891855641174e-02
8.272285539954399303e-02
5.571989011006886483e-02
7.613101906586600132e-02
8.864831273578428761e-02
3.617738520648379474e-02
-9.350442417212372764e-03
9.935797943204320581e-02
8.629179548962134794e-02
-8.883981876213312839e-03
9.442626857541006058e-03
3.327113169760159694e-02
1.690885183261872302e-02
3.252046079972147063e-02
3.068014455557087697e-02
3.059855758378493204e-02
-7.764020859347596504e-03
4.008461180100153509e-02
-8.683939851040127153e-03
2.898153425177255049e-03
6.891184024420824589e-03
5.980967489637178947e-02
5.499195995525213432e-02
3.843189102105111499e-02
9.119500096820298829e-02
5.235740665929325410e-02
-1.481153305724662930e-02
8.795394939129187739e-02
7.312399377631985387e-02
-1.067063682950930049e-02
1.143027786864504389e-02
6.383726162875864862e-02
-1.289554085938004677e-02
3.764231750341358318e-02
8.499728091107087991e-02
4.350214418735054434e-02
-3.642698715043770491e-03
1.747038776006079944e-02
2.870332492405010608e-02
2.651669834063780443e-02
8.041231455228403657e-02
6.165002213929908492e-02
7.213017478974909080e-02
2.526621857352865166e-02
-1.760112629500987236e-03
4.132479601380126266e-02
-1.511383473891874524e-02
7.524981988690608581e-04
9.067204832064658382e-02
4.673598913611413941e-02
8.066291352656958236e-02
8.832755004790210362e-02
8.851070759908773178e-02
3.242864483805549258e-02
-1.824064100332009608e-02
7.222642399994159967e-02
1.752306520560797595e-02
-2.275292997514624660e-03
9.121217130537802309e-02
-8.295090395381303841e-03
5.806337886762018285e-02
9.073339850357267644e-02
5.943068046985332253e-02
-1.345878868365513181e-02
8.049825419877106036e-02
-1.129658321291165946e-03
3.185407256821273791e-02
1.105631086222643236e-02
7.799787267466001817e-02
4.624104913680088247e-02
6.193112051113426608e-02
5.210079326701549940e-02
2.787975229637114707e-02
3.956785566554800460e-02
-9.497243146637721761e-03
7.823260824175944095e-02
4.883446546515736453e-02
2.076639760559477119e-02
4.780657014793385923e-03
-4.870899496828701158e-04
1.516117547044269417e-02
8.672828648246348748e-02
4.142380770960864267e-02
5.785237107774529597e-02
8.904382113330502890e-02
9.858028802242770061e-02
5.203179513326613992e-02
2.566233841993806677e-02
8.850342516002361604e-02
-5.814826533978143322e-03
1.035963705294463272e-02
9.106120778197053511e-02
2.203758337473544007e-02
6.354276337193423552e-02
2.174911917371526518e-02
5.143694928586697857e-03
7.281979465641769123e-03
1.378197478747414384e-03
7.397213553618525728e-03
-6.704023103515831250e-03
7.968846062987089418e-02
-1.762453505022975805e-02
1.973653653666272711e-03
4.334745708876090731e-02
5.554897832577704309e-02
8.862999512326905083e-02
8.927257450723702359e-02
-1.382717719033240041e-02
-1.620242056944756759e-02
2.541843964823578897e-02
9.429239206929311556e-02
9.226148045966652000e-02
-1.861255125049084830e-02
2.349536627745288722e-02
-5.193291219906507120e-03
2.688063168086416918e-02
8.509929717183813136e-02
-7.954954483575851429e-03
1.981018800361701235e-02
6.126976966702159244e-02
4.611564354123204312e-02
-9.482241278787800765e-03
9.653891432231073710e-02
3.712568530616787432e-02
6.348264588679279619e-02
6.512191937441259848e-02
-1.392777876384993646e-03
7.181026016471230011e-02
1.408792571400792684e-02
-8.447413122183142914e-03
5.326036818352779256e-02
9.289771442652744460e-02
5.889824304914723085e-02
4.804691489804580051e-02
5.169668646742985041e-02
2.550817098700417992e-02
4.590573771310350881e-02
8.724001136666610645e-02
9.990459221142425350e-02
7.311705163128426332e-02
-9.302332265091766209e-03
7.295912142926416766e-02
1.633464262631853167e-02
2.689214706869016980e-03
1.620750934682868225e-02
1.315623103113485251e-02
3.905382844758921446e-02
3.565121819488308030e-02
8.790522757849036917e-02
1.310073805330738000e-03
-9.309281116820500301e-03
2.913658603254390411e-03
7.486343628070810108e-02
1.568166822829649212e-02
8.524820359355145261e-02
9.322691148470098332e-02
1.777324647106348285e-02
2.280502861492504293e-02
2.152068524135457295e-03
-1.281104115069823385e-02
4.677751039207170280e-02
2.899191417301915860e-02
6.945105400690040204e-03
-3.077638043131106921e-03
7.264645318923050599e-02
3.090803610226510248e-02
7.356851790923941981e-03
4.849175929622712156e-02
8.202086409911292508e-02
3.642499866142298592e-02
6.481930983246930733e-02
3.218192712481653117e-02
5.826830491299733739e-02
8.648129779291401087e-02
7.106167960382046844e-02
9.169292175880371099e-02
3.940331658199960896e-02
-1.775240764202090649e-02
2.859064043594563079e-02
7.735445993748910065e-02
2.875588002913410587e-02
-3.904016511881901186e-03
4.623387676044264649e-02
1.856347540899618356e-02
-3.274144158788259984e-04
1.479766489332910370e-02
2.660442992457024911e-02
3.559841004364140693e-02
7.633018706282478083e-02
8.504196553387914637e-02
2.698260668154011180e-02
6.509887820517859525e-02
6.258367058939462435e-02
2.457625391247815830e-02
-1.641057219056177297e-03
-1.577224738051812361e-02
9.847055445222936687e-02
5.185412294282509826e-02
-1.265401519416329765e-02
8.297070003184818521e-02
3.518228105697907004e-02
5.661747885549753279e-02
1.352940785501064933e-02
3.914343977639564431e-02
1.159841623875889835e-02
-1.814145296426456291e-02
2.989842981025713983e-02
6.297738926875390275e-02
5.874752462151615340e-02
4.108965931937771932e-02
9.109725565119315693e-02
1.182604477912976501e-02
3.758766221053101708e-02
6.965642742667373100e-02
-1.986825362221672150e-02
8.734227388981435913e-02
7.444095631199056096e-02
2.372074851245417268e-02
3.049842902786687251e-02
8.614701671402355543e-02
1.304368763616265900e-02
8.864372048240123925e-02
8.977242486604304628e-02
-8.200792419025763891e-03
9.942481365033978280e-02
1.174425014346415150e-02
3.793477687922147679e-02
2.753219433300587923e-02
-1.563861622569876278e-02
2.736518820645739494e-02
7.623864335448152230e-02
8.898782453396317932e-03
3.328449437215741380e-02
-2.694820399621770252e-03
2.443036009891977681e-02
4.387192854874899517e-02
-1.817800556442833101e-02
6.970687376689876924e-02
8.303579909461863973e-02
9.482681396428434967e-03
-1.243655057907258610e-03
1.816684944699290330e-02
-1.546117052359881512e-02
4.952444305106863676e-02
1.460995219707887302e-02
5.851580084975548102e-02
6.150205794155861466e-03
9.641089955013178170e-02
1.306610568280039061e-02
4.272440220162292135e-02
4.696181378726534128e-02
3.498638079872851137e-02
6.486812337418161600e-02
8.943136441618046439e-02
7.145174066513013122e-02
8.175635575238714842e-03
9.092022460085970315e-02
-7.051189874062439855e-03
3.774757091040638335e-02
1.274606961362846971e-02
6.681287731263028939e-02
-3.520475905777056130e-03
4.669419173239663934e-02
4.357509119687742738e-02
-1.294346815553434893e-02
1.669888733649986176e-02
-1.229389032514848976e-02
9.470329885438617812e-02
2.129428165853462090e-03
1.079278353816509259e-02
1.598458980742212612e-02
9.870535007731960631e-02
-2.663172586706254868e-03
4.912325829110626707e-02
1.984894683702202386e-02
5.220006984381714288e-02
7.966143145478055132e-04
2.528642677519222712e-02
4.413358474824589928e-02
1.652597576076140010e-02
5.071210614621389501e-02
4.542877362144052966e-02
5.470176351593335207e-02
6.064771328281751139e-02
5.692344130700424665e-03
8.417909526101408080e-02
8.845045975389216608e-02
4.064838759658181977e-02
4.302256479434057868e-02
-1.887606137768425840e-02
5.869805152208625032e-02
-9.357145759119179715e-03
9.450991220303865681e-02
8.916194996548523072e-03
8.908943760405738099e-02
-1.337005372910035281e-02
8.449345891203831338e-02
1.651793590809861809e-02
8.454602393370586055e-02
3.705674594154341472e-02
6.609473893697143110e-02
-1.172167958813720434e-02
