1.004920686547878139e+00
1.024088566448044357e+00
1.068367423533557847e+00
1.090933867303359950e+00
1.085460468653753452e+00
1.063482785998362212e+00
1.006390727065792134e+00
1.047136367824013092e+00
1.002984780413811894e+00
1.065315718577668935e+00
1.054590735200425344e+00
1.097261210034173873e+00
1.086753405547995710e+00
1.035177950236840116e+00
1.038095329844758385e+00
1.060246527013287032e+00
1.086451549121105753e+00
1.095878575905196106e+00
1.046561089101019082e+00
1.067219928215871194e+00
1.068439069934034924e+00
1.088360950641034552e+00
1.006557335253567720e+00
1.085992406614098238e+00
1.028670254072141299e+00
1.002889623696720856e+00
1.019217748427778902e+00
1.022154283511941042e+00
1.095204062731040873e+00
1.011511763828538246e+00
1.098709028138701305e+00
1.031778136401173329e+00
1.035462103451442850e+00
1.034845514163351021e+00
1.092513461707101063e+00
1.003379821829252894e+00
1.035034550323048252e+00
1.045017327645816785e+00
1.062971596661373752e+00
1.001869968995683591e+00
1.089158075261237757e+00
1.066902478412099287e+00
1.090172164238621511e+00
1.068288195686702302e+00
1.088755200686186475e+00
1.011468226768359457e+00
1.030041203711499653e+00
1.037907160018514352e+00
1.044041294024049771e+00
1.089818272120785414e+00
1.045449689918054093e+00
1.036516876355874528e+00
1.079389453860991610e+00
1.039811801154389981e+00
1.029073134924750388e+00
1.099193404223817616e+00
1.062913613782201061e+00
1.098414236412116773e+00
1.073046405110930079e+00
1.036613253260909584e+00
1.091976452221473215e+00
1.012276909109870671e+00
1.092452954374701912e+00
1.033162860891695845e+00
1.011878551424654438e+00
1.079050189275659211e+00
1.080736489703197023e+00
1.019992647451603895e+00
1.030853169044075202e+00
1.095156626593967619e+00
1.080831013286965847e+00
1.087485218761850669e+00
1.086413801465548445e+00
1.025963980594237546e+00
1.003400743512138371e+00
1.081870482749970996e+00
1.017729324237133692e+00
1.000066821140843443e+00
1.050973270350329836e+00
1.062851305388204493e+00
1.015748355834520833e+00
1.025866238083010584e+00
1.045955810244172612e+00
1.001511269504182344e+00
1.083090442606480908e+00
1.092794811183808390e+00
1.020981986916572604e+00
1.076769438874701557e+00
1.056985871950209654e+00
1.003184051303014357e+00
1.040106531251543398e+00
1.009965993901948744e+00
1.025960534981612327e+00
1.018310011474495402e+00
1.070654324354801235e+00
1.055498965062886096e+00
1.088217676199041195e+00
1.056988227991137119e+00
1.041332663914954715e+00
1.089265100259759533e+00
1.031940665052484274e+00
1.048874336152091802e+00
1.054589675058207110e+00
1.016266698701025595e+00
1.069720854397358423e+00
1.061947164104391828e+00
1.046308405734031055e+00
1.033962039637228658e+00
1.042848793687910725e+00
1.046043972264875777e+00
1.059239243701264765e+00
1.069162438304255724e+00
1.083340888733967056e+00
1.020677088669728949e+00
1.094226056227094235e+00
1.018256433609504352e+00
1.025868389879962761e+00
1.001981897480124006e+00
1.013703123087390967e+00
1.019353328200694797e+00
1.037376938345346167e+00
1.037796468755877388e+00
1.009724688190180020e+00
1.082939961087712399e+00
1.003059476992890442e+00
1.068439928605012357e+00
1.072120928787097860e+00
1.096712427011347302e+00
1.013708194995856848e+00
1.096142478847556445e+00
1.079529667451117003e+00
1.002876739424562125e+00
1.043752112396874043e+00
1.048885692357032662e+00
1.085937059747569045e+00
1.090511485922276869e+00
1.099311852571471793e+00
1.020561784112312465e+00
1.040002051586716103e+00
1.070857217432951369e+00
1.046651065914019352e+00
1.095020962959140087e+00
1.078781750702958453e+00
1.045541538032222606e+00
1.037387902865550826e+00
1.060914337560677767e+00
1.064472991081489850e+00
1.047233025769348069e+00
1.011092916379979778e+00
1.007369656993049922e+00
1.024230658747961265e+00
1.061903430935522863e+00
1.061342053210363012e+00
1.050121899536430981e+00
1.073409341903684755e+00
1.044989145936604080e+00
1.018398875749968457e+00
1.090792244533649535e+00
1.017752963462073224e+00
1.078988950349242693e+00
1.092494223271061937e+00
1.019101693791419683e+00
1.061561107539450877e+00
1.080920446768805832e+00
1.091571139503893617e+00
1.042944879843103800e+00
1.097715378900482541e+00
1.017848703171077229e+00
1.092445183577997581e+00
1.069342922223279757e+00
1.075498615611921061e+00
1.015800138099784977e+00
1.082870079424562038e+00
1.041229391006700755e+00
1.026136361694266919e+00
1.055094903372477466e+00
1.093165920719342266e+00
1.010957598510130451e+00
1.047301261163287700e+00
1.070503845075154947e+00
1.006957030101853778e+00
1.087985691744005168e+00
1.048553894078422699e+00
1.017000081769730446e+00
1.090157499368530347e+00
1.039008762566492106e+00
1.030298082019030392e+00
1.034948279975697050e+00
1.074652005368337937e+00
1.054017786446632465e+00
1.041349460080370992e+00
1.069100441472013774e+00
1.040718233800707715e+00
1.035331147603367308e+00
1.097854183063059930e+00
1.060397351502068375e+00
1.072995063363993529e+00
1.039814974861474894e+00
1.071675285192713822e+00
1.030978544537867192e+00
1.026134716430909144e+00
1.027364673814449958e+00
1.001276858974320394e+00
1.054742360793301970e+00
1.044296642478083292e+00
1.024787964387443129e+00
1.021549142165663948e+00
1.013045075009519458e+00
1.048064098947604661e+00
1.030269652849239437e+00
1.030464092408761578e+00
1.049935557828955091e+00
1.041503473645234434e+00
1.097696711670378189e+00
1.055889770198638056e+00
1.067407062231737980e+00
1.004730397481724546e+00
1.023871845778010936e+00
1.023893136919838742e+00
1.040702665763683976e+00
1.005473440408406249e+00
1.014772087531048639e+00
1.038670295296102664e+00
1.098718768010843005e+00
1.089116575933042119e+00
1.010326293929019181e+00
1.042552281934278513e+00
1.084280149272315752e+00
1.023230427582263236e+00
1.064806813104686167e+00
1.099507125889544579e+00
1.054281164125645320e+00
1.055074423332641231e+00
1.088540638225977908e+00
1.080554145875729288e+00
1.095462259951184514e+00
1.087688855241257579e+00
1.074339154214126957e+00
1.011668031916747257e+00
1.077125673681319284e+00
1.068871273530627608e+00
1.050489257259426878e+00
1.013677848056280029e+00
1.089986483148394303e+00
1.001202516822071287e+00
1.026868984422223630e+00
1.000350416740951376e+00
1.011789068014448123e+00
1.008310535331282898e+00
1.046266332692798118e+00
1.014648119930749770e+00
1.054738996776327209e+00
1.019030299642381232e+00
1.084091359772718199e+00
1.095271092299818338e+00
1.085632044347617731e+00
1.028179639145271107e+00
1.044411297227129332e+00
1.050167522152307464e+00
1.037558062041642692e+00
1.053102423085368056e+00
1.004493192221279196e+00
1.037784069962348621e+00
1.072269492491042309e+00
1.090589861210354616e+00
1.069130102097739954e+00
1.032746528190180424e+00
1.030201555985785999e+00
1.043611433970879077e+00
1.096669105014482337e+00
1.075203441952982120e+00
1.019204586447912675e+00
1.009267206790251503e+00
1.046078837976327947e+00
1.049098157790844921e+00
1.096728368639324103e+00
1.058384801798918140e+00
1.087410721027828986e+00
1.093991414257792449e+00
1.042394023215621246e+00
1.020140465503622140e+00
1.014165952037096918e+00
1.065022812024884580e+00
1.013647988832586888e+00
1.013854593950795913e+00
1.033362455057756479e+00
1.014721156523144874e+00
1.067961319276519161e+00
1.057340182840788456e+00
1.072647494159711501e+00
1.049538929080722438e+00
1.075142377691193474e+00
1.087903008886129230e+00
1.017876345443284203e+00
1.084828751438176919e+00
1.098177896184740598e+00
1.031835717597122226e+00
1.050201280901760681e+00
1.049735488326212218e+00
1.089529747380980407e+00
1.055114519482278412e+00
1.078498583240517394e+00
1.001949139609756623e+00
1.089398997153801618e+00
1.026751823273786890e+00
1.038859639538623370e+00
1.095237486906698310e+00
1.014665833068366441e+00
1.089308779867041554e+00
1.069895446289899965e+00
1.020553992700899082e+00
1.071661339711955652e+00
1.028984090734785584e+00
1.000612826836158042e+00
1.044996081742702199e+00
1.086306545588968886e+00
1.029143348707475925e+00
1.097522054147011206e+00
1.060962032205743144e+00
1.040897027538531638e+00
1.043464427041220777e+00
1.066731025309348713e+00
1.068210630656104110e+00
1.062656441641423033e+00
1.074056800750338825e+00
1.050119342735026384e+00
1.022093091634799444e+00
1.089799532605224108e+00
1.064638378679860775e+00
1.077573750106018524e+00
1.029209372040911008e+00
1.031129531926707532e+00
1.008926187087882065e+00
1.087488286405149385e+00
1.009504069569813423e+00
1.038798797709754584e+00
1.021962098463119029e+00
1.011423820493283277e+00
1.019992031153455381e+00
1.043425960260836227e+00
1.052078698115396449e+00
1.043590733348206401e+00
1.077136305366478197e+00
1.033238970878554319e+00
1.058124653168147633e+00
1.030104366006408867e+00
1.053612001346326377e+00
1.077923589477609578e+00
1.028586618681405662e+00
1.053054155829403982e+00
1.035029488329012759e+00
1.067161173999418233e+00
1.040379252874062743e+00
1.022082742502963271e+00
1.001669843187886766e+00
1.014498801865522104e+00
1.089634442242372048e+00
1.082305333739222775e+00
1.002438260567381167e+00
1.065428149691052484e+00
1.046801251167843061e+00
1.066692463368007937e+00
1.061759098028392856e+00
1.058071203806180582e+00
1.048396015740297615e+00
1.035267182745451153e+00
1.093308260704376034e+00
1.064178601108366262e+00
1.017391142868586229e+00
1.041104461110996748e+00
1.067925761051849554e+00
1.069006212245857013e+00
1.017775937285193111e+00
1.095684476362450477e+00
1.013830419968859031e+00
1.002775937683404450e+00
1.015465837228874735e+00
1.083690721381643574e+00
1.062827716870043737e+00
1.020852240798868271e+00
1.069289688325489873e+00
1.056657054246253669e+00
1.046075982835242613e+00
1.012772862408973351e+00
1.040026676377138637e+00
1.042952864338597241e+00
1.045973845486742215e+00
1.095752787742952705e+00
1.086212127136411132e+00
1.051759526125324751e+00
1.005876119838443605e+00
1.032634229834878736e+00
1.034849879528220828e+00
1.023951032437863784e+00
1.014823074010882786e+00
1.095779079989398275e+00
1.096598154828231086e+00
1.048222018827164481e+00
1.085441996576229418e+00
1.091659216234909691e+00
1.045426494634877246e+00
1.087137184433635051e+00
1.013044245278841959e+00
1.062469512303730435e+00
1.085888492517392834e+00
1.025872973491977147e+00
1.007190936694751127e+00
1.049594057600457431e+00
1.040354215760747270e+00
1.009245486832978767e+00
1.089542219504152865e+00
1.013733590235790238e+00
1.082880002276290554e+00
1.031711156883689640e+00
1.042685271659231638e+00
1.038741158911413276e+00
1.040137577308605676e+00
1.017636329176430543e+00
1.004564463283416087e+00
1.030681988699384322e+00
1.022507973810848458e+00
1.048440705539449569e+00
1.054966023593043811e+00
1.056569642097154871e+00
1.076329422168152972e+00
1.011117971089583234e+00
1.015204413756204183e+00
1.070776894909769350e+00
1.098233451155313789e+00
1.015701188306577851e+00
1.088931316117034864e+00
1.050824303873476140e+00
1.005540698578570646e+00
1.099639485593345345e+00
1.055220842579189799e+00
1.008150517654040623e+00
1.080569763272971606e+00
1.014549239819558135e+00
1.085524342254244212e+00
1.063197175000353267e+00
1.046975543042900414e+00
1.037003936363167123e+00
1.095543111208480802e+00
1.076699131828414036e+00
1.023067820118815030e+00
1.071779033125383362e+00
1.087018926475642022e+00
1.096680039988785049e+00
1.049572717834222901e+00
1.036141700067565896e+00
1.034667540998379431e+00
1.021748630947387992e+00
1.006303311356507635e+00
1.024439092581458599e+00
1.002935074051833020e+00
1.051437047267078428e+00
1.064538916980399375e+00
1.063396334817483524e+00
1.060570389998980678e+00
1.080145456048554387e+00
1.008168921478698188e+00
1.017475666990771632e+00
1.015345771471148906e+00
1.096267914874683891e+00
1.099560487286010302e+00
1.066649522634137703e+00
1.050465730846701806e+00
1.063991528505883855e+00
1.077714275131278265e+00
1.093379503350745852e+00
1.034339023371063648e+00
1.074269494623030674e+00
1.034638058968427199e+00
1.041734244184263192e+00
1.040121708993853700e+00
1.047322953569405746e+00
1.034295227837304099e+00
1.008133339349939872e+00
1.054065173951200585e+00
1.011276352831628200e+00
1.044583726690644143e+00
1.043848242400227777e+00
1.006572163045244217e+00
1.056089475652033816e+00
1.038868813363247767e+00
1.061353436853319510e+00
1.040600791135410486e+00
1.050591254713646672e+00
1.008880996991143641e+00
1.024863560023004938e+00
1.055905412223554496e+00
1.036726195259043193e+00
1.013677586703945366e+00
1.067897883894246780e+00
1.032416708128352401e+00
1.016178976842672110e+00
1.036522254179324865e+00
1.054693726866632764e+00
1.027697210089484781e+00
1.004468513258282014e+00
