5.070501602587731277e-03
8.182619967214120604e-02
8.140842784895829798e-02
-1.578548046165353241e-02
-9.235174663470333001e-03
4.760235969930408373e-02
1.015782091440146223e-02
6.729101264792029802e-02
9.353708881372044259e-02
9.962783469942550207e-02
9.384038293686638305e-03
4.076333415838359620e-02
2.988795073979313641e-02
7.530302520299018282e-03
3.574780048141823485e-02
9.142265075246860939e-03
-1.428278318369167674e-02
1.728646801498002691e-02
7.861295068649294671e-02
4.152051948797948200e-02
-1.341149381420663270e-02
9.374366718789969855e-02
5.046137986057246116e-02
6.947038389092601018e-02
3.314222617713707963e-02
5.100359715820283746e-02
5.391608119134831678e-02
9.511625759860375950e-02
9.967280830491139637e-03
-1.518229989585138939e-02
-4.682874079978870813e-03
-1.277154134129888409e-02
2.921492660017222659e-03
6.366306229967107211e-02
1.812428837868241757e-02
9.050589990426943787e-02
5.988396904780107777e-02
1.644547933098839884e-02
2.555037384261421921e-02
-7.140329375009336899e-03
8.372484927792614440e-02
1.878097304171074886e-02
2.636299642581086192e-02
-4.217494822390126935e-03
4.130811457152884503e-02
7.864031116420391876e-02
1.182689137874532240e-02
8.538085311180292070e-02
1.677723080500985800e-02
-5.758946388958742849e-03
8.682118803692774611e-02
7.016820829850470287e-02
7.749675232719632767e-02
9.830266469777371174e-02
9.908574075478855658e-02
8.230964181053333772e-02
-7.690894739250019041e-03
1.440079964742384602e-02
-5.380529760258712102e-03
9.793005978375758647e-02
-7.340938408588459918e-04
9.455157652864333573e-02
-9.265684091867622610e-03
7.977361591858689316e-02
5.598092665760542874e-02
3.703544694777780033e-02
8.751444046236740715e-02
9.730106085335640115e-03
5.585022757489588319e-02
6.416862129603005671e-02
7.095815796057836078e-02
-1.772218453099113841e-02
4.657185837848605570e-02
-6.038782706424838248e-03
-1.302351961965299287e-03
5.818962501102856177e-02
-9.107926035393920997e-03
1.053281024860536555e-02
8.962884142496332918e-02
9.892807849627316408e-02
7.981615508469963594e-02
1.667193212930239213e-02
8.960163331165345302e-02
7.053290726161019764e-02
1.209293034472850789e-02
6.569324693899769585e-02
6.312038789569671127e-02
-1.541463597618328817e-02
3.901027825574039654e-02
-1.237554307511697788e-02
8.968311240546500418e-02
6.881954548073249134e-02
9.698645786770430932e-02
9.351804352156548733e-03
3.800401140706455294e-02
5.428235553796402491e-02
7.282262855890783010e-03
-7.265496911415411652e-03
3.197883452232219703e-02
3.198366066982077233e-03
7.432009589204068012e-02
6.070119790497774392e-02
4.217419711094945456e-02
-7.470454868760930886e-03
8.937961432343631552e-02
8.577572487023205072e-02
-7.579392445037734863e-03
5.007949696145985730e-02
1.137067422722949986e-02
7.717306074774882285e-02
1.582321073737752784e-02
1.423225596855278233e-02
7.856976906752448364e-02
7.179819997977655854e-02
4.389665411162890774e-02
-7.508435073633443896e-03
4.757340307519286604e-02
-2.242868491351138888e-03
2.874112337047471724e-02
1.212747275004873171e-03
4.385946961315206893e-02
7.783311045796045824e-02
7.539772019972197648e-02
9.278116017848439534e-02
9.672492806376288554e-02
8.474176645701567145e-02
4.044055693890266645e-02
3.065377801750432743e-02
3.839645248628985319e-02
6.686441833463611928e-02
3.813754860775557531e-02
6.515346834378953067e-02
3.577675990420703389e-02
3.956144886584654630e-02
9.384248682135311326e-02
3.891672749883341720e-02
8.220274954280157309e-02
1.380877907787163641e-02
-5.087659802067642789e-05
5.027271983303090164e-02
2.227995459970196976e-02
5.939494400943526320e-02
3.405399132063999246e-02
4.910990690829987459e-02
1.498901109271414192e-02
9.623876252775298568e-02
7.045890307865404489e-02
7.154516811374860008e-02
8.163175897888901023e-02
9.731553286880867404e-02
7.733320195019208199e-02
9.577378442446941864e-02
3.586795272716300498e-02
9.935727085236260858e-03
-3.082865754237232303e-03
-6.690063905544739453e-04
5.847118503493151098e-02
9.965179216653070882e-02
3.440531071334834018e-03
3.600514517242373036e-03
-7.154224901642657064e-03
3.038223994061237457e-02
7.278444385853553855e-02
7.002463435104701317e-02
-2.331704012535608384e-03
-1.551004459429237980e-02
6.321854451082600801e-02
6.349970386172075487e-02
4.725486479488706648e-02
7.639261974225261542e-02
8.126540201016287102e-02
3.049823022695727012e-02
2.662725383256811171e-02
7.402975336292479114e-02
1.012333775629828403e-02
6.886424380637204412e-03
-3.128891213460913839e-03
2.618261680483795553e-02
9.892001030105275483e-02
-1.045621676910117419e-02
-8.171865022424959837e-03
9.658499190002832469e-02
-1.288646348554708596e-02
-1.003156951499762674e-02
1.555017899945171714e-02
6.383539237296187441e-02
9.006791566256774906e-02
4.904338013910938820e-02
1.981131634723879917e-02
8.847285348174745850e-03
9.045310982189325166e-02
3.783239270437271928e-02
3.291356135652241666e-02
3.726238395065181730e-02
6.003024467771742034e-02
1.757451977831442705e-02
5.467281625104376819e-02
3.433048890383001706e-02
-1.512686614080605355e-02
8.065745747254816911e-02
5.591150446315279465e-02
9.531930298666349555e-03
2.740397853492612321e-02
2.963097751228701074e-02
5.388908159050245783e-02
2.366090779656699131e-02
2.544849377608892835e-02
2.939180546730184654e-02
-3.261099677356271709e-03
1.528745391602057829e-03
4.352022808248591501e-02
4.829890864193046862e-03
9.832721974120020580e-02
9.286619734615396415e-02
8.087552888025147102e-02
6.413926293937141643e-02
8.774397099934529154e-02
2.600203810112271252e-03
3.011126959191645636e-03
3.256981700165920146e-02
2.538603564226599510e-02
7.145103831240552650e-02
-1.945136726883974279e-02
7.862862926667299468e-02
3.186431334098771551e-02
7.904826897936984009e-02
9.652879608058327621e-02
6.414761846702798920e-02
1.393134341547781416e-02
8.346639621984182356e-02
9.342840969067649215e-02
1.929921747302382543e-02
7.187262957455728407e-02
1.261441642047326020e-02
5.669019705944682019e-02
-9.044824991827926999e-03
9.801819201018166505e-02
7.340503699070349830e-02
4.374382405283862296e-02
8.586504703433701924e-02
-1.983096619763718288e-02
2.453882110523263396e-02
6.955758062340843678e-03
-1.196456913050455637e-02
6.211577610022755991e-02
6.702520437657852326e-02
2.083873844754658908e-02
7.080085813227270097e-02
-1.024208345809093923e-02
7.643418199587380391e-02
8.718581838851104104e-02
9.210594858264989360e-04
5.727567982667944313e-02
6.063501606719044756e-02
6.293016105451774284e-03
6.851704250091861237e-02
9.419872280054841784e-02
6.550300788020545217e-02
6.896638124426608674e-02
4.592671797198807915e-02
6.093448461834383156e-02
9.656425098005956553e-02
4.030249014337308755e-02
9.355649574523808298e-02
1.732804670693378554e-02
7.331624459286584239e-02
2.962843612361239568e-02
4.592650504705665659e-02
-5.849753777708709135e-03
5.064355825352268026e-02
4.254747041793824347e-02
1.258983733931983220e-02
6.916724868817993033e-02
9.773594675057187264e-05
6.967271679080896951e-02
3.581170816380413457e-02
6.979912418945499741e-02
5.786936012697936615e-02
8.942282783671377799e-02
3.840674329164843470e-02
9.398217086557830724e-02
7.546920910475861388e-02
6.552910755727209269e-02
8.562050718104902147e-02
7.024122061885283708e-02
-1.185783628454160042e-02
3.728864284050466271e-02
7.519736503278112716e-02
2.281213918555738754e-02
4.546429064370077766e-02
4.245948739448593412e-02
3.659079483998015081e-02
5.116207932225833033e-02
9.503550163657809025e-02
2.991284348768274634e-02
-3.479303149942294254e-03
7.660578691919536776e-02
8.813745283705623490e-02
1.780027916511285266e-02
6.710301621010157647e-02
4.174929473936206392e-02
9.650209197698522701e-02
9.951878665653908496e-02
1.393998730285394075e-02
2.848169779414045852e-02
9.044723706136346963e-02
-6.962610384447955394e-03
6.792846094601290297e-02
6.155836783869335360e-03
8.966429966195876844e-02
5.876749787272934900e-02
-1.793940476401889583e-02
-8.082354724797449416e-03
9.764035687357637550e-02
3.224974190784000994e-02
8.424407011558006364e-02
9.626286104859939352e-02
2.601300955163462006e-02
1.665476787303129744e-02
5.247814185390764496e-02
-1.261103147611069772e-02
5.126430959343253324e-02
-1.115035985534400947e-03
9.481395576419801574e-02
7.122202058985242779e-02
-1.880905760829747198e-02
-5.030855152027759181e-03
2.390859750727275870e-02
2.371553387134605825e-02
7.556642576874189610e-02
-7.344056192553924042e-03
2.429266412595273636e-02
9.692016665658585717e-02
-1.276285129497293884e-02
3.879376517567005578e-02
7.285325849774631352e-03
4.017689820926075017e-03
6.504083617388313476e-02
4.101236621226217460e-02
6.349271799497158142e-02
-5.735227356392810089e-03
9.426053358505567803e-02
6.490796635284661747e-03
1.534972251264489149e-02
6.526388656110675146e-02
6.104096597443349481e-02
8.349836444544164737e-02
9.744657088092253949e-02
6.006822982980986048e-02
8.532533363047212216e-02
5.723938684796521514e-02
3.541686228354977428e-02
-1.934442410117072006e-02
3.340461633220070947e-02
5.014780269862689766e-02
5.923072597205110423e-02
5.426693732002234316e-02
5.871444348816649839e-02
3.474923374312013230e-03
-9.131160844469040846e-03
2.765078883166150261e-02
4.618128137965150926e-02
-8.224831272189753531e-03
7.395609766774542682e-02
6.596764543845932971e-02
6.612462127044085869e-02
5.850425482647864106e-02
9.071120698756354739e-02
5.445356019381156210e-02
6.724911976439357231e-02
6.635300045915986517e-03
7.313524334292911822e-02
4.533156159653281558e-02
7.364010468814362331e-02
5.931648360776772821e-02
3.103134117942693906e-02
-1.106391882100425661e-03
8.374691499058343341e-03
1.764059606181341347e-02
7.673388425604220353e-02
4.290174768167316632e-02
1.147750761583599469e-02
-1.239485208839321423e-02
-1.229513246215091678e-02
2.467460143648354809e-03
-8.857517519181382429e-03
-7.470882637837638479e-03
8.508240863984090074e-02
4.432888689592712206e-02
-8.592033844645435847e-03
4.522855849717143106e-02
6.605805296201203158e-02
5.564385872872312788e-02
4.277925956258551987e-02
4.467353983025626474e-02
7.201188164227416422e-02
8.332478702394975623e-02
8.838711987790306979e-02
2.499814931054931619e-02
5.758009911855016538e-02
3.859254030282567582e-02
-1.813049555217859099e-02
5.475726251465314054e-03
-8.538171642392615446e-03
1.723607667153695053e-02
1.355851570267012363e-04
8.400996385903339303e-02
8.999446928405499535e-02
-3.071693854532847601e-03
9.834705154416159556e-02
8.154471368933328967e-02
9.455045981527902821e-02
3.421486886121462290e-02
7.801069832788401492e-02
4.858373593309124605e-02
4.646100258814376410e-03
-1.022609690283404760e-02
4.933906992163061833e-03
5.079662102393378564e-02
3.632374825693258924e-02
4.308145563453168181e-02
8.064813092448266940e-02
4.647973522805176616e-02
6.812146266980341480e-02
7.103955987542116823e-02
8.737935144120764774e-02
3.245151227995970999e-03
5.521639671150214979e-02
6.863249071383710487e-02
-1.222670909398663845e-02
3.434318694371442382e-02
8.639544221830028348e-02
5.001755391952361629e-02
8.303379803743857202e-02
2.124632197505808492e-02
8.366135843691006879e-02
1.145841576543798687e-02
6.384307890140929198e-02
3.857638028581357459e-02
5.810413833514850579e-02
-9.001892567970713049e-03
7.006034581396014538e-02
7.237024912503343954e-02
3.646682707135881496e-02
4.502856077778367994e-02
9.907137827403092456e-02
7.493349839915905419e-02
5.774759063635541423e-02
6.524329524568522887e-03
3.250805659134843595e-02
3.082410334315381639e-03
2.396571861124924610e-02
5.971344772007040891e-02
-1.257435491835534949e-02
7.346379722561789671e-02
2.342605578218475218e-02
-1.147542911035760727e-02
7.772022736538058973e-02
3.542172704009319273e-02
9.105199467315686079e-02
9.829452578127692575e-02
9.690120377622425674e-02
3.241987653892934584e-02
1.526179375235216587e-02
1.099901927057027676e-02
2.540687316886455424e-02
9.660269115226119419e-02
9.495327795854416331e-02
4.462276287618947845e-02
-1.497628475050226393e-02
2.030757032793584910e-03
6.148660533870775602e-02
-1.124303082639566131e-02
-1.910895368103290859e-02
-1.484234274327976555e-02
1.738530721077935839e-02
2.303306944758474681e-02
6.531286025461123523e-02
6.846976824043940479e-02
8.500162382352152712e-02
1.429376716169638781e-02
8.762286183869910650e-02
1.681577588604608528e-02
8.685319596080435384e-03
9.883735385735002710e-02
-5.799274205715332017e-03
1.315453165152835960e-02
7.011796498765607288e-02
8.862039731015830535e-02
-1.523806182276059643e-02
5.349278406803371910e-02
2.765680848645287251e-02
3.766606682963996588e-02
4.646496116777840135e-02
9.823831060776638813e-02
7.261709000270995251e-02
-1.634411951645726307e-03
-1.388648679956033458e-02
-2.790385925110338422e-03
-1.884558328511523606e-02
2.525131187266152141e-02
-4.115833493837095514e-04
4.691878801606506888e-03
2.997859682551897928e-02
3.959594753527409527e-02
-1.844813601518637686e-02
-1.171846444739653437e-02
-8.833069284795713738e-04
5.835935199690936437e-02
7.823485090497550587e-02
2.850945321772154969e-02
2.566294195294492250e-02
-1.802427861087965016e-02
4.403950407962167746e-02
2.221554412676221904e-02
6.852232145214415260e-02
-1.597575753189002523e-02
7.817360667196436574e-02
-1.500353223346972097e-02
-1.346107876310842846e-02
4.107076474891422496e-03
6.291439336557660966e-02
-1.379739779625976243e-03
7.908895116516100054e-02
-9.632529288028627776e-03
8.081001571495237401e-02
1.139975476515082270e-03
6.624586586081383788e-02
8.875254356372590248e-02
8.941790432993064475e-02
3.974747369955460019e-02
7.251327909401050764e-02
-1.562575489242330057e-02
9.686132410587491859e-02
7.199514054939629148e-02
1.523073580828610690e-03
4.045638827211732458e-02
9.713355009266810836e-02
6.237529271901819106e-02
8.912990804983353388e-03
7.078111319958024783e-02
-1.708317083815124801e-02
1.439577371289220073e-02
1.505100529296133152e-02
9.801739779355639337e-02
3.620280073502626927e-02
-1.737222715137831663e-02
-1.262518117865957419e-02
7.059154215605607796e-02
-1.009800347975646495e-03
5.202059082598672890e-02
1.977821664083296085e-02
3.942219355764202404e-02
6.945728481047363373e-03
7.482278833987249245e-02
3.767681977230834256e-02
6.912772762551516736e-02
6.208237007502813432e-02
1.251457073332471262e-02
2.653541560211094066e-02
4.335507601429529345e-02
7.394174363474750877e-02
7.453812089679802411e-02
5.607476766435595672e-03
2.937553021194010475e-02
2.909628531355004308e-02
5.831273318721644228e-02
9.782431412533036663e-02
9.209551609111136378e-03
3.483770768160127096e-02
-6.333503389498503638e-03
1.025289112419925860e-02
1.207806585299863941e-02
5.906065066391426310e-02
1.186844316254584072e-02
6.913112962056376654e-02
5.276117955220623046e-02
5.861578188613254803e-02
3.051442228711566049e-02
5.941259113060752550e-02
-3.966028971208519771e-03
8.505894948295997238e-04
7.851800465794671335e-02
4.461878994934877218e-02
8.400760468828283312e-02
4.968659316668602721e-02
7.563682050714216898e-02
4.523481501330954557e-02
5.159803769338813795e-02
4.699271841513681658e-02
4.053210795430385593e-02
1.689701137480136353e-02
1.002522735698048797e-02
5.011829406118011032e-02
8.473000549584223939e-02
-1.770183902296436351e-02
5.843584401742714374e-02
9.427610134768334149e-02
3.844714624035888706e-02
1.433299628584625354e-02
5.225811453131633255e-02
9.243930035320363503e-02
9.429658687188806343e-02
7.728503062713795724e-02
4.979558198704109317e-02
7.920317089279554912e-02
-1.404110666485964762e-02
9.167030116753516200e-02
5.424546590591192152e-02
4.938476785820253290e-02
9.516400584197240442e-02
9.802442141412426313e-02
8.062593748525490045e-02
4.945771836336207428e-02
1.664214459882826930e-03
6.707387190159681822e-02
7.709431815196719773e-02
-8.893551908578616397e-03
3.335890701742993958e-02
5.755004515131754983e-02
4.368610802119345105e-04
5.827201914283725026e-02
1.800786849647122503e-02
-7.421098185802733546e-03
4.952907190792499303e-02
-1.159305785564161001e-02
4.030837653836796819e-02
7.134990870526668194e-02
6.679606442214448825e-02
-5.384226227130212844e-03
5.420250043084825359e-03
9.735630920257996868e-02
6.385254001282786307e-03
6.195336214842257772e-02
-5.433671554488615774e-04
2.486477987849622373e-03
1.374801212484855553e-02
1.055661357018093660e-02
7.763633193378466357e-02
3.520180852435894625e-02
-1.004304804056231279e-02
9.153800979101812951e-02
-2.911073290040366857e-03
7.848949222956989880e-02
2.759124645880647528e-02
7.868969134021858158e-02
7.634702668157734157e-03
5.800355699704703993e-02
-5.327975247862196465e-03
4.160140006786726408e-02
3.978128570599988312e-02
6.280980533235185070e-02
9.088434487529994943e-02
3.634095670754047824e-02
2.296093103225738466e-02
6.954208082129889612e-02
6.891720217910086987e-02
1.002305084875707714e-02
8.251615699026822182e-02
8.104125494748096875e-03
4.505080690801052667e-02
3.893999192980168722e-02
8.562154011264934417e-02
4.604457014659528447e-02
4.351101481384037073e-02
2.785930240790001830e-02
5.731007923860356734e-02
2.692110106699243874e-02
4.612953001683191279e-03
3.143610485105556573e-02
8.143936169062528097e-02
2.944422092657518822e-02
-4.069254775515979139e-03
1.252094425439371703e-02
5.538338656362207235e-02
4.489837471995203333e-02
8.873315237201029326e-02
4.932850681900192991e-02
3.563948865143830302e-02
-1.305786550523278799e-02
3.222219795657049052e-03
2.583957028079089321e-02
2.847858983846028244e-02
8.154618659072351838e-02
5.590282269086403744e-02
1.423742215779177575e-02
1.927118261652420450e-03
8.467036222643126164e-02
6.120200620498131294e-02
9.565277816035043512e-02
-1.779532904003409619e-02
1.498327427657640196e-02
7.774948421202242110e-02
-1.761751677472394792e-02
5.958444391565195786e-02
-1.596504283362701684e-02
-8.972191519582381480e-03
-9.707862178849974155e-03
6.352665205340930765e-02
8.782934185179795683e-02
5.241257504969641656e-02
6.385774938782724786e-02
4.775237924920971988e-02
4.349718656583009130e-03
-9.139678017702119323e-03
7.492612492262905322e-02
1.580036926326030752e-02
3.476454729481835704e-02
5.635748019453667990e-02
6.338492527620621930e-02
-1.870681649076848599e-02
3.630217655842543634e-02
1.356654399202929587e-02
8.584049028792543889e-02
6.441377021863890773e-02
9.446186762533388681e-02
1.305342500630919320e-02
-4.098528298894569405e-03
3.007914060993927344e-02
2.807333551970652916e-02
4.239733549678899316e-02
7.091172206506796138e-02
-1.439435001769113001e-02
8.398175865713650157e-02
9.135982610094380008e-02
-1.411333269088717486e-02
9.253471516431605037e-03
-4.556714075862795116e-03
2.015825030772051482e-02
-3.564800291783052494e-03
1.100403142550291855e-02
-1.017753200174296123e-02
5.974581802476189307e-03
2.181600254788327101e-02
7.552814489130293268e-03
2.264772461551917485e-02
2.751950775909399807e-02
1.439849728136151016e-02
4.666450050611722911e-02
8.465064050835943710e-02
6.312713534894608125e-02
5.920434230864818348e-02
9.227035282833898067e-02
3.195602847593820295e-02
8.935651837232702621e-03
5.937566142292037552e-03
5.201740991000790293e-02
9.052028265948076913e-02
7.819822483634941701e-03
8.933909313915718020e-02
9.632964619085698788e-02
-7.884200391778221906e-04
3.625769984430125825e-02
4.423140325668291351e-02
5.599970046957236658e-02
3.863711008626558030e-02
4.856899298253430919e-02
3.802892200840338188e-02
9.934454493892438953e-02
4.636570582725539624e-02
6.005870199363563811e-03
4.058040090244237341e-02
7.028208009540815038e-02
6.861378589625399815e-02
2.329336789558761681e-02
5.179036307643758441e-02
8.052984434102507250e-02
9.812351210703204596e-02
3.941191328483176215e-02
7.327877959815502773e-02
4.691835383272692506e-02
6.162453753679648927e-02
2.663242171015628781e-02
9.588166463419951768e-02
8.739077580051089755e-02
6.721455485755374604e-03
7.430970663066405191e-02
7.513483737628055825e-02
-9.735178316602288370e-03
9.459432865154760589e-03
1.906937792403156154e-02
4.364535234274413700e-02
-5.257402360083934453e-03
9.175521696242305847e-02
-9.827430340572424275e-03
4.274489244229968954e-02
3.610007924487264319e-02
2.272975574562962828e-02
7.923791371092622771e-02
8.902220532033958134e-02
1.943291642247474763e-02
-5.311546154654579396e-03
4.477841787142849972e-02
5.273450646586413937e-02
8.006325069911902903e-02
1.333055165123195676e-02
-4.886013711404863652e-03
7.167234842286444862e-02
8.645452817430444858e-02
4.446633207480625571e-02
6.976301597134471066e-02
-2.699947927551897553e-03
5.209022623511504191e-02
4.218113283207072794e-02
3.032729908385401255e-02
5.470848825725929676e-02
-5.972700424288941712e-04
2.933666937361487440e-02
2.144588231281078713e-02
4.476820306868507793e-02
4.281773739873913354e-02
5.992253008100481559e-02
-9.463495024864520752e-03
9.526061667247257003e-02
2.648827909964936514e-02
7.574572771105093916e-02
1.684939842746768432e-02
-5.503631314856103143e-03
4.323761645140941634e-02
3.584590871468135154e-02
9.764948594261933790e-02
9.604826465165457183e-02
3.422452929508766617e-02
1.153144959170402870e-02
5.246771110873627020e-03
7.910302651536772756e-02
6.605697153890034701e-02
2.820826297440396854e-02
4.206654992001731402e-03
7.119072129775924629e-02
7.164105434061435185e-02
-1.039985962088920204e-02
9.406338563099743422e-02
-9.686800616725159407e-03
5.954026945405932469e-02
9.653957208788235822e-02
-4.664338097066886291e-03
3.339420377758639535e-02
-1.113313485902975297e-02
6.702794581789460471e-02
8.928982690483498741e-02
5.118499528222598960e-02
7.496568838301273519e-02
5.706104921540325337e-02
6.175871834595207666e-02
4.204091321272053483e-02
-1.088296219256209771e-02
1.085128476054993477e-02
6.736348541813304280e-02
9.297278229052777232e-02
4.326860847190122650e-02
-4.736049902075815943e-04
9.403196918637403423e-02
4.435735541537079440e-02
9.816773878862851410e-02
-1.898668215746451143e-03
2.539435236740724897e-02
4.571742311533065484e-02
9.635492000846289373e-02
6.065624983636387635e-02
7.398124622950943974e-02
9.622739307263805664e-02
7.405151495975047238e-02
5.238546860992962517e-02
1.282201107253131897e-02
3.183190236822706215e-03
2.858771282931482985e-02
-1.952465629657784349e-02
3.638331640093628305e-02
5.591122120814080720e-02
1.812819352577825852e-02
1.624608129847559743e-02
-1.044289659658107286e-02
-1.517462720748759958e-02
5.633426105425619335e-02
5.345137698881183286e-02
8.658600414031457360e-03
4.891164613756809887e-02
-1.378618241413327034e-02
1.561558031196244589e-03
9.371045375935488364e-02
4.700549991329487642e-02
-1.632012438750209127e-02
6.678552767340002749e-02
7.669803114702924973e-02
-1.803754968874420050e-02
-1.742471910514051953e-02
9.198529727339428697e-03
-7.051582059153068543e-03
2.580961529238621349e-03
-1.484255931909113022e-02
7.813782781973331593e-02
9.606160624554374583e-02
3.817564315193086588e-02
2.894490274288894285e-02
1.905456108189283390e-02
3.637212368318293310e-02
8.158920407016941045e-03
2.290940989815177034e-02
1.288667878218539495e-02
4.778185104322174581e-02
-1.390798442238759189e-02
1.529434067349877760e-02
7.277331939742288924e-02
-4.513388208425304915e-03
-1.450265952754125308e-02
-3.215821989337720038e-03
4.501290068229471530e-02
1.448830170524819869e-02
9.750280020710412610e-02
-2.423841345774245537e-03
9.892526531766929199e-02
8.662281960270309944e-02
4.434249922007793554e-02
-2.245502487994523177e-03
9.975220038979024095e-02
9.054432259355796320e-02
-1.112973189455795757e-02
1.784339650024200502e-03
6.270460842153741110e-02
7.776153878278044274e-02
9.830720917991229990e-02
5.888648804793794600e-02
8.403785682768984133e-02
4.264527623810077106e-02
7.806463184284302692e-03
8.962089323209578018e-02
1.251364412751099567e-02
8.010966462138906230e-02
6.036381825511193122e-02
4.923438471499796271e-03
7.233632503179150686e-02
7.757738731726683545e-02
-1.418197228668177309e-02
-1.087130138083877706e-02
5.559092177327162876e-02
8.249195661647359956e-02
7.239306184004284939e-02
7.808662094327425973e-02
6.674924646243907134e-02
2.750017235295783638e-02
8.230557944805620696e-02
1.749901750653243618e-02
7.409266861675151139e-02
2.500761278996547002e-02
-3.518138004576197575e-04
4.362030089485499640e-02
2.157169162810496435e-02
5.408614551177598484e-02
-4.929926847131275991e-04
6.592108768026135046e-02
2.286885260980275544e-02
3.895533528460448647e-02
9.528596626802030012e-02
-4.076873397926603082e-03
5.861668599323581474e-02
2.235336470094885855e-02
-2.965473014724457484e-03
5.270949532648419589e-02
-5.115542318471937022e-03
9.500865892664621393e-02
1.405575533823033921e-02
-1.662336223084677489e-02
2.024379919667922481e-02
7.066576939039183325e-02
8.344288204904101725e-02
9.353202152802456149e-02
3.991815011346348807e-02
2.059635882983166383e-03
9.924001282985450700e-02
5.774436480901772029e-02
9.331017881419277626e-02
7.059147380992343568e-02
4.513674297269142099e-02
-1.279662324640831739e-02
-9.079847230438056055e-03
7.189133671665834391e-02
7.499317629851492278e-03
3.081263976123000889e-02
-1.971094702788210584e-02
7.335010960385165979e-02
8.238328089447623237e-02
5.097803106599907430e-02
9.278829408489761010e-02
8.767306405165528616e-02
2.061749099792876613e-02
1.420595855422341139e-02
2.798846024040659367e-02
3.798439785489360343e-02
9.298006130029917715e-02
-7.723159155085550578e-03
-1.094908479224060600e-02
6.982088696519186954e-02
3.218235536267302632e-02
4.414956509803244500e-02
3.473597056595374710e-02
2.255080539108802670e-02
2.641933125647842259e-02
-8.643348214993696807e-03
2.175596039180070426e-02
