1.095188985876504484e+00
1.049724837701310864e+00
1.077675072115878541e+00
1.076732811377945520e+00
1.093064080827295781e+00
1.075111854784227772e+00
1.031993788680257484e+00
1.016439160910338702e+00
1.075554798446121563e+00
1.068194573392362789e+00
1.079623616429402855e+00
1.042154494108403995e+00
1.076246689491642039e+00
1.053308806470564685e+00
1.075594855654850468e+00
1.098484150186844976e+00
1.073673019239837378e+00
1.007739916580002726e+00
1.067801841442298505e+00
1.052298635411334171e+00
1.029625161274103418e+00
1.073314373268137167e+00
1.070479268747588142e+00
1.011362251478836738e+00
1.061543238907538544e+00
1.018209747836824386e+00
1.057255248617711585e+00
1.014264868723129931e+00
1.011918773493295065e+00
1.020881283597230516e+00
1.061336563082400763e+00
1.047627933418011414e+00
1.095512166921391417e+00
1.013745937186267598e+00
1.021001460937278393e+00
1.079908725124590907e+00
1.074366363824481363e+00
1.022193679835898594e+00
1.083762043142038278e+00
1.027328764242692039e+00
1.013706261431927658e+00
1.018210356276092243e+00
1.035488679561715086e+00
1.074017683452242355e+00
1.033631761188253950e+00
1.094645069450512764e+00
1.048105634151350163e+00
1.000055811134553885e+00
1.032476800967463193e+00
1.039732604303915231e+00
1.048196232524085669e+00
1.046743039412276532e+00
1.065805402554556247e+00
1.045753284346237821e+00
1.087649978306240994e+00
1.049312174583634905e+00
1.095627257622505901e+00
1.011699171844157030e+00
1.064987829957037002e+00
1.089040912237896119e+00
1.078064209169597332e+00
1.055757838014701244e+00
1.088998377245388172e+00
1.000515115872854466e+00
1.048477089516610006e+00
1.037190844219146424e+00
1.089327364350526794e+00
1.094865038474564400e+00
1.066447621757442787e+00
1.069207300406016303e+00
1.076349179076182772e+00
1.011424857086953732e+00
1.072542329302370367e+00
1.066933407765239705e+00
1.003634610073069311e+00
1.050304141122832879e+00
1.056151412688937752e+00
1.030762920955540896e+00
1.084217028389130810e+00
1.010526913515150893e+00
1.082112716273212261e+00
1.075533260358301213e+00
1.016776910686041369e+00
1.074399649348564356e+00
1.047076745668235942e+00
1.027910840657675351e+00
1.050701023605939310e+00
1.070622909403367906e+00
1.076137438503122379e+00
1.086455594328745944e+00
1.016696974673275689e+00
1.001829603182329498e+00
1.009543147917846051e+00
1.020944075156973607e+00
1.039477841344504050e+00
1.053970155292595967e+00
1.040020627699470346e+00
1.065468405995966039e+00
1.003348912511017765e+00
1.003217405838766618e+00
1.025312178541972097e+00
1.093353263977305367e+00
1.089234630883053612e+00
1.062359581641583395e+00
1.023208631285614345e+00
1.099815728476843724e+00
1.044314114784202330e+00
1.067575510948539641e+00
1.053362202642142309e+00
1.035125075900159786e+00
1.059160523933749820e+00
1.098660395285124824e+00
1.095755541246935083e+00
1.036139383885692489e+00
1.088206581349590252e+00
1.021609533881833176e+00
1.099591400331359603e+00
1.066968511565215216e+00
1.087878487827225849e+00
1.020081280183273265e+00
1.041870536152087467e+00
1.092724516366897047e+00
1.097921554565284508e+00
1.032668532760070423e+00
1.006125187072470339e+00
1.052121558251255085e+00
1.053472166085066997e+00
1.039902119121980384e+00
1.076000278867083493e+00
1.090260584150094303e+00
1.086084516917185994e+00
1.029318137116997489e+00
1.083551314330251758e+00
1.015738742104907555e+00
1.073019027193066188e+00
1.026428547982104922e+00
1.015639903778477793e+00
1.090674980259633164e+00
1.069509799973354269e+00
1.075776597025122960e+00
1.005526818645892773e+00
1.086132126404722120e+00
1.015195247504823595e+00
1.019463704590362507e+00
1.015278292526633486e+00
1.034872301544322637e+00
1.086946610195936191e+00
1.037394611793410526e+00
1.061545913342013758e+00
1.090584709028223243e+00
1.097516118434935128e+00
1.059525931727302694e+00
1.035806241237309244e+00
1.014777304193549057e+00
1.048607838674769699e+00
1.017009650742253468e+00
1.073603266991242089e+00
1.022878082942833666e+00
1.099606679322028713e+00
1.008853418949097192e+00
1.093336101957824269e+00
1.033402684572034325e+00
1.061927762086557703e+00
1.042342514664704067e+00
1.066900741393960406e+00
1.003046590858043485e+00
1.019981337031660384e+00
1.033551290352661800e+00
1.030022238029879356e+00
1.050805368621163582e+00
1.008399930598188554e+00
1.027246748944362187e+00
1.092414762565806274e+00
1.064823938534013026e+00
1.035758443523487227e+00
1.007733947631168192e+00
1.087769664003519487e+00
1.040097097637352030e+00
1.031718547336368585e+00
1.006144015865059416e+00
1.000654348921357739e+00
1.045357759590999525e+00
1.047050406255200405e+00
1.012242661900056184e+00
1.071432891089843409e+00
1.083752242136796218e+00
1.007581534900804376e+00
1.087188587291588959e+00
1.027250874934008129e+00
1.057286399317003411e+00
1.094841346736084242e+00
1.096215869307349600e+00
1.031554829378548366e+00
1.009637890802487892e+00
1.096444988047194702e+00
1.035899945949646739e+00
1.070718929524764107e+00
1.020193347761816360e+00
1.030117579078671630e+00
1.096838795330578931e+00
1.041557789979686621e+00
1.017977522229009280e+00
1.095116883095996752e+00
1.005491540355369251e+00
1.091044074195948843e+00
1.066611415846405064e+00
1.037781212203616965e+00
1.070233711970122403e+00
1.040607596579697924e+00
1.013297076123958806e+00
1.053907194045036411e+00
1.012769552989095878e+00
1.057052776635556857e+00
1.061308050509514489e+00
1.081090560179710280e+00
1.054624405324628533e+00
1.076186844283468558e+00
1.042945672015739511e+00
1.064073414804045603e+00
1.065362450055440613e+00
1.060458429163182448e+00
1.092286332034622109e+00
1.016161982610342518e+00
1.058785980453428310e+00
1.046808258824691418e+00
1.074132563268038743e+00
1.052983936615431659e+00
1.044701442848486428e+00
1.051985730616063153e+00
1.074668761952128904e+00
1.083671518368630293e+00
1.059191280534811597e+00
1.058759795778544177e+00
1.028278893468482558e+00
1.064549848549015687e+00
1.062621790824847201e+00
1.078690969816558098e+00
1.036003373466049204e+00
1.008320187825522574e+00
1.004161366250913234e+00
1.056935652235428291e+00
1.051606011872167068e+00
1.039793923953151289e+00
1.032755516393852435e+00
1.086509943765614272e+00
1.093357110118089670e+00
1.090140637739339668e+00
1.075837815109904172e+00
1.010172983322435991e+00
1.088246668543666695e+00
1.079334635517305241e+00
1.015254650782533075e+00
1.061863716747076358e+00
1.013789129783516429e+00
1.078671487541751350e+00
1.058175051092000718e+00
1.027801175570201897e+00
1.094972979672798497e+00
1.018198897913058731e+00
1.019552755216011963e+00
1.034688538902795996e+00
1.060493718360183246e+00
1.053714511379293617e+00
1.045585209831975337e+00
1.002921654179151911e+00
1.024630798153715938e+00
1.033090897573684996e+00
1.005265951619927600e+00
1.062505355555074749e+00
1.021286892594910789e+00
1.099135105697374382e+00
1.092301542274446646e+00
1.089085687987890738e+00
1.035380521469380088e+00
1.025075704798220411e+00
1.030042075184229189e+00
1.037386365630770246e+00
1.075432637753277465e+00
1.055785031177670863e+00
1.042693576172593062e+00
1.052898538785732807e+00
1.083322277680709878e+00
1.042983646152750632e+00
1.024702432467012203e+00
1.050674952898898118e+00
1.071496086094067657e+00
1.096723607795282218e+00
1.050673180598623579e+00
1.007806746367386763e+00
1.054911439489448988e+00
1.087842119589730094e+00
1.087355720205093856e+00
1.037624924587235320e+00
1.065812471462716182e+00
1.053352385253222279e+00
1.087731357536894983e+00
1.043295645818986150e+00
1.036748230043572416e+00
1.059714541105872376e+00
1.073106244240737972e+00
1.067709740819392294e+00
1.043198024725978224e+00
1.081265808562850816e+00
1.044481716050024156e+00
1.025686472516700976e+00
1.041451837956859583e+00
1.094406841853990286e+00
1.022778798061557248e+00
1.038081882784854582e+00
1.008523506163477634e+00
1.077989850716097653e+00
1.056137203150976589e+00
1.075586696529635011e+00
1.033900848050238297e+00
1.083418701205556944e+00
1.059648374393078019e+00
1.060336790150090858e+00
1.006123197721621843e+00
1.059508974375772850e+00
1.055831052097583100e+00
1.075569509981117777e+00
1.032492451776199305e+00
1.071956209734929555e+00
1.081958602549544013e+00
1.064086885881705857e+00
1.072298745521040431e+00
1.046937234611471146e+00
1.021540962447413881e+00
1.027197400651884029e+00
1.023494050909058872e+00
1.079126033654244310e+00
1.005468556224806909e+00
1.053709302951318039e+00
1.076989834975991434e+00
1.021882513681394267e+00
1.070525011715564245e+00
1.005220476888204706e+00
1.096441635589860963e+00
1.009881547125576651e+00
1.089652100360438469e+00
1.087477006771617516e+00
1.034163803132453596e+00
1.004771465308349931e+00
1.018200317197988980e+00
1.005205753770129773e+00
1.090135982429300876e+00
1.088287630651207483e+00
1.017446909870634464e+00
1.086562799443028693e+00
1.063728414287657076e+00
1.022571008423244887e+00
1.019089684276837549e+00
1.023408748468199514e+00
1.058877363883055756e+00
1.050398599024958912e+00
1.005297205785894210e+00
1.035461963033113442e+00
1.097780103064697643e+00
1.030668257850294145e+00
1.006775609914905445e+00
1.057807069605952499e+00
1.073151418717817496e+00
1.037090900006310212e+00
1.066108551699649798e+00
1.087449270441526616e+00
1.099980224398031226e+00
1.050902246405066576e+00
1.009805598060462550e+00
1.082955673875733105e+00
1.091295218494672037e+00
1.089419158857656722e+00
1.076672657771217123e+00
1.019114096996954988e+00
1.004207453843322773e+00
1.015826769182626155e+00
1.020904625812202537e+00
1.049846416565044738e+00
1.016153967374576306e+00
1.060252479595403585e+00
1.070986082202120881e+00
1.045560559308317039e+00
1.026673859468831163e+00
1.074721519022143745e+00
1.046439183404777040e+00
1.004674608197993146e+00
1.064415563882540772e+00
1.071185528750316696e+00
1.044198495950674044e+00
1.084348527948724383e+00
1.036772524942296103e+00
1.076367848763667645e+00
1.057627816028259060e+00
1.058711677589517786e+00
1.053267353111686067e+00
1.013844827656461778e+00
1.057661891771195517e+00
1.040211653698058791e+00
1.003101349100334438e+00
1.029412338739888355e+00
1.051820456366040935e+00
1.060508122380464879e+00
1.027635746936280459e+00
1.050626927725740067e+00
1.037407817791634379e+00
1.098862099761662936e+00
1.042587078467291262e+00
1.046888482829880118e+00
1.016042975433560702e+00
1.059574565426124604e+00
1.033047472989453208e+00
1.069693664066135863e+00
1.077049409378855183e+00
1.014154926439942317e+00
1.069105525751157471e+00
1.057624949149423399e+00
1.032245361608859824e+00
1.061511660725139805e+00
1.078455736634966522e+00
1.035372661969858665e+00
1.023114156262651786e+00
1.011232789380174468e+00
1.027475445386570430e+00
1.034305053622450732e+00
1.003388227492568729e+00
1.050751647801215771e+00
1.059460127202442647e+00
1.007396132402957445e+00
1.046289129537783191e+00
1.079021328073750841e+00
1.006512327476875246e+00
1.075841605832961179e+00
1.072635694463487388e+00
1.095701121436124970e+00
1.005390827081542371e+00
1.077768377886863416e+00
1.094472756085141940e+00
1.034522926851581426e+00
1.068248341119408362e+00
1.042581652110757151e+00
1.091878008556115276e+00
1.097829671473364410e+00
1.065858970263081629e+00
1.071337351188057285e+00
1.006826701819890868e+00
1.023067605057500051e+00
1.098781368070755216e+00
1.042779670395340252e+00
1.036115883637639179e+00
1.090648780536017881e+00
1.020011667005305434e+00
1.043961046963441053e+00
1.013186661269486422e+00
1.075828233418555602e+00
1.055797666376415478e+00
1.043050750828991902e+00
1.076774807055029370e+00
1.011924003192762989e+00
1.050212171743718947e+00
1.005636803388252787e+00
1.001891681850461735e+00
1.062284761153652335e+00
1.067241266429252100e+00
1.038601719726776507e+00
1.017731711903250069e+00
1.048698774334901218e+00
1.016888206429502173e+00
1.007528464288748093e+00
1.010901215515655149e+00
1.043874512772542618e+00
1.086042022472739621e+00
1.034018448427297399e+00
1.022953836016436302e+00
1.016955830659079796e+00
1.046696042987587782e+00
1.098006886517719716e+00
1.025359019493241597e+00
1.002218285465863223e+00
1.007411685021672776e+00
1.032604164870378538e+00
1.090113845245933577e+00
1.006143756869473771e+00
1.036408264394652168e+00
1.099131089697461761e+00
1.003846397504258636e+00
1.067601908479991035e+00
1.058411450775400553e+00
1.032878641285751131e+00
1.091068836388791263e+00
1.056780944866787753e+00
1.016583221942752191e+00
1.011337469672292544e+00
1.065812121731083195e+00
1.085532422506656047e+00
1.005229113088374371e+00
1.058506331196880312e+00
1.014168393482634878e+00
1.091765563218828339e+00
1.022402443589439436e+00
1.012263930645992627e+00
1.080194026886702741e+00
1.085039719043398687e+00
1.073936912515881970e+00
1.095180704859359366e+00
1.049826153506424165e+00
1.004899268926130684e+00
1.026588983605716932e+00
1.001125322727734357e+00
1.021165437264591525e+00
1.068056041010211343e+00
1.069410950826900741e+00
1.022900593252672241e+00
1.032755349821069757e+00
1.055535784286043999e+00
1.017334823257821652e+00
1.067841214024146002e+00
1.053368122418084196e+00
1.020735934256390642e+00
1.088558516785850250e+00
1.057354444760510104e+00
1.063339403906596203e+00
1.052139166454078900e+00
1.061662067243950514e+00
1.018570356372934249e+00
1.069396565236068630e+00
1.019155680492134453e+00
1.019301841419496313e+00
1.065697972686227013e+00
1.088122756684056114e+00
1.020900065658662204e+00
1.057371297509744013e+00
1.015407495172973462e+00
1.025165470098881038e+00
1.028877506813140830e+00
1.077514660992693329e+00
1.094717344535651948e+00
1.055018977830721516e+00
1.012035144433684808e+00
1.017989503333644574e+00
1.010998572919829863e+00
1.077812587593313554e+00
1.079913938282022867e+00
1.034375704026866405e+00
1.008814596786721030e+00
1.096451114899366086e+00
1.041821855133370001e+00
1.042152042000201950e+00
1.055713066054344340e+00
1.080589811749010920e+00
1.091464171571705499e+00
1.005981315743958771e+00
1.063457539225228121e+00
1.083316710437027153e+00
1.004319435898979096e+00
1.062854814001828574e+00
1.064709486412918071e+00
1.067376207478564432e+00
1.016222414958756648e+00
1.012058913937412319e+00
1.004459665152047210e+00
1.098999216211347552e+00
1.040696752193154495e+00
1.023845176738092944e+00
1.041653848443634400e+00
1.075716270147258680e+00
1.032150337913886107e+00
1.099921559231571866e+00
1.046290311610008406e+00
1.000860727416789997e+00
1.005213135822999426e+00
1.031371722659406576e+00
1.001627965869745562e+00
1.023373177872688222e+00
1.020672826061394201e+00
1.095053375337118551e+00
1.039645833808363395e+00
1.037781815063921975e+00
1.074431134916949970e+00
1.031254563676840208e+00
1.063479209753189103e+00
1.073983219376871467e+00
1.080842224985004929e+00
1.071686491314316925e+00
1.014583538111992089e+00
1.002200464004403324e+00
1.054294978665352600e+00
1.095693326863869776e+00
1.085062075257299696e+00
1.070789374596572641e+00
1.069856640720437069e+00
1.009014614011304323e+00
1.050872732677460286e+00
1.045605182862541005e+00
1.050286474401744385e+00
1.055723563411292698e+00
1.048651400459462701e+00
1.004699653304893747e+00
1.079442451862161034e+00
1.039475657861321567e+00
1.037443861535996215e+00
1.027110192409183220e+00
1.019597574919987482e+00
1.057381574405392266e+00
1.000296605058138999e+00
1.040816712052402560e+00
1.044247985994693595e+00
1.055468443007339330e+00
1.074981125707579865e+00
1.066669255093063651e+00
1.064425621617157924e+00
1.043223272110814115e+00
1.016701030568084141e+00
1.020838577290427818e+00
1.046320765202960468e+00
1.063945112500192858e+00
1.007185576911287406e+00
1.070255119506358987e+00
1.089995088940578505e+00
1.016582555392807619e+00
1.082358032062637809e+00
1.069940621816677373e+00
1.016716199926703590e+00
1.059207122829326719e+00
1.052722189949199194e+00
1.027005867789232640e+00
1.059197035140726717e+00
1.095930642366434782e+00
1.035545914770081621e+00
1.038691981347381610e+00
1.064101687190353918e+00
1.023459156361911315e+00
1.016142996458612169e+00
1.021792281176044481e+00
1.081417877694716090e+00
1.025955641124238316e+00
1.078970755648637647e+00
1.063179806344005884e+00
1.097764296231553471e+00
1.065450030926523572e+00
1.055844383559221500e+00
1.044193670748341241e+00
1.004391198924390105e+00
1.012256023859227527e+00
1.018742926283757066e+00
1.065664741641607183e+00
1.055279722731403025e+00
1.012003859038514753e+00
1.062468215144550587e+00
1.006027496563728807e+00
1.062303587274928018e+00
1.070981855881707911e+00
1.016305101706259428e+00
1.091725958118432649e+00
1.026792301878075353e+00
1.078852461423232212e+00
1.063217919900286690e+00
1.091987625843160226e+00
1.072959715081817977e+00
1.069863435066425339e+00
1.094544522558305033e+00
1.079226101324899156e+00
1.042069717133148110e+00
1.043570176343656231e+00
1.020017760652969230e+00
1.074502481366560680e+00
1.061152547125655321e+00
1.061198585854321808e+00
1.032496042558858962e+00
1.044298909512699103e+00
1.047231354970901140e+00
1.016591506862332128e+00
1.027517772074679980e+00
1.088697958342826455e+00
1.032973024946100438e+00
1.013629880204385492e+00
1.058087017113068073e+00
1.050497495247412871e+00
1.060196087248498564e+00
1.012735410821790749e+00
1.025632577960817304e+00
1.079198963830704239e+00
1.092954738805969939e+00
1.051059488485264204e+00
1.048007850599117718e+00
1.050481007730218019e+00
1.047997148963466296e+00
1.071346959277954314e+00
1.075667531437925373e+00
1.028006736435421953e+00
1.098168522767100974e+00
1.049152974951226946e+00
1.082194123025933541e+00
1.034154390596539574e+00
1.005188564831721587e+00
1.092657455037591596e+00
1.027583588057486175e+00
1.024107121144720134e+00
1.005853338525865448e+00
1.092794209442775166e+00
1.065367880455906135e+00
1.037889450200677022e+00
1.079926630780366770e+00
1.059368648923120659e+00
1.058316591794701278e+00
1.084765549700421383e+00
1.059364593847312630e+00
1.070216698489888207e+00
1.042409555996158366e+00
1.005665367713444391e+00
1.031134310102514773e+00
1.086737451995932302e+00
1.059357304908684627e+00
1.000769349137097475e+00
1.018091265385672184e+00
1.028294359504191124e+00
1.028532350144372165e+00
1.015744405652401872e+00
1.063718352537454948e+00
1.010728971205059334e+00
1.017173313993160022e+00
1.066716293889392597e+00
1.021263324281340257e+00
1.031305175266012952e+00
1.077019862961749563e+00
1.072680367867177464e+00
1.009722252366306527e+00
1.047737711785786674e+00
1.095682914578887113e+00
1.007750749961378478e+00
1.079473625255400249e+00
1.086148465462137613e+00
1.028979525846672516e+00
1.050133367259727057e+00
1.002522529827377440e+00
1.028085974955109005e+00
1.090881402553000701e+00
1.099276316270847875e+00
1.084825052185497185e+00
1.091143140348964868e+00
1.029726929683874470e+00
1.053169444538217370e+00
1.074067298746962607e+00
1.046498546638364280e+00
1.088366729109431441e+00
1.052311531544467105e+00
1.017752276568318681e+00
1.021700341251263744e+00
1.012649189172013520e+00
1.045294230941215652e+00
1.050310256005889231e+00
1.067545452011004814e+00
1.009635349334968124e+00
1.024643549584431268e+00
1.077572436843332593e+00
1.070153566785788879e+00
1.048253976377929053e+00
1.079817480644203131e+00
1.053704682126185288e+00
1.094355615322092801e+00
1.099654772031673611e+00
1.079725910105358899e+00
1.053043721838256008e+00
1.099694913210271352e+00
1.077837549569702347e+00
1.088278434364010394e+00
1.049561273779378245e+00
1.085775704755436832e+00
1.077853347791310812e+00
1.054069936161236010e+00
1.027384270955478796e+00
1.098995289591057301e+00
1.015900691594259220e+00
1.033165637891469535e+00
1.011717178171642306e+00
1.036311984920991192e+00
1.029407995189083769e+00
1.030726169954312432e+00
1.044883196999806252e+00
1.081050730594413256e+00
1.050564853929201403e+00
1.010100064973117773e+00
1.000730462574569435e+00
1.098361609376161452e+00
1.093250648767753797e+00
1.033060806692072120e+00
1.053398438667201065e+00
1.056212518491034924e+00
1.087028948724169553e+00
1.039216276238406733e+00
1.001015148365328233e+00
1.089667251153206173e+00
1.022234749681074417e+00
1.033993303032554323e+00
1.035950535602049527e+00
1.081228410839420340e+00
1.076510956337667357e+00
1.077045632669842989e+00
1.005047312745917631e+00
1.003932287031493287e+00
1.016795959883326717e+00
1.029414897222408420e+00
1.017034330535321329e+00
1.015523313647913373e+00
1.004120676409172352e+00
1.000875395458017403e+00
1.035158979148618652e+00
1.002468005236587301e+00
1.069214885189075481e+00
1.063274786818263706e+00
1.043349654396696913e+00
1.043263403882859208e+00
1.064658380691302142e+00
1.021117598440106189e+00
1.064588350107650516e+00
1.008812262037398932e+00
1.099748770345561288e+00
1.042595592523170245e+00
1.063310966882848652e+00
1.089952341130506763e+00
1.048938139062402852e+00
1.085572776332119682e+00
1.004389817840533494e+00
1.090364019718189414e+00
1.091189293553915807e+00
1.054320393116902066e+00
1.035757428756426179e+00
1.097628600220429851e+00
1.067945055992288950e+00
1.092943861933515004e+00
1.005474733745846949e+00
1.054898080857422205e+00
1.004887386599663923e+00
1.097726477924437782e+00
1.048454522319286486e+00
1.089573294986297958e+00
1.031042630818369554e+00
1.016497185282705606e+00
1.092823833051731697e+00
1.063422741028482221e+00
1.006769120620108815e+00
1.068478091142318398e+00
1.052698363040813989e+00
1.010449798600426385e+00
1.092612224728361392e+00
1.076912195009743112e+00
1.094899116616054213e+00
1.057971311540637060e+00
1.001129335479000737e+00
1.047485941140460008e+00
1.088050166216368631e+00
1.066999024542659269e+00
1.070535004630309928e+00
1.025210120256832669e+00
1.074218694101148897e+00
1.094213131093932256e+00
1.003543604607675777e+00
1.072571306313741424e+00
1.075821526564788133e+00
1.018262784947352673e+00
1.030191419600753111e+00
1.010879649308750405e+00
1.034883499179723776e+00
1.014641984859707247e+00
1.070795065075933472e+00
1.095003605669279345e+00
1.062254696496206297e+00
1.083187401089114044e+00
1.014407612434990558e+00
1.051431978182145510e+00
1.040700130739229401e+00
1.091024880692965215e+00
1.029528358186491133e+00
1.076014967047678406e+00
1.074870541811705715e+00
1.090379084041997126e+00
1.036311575328038526e+00
1.037197327878345510e+00
1.046111869980776765e+00
1.034414248982763906e+00
1.045326006263075813e+00
1.017839363592017543e+00
1.022714787411834525e+00
1.066747466417930390e+00
1.021186315134782863e+00
1.087972153837996059e+00
1.048204808022850321e+00
1.034645640762049013e+00
1.091710571794064721e+00
1.040657621483682904e+00
1.038781615565388616e+00
1.058342200375429032e+00
1.011710026503159554e+00
1.029713301336413034e+00
1.018495990712779520e+00
1.058810395569959484e+00
1.096331997032077954e+00
1.006710934615389963e+00
1.014076262830243991e+00
1.029553957957296539e+00
1.037591813890499814e+00
1.017422595096917126e+00
1.058665406265074438e+00
1.013746431655037306e+00
1.022609496553095632e+00
1.064620907189284704e+00
1.002033280654623493e+00
1.065439638966621416e+00
1.003964245998604898e+00
1.037426950270285086e+00
1.070482844468852779e+00
1.083321974955780531e+00
1.013029271931597419e+00
1.002215922200574205e+00
1.095949254855821620e+00
1.074851903018684052e+00
1.073292967514977159e+00
1.091532918255467166e+00
1.078437746751931492e+00
1.005516212412394861e+00
1.063902535091126644e+00
1.068257213722374033e+00
1.086269191673961076e+00
1.083825891061220625e+00
1.084386543195040797e+00
1.043877033034067425e+00
1.011892145483701100e+00
1.015831094718220751e+00
1.080556374572386291e+00
1.048709476097776649e+00
1.092766546935821648e+00
1.076796490648092908e+00
1.095451296198649560e+00
1.002608966619694231e+00
1.026484881974335073e+00
1.091051391387247049e+00
1.011723381501396624e+00
1.088142790130486315e+00
1.060107910100613893e+00
1.098314492409993903e+00
1.099083804499401351e+00
1.003807502586849143e+00
1.044917346494078414e+00
1.062883260430488974e+00
1.033190330172934601e+00
1.027333200625136334e+00
1.041432602307080790e+00
1.018790673350010278e+00
1.010959302911362157e+00
1.019183735958611559e+00
1.074621796427764453e+00
1.000143325836958530e+00
1.017912483811384217e+00
1.085460934413200018e+00
1.065356446045186534e+00
1.012018165952643045e+00
1.097775676138357692e+00
1.004626602851213857e+00
1.055394864262606314e+00
1.090407182269377495e+00
1.005502752556610924e+00
1.091221328891692099e+00
1.040733116605202957e+00
1.073266031815077515e+00
1.093954282202006523e+00
1.027469534983241672e+00
1.031368756109141138e+00
1.079912833890547708e+00
1.095343537118232957e+00
1.052749339972183229e+00
1.041668259013781350e+00
1.004931585143355566e+00
1.078222883515746133e+00
1.005559554610292228e+00
1.030628239506888422e+00
1.035303172888929923e+00
1.017410174113862587e+00
1.089333775328672926e+00
1.088066425577817409e+00
1.037738603172613683e+00
1.030555822098015550e+00
1.014490791963544636e+00
1.074885236044340164e+00
1.058984356988783793e+00
1.004002546379110905e+00
1.021338698963008662e+00
1.044669658509544075e+00
1.039468507255722596e+00
1.013993762285310352e+00
1.093156466460283971e+00
1.086685971705308118e+00
1.087010733059307066e+00
1.089387416897342309e+00
1.044952860438382203e+00
1.033620206593221180e+00
1.032702866930351293e+00
1.033717591071713349e+00
1.092902896174865468e+00
1.057263645761513882e+00
1.000915834191807186e+00
1.061000247342361202e+00
1.022714507005695772e+00
