8.560767786117082223e-02
5.839213283177790981e-02
2.792723740204551205e-02
-1.712629842077531550e-02
2.595386991266620744e-02
4.758717032797608881e-02
8.686196053184958021e-02
6.879039508300954786e-02
4.152234891079707724e-02
-1.232598353686758380e-03
6.581880255725117146e-02
1.468544942206859855e-03
1.593599606317903233e-03
7.562876740269035281e-02
8.987561329816599887e-02
1.832536808418510146e-02
3.955894778198096318e-02
5.087983163375235651e-02
8.119852845440190398e-03
2.839655120821905562e-02
6.851553883994918048e-02
9.158586917013231132e-02
1.290562936745752454e-03
6.829900370142252819e-02
-1.053409444499973230e-03
3.279809368394059899e-02
-1.198843517925436870e-02
9.203263532653259416e-02
-1.997134981929054448e-02
7.579720257447959686e-02
7.773220412860293305e-02
7.599118375166670492e-02
5.007206796799014425e-02
8.730461080044499278e-02
2.029799755657191521e-02
2.853510358965779051e-02
7.826877937556171727e-02
9.496582371051626864e-03
1.489235440856130979e-02
-9.187417054218225201e-03
9.864631751406391369e-02
-1.193790510748592854e-03
-3.600005969995892507e-03
8.999786263569591049e-02
2.661141840847526183e-02
9.529216041400888348e-02
3.111337521847738416e-02
-1.320827371456260307e-02
4.119172461678768937e-03
7.656024279025064327e-03
4.466129841101802028e-03
9.476180165472987416e-02
7.511666925767195024e-02
9.411280485748917124e-02
5.351396965137983353e-02
2.231749492666621967e-02
8.630862197235306121e-02
6.903303804658444953e-02
8.744173360639563575e-02
5.828814506494857384e-02
8.271297627374676886e-02
2.147520497438991025e-02
9.839184746365393919e-02
7.547738218691292522e-02
2.888180665709884701e-02
5.351623580499179078e-02
8.641869036014621086e-02
7.616250018822931511e-02
5.824160170896235111e-02
3.489815672015721126e-02
-1.379893426287445365e-02
-8.569152310437115269e-03
-1.098877000235385856e-02
9.599383786009664521e-02
3.575316190436705899e-02
8.048991820595229052e-03
7.317946254120046012e-02
4.642342424201933992e-02
6.293243818135373091e-02
2.323890440671622440e-02
2.901158948315187350e-02
1.810343953072918524e-02
8.028925243716862614e-02
1.280240287881654823e-02
7.518879903811065413e-02
6.647703956243040946e-02
6.472271099294479857e-02
7.006392583207796121e-02
-7.585249859240006040e-03
5.327543704641372890e-02
3.327698475747037365e-02
5.850732765334716590e-02
5.024898389256168829e-02
1.781687140167549296e-02
-8.426127707637233802e-03
8.619824579575667556e-02
7.634989672737797772e-04
8.444655026137333487e-02
7.396158918142999028e-02
9.599969856305182181e-02
4.803673803583469182e-02
6.950129138987615890e-03
5.730116621443606673e-02
-7.371645166747490402e-03
9.101861383502637959e-02
7.297303562003476518e-02
-1.347982443067907710e-02
1.693658865243981640e-02
6.271983511866439931e-02
6.516620237010838090e-02
-1.724585413299457512e-02
2.257619342715661351e-02
7.703579389271533739e-02
9.630569886689389902e-02
9.357518143546246503e-02
3.330718917911025534e-02
9.203296156901501213e-02
5.758813384380785660e-02
5.510816404196439144e-02
7.179515918742510050e-02
6.415548674093678183e-02
2.384613933334363625e-02
9.291194726424789607e-02
3.446034522681405698e-02
7.388133127302254355e-02
3.244152351617633767e-02
9.360081028593504604e-02
-1.903230411200701813e-02
3.614780603314864810e-03
4.143377634883430027e-02
4.452840191733067887e-02
9.462553573415169450e-02
1.863327388412143806e-02
5.036250695629503060e-02
1.874434293457101844e-02
9.060683034553709825e-02
5.315190621472710986e-02
1.395669193286106988e-02
4.537231688989781797e-02
2.730418005068109902e-02
6.683906671133467425e-02
6.340720292819779919e-03
8.091470162216497092e-03
2.477252365988171293e-02
6.781479504321270835e-02
2.065286073810402093e-02
6.018590384470691446e-02
7.379124471925989359e-02
9.968133046519668528e-02
5.773121170892774046e-02
-1.248492218606373980e-02
-1.232786746250176188e-02
8.670295728686343295e-02
5.864635432974302232e-02
5.112635631091486110e-02
4.251789906179809231e-02
5.705618175444722440e-02
1.942471642581878113e-02
6.143881326948685828e-02
6.670980266282416915e-02
9.366871949679177189e-02
8.195311887586079203e-02
7.530294868845424650e-02
4.821659532038498341e-02
1.831311731516204952e-02
4.843848595048734496e-02
7.911183646832924132e-02
-7.134897368763767206e-03
6.224938655062507709e-02
3.932304466768624107e-02
8.254920585060390725e-02
6.493297113066964776e-02
1.749039659246317754e-02
1.156537868803620209e-02
-1.444766344615291444e-02
1.099617088553005856e-03
3.107717851926070779e-03
8.724821358423129336e-02
5.246461769505310346e-02
1.516025418086564339e-02
9.598408030466334950e-02
5.430087564133079248e-02
8.074375381996586054e-02
7.635942338955430120e-02
9.184344146920771224e-03
6.722778189183556408e-02
9.165097284095358871e-03
8.133741489423865212e-02
7.525023302341725395e-02
1.039088097131296573e-02
-1.143581181289652325e-02
6.484710963998571720e-02
4.074638931617995119e-02
-6.793329398121068091e-03
7.081687171248006452e-02
9.378598334816856674e-02
3.327606603326030421e-02
2.838904148336770031e-02
3.198186626860265169e-02
-1.130738541256975753e-02
6.617557572783572262e-02
-1.374321950260552067e-02
-6.832093207251354119e-03
1.023307640090550391e-02
6.258136858017522564e-02
1.592314433177747027e-02
7.361488857965090005e-02
3.998776399880729637e-02
6.839677003009581036e-03
7.121476611828901626e-02
2.455264707925644205e-02
3.042828581364025523e-02
6.804195714352927193e-02
9.708065322298550792e-03
-2.097212725287039836e-04
5.853504173147269785e-02
9.596722161004327123e-02
5.238124560222964798e-02
9.762273558712246391e-02
9.774840235518698905e-02
8.336141582103703818e-02
4.461266134099281522e-02
-1.927781900979759488e-03
7.011880258515568176e-02
5.026836259206823865e-02
3.248035254985819076e-02
5.474749249374363802e-02
8.314934518334916175e-03
4.762610769609521011e-02
9.881892568566631729e-02
8.834221333058074610e-02
-1.763548070156591152e-02
6.356072770580876996e-02
2.367799631267181529e-02
2.480567148691102328e-02
8.294980081040580211e-02
5.848614317569064691e-02
-1.185830226366049213e-02
-1.484558071278824568e-02
9.836468433161756064e-02
2.796006031150510482e-02
-1.805032680223499567e-02
6.792505924118209804e-02
3.998514181785409183e-02
9.289247251884112655e-02
4.547456153281549673e-02
8.796212166107714170e-02
6.561701993736089589e-02
1.863997715158703314e-02
8.458542221162873576e-02
1.379943746748142977e-02
8.929222974063417972e-02
-1.274278104861828811e-02
1.315502366397670528e-02
5.242332747192031406e-02
5.443511457446961743e-02
3.830797378074164705e-02
-3.154506328658976400e-03
9.872700063920571145e-02
1.817424621809024185e-02
4.629267467058098551e-02
9.182860013489002604e-02
6.257163314065027071e-03
4.724180291017071598e-02
6.976542583154475563e-02
2.442802800535650090e-02
6.655218320430858481e-02
1.873556325636455480e-02
6.438174604507834048e-03
7.466294807635717734e-02
8.250503250014552814e-02
3.290098826070332605e-02
7.267629917586659882e-02
8.322611654264727710e-02
6.438696554182249399e-04
-7.272474318006287228e-03
-4.665256707924107793e-03
7.801798487091919643e-02
6.056607755986273545e-02
-1.881155519246776459e-03
-4.202405656589951882e-03
-1.579482761537220545e-02
4.990239155769114754e-02
-1.953794704205681979e-02
4.412103000146272436e-02
7.882560368576684018e-02
7.460726569048874851e-03
6.605872363363622657e-03
3.205086811871664387e-02
2.139694474599091942e-02
5.937548839168561854e-02
7.486255381236636697e-03
1.430916521621910728e-02
4.151331797480252439e-02
2.973880429242234738e-02
7.484543697407460006e-02
5.792787043793191926e-02
6.524449446591394641e-02
9.945329796529935040e-02
-9.716728611094405110e-04
4.383973989891576384e-02
5.899536590533821512e-02
8.860868905558103026e-02
1.344503473732672552e-02
3.271197266523971636e-02
-1.678332200131381347e-02
-4.918843734936499679e-03
4.665994895771818918e-02
2.417414269304770172e-02
9.208748731502458540e-02
8.572142902723843549e-02
5.051833078240666741e-02
5.137913061611511234e-02
8.578403913483685639e-02
9.366254697821353725e-02
8.594941969562160111e-02
2.260343984031181960e-02
1.743973744594133971e-02
4.073072885165227031e-02
6.177407371914236944e-02
2.008886327050818030e-02
7.054591835070227190e-02
7.409321019052163282e-02
6.318402040259030183e-02
5.751684866210152181e-03
5.684548717911235005e-02
-1.483956484570834143e-02
8.817730538409571106e-02
7.473308255631333497e-03
8.607503979370141611e-02
5.121920354287827493e-02
-6.876528763887867698e-03
7.216672735684050155e-02
2.437899809666220149e-02
1.927664697681224018e-02
3.479647413998301908e-02
8.203306376416381884e-02
1.600398990800117396e-02
5.235433946744470768e-02
8.388748710057401803e-02
5.198910981261692377e-02
7.228568556145918700e-02
-8.023947481223777864e-03
4.318321152979184840e-03
8.492314707941898966e-02
8.304856337546341616e-02
6.681188823350114880e-03
7.105827516210729000e-02
4.065288898701736875e-02
7.134701726151954082e-02
-3.791020398699548183e-03
2.898582110622717131e-02
-7.749593877415826559e-03
-4.601664359920459857e-03
6.657743443002084316e-02
3.876509725792857963e-02
9.112380406277539868e-02
-1.382664206595562301e-03
3.885032708352131881e-02
9.214841755690565683e-02
9.995598765592300650e-02
3.612056918388506510e-03
4.163091275521353662e-02
-1.113956125507407913e-02
3.839633042821577469e-02
9.133701349200878949e-02
5.861694712332722601e-02
5.619381805885066694e-03
-1.766898241668276789e-02
-6.472793092750697003e-03
3.965691500053759866e-02
-1.829339960856544642e-02
1.074397903239741187e-03
3.115012139187503873e-02
1.410264771570434242e-02
3.217123360903688389e-02
1.241769858833340415e-02
3.680153427923241183e-02
1.786885839314839367e-02
-5.582716570894196220e-03
5.345603680362609467e-02
-9.179054273532374561e-03
-1.283965018941450424e-02
3.128795471086964763e-02
2.821973570067090945e-02
8.657879186425398998e-02
4.656056771891513291e-02
8.026341637783832028e-02
-2.795157597990188120e-03
3.083480465515933341e-02
-9.987608160305038590e-03
2.336090145738451210e-02
1.458312232893697186e-03
5.633935331474151931e-02
7.851144359419937047e-02
4.725618709087452129e-02
8.323372027306030763e-02
4.679786345904746181e-02
-1.768905270583804798e-02
9.097223256485510723e-02
6.269059183664788676e-03
4.247910456131881451e-02
3.115830962089363373e-02
9.048146785444712015e-02
3.529721014188945405e-02
3.443926778571142211e-02
5.335063999673883561e-02
-6.509631318095293259e-03
8.049710036542361002e-02
3.679557332565806804e-02
3.509609283540675306e-02
5.140822232764902244e-02
1.126218083081246754e-02
2.095941873994829410e-02
8.219692208920135329e-03
-1.049646079198296444e-02
-2.238998553427636040e-03
1.266043084508466574e-02
-6.102507922524450998e-03
-6.517197586797016107e-03
5.197498123574324780e-02
6.848877360997511488e-02
3.369960165141444586e-02
8.836616655994011110e-03
2.020358472572488309e-02
4.801528970891369430e-02
-1.242414031329471154e-02
6.657306716073324582e-02
9.064951440818282136e-02
3.199236896405915909e-02
9.530278222872522187e-02
1.193627534010602634e-02
3.752758227322090800e-02
3.245355358785895206e-03
7.745947655437832036e-03
1.378739655756532415e-02
9.048991957497119765e-02
6.550735310031666203e-02
2.799101409683243599e-02
4.741465363635080643e-02
-1.050564906377310197e-02
-9.560868370507950853e-04
4.975982797358023679e-02
5.103555201267155617e-02
3.144342742866031160e-02
3.351244315131349238e-02
3.712983992841277503e-03
3.067609785081189602e-02
1.137741214235092613e-03
4.607531145972287856e-03
-1.492106143278803740e-02
8.695451141531605754e-03
4.804607201492436253e-02
6.743237810501458152e-02
1.921476745752907431e-02
9.720406082859925356e-02
5.664876778423802439e-02
2.576877176972850944e-02
6.793045335122060990e-02
8.426051193946935969e-02
9.584252620725501604e-02
4.358350453911417899e-02
3.469527686745371708e-02
4.387982980597014693e-02
5.467989363138107961e-02
6.799836881947216027e-02
4.295180283494312579e-02
2.194854846939070514e-03
-1.802821281963907715e-02
-1.158816443387099271e-02
7.787185765318123398e-02
2.001963851979122674e-02
8.487833492998925200e-02
6.970044275031338221e-02
2.500956788173937587e-02
6.923989670259253493e-02
5.709486246483053140e-02
2.030315908060794858e-02
8.261831182636625304e-02
4.888670549035135926e-02
-1.557856390347922559e-02
6.435244172014090158e-03
5.869841724902841174e-02
-1.605326328847817008e-02
5.176493029425452419e-02
4.057447976100959225e-03
9.252135680906334314e-02
-6.921410443839244239e-03
6.395673528851571199e-02
3.994011721009335658e-02
5.775478671895005467e-02
1.766407771826966969e-02
6.105486180830101139e-02
7.298197797659443375e-02
4.370781234717990849e-02
7.720605098287372514e-02
7.882411008124584617e-02
2.733392905737939624e-02
8.653442027111685197e-03
-1.988015569525903095e-02
