1.080751005104299001e+00
1.060903523250210201e+00
1.076598465221393353e+00
1.049472584031477140e+00
1.078302101794986756e+00
1.083822542749576456e+00
1.040433737176568840e+00
1.009448163253384934e+00
1.009935123403511881e+00
1.078592025107386609e+00
1.004920452426055544e+00
1.024883470487997439e+00
1.030246514809813885e+00
1.065582009826624876e+00
1.003439234882958608e+00
1.034102370117588432e+00
1.008342846255244396e+00
1.093421651662390692e+00
1.093143673524665349e+00
1.069993169227130059e+00
1.084095913970690939e+00
1.085864860183415770e+00
1.013297534927484644e+00
1.000511006340261133e+00
1.027136772507975859e+00
1.055095839480043596e+00
1.084695266454340334e+00
1.071653637251962055e+00
1.059326890071051297e+00
1.080316057184586009e+00
1.086206249170785343e+00
1.010308542069815907e+00
1.084949188212633864e+00
1.057373885037097727e+00
1.023592837075223416e+00
1.065788635088745773e+00
1.003788697956043086e+00
1.011520048708165698e+00
1.005899882069193119e+00
1.076291608842344427e+00
1.088119253026616828e+00
1.077092884246420024e+00
1.086519066933014033e+00
1.027461473813878534e+00
1.031222756045452771e+00
1.055368029234081240e+00
1.029404213316474914e+00
1.067582354646896325e+00
1.053426660018376149e+00
1.003522694050406949e+00
1.044166755907004918e+00
1.023670926306015083e+00
1.081355382670634802e+00
1.021636466140810828e+00
1.063153468219890874e+00
1.005865281128529576e+00
1.031260206962209880e+00
1.002725366080863934e+00
1.040169724743831736e+00
1.075416270876861757e+00
1.005710715205200723e+00
1.096345000099461453e+00
1.009501568467321642e+00
1.013804923249572276e+00
1.062803883957602835e+00
1.035904018234382828e+00
1.093447999216996758e+00
1.093772316010498180e+00
1.080807098253753651e+00
1.062444904998676165e+00
1.074756764109370266e+00
1.058753866544354105e+00
1.067664783130036099e+00
1.061281315993914731e+00
1.019529047674704314e+00
1.034391972367445067e+00
1.005497641973119638e+00
1.073400292358614561e+00
1.039760619679620079e+00
1.024023420220060210e+00
1.009828270260397565e+00
1.053624119309183982e+00
1.085567794072987313e+00
1.000241182278217789e+00
1.011111068173742744e+00
1.041026307085612501e+00
1.059187609832619170e+00
1.028265477374528780e+00
1.036502151739772115e+00
1.095552352734488144e+00
1.054012123948903090e+00
1.026849032917890758e+00
1.034258455933210419e+00
1.026650531058340921e+00
1.028681319727067001e+00
1.092321613404386049e+00
1.008096698236962352e+00
1.023176387041337954e+00
1.001676468736281578e+00
1.061575585838616886e+00
1.068182952900740057e+00
1.038438569731577665e+00
1.091432758518629642e+00
1.013815410212626222e+00
1.021625328798516863e+00
1.049105809875615858e+00
1.027256730474243485e+00
1.073296524646553785e+00
1.018169961096639931e+00
1.007245783254537841e+00
1.085547244867582029e+00
1.052793535313880868e+00
1.032535442183021956e+00
1.060601814309853452e+00
1.010356073518828612e+00
1.050435792110386402e+00
1.071881425822442502e+00
1.072346216439234112e+00
1.008603225518061031e+00
1.034852744065468899e+00
1.074549925495571712e+00
1.014760162621284989e+00
1.063910441053198763e+00
1.001686799619033952e+00
1.060913395390156611e+00
1.015080139301896667e+00
1.022000641377230901e+00
1.067994131534813596e+00
1.051914779256018395e+00
1.063058158757800076e+00
1.068923723193452968e+00
1.088658245334436891e+00
1.002906399409613680e+00
1.011937639249670173e+00
1.058356535464287651e+00
1.092823694281754632e+00
1.065640806062681412e+00
1.098018316313699838e+00
1.057571841190940942e+00
1.027213850952955587e+00
1.045963261762449470e+00
1.014255895469959645e+00
1.002863831978183073e+00
1.020437019717597149e+00
1.048800408934352113e+00
1.043340510697887469e+00
1.089908287371542217e+00
1.032822217865057457e+00
1.046654096287521041e+00
1.071645371832936178e+00
1.015963826043766005e+00
1.034701040825868334e+00
1.001609813641438862e+00
1.073074947445821437e+00
1.091348289407886973e+00
1.083877289811585820e+00
1.069542083454160908e+00
1.045828053568342408e+00
1.044516068169290213e+00
1.064214290629114990e+00
1.029575085184068373e+00
1.091840179770326325e+00
1.023236740243590237e+00
1.086292274934532065e+00
1.060959263268281383e+00
1.035018281625033287e+00
1.031958566265949617e+00
1.046943264392968587e+00
1.045557707631311617e+00
1.021595240057910026e+00
1.026329445665023155e+00
1.056220726704020674e+00
1.010839986737523066e+00
1.095868922027738002e+00
1.053473719764025374e+00
1.043995019692938619e+00
1.073183033590704882e+00
1.013140172383570459e+00
1.067478960690494860e+00
1.074723822359016978e+00
1.014368735861139514e+00
1.011330436393452326e+00
1.027504527193344508e+00
1.001240067156569324e+00
1.057821456368734703e+00
1.055912724256731883e+00
1.091372531268931079e+00
1.044775203251187667e+00
1.042264980748661696e+00
1.023055747762518175e+00
1.061383585101455695e+00
1.035172282622053075e+00
1.003824675439751735e+00
1.049739906677470413e+00
1.056982602903896895e+00
1.010468780524369947e+00
1.049065253026541411e+00
1.040937431186512052e+00
1.097185722775664507e+00
1.072733851129428650e+00
1.048463164020777327e+00
1.077193177740935370e+00
1.008982240792617668e+00
1.067896984003789296e+00
1.004447339030243302e+00
1.065316128718025279e+00
1.009257490741899188e+00
1.041221360429148479e+00
1.057438872503578375e+00
1.089440481627314217e+00
1.051119901796817135e+00
1.075070443680900434e+00
1.040121869412141242e+00
1.064930692580190241e+00
1.085147634610200029e+00
1.037790137033267612e+00
1.098856172469963033e+00
1.092811301596653406e+00
1.051370188053220467e+00
1.028550369626335170e+00
1.015415702207933757e+00
1.019115405655250939e+00
1.018670829405880829e+00
1.002535681213466923e+00
1.042030928047522398e+00
1.067424779180259575e+00
1.040092600279796109e+00
1.051936081704445414e+00
1.051840747670848231e+00
1.016024056646432916e+00
1.061281869307387993e+00
1.025378361556184670e+00
1.024116705851130238e+00
1.034183076260996925e+00
1.070304644491938406e+00
1.053101554593487199e+00
1.026988837664807752e+00
1.050429587662803366e+00
1.083528046244610632e+00
1.093449816417935372e+00
1.027140684290321015e+00
1.097247750821243262e+00
1.014374731967838450e+00
1.052983404541885548e+00
1.062083726412463403e+00
1.012453772282232656e+00
1.046091689857840956e+00
1.058992765312954054e+00
1.085410565294153695e+00
1.090415628160012584e+00
1.017903884543319037e+00
1.010584160438162904e+00
1.048245060191567379e+00
1.007970546316616423e+00
1.066808055877527250e+00
1.061701641568561616e+00
1.072158031329180305e+00
1.048814306582238176e+00
1.094353016765655884e+00
1.098959254230428284e+00
1.011507207604512848e+00
1.053071051444649964e+00
1.036764575437633784e+00
1.044072348349664558e+00
1.078104053698489828e+00
1.035259094701966864e+00
1.087609272118247095e+00
1.076529308606232416e+00
1.054701123963239562e+00
1.012218103280017711e+00
1.065390254754632782e+00
1.011941694632827016e+00
1.008492476550118200e+00
1.031439012438899461e+00
1.085652164463597913e+00
1.039564693453152833e+00
1.043535077051232607e+00
1.019278965308225704e+00
1.011941764882808847e+00
1.038224862235861190e+00
1.049103080265931576e+00
1.027711318126507845e+00
1.093107900194069337e+00
1.002816593203246009e+00
1.023097459751053817e+00
1.079352973725010045e+00
1.049613876733713980e+00
1.040659069464387132e+00
1.030359100719175691e+00
1.011842674430613487e+00
1.077322950673219815e+00
1.064772011940990692e+00
1.051577698329139388e+00
1.048478732626028753e+00
1.010522439579286447e+00
1.024585668773885683e+00
1.098228192541276904e+00
1.090213482199210215e+00
1.078242758984708338e+00
1.083817487642204203e+00
1.058644471475276072e+00
1.018180097680308815e+00
1.064673047543790663e+00
1.007991178704491286e+00
1.000239851530370316e+00
1.035001213285752009e+00
1.016872262190581466e+00
1.051525185420730146e+00
1.000411302560554105e+00
1.043584457061806914e+00
1.019677167531732431e+00
1.038628651441097839e+00
1.041118001220927791e+00
1.090708480545730108e+00
1.059932865825921500e+00
1.083847124729794720e+00
1.053631997308584145e+00
1.050128091958300480e+00
1.024588470395129791e+00
1.070140578109872953e+00
1.020281629982351390e+00
1.032870125469661948e+00
1.007293094698508806e+00
1.003756805563103427e+00
1.057667226568593799e+00
1.035980979671206947e+00
1.034789466133825941e+00
1.074203855722231538e+00
1.073812894142261332e+00
1.055657632446398653e+00
1.020768032558465599e+00
1.077996168216570627e+00
1.086748693966632207e+00
1.040098377745577229e+00
1.048273219983125060e+00
1.098080492787318674e+00
1.079202699573635904e+00
1.040501950690601252e+00
1.075439015873893567e+00
1.099127553678061586e+00
1.054352822023375991e+00
1.074298402026906629e+00
1.080070232227873017e+00
1.014770594668987114e+00
1.053698136519614525e+00
1.041260626430189795e+00
1.032237207680543056e+00
1.084241448071722402e+00
1.009023983250191936e+00
1.051639240225356708e+00
1.018968588129921526e+00
1.030061289394410995e+00
1.045605617349809613e+00
1.019866982480700290e+00
1.038831738130996829e+00
1.094853295567012053e+00
1.052550543453903975e+00
1.044178168909876803e+00
1.011142252420347054e+00
1.095809538577821263e+00
1.079953926742058368e+00
1.060636689606903493e+00
1.077847347754189000e+00
1.042274274362398057e+00
1.062741816461790334e+00
1.095052964799658524e+00
1.013232396631973398e+00
1.020488586263433861e+00
1.077233057351411727e+00
1.020411642606203761e+00
1.047639135008540112e+00
1.009433645090891174e+00
1.079098852775953299e+00
1.049743394324739620e+00
1.039389945138785354e+00
1.083505293683253878e+00
1.083997427666822055e+00
1.070085596165065045e+00
1.080788589193197646e+00
1.081846265095061987e+00
1.098007708140797067e+00
1.002617069173216136e+00
1.028772713985880882e+00
1.050559119231704752e+00
1.054579100641513945e+00
1.032767472766422445e+00
1.016794540056812579e+00
1.022385704616323832e+00
1.000117008165460675e+00
1.037527337837605979e+00
1.010368077201579284e+00
1.090250283936822440e+00
1.018566404476421550e+00
1.047712109618673670e+00
1.091496236407064613e+00
1.058324318099484129e+00
1.073668705471715112e+00
1.026166715049608547e+00
1.075286312393551436e+00
1.046917557483874717e+00
1.080594356255146549e+00
1.060727917176250257e+00
1.080639091481513603e+00
1.071265086321292470e+00
1.017073394143231058e+00
1.056243607108358740e+00
1.034534018565322677e+00
1.090819064490820667e+00
1.015378549247271112e+00
1.031027668989643375e+00
1.090557538816179672e+00
1.029301612206154237e+00
1.045043980787764726e+00
1.087335646341954343e+00
1.081258917648027174e+00
1.082003296385772417e+00
1.049382406397397549e+00
1.089608383791803359e+00
1.086986899669879048e+00
1.011127192035285560e+00
1.030284073161204184e+00
1.095388528924290394e+00
1.033365392416735640e+00
1.033563074196876652e+00
1.087498308392477853e+00
1.066834766649078059e+00
1.004376188720643714e+00
1.065070449540455266e+00
1.042883683169800069e+00
1.024543169351936456e+00
1.003998692031276896e+00
1.060462595186704826e+00
1.037849884563076364e+00
1.037845412968374292e+00
1.067045104125282862e+00
1.043009541048379507e+00
1.099243778155295725e+00
1.004180823569545078e+00
1.027240226448494553e+00
1.021217838592241911e+00
1.075574390104219624e+00
1.036032759514777357e+00
1.071843609861822255e+00
1.004828166357656594e+00
1.019449821436853476e+00
1.052641896787195108e+00
1.055237290153019591e+00
1.012337377451785647e+00
1.049470267790130196e+00
1.054463499715468044e+00
1.044498072440132930e+00
1.046335173601088187e+00
1.076598474499097291e+00
1.061714021209641645e+00
1.045847273662373622e+00
1.053538256016264496e+00
1.035597102234656841e+00
1.015678155159442486e+00
1.058355415045308057e+00
1.029572522375927113e+00
1.033367685448925100e+00
1.008055040310141592e+00
1.073302013891548556e+00
1.043170188233194517e+00
1.013795332723971931e+00
1.060122387920417353e+00
1.082021750924007097e+00
1.011826542272116214e+00
1.041235603889677286e+00
1.001704585552380289e+00
1.012845586801693676e+00
1.015177410995417029e+00
1.099231947117892405e+00
1.024313570568400111e+00
1.069851757880616372e+00
1.035065115712811457e+00
1.066587001744185859e+00
1.042601839799422780e+00
1.068841808396250981e+00
1.081802471306518632e+00
1.038951055378247945e+00
1.069436798230280150e+00
1.090026732431929712e+00
1.013168551589575861e+00
1.049874101465416487e+00
1.048863427140692473e+00
1.030465161482324588e+00
1.053196263871150506e+00
1.002054590221010733e+00
1.025372763944821353e+00
1.006132836895062832e+00
1.033395963618975122e+00
1.016659274841376748e+00
1.093718584947956041e+00
1.024510722066046320e+00
1.094650106634501796e+00
1.046250859099491004e+00
1.012490762821389501e+00
1.089393975985938567e+00
1.038370779182983261e+00
