6.363991714731265237e-02
2.407028124448316528e-02
8.981259653587481129e-02
4.709678456792948387e-02
-2.546517265656644130e-03
-9.694922108004381395e-03
-8.416202154350816214e-03
7.556879296558140224e-02
-1.287183489620730842e-02
6.978942140507624070e-02
9.965843935871084025e-02
-1.458999195404098170e-03
5.409027410522367074e-02
6.664202909375645245e-02
3.379726729831915299e-02
1.947236411415899718e-02
7.380096297934600480e-02
8.404185165311849059e-02
3.165495814218516335e-02
-8.406789207885947621e-03
5.336853554537222821e-02
5.249729311111425711e-02
7.010247550612132283e-02
-1.210470505437821753e-02
1.445680665941477885e-02
-7.696398876281906540e-03
5.589050264705479332e-02
9.296664489231984407e-03
9.443988856220159045e-02
5.253376758796821089e-02
6.583543228650434731e-02
8.074276883843396757e-02
5.890498901727236891e-02
-1.659732686414662484e-02
4.970924381985332430e-02
-1.437591245118443641e-02
8.153911143566199005e-02
7.125974617979746739e-02
2.772861257840450802e-02
6.883071178593025419e-02
8.539404493287547360e-02
-8.879235513849600969e-03
7.409978047792532829e-02
7.786891419915466239e-02
-4.093940680011537436e-04
2.563494578333047960e-02
5.479993007514320780e-02
9.540829103232884023e-02
5.202263203676901759e-02
4.997075956765523186e-02
5.723974301644507712e-02
3.467263329364242419e-02
-6.070340651042895400e-03
5.460495127629286238e-02
5.797879891376894745e-02
-1.170001993069237113e-02
6.406692727080813554e-02
-1.786271693403436098e-02
8.677277824012402663e-02
9.491627159064328079e-02
3.280061477730342179e-03
7.269044422337751776e-02
6.986537696544142806e-03
1.938637913408350691e-02
8.604159341809941575e-02
9.078711222707157302e-02
-4.598791622350247368e-03
7.705835972776071963e-02
7.816085478629958283e-02
5.787898845930132541e-02
5.931823342714515751e-03
-4.554172930310386447e-03
6.589265598804666668e-02
8.198741538416091934e-02
4.593496116896318704e-02
7.515148367696201925e-02
-9.416462051926102750e-04
2.765924853655306673e-02
-1.803879099941559788e-02
1.594851358706467562e-02
2.779148969209594908e-02
4.768838568044820453e-03
4.074377076051846625e-02
4.554819449941698017e-02
-1.969622187621016679e-03
8.024300391258140652e-02
1.984851624220875313e-02
4.873234475019137812e-02
-1.398350735558195022e-02
3.347872079987418426e-02
-2.878125510541552218e-03
4.905876415319096462e-02
8.028154708510522319e-02
2.860010908827951073e-02
8.721966755921586878e-03
5.132594501321655067e-03
6.876612569425902266e-02
6.985265132694446627e-03
5.963063158766009064e-02
5.378990732104950434e-02
9.286442301210118266e-04
3.385628646863851621e-02
1.910176545108982840e-02
-3.140178066224956488e-03
7.435923789331518041e-02
2.273183224486084383e-02
6.947566605622736147e-02
1.259040598170879308e-02
7.317931652897936845e-02
8.286810948009568079e-02
1.197598330664991981e-02
3.152217086900292731e-02
8.995307548710040901e-02
6.539901312876165995e-02
6.244008873104705398e-03
1.466915341740474346e-02
1.486110789096534504e-02
2.228087998246748927e-02
3.146333132443958347e-02
9.287200276291385226e-02
3.678488747420158300e-02
1.016384766437821580e-03
7.240947906015973712e-02
5.305783728049361103e-02
-1.841652597148995055e-02
2.157826197158142431e-02
9.175933943318021618e-03
6.210762711604403408e-02
5.166010723124468684e-03
2.070620775662613752e-02
-1.142552535752535368e-02
3.772679232601251764e-04
-1.850500553086917299e-02
1.639744939802434062e-02
8.763599638602995179e-02
1.235678298543080658e-02
6.222437417444748320e-02
9.502291607875096302e-02
6.902364259899680665e-02
5.516719624164043156e-02
3.207384474148194942e-02
-1.685672248408132123e-02
3.745058434103339107e-02
1.844384997624971476e-02
4.530398869632673575e-02
7.473795892542552111e-02
8.751242518868970754e-02
7.314202805676510433e-03
2.511113067053826961e-02
7.804220483651209961e-02
8.484365682071320913e-02
1.057300643763894182e-02
4.141826104815907184e-02
8.119007493672600329e-04
6.381248744432714559e-02
2.192536034595186228e-03
5.676324640197236149e-02
8.578125688223112166e-02
6.074623995774217772e-03
2.434154657838831157e-02
-7.858026917174572995e-03
4.851884053848688760e-02
8.842237526643403900e-02
-4.035319920091397922e-03
8.687134211615096108e-03
5.873367772989167290e-02
5.477282505593535078e-02
5.039731329432414753e-02
6.908838298693037450e-02
5.055633643743748240e-02
1.806707324357690811e-02
4.459718102263322825e-02
9.881433700722838664e-02
4.832830362767259746e-02
1.327722284133730710e-02
-1.427553878421572095e-02
9.833840705071913990e-02
3.907557228547330064e-02
-1.677108173414898484e-02
5.664574884728455773e-02
5.751241630001346916e-02
6.916244954626647734e-02
7.971828042659860614e-02
2.427561012124125964e-02
5.845502130948856956e-02
6.750886417378670901e-03
2.380666994334153241e-03
-1.445940937141032209e-02
8.309937703094327777e-02
7.361328834814610117e-03
-7.726799468000672411e-03
4.383134696404022979e-02
2.118284622137738341e-02
1.184300647794820499e-03
9.667174672244566169e-03
7.158897939570738056e-02
1.936660085418146285e-02
3.467819506988641109e-02
5.099910584379874212e-02
8.779747844447433058e-03
8.366321276040772359e-02
6.882889066590688887e-02
7.599595199617169283e-02
2.621622105279457562e-02
5.110863839039878065e-02
-1.194788890533402155e-02
8.899434287450398717e-02
2.482052561154534862e-02
4.107113735370933327e-02
2.437632540335061757e-02
6.121516099908487496e-02
5.687639276899424112e-02
2.362361160647204542e-02
3.924275425000225970e-02
8.522778671407743589e-02
6.578524496994534593e-03
3.015700619414926273e-02
8.722755339911071604e-02
9.765948336752328096e-02
2.108454235122942874e-02
4.190967324117780834e-02
3.731585495100676886e-02
9.178296781530126403e-02
6.141576140972390685e-02
9.430527109822119114e-02
5.676571572887086081e-02
3.808431801936616734e-02
7.198881420427272193e-02
4.596472740470143592e-02
2.421503618322928472e-02
6.621608905141905532e-02
6.719416675835981900e-02
7.003095207066765970e-02
8.220227148753724705e-03
-1.304828640710242738e-02
-1.279761576685987598e-02
6.297525830814122705e-02
1.273914911371985467e-02
8.227229048515860566e-02
6.293146628549892152e-03
9.782176530405117809e-02
-5.359648415391399939e-03
2.995106705455080273e-02
9.152870142949899590e-02
-3.731967279805237236e-03
6.992859431249202895e-02
3.735636684288563825e-02
8.652625935291523296e-02
9.553103509475166510e-02
9.921099286050837074e-02
5.221036322633323956e-02
5.566724721377400847e-03
9.365560491625604667e-02
2.479138455390171233e-02
2.423405026685633915e-02
-6.277221690842681168e-03
1.706113602789531211e-02
5.859278444847981770e-02
1.952625490877872572e-03
8.266485643395406202e-02
2.600846324281405261e-02
7.805083324014251700e-02
6.212943895487817170e-02
-5.836224747002675961e-03
4.016618907854360709e-02
6.143730743545451622e-02
9.934660187244689911e-02
4.543732588389849669e-02
-1.311639249216178457e-02
2.653598879405089442e-02
5.117822683772166314e-02
6.138539459031103207e-02
7.052556138040476374e-04
-1.939070383467422429e-02
5.441267990944043120e-02
8.396240142586300359e-02
9.465814512635617461e-02
6.764471763162853424e-02
5.338211618662561109e-02
2.551550960037710439e-02
3.350086920490558118e-02
3.773141964782447677e-02
1.528681473765572049e-02
9.174902785372525404e-02
-1.295158229224912215e-02
3.291551004108551892e-02
7.790660233424868963e-02
9.317756478438704582e-02
8.524502268458215848e-02
8.093189840095790788e-02
8.641880910164144447e-02
9.380706678198351411e-02
8.228939782347237386e-02
5.099105426907053762e-02
4.638399747896136682e-02
5.272053869831068440e-02
-1.063934245428155637e-02
9.885809133127659853e-02
7.407209501849549432e-03
4.751044212404745282e-02
7.049765652439579644e-02
1.118910569175153580e-02
-6.062394666027514853e-03
9.933003182572581330e-03
5.276120304996519128e-02
-2.395486788172782738e-03
3.010155050214326569e-02
1.415476570848340013e-02
2.117660476533471739e-02
3.839329550789910561e-02
3.198336422606222473e-02
6.193576110896967246e-02
5.680993413234580736e-06
-1.382972551216075582e-02
7.771548190147127555e-02
7.362180556940663145e-03
9.776370552731993013e-02
8.342446324732326335e-02
9.347107082755634622e-02
4.562071474833293006e-02
1.796382877995591695e-02
-3.530353139720825151e-03
6.061998906538784704e-02
9.220746112703663566e-02
-6.813353734390825353e-03
-9.061312715087170219e-03
6.768364790829516087e-02
6.072637272958208987e-02
4.889566314698191862e-02
3.161798896131885750e-02
8.168388372508951500e-02
2.713347974672987786e-02
5.194856819079886334e-02
8.977971240665298669e-02
-9.121194010285535447e-03
-1.057344666144215822e-02
-1.556689462972146026e-02
-8.691615868993869676e-04
6.987432003343914400e-02
1.824772347833132982e-02
8.826074149454422868e-02
2.430260485829287623e-02
9.696753695199536449e-02
1.616225212577665840e-02
8.363973211888212078e-03
4.707906465781618033e-02
5.808543647586322800e-02
-1.994899830797230988e-03
-6.025937134497469025e-03
3.114307246607641785e-02
1.362391184661495419e-03
-1.483555905299074364e-02
4.600009943262327317e-02
-8.922725594361269677e-03
4.995128308035062803e-02
8.693120456582503763e-02
4.229151613289823530e-02
5.076554783991055197e-02
3.062924147807117095e-02
7.734403902668614272e-03
4.977067136429254302e-02
9.688973863404828912e-02
7.190346505203669414e-02
5.685659096013916114e-02
2.448810568979965449e-02
7.518794885516613680e-02
9.989985139823692739e-02
1.214544968228968222e-02
3.646498132257364189e-02
8.835459547704499483e-02
7.860371755127955329e-02
8.039637398413859715e-02
-1.414693477251952741e-02
4.852823481299071984e-02
8.581127683913931936e-02
9.788537389199603034e-02
8.565595697688196952e-02
-1.356784296857656454e-02
2.959137170496106348e-02
9.125502017730569015e-02
5.052352678378713158e-02
5.698958663861994345e-02
9.830215262260701137e-02
1.484700412981621379e-02
6.127485010106764607e-03
-5.169176404399995414e-03
4.468490851718670553e-02
6.520912494397852754e-02
-9.048127896467876921e-03
8.359891297004363314e-03
2.969769215265767939e-02
7.789958989712680859e-02
9.986554050187528009e-02
-1.233429118770023800e-02
9.122173005955133696e-02
5.131602234870261126e-04
5.044358446115006223e-02
3.054798729787931363e-02
6.618716663482993035e-02
7.841305743356719732e-03
3.513616464556101882e-02
5.866269593990683373e-02
8.341369202892935653e-02
6.001305709876066097e-02
-1.128897928653570248e-02
6.704758481524186742e-02
1.448872574929322213e-02
8.083129025124420608e-02
-8.153742902773796972e-03
-1.683407589602965021e-02
4.561577683517292758e-02
4.434985008200408030e-02
1.180856321715826121e-02
9.309530885093726671e-02
1.744382575486143686e-02
8.468304520854641471e-02
6.605228542058731722e-02
9.777154163792463326e-02
9.859709538743265111e-02
-1.669990581208801589e-02
-1.216098694150198785e-02
4.219327620776264220e-02
6.171455723918385650e-02
2.593116732476600031e-02
1.065012864202866810e-02
7.158060107905540870e-02
-1.537991825694908811e-02
9.695723133660175130e-02
9.936384734251801909e-02
8.638394633073391560e-02
7.705331135087443994e-04
1.868475088205227494e-02
2.102407299901684276e-02
7.945732416984804813e-02
1.517263961636656708e-02
2.157502853863571893e-02
4.709632832524911217e-02
-9.616045699548356890e-03
9.780483406132547963e-02
6.638287350318769486e-02
-9.339319485688059655e-03
9.237358637505195535e-02
1.022248633420430597e-03
9.339382943765468792e-02
3.286409226722328270e-02
6.611898050306604102e-02
5.565811675192773589e-02
5.888224490027640923e-02
2.890241189384376921e-02
7.851376626448845764e-02
-1.377263128924050180e-02
2.604591692743202583e-02
4.548803024649845927e-02
4.311090805550094052e-02
8.279831094036455008e-02
9.103712330948234011e-02
4.636181546203492487e-02
9.935186959261897710e-02
2.916951969627689864e-02
4.359843576285575562e-02
2.498029400860901292e-02
2.670791383395499860e-02
6.204503756180757001e-02
-8.393841396551367240e-04
1.089360607413489626e-02
8.534081965968214056e-02
3.417194155274573542e-02
-1.272302537957435697e-02
7.421076878682864031e-02
-1.233683445109528404e-03
4.974337159266241370e-02
6.002440974584649647e-02
8.448650064408665117e-02
6.541634926209670409e-02
7.803976490372814545e-02
-1.349842665012535893e-02
3.307185717311361683e-02
2.153667263735987644e-02
7.230841197855178426e-02
8.507439510907598146e-02
-1.167807093720963675e-02
9.847118535156602903e-02
5.556717982133117101e-03
8.403650946813903677e-03
4.310816143941870182e-02
5.452133810875123276e-02
1.427814341259888917e-02
5.957728899635603148e-02
6.316866036529146522e-02
9.652046505751292471e-04
3.042316539526292510e-02
4.088494400369638293e-02
3.139475558930004961e-02
6.116403658234745300e-02
9.644245335152702714e-02
7.616354661743582333e-02
-1.307433447128961493e-02
-1.029877972536350460e-02
8.283302067043009365e-02
4.186922939259636600e-02
