1.001283962148960649e+00
1.008132624711774783e+00
1.005025380881409802e+00
1.037196887540779322e+00
1.069241966346153427e+00
1.071739943670531492e+00
1.096764747836844078e+00
1.029664220764041627e+00
1.046792240432134813e+00
1.024501612462032085e+00
1.042285156442829708e+00
1.032544981563858544e+00
1.085731376316655838e+00
1.025369151893805730e+00
1.026923344869116184e+00
1.098164503976325257e+00
1.096369045803771591e+00
1.028245890685439479e+00
1.043591766816354127e+00
1.011715529212282805e+00
1.047651033916374930e+00
1.097254196275546878e+00
1.028429130271322212e+00
1.024190843465834000e+00
1.061578922082942134e+00
1.095714777651570326e+00
1.080116905338375899e+00
1.030292341716188664e+00
1.065831967088601839e+00
1.091821405639621601e+00
1.059565437373871211e+00
1.005046279374215201e+00
1.037543354693069464e+00
1.015194309426058705e+00
1.031915826849608253e+00
1.054895985816205251e+00
1.045102472411377992e+00
1.053198613140864159e+00
1.070333323780102042e+00
1.051819431366893376e+00
1.076958164314030020e+00
1.022950170927204638e+00
1.067013052343553925e+00
1.006264738710109130e+00
1.089191651794488847e+00
1.014984057701626918e+00
1.049610810676337325e+00
1.095101424985583272e+00
1.025181527422191374e+00
1.021470635952442363e+00
1.047453745449015594e+00
1.088752295110079649e+00
1.072671827669425371e+00
1.088914879243960021e+00
1.094142244757899896e+00
1.004164361819004592e+00
1.011043404364468046e+00
1.009438991795085228e+00
1.068870035308321143e+00
1.004941172364452351e+00
1.096159146815478325e+00
1.042946155039976341e+00
1.017656649875878117e+00
1.033999513152356498e+00
1.057158788761022983e+00
1.098206465296338363e+00
1.084175501031970690e+00
1.079372756441419279e+00
1.084554752184135440e+00
1.035746879448733004e+00
1.099738491773529336e+00
1.062197352971894437e+00
1.097228573432385668e+00
1.021505008619808752e+00
1.076849935660253665e+00
1.073979162965859047e+00
1.057582234554560907e+00
1.020577343570866491e+00
1.048672270704916087e+00
1.026855925145001569e+00
1.084450052304662737e+00
1.033671220128760782e+00
1.075073473280369729e+00
1.025993625711501656e+00
1.094656214007658335e+00
1.059053576957804887e+00
1.056725253981324997e+00
1.077300509885945612e+00
1.043791968842573636e+00
1.064841903097718756e+00
1.091002519387891612e+00
1.091558139108582903e+00
1.025843060892115632e+00
1.068922130100312895e+00
1.052667732515869981e+00
1.065184492664963178e+00
1.004749196129370636e+00
1.045520211891732831e+00
1.083513404630098265e+00
1.032216094284870156e+00
1.086408177975741518e+00
1.047774123780492506e+00
1.032209749572990942e+00
1.032544778173942079e+00
1.039393024101837204e+00
1.043277270899569675e+00
1.029183646506294902e+00
1.002620844851004778e+00
1.055568946858991719e+00
1.044407656413680385e+00
1.099657258663357284e+00
1.068553329986194900e+00
1.076434477945735546e+00
1.094999869162618378e+00
1.014659433532853816e+00
1.069351436877203021e+00
1.075905541016781264e+00
1.090403945944449005e+00
1.007812955276492062e+00
1.002340179699613421e+00
1.034972600912562157e+00
1.010243791955726333e+00
1.054939439787215827e+00
1.092238932003090968e+00
1.051238341777232632e+00
1.030998648553245634e+00
1.093779377651302509e+00
1.090443735048682417e+00
1.074042431987618951e+00
1.008593789158451326e+00
1.079631214669222183e+00
1.036191214798061866e+00
1.023793543587841803e+00
1.098798387429982260e+00
1.014654984058107390e+00
1.082760289644704388e+00
1.005814089929724098e+00
1.028763643760645108e+00
1.056816666752042000e+00
1.065738124007307386e+00
1.092275207959340078e+00
1.061519909706457598e+00
1.079518885305378095e+00
1.013800663221829712e+00
1.073315758096724526e+00
1.031778891265868081e+00
1.041287901021161311e+00
1.012159683134435495e+00
1.020225066473394948e+00
1.094467668311695840e+00
1.049489804678714000e+00
1.019869313337718353e+00
1.064984446052439360e+00
1.061825159982600741e+00
1.062574934769734636e+00
1.073095528932313858e+00
1.008633011404346247e+00
1.084257452490362983e+00
1.033644010897451615e+00
1.004038226455859162e+00
1.088826787122989304e+00
1.000489375127402436e+00
1.081521078993906926e+00
1.078095382264435909e+00
1.076777189032035009e+00
1.041304401762693788e+00
1.032561439305004658e+00
1.079096766537800844e+00
1.018366847281149568e+00
1.094498408041562287e+00
1.060599877865277652e+00
1.094451217985838776e+00
1.074524202753491586e+00
1.079808371671855838e+00
1.088058608291910367e+00
1.043112507297580427e+00
1.065708132134104202e+00
1.025842411158004008e+00
1.004364022962358938e+00
1.007855110400518894e+00
1.049891335335291220e+00
1.065757387835725600e+00
1.010250531013613173e+00
1.043331592679635156e+00
1.063493443105346214e+00
1.012137998367097058e+00
1.093771324514678511e+00
1.007641619081904860e+00
1.049860474704973790e+00
1.006555834387516057e+00
1.065781119590353931e+00
1.040760612971410204e+00
1.078268304255156851e+00
1.095382212380611398e+00
1.058948314953803704e+00
1.058884895579369712e+00
1.097217936552647766e+00
1.005899911608092889e+00
1.080170422313580181e+00
1.046360702375744856e+00
1.003788383730627398e+00
1.009004901563258283e+00
1.090650074397091940e+00
1.050212623181803195e+00
1.058781777448145389e+00
1.099843950207606280e+00
1.092957565753634341e+00
1.034686804753484957e+00
1.023413799406293068e+00
1.022460302573230173e+00
1.049605528790488407e+00
1.032102041588438546e+00
1.021337214150487727e+00
1.029871761564654875e+00
1.089144947286705856e+00
1.029728850125464890e+00
1.088165910334484510e+00
1.051300356165480343e+00
1.004353720041321951e+00
1.074985900367108949e+00
1.088539311231265350e+00
1.020755822770546661e+00
1.051749573097725987e+00
1.088790644553013998e+00
1.000098462755868667e+00
1.044335702936884047e+00
1.081269649273428834e+00
1.069203539835800632e+00
1.000220156191717003e+00
1.014477599980640354e+00
1.020626810831532616e+00
1.019584842782461198e+00
1.083692977008730685e+00
1.005482875935049147e+00
1.033251736609545723e+00
1.003711735917709902e+00
1.085697199972175619e+00
1.053605414232210657e+00
1.097379928850088282e+00
1.000597582297234167e+00
1.048692326255801222e+00
1.044906277484928259e+00
1.086314088798662869e+00
1.050601082300427702e+00
1.098335595780830065e+00
1.076186800421370604e+00
1.043811029081886721e+00
1.068391843328344804e+00
1.059754267401624483e+00
1.047650354878059353e+00
1.014329543213254858e+00
1.043238882908252396e+00
1.038674699096930665e+00
1.036065289392454902e+00
1.089036053749470545e+00
1.079690040234375203e+00
1.007431518970838713e+00
1.036286169247615740e+00
1.008674163403021629e+00
1.034202103251801841e+00
1.073883708394292702e+00
1.090954370455654576e+00
1.096732705347306158e+00
1.035001480129019935e+00
1.084152991439764291e+00
1.063224051146420823e+00
1.037428673517547972e+00
1.001619896156358047e+00
1.052141244428223210e+00
1.072750784776698607e+00
1.023306175087665748e+00
1.077169469562977655e+00
1.092055950780600471e+00
1.032271746327950046e+00
1.032858094090290946e+00
1.079893493435772678e+00
1.067521072319181696e+00
1.026589424790731897e+00
1.045707087775256561e+00
1.091892315367519073e+00
1.063479183692233709e+00
1.065224617666921336e+00
1.079612029565463649e+00
1.016707815670061077e+00
1.031730577159044149e+00
1.029359543824416301e+00
1.036646686298281050e+00
1.033278874802435743e+00
1.089253283266717220e+00
1.039562233853800866e+00
1.078646123473414820e+00
1.005259613901232196e+00
1.023002604373571378e+00
1.098644076806065906e+00
1.085689216961614578e+00
1.039008565026634079e+00
1.078636148911141568e+00
1.058420420317982558e+00
1.083697839547295150e+00
1.003212724722571059e+00
1.094571252509805470e+00
1.031334126299566556e+00
1.034696159190604092e+00
1.006963542557268054e+00
1.094750981667693246e+00
1.068205114313135695e+00
1.071732285057600098e+00
1.062782751137674842e+00
1.050787453789500336e+00
1.068502083157591320e+00
1.018447632715747453e+00
1.081323889084744749e+00
1.099925187147159145e+00
1.070296990683034855e+00
1.090672149076150177e+00
1.096238625270765432e+00
1.014766633610760582e+00
1.093527066109657220e+00
1.035307461082707325e+00
1.022496423161048940e+00
1.013087560166601619e+00
1.000624263270891046e+00
1.072899965430251568e+00
1.009685961387993158e+00
1.016670064675939233e+00
1.034230866799276116e+00
1.068383811349673085e+00
1.097357288459791302e+00
1.059766627818983897e+00
1.073333152277825775e+00
1.063601761386767430e+00
1.071372674077688547e+00
1.021379784519475864e+00
1.001491284799516990e+00
1.073571561550467068e+00
1.002487215689461086e+00
1.019529894989223973e+00
1.099627508348347771e+00
1.089007707192808594e+00
1.042891592583186977e+00
1.073334317931466719e+00
1.038615807495294030e+00
1.042963266558043944e+00
1.089926157268923390e+00
1.053588318661793144e+00
1.050522989985909872e+00
1.024548495137166171e+00
1.057386213307544454e+00
1.041704351486437918e+00
1.082488991184054949e+00
1.029060750637577071e+00
1.002735705105609831e+00
1.017038793921079431e+00
1.043484488021272583e+00
1.070340116590941637e+00
1.068228159397223154e+00
1.042794123560806696e+00
1.048433010455006142e+00
1.005241485212608143e+00
1.000940540804605261e+00
1.099365429712015674e+00
1.084150225288050828e+00
1.016529533755096137e+00
1.073125336142599195e+00
1.064869318009994403e+00
1.005416628419730118e+00
1.063590759581146239e+00
1.003575074857884664e+00
1.009716816881431445e+00
1.088312384441030511e+00
1.036470178759620220e+00
1.075334083676978025e+00
1.043057010161918319e+00
1.066449438543910055e+00
1.036762807588777813e+00
1.073839335427656083e+00
1.002089165907172452e+00
1.029431332284217460e+00
1.073933716498111313e+00
1.018621866900709438e+00
1.002752307559496625e+00
1.023583835807953646e+00
1.001868770823030497e+00
1.090144976839141355e+00
1.004743859042266596e+00
1.016473535639237813e+00
1.076280244156463617e+00
1.095464673937977640e+00
1.068084259253168966e+00
1.062521340973880069e+00
1.010539363070132035e+00
1.058178179846213762e+00
1.066083527958835431e+00
1.006580759504075662e+00
1.006221637732679142e+00
1.033945850981988102e+00
1.091634529091077610e+00
1.024673138769780278e+00
1.099937951475509657e+00
1.036459639280356004e+00
1.051044215535300141e+00
1.044532591246422060e+00
1.042152582491864043e+00
1.095848935088779674e+00
1.000575269175946413e+00
1.027732148128210454e+00
1.045708231398860821e+00
1.012764018977416303e+00
1.093078820945253993e+00
1.085290115486654994e+00
1.010002906804325473e+00
1.065783906610685339e+00
1.002849330560335206e+00
1.078329983795185631e+00
1.052052405660513834e+00
1.067786087809287299e+00
1.052302849596397527e+00
1.026881031318916282e+00
1.052357184703433646e+00
1.092557886734801142e+00
1.093071219586248199e+00
1.066069384775774287e+00
1.001900499020341728e+00
1.029693536250323449e+00
1.078838650427524914e+00
1.084502093545486545e+00
1.005871851128063099e+00
1.005758345172163670e+00
1.058104124127002610e+00
1.022527327694181087e+00
1.019929342916236159e+00
1.036103715610512621e+00
1.017201596367223182e+00
1.042354482615438727e+00
1.023033754682777685e+00
1.093984866884692542e+00
1.084046736734379124e+00
1.088447520571279137e+00
1.027283367145609194e+00
1.065109347446392407e+00
1.058795563628424530e+00
1.029093750855634148e+00
1.085189885775443841e+00
1.003339505114831942e+00
1.081358791083810722e+00
1.023809201523920631e+00
1.070943463338478674e+00
1.053689097618276671e+00
1.034502367496540343e+00
1.076583022138939416e+00
1.042933885856136778e+00
1.079615326430839684e+00
1.033666715886059073e+00
1.085934497562625278e+00
1.070256236173792841e+00
1.005490768664649481e+00
1.005656957033956855e+00
1.089659624088341383e+00
1.074218303619326464e+00
1.056263390930554324e+00
1.076524497169857986e+00
1.015305404362270680e+00
1.035521847734985013e+00
1.077887591647689103e+00
1.034699894855353408e+00
1.069095694982178824e+00
1.033612359595249774e+00
1.043768203929748450e+00
1.061297213132749606e+00
1.054159653468442093e+00
1.017196035103601348e+00
1.061452251851567441e+00
1.088507822082788845e+00
1.047905757545089189e+00
1.044000127014925505e+00
1.030897700070138034e+00
1.070381511544985953e+00
1.047107153036222371e+00
1.021474330052242641e+00
1.062338185031405979e+00
1.057492632234973140e+00
1.084883009100070073e+00
1.067467639528085765e+00
1.042997491608669058e+00
1.029144472959192536e+00
1.064625148800840027e+00
1.065527288072505518e+00
1.008833847230792502e+00
1.070125233127181330e+00
1.042295482707496612e+00
1.084951160921815427e+00
1.091423522651981060e+00
1.098120204593925786e+00
1.093764615977116383e+00
1.076042583295380162e+00
1.007991116828610867e+00
1.097395445221825305e+00
1.074155599935302963e+00
1.002138749605729906e+00
1.054526238849761821e+00
