1.552382311974873433e-02
8.694683413758447221e-02
7.806225985486114904e-02
-9.611849448280373326e-03
8.359573027746916574e-02
4.693909295092608958e-02
4.730649219928585725e-02
2.135798891056883350e-02
5.079674158716558641e-02
2.086168103094607554e-02
-1.372380976132631797e-02
6.955457682767451910e-02
8.515157692955076241e-02
5.598323815183688101e-02
6.624226356957761686e-02
8.169019791540414743e-02
-4.314352851705328257e-03
-1.285869937588044951e-02
-9.298788911712629543e-03
1.831835994057219238e-02
3.808410915755623682e-02
9.793849802644964686e-03
-1.592373434435844642e-02
1.887351480353870181e-03
5.287277608161287945e-02
8.055474481461666336e-02
4.685012646202289799e-02
4.259608731161487749e-02
5.819022722092049432e-03
-1.601059189867560378e-02
-1.383075181287398217e-02
7.361896689846207653e-02
3.949466997919276467e-02
8.313896671878978628e-02
3.544619785808685031e-02
2.621982777640701270e-02
3.946159318951179829e-02
4.469296028357054584e-02
5.764773822963063787e-02
8.790741707283260264e-02
-5.741681455857921071e-03
-1.339557752586184244e-02
-3.174091759078057767e-03
3.332384728716179800e-02
3.034057178521422024e-02
6.082464284587833780e-02
1.671451783875943162e-02
9.087499453529788995e-03
2.402807864245115263e-02
-1.999055102928545477e-02
5.580891819922665503e-03
9.209044441469660391e-02
-3.691200666773735567e-03
3.863981576254979511e-02
8.916510295833655203e-03
7.128454068300484059e-02
-1.136604660123508893e-02
8.361766904760144226e-02
8.079782442641113283e-02
7.144837110391891177e-02
4.279424244335781891e-02
5.081030615031693898e-02
7.676296846760542747e-02
1.812468448608731478e-02
1.929106098076840622e-02
3.615712647065295882e-02
7.609483773874170520e-02
8.573521005615523938e-02
3.201876025547065185e-02
9.824779220602604390e-02
7.134323378456541853e-03
9.158448674510111243e-02
3.610496550217513756e-02
7.389687703828007326e-02
9.524656235500479629e-04
4.649753343543162887e-02
8.171982685903544930e-02
2.355017940755569153e-02
-2.086177688496584220e-03
5.093633338891338791e-02
9.872131759111769933e-02
2.333564776914820449e-03
8.839357149752387344e-02
8.248213883068712671e-02
1.617986345461417882e-02
-1.062746128565354026e-02
3.381949996264833197e-03
9.483785968741986760e-02
4.507059189756799922e-02
7.741236006678724191e-02
6.854953654128973645e-03
5.564015293141585938e-02
-4.192879943475627535e-03
3.302028984959863578e-02
8.573987327937039604e-02
1.328366552466229630e-02
-4.379153844057959155e-04
6.910764127370773446e-02
1.337112263854787694e-02
-1.542282320690965824e-03
9.999227954226283521e-02
8.878802302320239204e-02
-1.990191404649311116e-02
7.925108812387507418e-02
4.587789966911606787e-02
-1.212526068744633131e-02
5.033860948154257609e-03
3.340989156931953308e-02
9.239238992303550058e-02
1.054670370337643104e-03
1.858633541248669654e-02
-1.623789889291480520e-02
4.363216103315872840e-02
4.383478579518299001e-02
9.755011939611642896e-03
4.532359549782971619e-02
9.654608544358686539e-02
-7.698938162890049328e-03
9.331346302758150579e-02
1.330253664440394015e-02
-1.605344525079219903e-02
-1.663767164932389644e-02
7.912412529291665275e-02
2.038145636030289087e-03
7.877436138656557230e-02
8.021422935256584952e-02
3.484985885957435359e-02
1.706302553179838560e-03
2.393663374136298719e-02
1.466611917102414800e-02
-1.724134741613871438e-02
-1.401930942688497939e-02
-1.082986460233054810e-02
8.055183521820385995e-02
7.350199365536760898e-02
6.207577103058695145e-02
1.019268769428344559e-02
9.672109819671827202e-02
6.123452722527890357e-02
4.967747731645363873e-02
6.621510627924206971e-02
7.178822913443722031e-02
2.789470240179286672e-02
4.955014759426015769e-02
3.885786690381889952e-02
6.744393346232650799e-02
9.109064520748735849e-02
4.253530196777728645e-02
1.976864119538948236e-02
-8.058527906874597344e-03
-9.745532957081763994e-03
7.184098746518929879e-02
6.170705475661170114e-02
1.980962288798848725e-03
2.156797421377397092e-02
-1.288107397560074238e-02
8.937847525061143328e-02
6.353187539960450381e-02
7.374245133748302816e-02
6.663552994407996588e-02
4.543473928085985797e-03
1.160038974216204624e-02
8.721561023266938273e-02
3.846510037929670722e-02
7.024798617025661274e-02
6.924225582546754409e-02
4.295631226991843132e-02
2.097369285590753793e-02
5.696408249263228141e-02
8.870953214388165031e-02
1.523588102090038879e-02
3.499708256507448600e-02
3.910347477008285777e-02
6.321002618209727031e-02
-1.108008116713462242e-02
1.459183476585635200e-02
3.089323251398621087e-02
8.869478181163338582e-02
6.635378572406762376e-02
1.274649659840893304e-02
5.643002270599117159e-03
9.925823819942515558e-02
3.976224850057528959e-02
5.611786716285865895e-02
9.497843070987517511e-02
-1.536006219363837688e-02
-1.486124135839989382e-02
6.562721096679467736e-02
8.781610390069796712e-02
9.057409409916414300e-02
7.969449551002188298e-03
-1.119027196170812449e-02
2.354714043752260608e-02
-2.912196515176719569e-03
7.271441634388266240e-02
5.234636179693362423e-02
-9.716263520724934682e-03
4.027447071259206146e-02
2.098504611857018518e-02
3.061050195951100714e-02
4.458313282955525536e-02
2.923671910724094311e-02
-2.428733313692903878e-03
7.035727607934139094e-04
-6.687026912559240407e-03
3.265062614914876482e-02
9.891041774144393450e-02
6.853954424824883207e-02
-8.475793743541955999e-03
4.868835083623478110e-02
9.318803647057173623e-02
8.051615191987931963e-02
4.927302458245004513e-02
2.172023162305583219e-02
1.767402535921697507e-02
3.609863688067622978e-02
2.868482916144871400e-02
1.214870648669131095e-02
5.003104963148402584e-04
1.032749954112435753e-02
1.957591497299220745e-03
8.202773200360533035e-02
9.049711904957130626e-02
8.839769159145791089e-02
2.489132631928122827e-02
8.465446210817113848e-02
1.902565052521211497e-04
6.495967078847489362e-02
7.631657516286312337e-03
4.965631083838398241e-02
3.184196153377964744e-02
1.433240094303332365e-02
-7.663229832043762582e-03
4.609884517217577304e-02
4.104497292655757967e-02
4.190574087270287906e-02
-1.372171122314502431e-02
-8.021798265203784403e-03
-7.674094940066699191e-03
6.181128973222864420e-04
-1.736581738108804174e-03
3.285870807049552644e-02
-4.407944857541146177e-03
5.898039643952547595e-02
8.220348482985733590e-03
7.229444566989001730e-02
7.127012301554108697e-02
-1.914472247705828814e-02
5.460529445537169735e-02
9.449104882298749175e-02
-5.337725148852404122e-04
4.506562816599095356e-02
2.592517322343717082e-02
2.942845983221849607e-02
6.742623341583278695e-02
9.946538249576220014e-02
9.605664122837077878e-02
4.811484222818343537e-02
-1.700666319089775419e-02
7.549369016702510427e-02
-9.305231081090487369e-03
6.003977590452649893e-02
9.361767425217225325e-02
3.266084020163950719e-02
-1.520493838695373759e-02
5.816393782754360198e-02
9.389711681886327155e-02
8.293425103200058324e-02
3.115875557256314946e-02
8.983113011736859610e-02
1.135655328250193344e-02
3.688252507065530039e-02
7.874521150258274871e-02
1.132296442300200975e-02
-1.386180119720053366e-02
8.896995647344474456e-04
2.037277360185091660e-02
9.538655858001364451e-02
5.025816860820578325e-02
1.098725371851786911e-02
9.718554680614009678e-02
9.567383577163546260e-02
6.980534446221176026e-02
-9.511561375097316029e-03
9.337589389622051594e-02
2.958743852123508003e-02
5.125127445075729204e-02
4.395655134766056349e-02
3.152693127813570306e-02
5.351032148757138562e-02
8.835254184723975723e-02
7.363341582861987478e-02
3.116577898939257643e-02
-1.405692411841097042e-02
6.726771175551470028e-02
2.816564852984846518e-03
-1.550385072198546578e-02
9.382967899215045177e-03
6.908288879703416985e-02
9.211756714846676408e-02
6.375121222166921231e-02
-1.095496017853467806e-02
-1.220489551337203618e-02
2.474283434158791942e-02
1.955039612388944151e-02
5.010544562723685813e-02
3.091614654804671417e-02
3.730934776466111880e-03
4.742616178795316939e-02
3.427721457054067056e-02
6.553878476541499798e-03
8.197748169754327796e-02
1.044240543869597027e-02
4.363129822845729366e-03
8.576831257065130332e-02
5.096917320622167125e-02
2.230065593564985182e-03
9.990047345286368063e-02
4.684318670289824849e-02
7.483396121543720025e-02
4.639572591428857418e-02
3.421951453221579176e-02
9.183356281123937481e-02
4.629371601461319818e-02
6.155727476893908812e-02
-1.818005417046238484e-02
7.647290321469249474e-02
5.694061067855134273e-02
4.392618428089517524e-02
8.232873120796668776e-02
5.651207286395694418e-02
2.131903161468400379e-02
6.560063024324561121e-02
9.686287959665962344e-02
1.462905414659243161e-02
3.137701082716612411e-02
2.178461582669253063e-02
1.241700313779164552e-02
7.888600758225082499e-02
4.705936077021893871e-02
5.914616981580875232e-02
8.199001449778917094e-02
-1.308972399345869828e-02
4.653207192736867615e-02
-1.742025902636914342e-03
8.319407331819982099e-02
9.002804717828109815e-02
3.711688465040242912e-02
7.533195443367775301e-02
1.343412957154996659e-02
8.690160791797821305e-02
-3.327396825823857041e-03
6.642370287386689665e-02
8.175595401821159069e-02
1.610896979002802640e-02
7.457254491229797777e-02
8.228976704566623446e-02
8.848339070288058217e-02
-5.961306175043432423e-03
8.736066519030608046e-02
3.034078248183206053e-02
-1.830642746911365429e-02
9.558062579352355481e-02
8.240095107343446690e-02
-2.296093574670202836e-03
3.017634142158242758e-02
1.969460247967135327e-02
8.660291231450439192e-03
9.888318020497981198e-02
7.617028615984207385e-02
7.962884468814174221e-02
6.725204390157661638e-02
3.649727256523581376e-02
8.714646811342885435e-02
7.236388641581263659e-02
2.320921203869686159e-02
-1.847544254047033679e-02
4.270095457825501262e-02
7.884922161552859743e-02
5.688520035730093571e-02
3.966048479648794090e-02
5.784925954320818686e-02
9.088166405860172159e-02
3.591827359424194094e-03
-8.316499083519505314e-03
6.326393129158933148e-02
4.487610795603001745e-02
5.615327615450710352e-02
9.048019441190875700e-02
8.606652330154820896e-02
9.591153658760238898e-02
5.478970436022433110e-02
1.041364624240934816e-02
-1.908052298499778379e-02
1.061782155630724631e-02
2.026150382494335336e-02
4.625223736050201873e-02
5.936400209200287659e-02
3.405330409151620386e-02
1.809785646689597224e-02
4.030350773554303156e-02
5.370068867014139713e-02
7.684710638329601828e-02
6.781074115162974425e-04
-3.598046015320214425e-03
4.715603229294326737e-02
7.616239304155705825e-02
-4.015158417502485283e-03
-3.875748305751307993e-03
4.606048998187860233e-02
4.074408576077256927e-02
5.108447964827080023e-02
-1.077216031343742123e-02
9.167410615680177122e-02
3.216305618625131535e-02
2.505251608293740731e-02
-1.983791857528354255e-02
8.569607059944782390e-02
-1.716685800467581888e-02
2.709142000220900529e-02
6.827255346206657916e-04
8.299876169699819950e-02
1.983036932477410738e-02
4.269948479602106439e-02
5.777177268855432368e-02
4.918336444443656419e-02
2.754926777530549917e-02
1.171173609092579157e-02
7.413748973486662674e-02
8.470127384457620812e-02
3.587065355766451413e-02
6.841557690146005122e-02
3.524580055513812371e-02
-4.564452741457464963e-03
5.056413058621184176e-02
7.065857581733547832e-02
-1.810191815469699289e-02
-8.274732841633988117e-03
6.143267139849459268e-02
9.940925145652876327e-02
1.440599646838388800e-02
8.430972190550750645e-02
3.805043360587459511e-02
-1.836375411037458744e-03
1.068682617070434993e-02
6.821122724899811307e-02
-3.964655046342708405e-03
6.512132621757255047e-02
8.730285119675490479e-02
7.785115985764098911e-02
7.292699613886828580e-02
4.004556266688936994e-02
8.286502152690593259e-02
-1.351006046208698408e-04
1.066467333099538339e-02
9.313986524607582862e-02
5.876071590757177276e-02
1.777031192845468163e-02
8.914104995261315501e-02
7.502229797741981343e-02
-1.090920200423721453e-04
5.842379498003624771e-02
7.482724347368009676e-02
7.144550903737328929e-02
-1.233098933026622115e-02
6.849835419171293460e-02
6.449475906961940619e-02
6.534336930586701064e-02
6.992298336980792839e-02
9.322691088596220255e-02
8.742569261464085140e-02
5.348371928181003265e-02
8.644723358229583487e-02
2.259035108618296858e-02
3.102051361926265807e-02
1.057003702433489609e-02
8.823293707805879293e-02
7.999137587122868986e-02
1.118944191774703251e-02
4.434587393418855383e-02
8.978564229066278435e-02
-1.229675897292602238e-02
3.995687575078002429e-02
5.481366813107568792e-03
4.645376921222901800e-02
6.731889636153361167e-02
6.287491880713205750e-02
9.680722380710087005e-02
7.325380798748741540e-02
8.788586169247206148e-02
7.575048783866630830e-02
5.046832510208609790e-02
7.969311596703876344e-02
-3.268404869183567929e-03
8.168502937181244816e-02
9.875502592108134636e-02
4.047797422056098604e-02
2.719332788035870585e-03
9.523296377867990214e-02
-7.411468968105423133e-03
