1.032366015011964677e+00
1.002074914718153797e+00
1.082403358392495685e+00
1.011617868319360403e+00
1.012308283295379141e+00
1.008278137204448255e+00
1.021162905241558949e+00
1.015229284426662160e+00
1.056784003219066737e+00
1.056673701501715357e+00
1.061371047386867827e+00
1.039433461917812940e+00
1.060277723556449114e+00
1.012093562895470145e+00
1.075194537005357498e+00
1.005457466520335963e+00
1.017789045006481929e+00
1.058129541605886903e+00
1.052560656225637992e+00
1.049519087158665043e+00
1.089968049154730556e+00
1.058735623447592866e+00
1.054909401709561267e+00
1.022084810380824882e+00
1.030301647465325932e+00
1.027917793585002126e+00
1.042681446834998527e+00
1.087065707809387272e+00
1.022843410727288127e+00
1.069430803461764778e+00
1.075286547901236567e+00
1.009796465660660836e+00
1.055141546852841561e+00
1.032603185338844654e+00
1.046072447238338032e+00
1.096992409663729573e+00
1.032177337765805003e+00
1.088144450725639034e+00
1.078971569508512696e+00
1.086290190041871107e+00
1.040180885658771315e+00
1.030545678544783517e+00
1.039954439199011649e+00
1.015646216226090415e+00
1.037984161090452551e+00
1.079953826850938103e+00
1.021921241020558035e+00
1.053135895381452691e+00
1.093731589086199829e+00
1.054421987025811136e+00
1.031189395170238665e+00
1.012380576183537384e+00
1.072005611405302039e+00
1.066852669581768609e+00
1.063472264061098294e+00
1.042687291594460941e+00
1.046217785482428608e+00
1.025200517823338542e+00
1.004774410884459179e+00
1.059036904935328538e+00
1.041768691241798939e+00
1.046621351086919116e+00
1.002431500611491000e+00
1.022705595707488868e+00
1.017663255044044535e+00
1.067417901626534604e+00
1.079363506366348480e+00
1.012239334429653859e+00
1.066340979261552802e+00
1.007420037663839363e+00
1.064994815758256497e+00
1.034665473015763837e+00
1.095260887033561170e+00
1.040401409024800383e+00
1.005689932207650239e+00
1.073566528163119038e+00
1.073359651939928217e+00
1.084362100618469160e+00
1.090483783375732374e+00
1.090280593272974663e+00
1.044885653114465240e+00
1.077414194281536508e+00
1.083201327448396700e+00
1.016591581292762170e+00
1.036437031046273383e+00
1.054183807473625167e+00
1.029351061493328112e+00
1.056419725382622632e+00
1.001454907545214823e+00
1.076177781102834352e+00
1.024381656997523926e+00
1.068622932154401850e+00
1.052244433022470727e+00
1.036719515491589139e+00
1.057929003430461590e+00
1.076162185070024924e+00
1.054461204833041066e+00
1.095015092732946060e+00
1.096486850410828939e+00
1.034231645702285984e+00
1.014471966161765382e+00
1.008912517665742747e+00
1.047618334727670852e+00
1.076089394243383124e+00
1.008919632265774524e+00
1.041416747723682423e+00
1.061611964357573656e+00
1.066741308072636896e+00
1.076856173035240172e+00
1.049077550328595843e+00
1.090067132392471105e+00
1.087981124678139011e+00
1.072250365608966138e+00
1.039913189798084447e+00
1.085313544769679783e+00
1.091617423201188153e+00
1.049402853946938885e+00
1.084198399025842807e+00
1.001495882740035315e+00
1.060675179913755706e+00
1.014203098995152708e+00
1.097879161318082053e+00
1.006944094803660539e+00
1.014751831103570145e+00
1.043144170919572122e+00
1.003024049727163192e+00
1.039375080876745017e+00
1.005705940191554237e+00
1.092559892880918371e+00
1.060787962473966672e+00
1.005897118500775456e+00
1.047279597203870649e+00
1.052429346491432050e+00
1.056013906549067016e+00
1.095329718486009130e+00
1.061633198753063612e+00
1.069736040973665592e+00
1.035641198206221469e+00
1.012698689257524709e+00
1.093624622702073612e+00
1.019837575583577349e+00
1.079464855821368197e+00
1.098635308651982889e+00
1.007918741531279139e+00
1.011366013717593049e+00
1.024002550991716998e+00
1.064956040003390836e+00
1.037664537968997491e+00
1.022635264116151799e+00
1.071626340343327710e+00
1.072749325798944886e+00
1.082058232640474849e+00
1.044800661915512574e+00
1.088910400405923351e+00
1.090062925704605501e+00
1.016755508827872356e+00
1.012714005810811058e+00
1.089749139421100521e+00
1.074715236466754265e+00
1.079874990066286955e+00
1.030647146039256112e+00
1.033731202921134740e+00
1.003436943896239164e+00
1.042964084793064350e+00
1.037938950551053674e+00
1.017151846994825526e+00
1.017146805926441022e+00
1.036166215888970399e+00
1.005304289094097747e+00
1.027998062349652297e+00
1.031695442631161086e+00
1.046882365578392537e+00
1.016029569511761155e+00
1.094930511796542660e+00
1.058216212490702413e+00
1.025819385366994352e+00
1.076082238490413845e+00
1.063147737896936951e+00
1.034375699554254791e+00
1.074902099749175166e+00
1.092835778276715963e+00
1.002807338430907524e+00
1.089940604087018761e+00
1.066031827762035977e+00
1.035951421341809287e+00
1.008749384422840345e+00
1.075158052318048396e+00
1.066233036421425195e+00
1.033489206743328559e+00
1.061295973374382751e+00
1.024458970374699796e+00
1.044110126792093807e+00
1.015012831721599618e+00
1.051303998112805616e+00
1.032777223472780559e+00
1.004150606874508522e+00
1.097685486703934288e+00
1.045095618234480161e+00
1.092103299280112960e+00
1.069619859675138063e+00
1.027164540392039749e+00
1.090220966753204568e+00
1.038517748849030697e+00
1.098306957879249701e+00
1.098217888560819366e+00
1.036047171496102814e+00
1.073546987015711274e+00
1.053980707266051864e+00
1.008117076656022792e+00
1.011513230651495121e+00
1.030906761775050251e+00
1.023980601122886913e+00
1.012468241172270744e+00
1.060366158947095627e+00
1.003625184132804771e+00
1.056453322275349160e+00
1.087453640949993083e+00
1.013207519866823336e+00
1.034821602034775800e+00
1.049579609869131014e+00
1.007387172976909495e+00
1.010994590245931191e+00
1.084542561457888299e+00
1.022755182399180063e+00
1.027368017281752977e+00
1.078532303691351890e+00
1.095083856638698894e+00
1.067789921627564143e+00
1.053206030321882647e+00
1.027362899555452680e+00
1.020643633365628578e+00
1.055663600827518867e+00
1.003037443544960050e+00
1.080156524979594357e+00
1.007712634129584783e+00
1.024125213649401678e+00
1.079499774253656952e+00
1.039484472378763291e+00
1.071233250440688067e+00
1.015205401007986064e+00
1.076387546426507802e+00
1.083351758471025716e+00
1.033458922750360776e+00
1.097321393457216576e+00
1.044209241737503513e+00
1.043734321735153125e+00
1.059417131349973173e+00
1.021031857990500891e+00
1.038703341783394851e+00
1.001847123029380837e+00
1.047640968745163992e+00
1.006458897026062171e+00
1.098900650054646988e+00
1.016266638631172503e+00
1.049578612773980124e+00
1.076187318061405662e+00
1.053860276971011256e+00
1.096656711246963845e+00
1.016232295167509125e+00
1.082166689182198382e+00
1.080261904113666294e+00
1.045037800395340888e+00
1.065931130648500424e+00
1.042623956208965197e+00
1.035641125498479864e+00
1.069991631475898375e+00
1.038405510861075243e+00
1.073316330782659644e+00
1.072666661047739556e+00
1.055832946598484812e+00
1.029736442328629709e+00
1.064156791652501211e+00
1.036625321612712591e+00
1.008554533683066134e+00
1.023345269891505982e+00
1.049388412073264831e+00
1.001840955411983147e+00
1.064867083475203646e+00
1.053851139997494579e+00
1.061105396018945601e+00
1.042115576523156451e+00
1.057275013833398614e+00
1.048080322896857153e+00
1.075541923875897199e+00
1.001373931200033596e+00
1.037640278554389672e+00
1.005727212923809732e+00
1.040510662942497833e+00
1.058363197682042234e+00
1.098504786234405284e+00
1.068278806996008301e+00
1.091997690416112388e+00
1.088217942135815353e+00
1.075674746732724119e+00
1.040379823295223494e+00
1.052044580606713575e+00
1.053398152434448232e+00
1.036892148551350923e+00
1.055069835255123989e+00
1.020030782466108565e+00
1.042726671296261287e+00
1.055042607876256699e+00
1.091006018781791598e+00
1.076681339399848669e+00
1.069929426253180882e+00
1.021188030863519725e+00
1.055945178268155482e+00
1.077095165206584326e+00
1.064915837125183229e+00
1.082761149643399978e+00
1.040223841562448293e+00
1.004031309745282430e+00
1.078578849324022482e+00
1.060134832634881175e+00
1.032884989127315301e+00
1.093524827128545596e+00
1.006007336296177446e+00
1.029102441448846772e+00
1.049573087207053890e+00
1.098741397154479937e+00
1.027035462569058533e+00
1.034896457615168908e+00
1.099795775860844538e+00
1.006421074607709576e+00
1.073805885744516075e+00
1.070357307795743784e+00
1.084120721019933731e+00
1.059697063012329687e+00
1.070531170691962464e+00
1.084909690022745954e+00
1.016754226878261669e+00
1.052038252623116010e+00
1.066019346424870839e+00
1.060171086515204086e+00
1.000853203633911281e+00
1.088390210699556215e+00
1.029599459903368208e+00
1.031161922724682878e+00
1.070026441785003835e+00
1.034626846133408939e+00
1.051075306548553856e+00
1.081758471450817050e+00
1.013269037613095946e+00
1.014486016412884162e+00
1.004874161373004116e+00
1.018799646588790964e+00
1.081918995864200150e+00
1.023635629273828229e+00
1.084557118818012533e+00
1.062769993759134390e+00
1.003486421930064765e+00
1.000083730735807475e+00
1.095983230058111602e+00
1.010110312884713757e+00
1.065385963721257045e+00
1.005212869942758935e+00
1.022143828471707483e+00
1.032675334071456952e+00
1.002488409106644163e+00
1.008781063519374355e+00
1.094035619052437402e+00
1.052793044795556687e+00
1.032002310619158925e+00
1.053910807419081053e+00
1.051796428330016520e+00
1.070940435156250370e+00
1.076227767770597588e+00
1.084874641322832067e+00
1.037584645366609326e+00
1.053067166420959655e+00
1.055933924546160974e+00
1.098955106231956025e+00
1.000171683702519410e+00
1.089480348671008736e+00
1.011598087514939515e+00
1.028272074491987320e+00
1.006406122508783252e+00
1.023650479691626813e+00
1.050550278325851128e+00
1.023415173399237821e+00
1.081774445128957707e+00
1.041542312634406553e+00
1.037082487610266224e+00
1.061550640056043937e+00
1.028054459155323341e+00
1.038298811234154240e+00
1.064449132526201325e+00
1.017715552948838642e+00
1.094540420695376826e+00
1.021311516051865098e+00
1.098044796881581187e+00
1.062955777716534822e+00
1.024105003022540039e+00
1.035013101516382594e+00
1.022230143309785566e+00
1.068189679881849763e+00
1.096690815719613132e+00
1.024536437807538558e+00
1.002940951379948764e+00
1.064973754483662605e+00
1.071284739206245895e+00
1.064558182717243007e+00
1.052863401061332471e+00
1.000678752942594896e+00
1.040081013558818324e+00
1.010970311800870380e+00
1.070470980060384658e+00
1.002611372927913136e+00
1.023313304422778458e+00
1.033134317527492296e+00
1.017580588784372742e+00
1.068044680377869815e+00
1.065446856278098986e+00
1.035794567573449898e+00
1.096979466276419846e+00
1.012989785145855803e+00
1.070974393486667120e+00
1.066379836693094774e+00
1.057957843894375527e+00
1.001236741842437938e+00
1.005461059992754258e+00
1.071714147257444294e+00
1.078368818480763602e+00
1.018928964080381805e+00
1.061098635911453147e+00
1.005379051615620911e+00
1.049810074670553206e+00
1.050303454838248829e+00
1.004259712209303324e+00
1.041639300231731458e+00
1.075108532038575371e+00
1.090199173405330013e+00
1.033938074434261223e+00
1.023567698480052357e+00
1.052344909160966013e+00
1.063525844656228347e+00
1.065891782517975228e+00
1.094520357517430265e+00
1.098156661066050699e+00
1.033155453212948993e+00
1.010636684401830854e+00
1.016029383454909896e+00
1.064604708075287842e+00
1.097412487136619763e+00
1.076448449717768430e+00
1.052900093463510878e+00
1.095346606781764320e+00
1.086193321304326442e+00
1.079101810337709022e+00
1.092436617612004834e+00
1.098667276461716691e+00
1.007619308959917470e+00
1.038649529094311408e+00
1.093938940930375692e+00
1.064157344148617401e+00
1.003730266337153232e+00
1.078823555874331097e+00
1.046813632597565213e+00
1.069216939692868351e+00
1.030267658817661580e+00
1.068582459748648850e+00
1.089983837633387243e+00
1.063361855616109963e+00
1.030316218639393266e+00
1.003054821634548732e+00
1.086623384436898432e+00
1.045615941354187894e+00
1.006620666834733724e+00
1.094894564853871488e+00
1.036203833891395032e+00
1.009082411911461641e+00
1.086808363270012734e+00
1.053689729964439881e+00
1.037460067908062111e+00
1.008301471930938886e+00
1.065100966835356378e+00
1.062573909512813497e+00
1.047162241391037085e+00
1.098280509112738113e+00
1.041125878987781084e+00
1.056613119675821721e+00
1.077000923842940772e+00
1.047022991720869101e+00
1.012091585189161203e+00
1.057860662784715799e+00
1.046645209838572566e+00
1.086786556571500029e+00
1.037782553730288271e+00
1.013567128541920770e+00
1.093625652949240301e+00
1.053065721394813803e+00
1.015679350421996974e+00
1.080357864472075713e+00
1.088569550163765776e+00
1.077087528029292862e+00
1.073220455358739445e+00
1.059002131742440955e+00
1.008641777097989634e+00
1.068029263319394850e+00
1.064238404604276766e+00
