-1.525155399181224794e-02
7.221133757681433285e-02
2.001361286949076765e-02
-1.143861491068980281e-02
2.476629340437441415e-02
5.762005963610792453e-03
9.217138396240068254e-04
5.515773274780837176e-02
4.775217617354285404e-02
6.942909814015864323e-02
9.312513146839627998e-02
6.755978768622830644e-02
3.653801283009461276e-02
8.934775540458891885e-02
9.636477083472189120e-02
3.827583366766093564e-02
5.856436904768405616e-02
9.381797246354076775e-03
6.162017286461868304e-02
2.644142426797680204e-02
4.256489195326573771e-02
5.719422717736684370e-02
6.904396514385743866e-02
5.589127690658649006e-02
5.666113011349188655e-02
1.394131822061688356e-02
8.641667074670905668e-02
1.135517413568272113e-02
4.407778514016119642e-02
9.355356527634593744e-02
8.463815138319295828e-02
7.782884751061532047e-02
4.634450005034866649e-02
3.745093891452182244e-02
-3.583867803488710591e-04
-4.365154417816170113e-03
7.306293097845523166e-02
5.624075526119404200e-02
6.079724522182462787e-02
1.613372566312041775e-02
3.353982996836499253e-02
-7.726395118440657073e-04
6.079868096782285736e-03
2.852964782956001963e-02
7.662881362757723025e-02
7.880987058011233726e-02
7.571145447001670359e-02
9.730108376423279165e-03
-4.811931363220334212e-03
-1.097929366560223587e-02
5.985098254508920690e-02
9.490333150679813867e-02
2.076462029263491035e-02
6.961951839774115081e-02
3.620531406005315922e-02
1.505022934569838836e-02
3.565139560220542680e-02
1.339089869780686962e-02
7.439627227856944469e-02
5.701816002307046050e-02
4.760485166648911748e-02
6.288155062245551208e-02
5.869866321477962279e-02
-1.306135509816325896e-02
6.425358492625694862e-02
3.116183714955987269e-02
8.828579399112154724e-02
4.974743572269446634e-02
-1.283895450577226399e-02
8.492425743737519461e-02
7.112071895515088837e-02
-5.385643491221805274e-03
7.327030187266800332e-02
4.333866967479363397e-02
3.401266031470347173e-03
9.357247175111979565e-02
6.352262663413610344e-02
4.155824424880259771e-02
9.481525220248238073e-02
-1.524778732050754634e-02
9.183336545245782134e-02
5.018409898982974238e-02
5.855381086941578717e-02
2.147763022449887885e-02
-3.417523999243402000e-03
5.081541214273424534e-02
4.943193900027025023e-02
1.517534711585424509e-02
1.960251155581577490e-02
3.956194299585337470e-02
6.654360981195005242e-02
3.365766966133233729e-02
4.098215014498726716e-02
6.751448219439343257e-02
5.613792268568142119e-02
3.292772223420262212e-02
3.593471156972667668e-02
5.907948719313049768e-02
7.711026662838385559e-02
3.840643365713090895e-02
3.146346598156600505e-02
3.694081863033008006e-02
3.023089536915480810e-02
6.659122909285986047e-02
-9.575148687291288457e-03
8.654725471095119776e-03
5.534644199024027489e-02
3.102407217785555296e-02
7.228693075148609481e-02
7.028414960780063336e-02
4.418932002536772596e-02
-1.231980451764379779e-02
-1.636306584566257077e-02
6.434479865470615900e-02
4.946751363422058345e-02
7.633345016618298118e-02
1.952348609582448338e-02
2.896349986064452806e-02
4.475051368380314476e-02
-1.650242131450845376e-02
5.318303436879313895e-02
7.142492302617164945e-02
4.605922195390423080e-02
5.359223990311209884e-02
-1.124970650304656962e-02
9.307625491645996063e-02
-1.073492788810157493e-02
3.455891149616437119e-02
-1.377367842479690005e-02
8.887703743299919801e-02
7.186237631175042273e-02
8.647075204829043210e-03
8.064182676308825903e-02
-1.787797230151302180e-02
-2.309790897096288681e-03
3.937220370247108969e-02
1.338256481092582953e-02
7.405940415642332797e-03
3.264483010219543235e-02
5.706559471684422014e-02
4.635038869383585614e-02
-5.760938678659489887e-03
9.894564715043101255e-02
5.854256096313431579e-02
5.615529033740440656e-02
7.114398018451047190e-02
5.567672893776247356e-02
-1.530260778951725992e-02
-1.825053976863693847e-02
9.542489577051979643e-02
-4.928057875890727579e-03
9.573933296681121086e-02
9.974946459092132178e-02
3.665731825064937055e-02
1.138113345640154664e-02
3.405649402783492152e-02
1.931049474976743660e-02
9.766869323777783995e-02
2.823842027190139395e-02
1.650442103854547413e-02
6.602294862269954268e-02
8.482051557484066029e-02
9.853359310777792812e-02
2.458289247187264367e-02
1.801729301550500026e-02
8.955265604937469315e-02
1.068162495299364995e-02
7.011195666345354516e-02
-2.132347401349776045e-03
1.708981675681637072e-02
2.286969388163122632e-02
8.754559798941206894e-03
5.714785913824270425e-02
4.862874905292715461e-03
5.092510696188985719e-02
6.627095966769007418e-02
5.975397435822484005e-02
4.157377276414557510e-02
6.100871312072510960e-03
-3.094068350430898007e-03
8.199089326938130418e-02
7.000486531338055707e-02
-3.730097442122895512e-03
5.961815967497142987e-02
2.348192506435277729e-02
7.633386209064658978e-02
1.224131834113295972e-02
7.601831541626070249e-03
3.452084071660636855e-02
9.618162991682108198e-02
1.762466241056289892e-02
4.217530655522153116e-02
5.442021779493073919e-02
4.564548350695983581e-02
9.767741969129488389e-02
9.307114876179186508e-03
1.151146950367558028e-02
5.990505395865555749e-02
9.219271326839739711e-02
5.719890957205754634e-02
9.275234678714645853e-02
5.970887259892984633e-02
9.158305629321621122e-02
1.815426069619295243e-02
6.407329718267711083e-02
2.487998923933493547e-02
-7.041952040300468452e-03
3.171853474832467268e-02
2.715276961539663317e-02
4.913765281293204501e-02
5.303189771913863204e-02
7.486254807309593307e-02
6.840474087787787316e-02
7.267094799734440114e-03
3.446608317391096354e-02
3.807433294306138138e-02
8.764045922361485275e-02
3.005354949084566504e-02
-5.225029687515481136e-03
3.744175312738039219e-02
2.190355144042597721e-02
-7.095865991168789216e-03
8.235875396610244092e-02
8.247913043272681044e-02
3.115958851613351635e-02
6.081577935112771061e-02
5.310698869970065239e-02
6.491485177981951016e-02
7.404682727501249451e-02
-1.216901413063762281e-02
6.567706046742172177e-02
-8.977935088377228534e-04
-9.809624609853222904e-03
-2.474817153263718372e-04
3.179775634978802834e-02
8.503914563125775095e-02
5.130712190557028263e-02
9.553680632893317426e-02
5.779327941789501322e-02
7.657339543313771563e-03
1.289703432455933593e-02
-8.401867548554146914e-03
1.475359784522960530e-02
1.633132206015092819e-03
9.524790957112301559e-02
2.542935360409357901e-02
-1.799610268897237214e-02
8.003994764778272347e-03
6.993422912712522754e-04
9.875368929612628188e-02
9.808360675404491358e-02
-1.655149044237364669e-02
8.525444128603419658e-02
-1.522781606709493890e-02
-1.278841779047783928e-03
5.590876287183692284e-02
9.009955684863523578e-03
5.619106468840195934e-02
9.994396680967097824e-02
-5.921385237695406256e-04
8.142383485856968806e-03
-5.266738618505621694e-03
4.413108900809507851e-02
5.785803305988766743e-02
-8.116862483900474240e-03
5.216775215879797256e-02
6.125272510277389448e-02
6.183458484126760912e-02
2.222790591820331466e-02
3.605261145087162999e-02
-1.747606300019553804e-02
6.873003259010636301e-02
1.182259957856264185e-02
1.430516878587989940e-02
1.341352887091213850e-02
-1.456036628597837806e-03
9.851453968161994618e-03
8.403983641631823653e-02
7.754615177831096495e-02
-1.708527799044464585e-02
-1.411490574605370196e-02
8.397457193619897731e-02
3.427287148972416042e-02
-1.721684184807327836e-02
2.334019422887579839e-02
9.425243899467927733e-02
2.351080290250816621e-02
7.877287055956444517e-02
6.338412313379379603e-02
6.157515230430125885e-02
2.206681698787505211e-02
7.658576386744025966e-02
2.008077737743059824e-02
2.997422052215690039e-02
9.946816117418699754e-02
4.444846927203302545e-03
8.977927409609516574e-02
8.053551843798098520e-02
2.736294004220842999e-02
9.638502971483334236e-02
7.879937086613419961e-02
4.161368217098083966e-02
2.459529354825454664e-02
6.989978504234939383e-03
-1.177111195710704543e-02
9.987641990174298684e-03
8.133020818339244118e-02
4.317546687255618965e-03
2.187233534373919305e-02
5.159802963892631822e-02
7.666261640135307864e-02
4.683535601886049116e-02
3.744976644320821557e-02
9.357954499133297466e-02
3.963968665822922843e-02
6.054458492084122123e-02
6.115276004158547163e-02
-1.131174770526901033e-02
8.322398114785246881e-02
6.824612435330722204e-02
8.504928275863676834e-02
1.605132048493863525e-02
7.657676295478889339e-02
5.457816636828154155e-02
7.330781170256565893e-02
4.078360937595434943e-02
2.325037701448012459e-02
8.088454562212890608e-02
-1.390182295048595501e-02
6.375161571235717084e-02
2.664971032322021802e-02
5.197058619979016969e-02
7.336438011392301672e-02
-3.915185954531844037e-03
-4.653090250160975619e-03
2.069539476857309296e-03
3.672737424565292175e-02
3.220143249864744484e-02
2.213702279154364239e-03
3.611688778329749661e-03
5.250833965396525804e-02
6.754373172624249244e-02
8.704341317318765869e-02
9.831325095652113100e-02
1.949159606974713507e-02
-1.422550111151902989e-02
7.311214693288756172e-02
2.961401843307566797e-02
1.505366316328937346e-02
5.393129082834118015e-02
5.286281778650626928e-04
8.953767384501280790e-02
4.893141776133407006e-02
6.259441723540917768e-02
-1.003667216767295360e-02
3.022165259294267922e-02
-1.775739294751402242e-02
6.475000597090077581e-02
1.915156338634906377e-02
5.702150377209788679e-02
1.137717545119701704e-02
2.673475037113963795e-02
4.546746726425339447e-02
7.257562245758848729e-02
-4.367373735256044331e-03
8.724996770442282334e-02
9.238284084874011370e-02
4.217753481043649832e-02
7.671867575964787245e-02
-3.622634061925315146e-03
6.918410007675074302e-02
-1.303291244236878810e-02
-1.322673412345568011e-02
6.893789174622419469e-02
6.173429551049104680e-02
6.574751892702364320e-02
4.882931989745777079e-02
7.558780476224176426e-02
8.755711323495078691e-02
9.990732494225759708e-02
-1.626649813969041625e-02
1.106402703346637262e-03
7.948980121576453006e-02
-9.306881045312791201e-03
-4.813781738507006899e-03
5.947649647057463851e-02
6.320739393124984173e-02
-1.392833054774711074e-02
7.757718343657720589e-03
9.785711018623426127e-02
5.160208914358813820e-03
1.129935297275224890e-02
5.794073219449993872e-02
7.351134924871161047e-02
3.997409737755394654e-02
7.643805677454770797e-02
-1.941155445402988067e-02
1.087720221714230315e-02
1.942452312940984652e-02
5.013033285800341798e-03
5.296942548145421037e-02
1.779424300545231694e-02
3.129138709717543820e-02
6.337199870835966142e-02
-1.373862323798713536e-02
9.932281639491577496e-02
8.438935557059061565e-02
8.556028499703947909e-02
9.348388391445294765e-02
5.677213629067939804e-02
1.881658188512353932e-02
9.558333274546386427e-02
9.780235652102158006e-02
9.637293667415555015e-03
4.459270194983683266e-02
5.208508904859271427e-02
3.329775017945615923e-02
2.341228177889160059e-02
-1.076496375839373562e-02
4.045466159911796644e-02
4.508444171976547232e-02
5.236912581510363984e-02
4.697141414048076891e-02
2.467390131650564963e-02
8.281824428713110281e-03
6.777332022394241817e-02
6.446759811233336579e-02
6.667636094728057738e-02
6.740370271553980386e-02
6.917504130971360854e-02
-1.303477093992149588e-02
6.440166894747446913e-02
6.814807006310243109e-02
8.946613932037680850e-02
1.784865716470136754e-03
2.112403402729889912e-03
9.127756390360780570e-02
-6.345722128428524580e-03
-8.654373449699881427e-03
-9.356982250715456875e-03
9.311762831810295460e-03
3.839636328870012216e-02
2.034402111384534667e-03
5.191234489534655994e-02
-1.718083030006031103e-03
4.186059363072455741e-02
9.161153353676242117e-02
4.237688506364752083e-03
3.368396716320590234e-02
9.761635663159268228e-02
5.952252639128334522e-02
8.815902470672618008e-02
-5.634751782998850128e-03
7.991286968454497375e-03
3.374387942296512566e-02
8.457446682450159292e-02
4.587376572664586538e-02
9.482024187780410673e-02
4.518193608436314734e-02
-1.776234994989144694e-02
1.332510145141206637e-03
2.724218700590344891e-02
3.957815510419750160e-02
1.760949812777868814e-02
-1.875535353366507285e-02
9.598296449170996836e-02
1.436267895454935647e-02
-9.624808574035643993e-03
7.653596971224359280e-02
8.591443819944924454e-02
-8.012204993785547111e-03
8.721571331884088452e-02
6.303156672082786682e-02
9.005823682151085918e-02
-1.099523133183320789e-02
4.400928068119740189e-02
1.605245221637847594e-02
1.355994832195889579e-02
2.173471577053460654e-02
4.498400822610670868e-02
3.493316681121437506e-02
1.520965781174147061e-02
5.973426278624473229e-02
9.649725209377138513e-02
2.214856048069289290e-03
4.561583059756073311e-02
1.231261110126631239e-02
5.817592608018987144e-02
9.901061757859731804e-02
4.295213555175446396e-02
4.125125368771068168e-02
-4.445831512168013644e-03
9.788477529813224831e-03
3.418079608969488981e-02
3.364635920944349101e-02
1.775465285475209820e-03
9.063850235649553722e-02
6.705890366387830259e-02
8.596775021493193586e-03
8.422610018644428875e-02
2.852117424426942396e-02
4.455879988199581976e-02
4.043733960580278564e-02
8.484996669257317825e-02
8.665179447444248950e-02
5.100932739040218988e-02
7.988651657348302959e-02
6.907408827610293789e-02
3.109721767139604284e-02
9.147820230953984666e-02
-3.858692351663209341e-04
7.233522248610038674e-02
2.698166545272720832e-02
-7.403881236750953221e-03
5.956371741188777602e-02
3.184144938781863221e-02
4.492489165041908816e-02
3.272835609533325529e-02
2.799353817288754639e-02
7.868330345252590174e-03
-1.604317063906079283e-02
-1.233962188265259885e-02
6.590832416813508648e-03
9.782998551305646662e-02
4.740423382866319757e-02
9.743837203821824333e-02
7.736730611351366749e-02
5.690528775468914335e-02
5.495272346836017896e-02
9.359587423101044246e-02
7.785877630220909562e-02
1.988272439513339221e-02
3.493037900598218448e-02
9.557282206805581271e-02
6.358355424351244678e-02
1.108582944861437325e-02
5.268540328033463616e-02
9.614804635684232048e-03
4.252706420919141750e-02
5.455261069854759615e-02
-1.989213744045378873e-02
5.380996236105069219e-02
7.685087026457193549e-02
1.588715036287259227e-02
2.390182712701287987e-03
8.515280387578726129e-02
6.571690463046471475e-02
4.413476010656842974e-02
-1.326891349948394402e-02
2.923224561014032066e-02
6.151013249316564235e-02
9.594542213594924041e-03
-1.567804786729034075e-02
6.876982570417983220e-02
1.911359277581818270e-02
5.911309188628566247e-02
9.940861728826827504e-02
7.099248700973165294e-02
6.048093377241788027e-02
1.302650907608025529e-02
4.562713879736045308e-02
7.920141083917880964e-02
9.737724051811789960e-02
-1.175906445383894001e-02
-6.341463671227950266e-03
7.194162750400703854e-02
5.611441795934221655e-02
5.295920796768788241e-02
6.834389702406155898e-02
2.640279122878737283e-04
2.975135123667784279e-02
4.283138241650127909e-02
7.893732301710615351e-02
-1.819160729652855024e-02
8.375576089104494470e-02
5.808327291984817509e-02
2.391236768140882554e-02
-9.118156186922767720e-03
7.509324790469856792e-02
4.991321280097463231e-02
4.531736652041905289e-02
9.018960156005506601e-02
9.377608516330888933e-02
8.379445351078916582e-02
7.828396789526799460e-02
5.947029177690590918e-02
6.052207034977484523e-02
8.177480245517761148e-02
9.836205945157969199e-02
-3.206887020922630227e-03
1.447706095281401859e-02
3.642547438489107670e-02
-1.366320663088750609e-02
1.403206233503600034e-02
7.433344271375126600e-02
5.352529867553136589e-02
9.599287671665227006e-02
1.082671686561714058e-03
1.553324503765051920e-02
6.799422044238098706e-02
9.014737452747319246e-02
-1.941164809376323339e-02
1.121573782988999346e-02
8.337896272581911405e-02
-1.726599816991248801e-02
1.923455026733845649e-02
-1.895357512479004664e-02
4.410490299463259989e-02
4.815605335501112194e-02
5.452327627441888591e-02
4.466865884898498645e-03
6.705641950070767576e-02
1.706031158821558549e-02
8.612518995590957849e-02
9.133188712087644823e-02
-1.769481365811311283e-02
4.112247427482228213e-02
-1.333594180837364279e-02
3.521684443968935152e-02
3.937354829231387576e-02
-1.032828154415245739e-02
5.615167847089619357e-02
-8.790571394566258634e-04
-3.220004541455712133e-03
6.099047769675730590e-02
8.687330705264488528e-02
7.671067031142793369e-03
6.477658352374759954e-02
6.210416307616097031e-02
-7.168539522110321804e-03
4.035639256066432534e-02
-1.788480505042310681e-02
-1.291424281530097889e-02
4.674072788546679291e-02
-1.639875712439344338e-02
4.758203613313993774e-02
2.444493304363939273e-03
9.767737872383774889e-02
9.091155963724886768e-02
9.915115694423656811e-02
6.295972298332867811e-02
9.350918232554711329e-02
-1.137639283681562800e-02
4.315566123157918432e-02
5.568302039014530469e-02
9.030365892072872436e-02
6.476787397793795642e-03
7.634695257169697713e-02
4.204017323777099746e-02
7.096950412444191780e-02
-1.447067280763308234e-02
9.520770992809285405e-02
-3.209544269518777027e-03
6.985089100520060212e-02
3.222674580892405383e-02
1.153864260314692650e-02
2.139601686680404555e-02
8.255685518924034405e-02
-5.698907276207991826e-03
6.703183542471372047e-02
8.037239866725086335e-02
7.104283908639073830e-02
5.998935375234791534e-02
2.130703970275804257e-02
4.217215241996595532e-02
8.539432233560101393e-02
4.084661522834685810e-02
2.709413349301092663e-02
4.427242061607415680e-02
8.679346231738993556e-03
5.037799528368910873e-02
9.495878263293845711e-02
9.901282394671626075e-02
7.674027531620108977e-02
-1.263553064921626654e-02
-1.692852700456300846e-02
7.154127665065392050e-02
5.506658914546261330e-02
9.512644406179979195e-02
8.652784070005622996e-02
4.125913168594812219e-02
3.906977061506347604e-03
4.050235495968922128e-02
7.202655807804837773e-02
9.007246342668787098e-02
-4.572345999749417161e-03
9.196068088657469164e-02
8.601928275287279435e-02
9.550557195400016797e-03
-1.466285809160650447e-02
2.808034111355899379e-02
9.538703665618326888e-02
3.620547472954159518e-02
-1.779171857692735809e-02
9.864248851652562822e-02
2.006873753215756423e-03
9.030002876544776513e-03
-8.869544717173173318e-03
7.844831657267921365e-02
2.123064540201590258e-02
5.051800045812623874e-02
-1.712783968310791632e-03
7.865173511443933341e-02
6.291058343933940422e-02
4.800888273709622012e-02
-8.341669095023358446e-03
8.203761435159873106e-02
8.831043816928446644e-02
8.474316474157438106e-02
4.978529910131522518e-02
2.757245023990349472e-02
8.558222379359887999e-02
3.254665155420939648e-02
-3.897913437393676211e-03
-1.725158138036191058e-02
8.297155170316145023e-02
3.093509305423820452e-02
9.760281783084948093e-02
2.124054191354384294e-02
-1.213129490685989874e-02
4.184291885518362508e-02
-1.431399658737395053e-02
-4.842676808138636491e-04
-9.792661840100476411e-03
5.132571585676221071e-02
5.499748375758010954e-02
-1.612202332749586992e-02
6.988087519027977312e-02
2.515392530823169423e-02
4.214384438419256640e-02
-2.393283957842825410e-03
1.724109297393600429e-02
1.139190226825848376e-02
6.452422525794931918e-02
8.401123628384110642e-02
5.112873197787001778e-02
3.690408884137132139e-02
3.256733270884419607e-02
3.343080676132877127e-02
5.940230297459650477e-02
3.198791219170642186e-02
-4.513845042922444081e-03
9.160542384943300143e-02
-6.573953327900818044e-04
7.004716505448124741e-02
4.058941966196083495e-02
8.716965142442685555e-02
9.639950140708894444e-02
-6.891157861452973377e-03
3.526728992136958507e-02
-9.525279049839782686e-03
-8.733815642776527124e-03
2.176314836014574608e-02
3.671501479629930842e-02
2.090118233710005005e-02
2.233015803207549430e-02
3.239587558025348868e-02
9.759988768270935755e-02
2.410831875060033894e-02
1.455251426058029943e-02
-5.208543215250277178e-03
7.687581605536930596e-02
-6.136535946985984674e-03
-1.892399338240396967e-04
-1.837789219351756986e-02
5.248252667402868166e-02
3.355959961724538920e-02
7.667594888799665609e-02
8.707619106501571227e-02
2.590890616726496468e-02
6.581843599443364112e-02
4.475842888280208431e-02
9.699974718657967954e-02
9.980409711235513348e-02
5.060403989877561293e-02
-1.524648766538789016e-02
-3.869603770852644842e-03
4.499445505833823966e-02
5.323742786984350661e-02
-3.824505852626249730e-03
3.652410939610840901e-02
-1.677173186416893585e-02
-1.330579529109200687e-02
-1.011897257264558064e-03
4.682065161683360288e-02
3.254153466262819927e-02
7.488904250419514685e-02
2.203453161450097744e-02
3.039221245579129885e-02
9.926550650618340410e-02
3.466697834728584005e-02
9.651831509095730455e-02
6.817445182348984972e-03
6.963861350891385749e-02
7.572802181472278182e-02
6.063493995567680039e-03
3.239157228013531120e-02
3.686228669922660128e-02
9.412474461141943916e-02
3.381428522116787516e-02
3.295970096434643060e-02
-1.138948994907450739e-02
8.236243775483587104e-02
3.613123494167228000e-02
-1.560267948865842400e-02
-6.742051527721762763e-03
2.638616499727492251e-02
9.881871710444463386e-02
-6.702260592651030496e-03
-4.782418635615863847e-03
5.770696790569161683e-02
1.011247453520814493e-02
3.971949883098731954e-03
8.967979807766576772e-03
4.200519217137164973e-02
1.617947854868748495e-02
4.440813378396818445e-02
3.381140627412186628e-02
-1.390124916905690657e-02
9.971915372558745605e-02
2.403377638533502059e-03
2.415004034422551030e-02
2.233173525363754339e-02
-1.659951286074420884e-03
2.261018729384553852e-02
6.450275207831772384e-02
-1.630547259615658384e-02
7.889549374272268600e-02
4.200276698043133028e-03
6.605535540679466355e-02
7.032224854905769207e-02
2.752477498788101842e-02
4.818511640971953613e-02
5.532694212544644885e-02
-1.896025502986788472e-02
-3.015839359728718361e-03
-1.896074707367347706e-02
2.995356368822038942e-02
8.110666495392558628e-02
5.571959856485984852e-02
8.117886906365316679e-02
-1.168081210961763143e-02
2.674931442218541136e-02
1.354238746913189947e-02
9.712210710927678126e-02
-1.964534491942256447e-02
4.209227921229122260e-02
-1.444300453680380514e-03
2.819033315471060688e-02
6.932507412022685667e-02
6.824774120221741014e-02
8.732964886244258540e-02
4.432209936021391794e-05
4.317131379714975181e-02
-6.668589721354444000e-03
3.453233312854935011e-02
9.575286278355635283e-02
7.134388721395722166e-02
2.875168932970106547e-02
4.550759501140497210e-02
1.688527319694308956e-02
-1.889498450490512127e-02
5.126812729944681124e-02
1.524256428991448489e-02
7.801639037646304620e-02
1.178261813358204638e-02
4.252163192373543954e-03
7.979687415156870578e-02
4.778319292673227636e-02
2.264511840999273648e-02
3.710259352797301569e-02
1.845538620518760373e-02
2.749702130158965599e-02
5.768842111320242327e-02
5.917626251439285501e-02
4.649342764065030054e-02
9.011444700251822204e-02
-3.879534454143549610e-03
1.326375646313040016e-02
5.192422182217444615e-02
8.460396243800023808e-03
8.044193284909349762e-02
9.701750475584466904e-02
3.639874982124739755e-02
2.186158861704718195e-02
5.639321857749983458e-02
1.118222862790903618e-02
5.770873419325890652e-02
2.976887366449472092e-02
6.224363712517765046e-02
9.088573423182802480e-02
8.889935974369113370e-02
7.364838278924981663e-02
2.548980672102945169e-02
-1.212842434674350420e-02
7.990696271209328516e-02
6.447727408177296449e-02
4.531658449702360980e-02
6.153659727992090434e-02
7.916375845875391060e-02
4.448174730801873755e-02
7.107047582920433815e-02
-1.015574404389819711e-02
-8.413001602321584782e-03
5.381882911403779168e-02
-1.142238382563223568e-02
3.671362792406260289e-02
5.518651576105187972e-02
5.319389014040359909e-02
5.825412644341584900e-02
4.745338879229155093e-02
9.599335288453719750e-03
9.024063358356120002e-02
-1.915753988922661022e-02
3.048106368199220498e-02
-3.494246351567684150e-03
4.014119315688005618e-02
1.552354422153130742e-03
8.459891693677493163e-02
7.489219587867718131e-02
5.911643865229754269e-02
2.185965679085437666e-02
5.476738280334257636e-02
4.309834776380341848e-02
2.268133123490337008e-02
6.001435971382476642e-02
5.021546404569168787e-02
2.738366855902541960e-02
-1.266369366933292259e-02
6.624211067227639416e-02
1.375406791024052708e-02
1.627837629374351280e-03
9.701600299436390074e-04
6.012519617566768060e-02
8.980099147965039941e-02
2.490529286074500900e-02
6.075397357598533166e-02
9.072671018041336688e-02
1.148887355143807937e-03
6.179558422473467594e-02
2.952181044188196754e-02
8.918114181130608331e-02
-1.209159488910902663e-03
8.635415901545216710e-02
3.358596508050544494e-02
8.941426088255215177e-02
-7.329191568897358566e-04
3.706115341706529842e-02
6.768377063178307451e-02
4.492967283122502320e-02
-3.336422806764795940e-03
-8.436109864660909508e-03
7.866564717542272323e-02
7.319314398836063162e-02
9.428182730312445470e-02
-1.116643269015948903e-03
6.124715863697427487e-02
2.987073978801216625e-02
6.914100635276786144e-02
3.503389231887719946e-02
8.164525419922682992e-02
3.991366359568201960e-02
-1.113225374660690298e-02
7.831162925467159697e-02
3.597237779834842192e-03
9.735466940469328367e-02
9.297809973356827018e-02
5.895337335274805635e-02
8.358338333389851715e-02
-5.771480807789209494e-03
3.165047138328136445e-02
4.168082126737548965e-02
8.813149324407576479e-02
-5.635362273034374286e-03
-5.223822115014219863e-03
8.027305610472010300e-02
9.307321800665224742e-02
4.829129815686539207e-02
7.311156033922783237e-02
9.520628460007866944e-02
4.745695350643951149e-02
2.713048807797295223e-02
8.529536104005040753e-02
6.643687954774109283e-02
-4.530585021275181437e-03
6.934268772990490048e-02
7.390488477020830393e-02
-7.368407325514683345e-03
6.315032548489142583e-02
5.307991207566976899e-02
8.088919137720734093e-03
9.448227274192269598e-02
5.215969133967823801e-02
9.767056911236157712e-02
3.456892689009390118e-02
6.739532154398748809e-02
1.736050461256357855e-02
-9.072525658802224266e-03
6.352451801881936477e-02
9.916751701338638592e-02
