1.006990236294267538e+00
1.085592699343876255e+00
1.048226280310527336e+00
1.001962560483049103e+00
1.029965507462611063e+00
1.020855907261812190e+00
1.082291699500036897e+00
1.099096531198469284e+00
1.018784329554026646e+00
1.010681420683077203e+00
1.014010969234669490e+00
1.068998717810369481e+00
1.064074256880548353e+00
1.092234240726279726e+00
1.010850590078335554e+00
1.065651184037422761e+00
1.034268228596630479e+00
1.058127440469036173e+00
1.042088264351741511e+00
1.013446761679187125e+00
1.095276244303088120e+00
1.080017207264753587e+00
1.026087487235022744e+00
1.039492560476970695e+00
1.053328972255121787e+00
1.052882745343797888e+00
1.012406677198861793e+00
1.063272865628695385e+00
1.007486659705224774e+00
1.071050120600770539e+00
1.074695523665821772e+00
1.034290745795478861e+00
1.034517222918758694e+00
1.053282094860442664e+00
1.016820186366570455e+00
1.047481757186906393e+00
1.021969135401730844e+00
1.049734437013154720e+00
1.089011113525884644e+00
1.031288284429708435e+00
1.068782041236947533e+00
1.079920813162772442e+00
1.028536030482180896e+00
1.019757366086184502e+00
1.039554511792196489e+00
1.007126557033083847e+00
1.003142953074095400e+00
1.082720121162465077e+00
1.067314621035842848e+00
1.020674054783710982e+00
1.036639256057918512e+00
1.072487969278068887e+00
1.076740775728866062e+00
1.030995947585338524e+00
1.055076356669841786e+00
1.019623061030658917e+00
1.050300484548786661e+00
1.095783890673877714e+00
1.020197327250282893e+00
1.063539420448571304e+00
1.055430702263430831e+00
1.048210314164728540e+00
1.034733464938743852e+00
1.069149711436661709e+00
1.063607672177126595e+00
1.023574779209740493e+00
1.017322097787773938e+00
1.096701390532133225e+00
1.035558950101337805e+00
1.009464922387522279e+00
1.066810139713341599e+00
1.012872873047205191e+00
1.014978993728116619e+00
1.014318073006038157e+00
1.053299435493763925e+00
1.059995950296040323e+00
1.088979047564402114e+00
1.068060420909108688e+00
1.025924693115172204e+00
1.098349007741145078e+00
1.074629091333249908e+00
1.060054573783827614e+00
1.038750691987557095e+00
1.017224605026373352e+00
1.013542882412140633e+00
1.000312121503032614e+00
1.087572619386032891e+00
1.023875011117919565e+00
1.015804275635923570e+00
1.074808207261550796e+00
1.025481998577782550e+00
1.080782911640777888e+00
1.060116847431073595e+00
1.040560701502427632e+00
1.038065797404183144e+00
1.015092192215326872e+00
1.060031610853589212e+00
1.075745688732959060e+00
1.020476024348539124e+00
1.023118931582375213e+00
1.082708617241022075e+00
1.007999575707250184e+00
1.045381571136528187e+00
1.025555338230315083e+00
1.079881032013117581e+00
1.092116042853582547e+00
1.053825296274207624e+00
1.014829512256653299e+00
1.092609067806643575e+00
1.017006922813310066e+00
1.039873078795679140e+00
1.039715571721605114e+00
1.019760691392817442e+00
1.065156699189619083e+00
1.001206226066228222e+00
1.072552114435859627e+00
1.015274289036855571e+00
1.064262205376269144e+00
1.015176769332459816e+00
1.020436082840424419e+00
1.000667987144512772e+00
1.005050354851421801e+00
1.063336697589137625e+00
1.015201471534685540e+00
1.044441024088442305e+00
1.057771531389556596e+00
1.003943774655888577e+00
1.016647091072979237e+00
1.076185803209867675e+00
1.076282425902942874e+00
1.043927386658610956e+00
1.044514464214164162e+00
1.041165139558026143e+00
1.098651803279599548e+00
1.074197908080639641e+00
1.011953606087156343e+00
1.047027386692980677e+00
1.004469636541443167e+00
1.019889298776764264e+00
1.002625277753087962e+00
1.074081519109337801e+00
1.022771464162301580e+00
1.067707194786478908e+00
1.018767628511791035e+00
1.032093168018956453e+00
1.038200168673907298e+00
1.089656263029530114e+00
1.028665301583115754e+00
1.073083893208227169e+00
1.057166680964996441e+00
1.035522973290506465e+00
1.026255370874545880e+00
1.008230440827735608e+00
1.085236246179178687e+00
1.095052936224030216e+00
1.077072385626955286e+00
1.027317854300791478e+00
1.066143370857593142e+00
1.099772319954548827e+00
1.066941508717361486e+00
1.094489573880962574e+00
1.084844856153036163e+00
1.069329488265027495e+00
1.000521713091939047e+00
1.036663326775536298e+00
1.001828556100769152e+00
1.021501436090910708e+00
1.039857647297138366e+00
1.026332180472278477e+00
1.007935248922052329e+00
1.082871372953669198e+00
1.036527007679196810e+00
1.060934943187661794e+00
1.006629450718403485e+00
1.007365055580045965e+00
1.046280244453477559e+00
1.004823500926887547e+00
1.009945370615136451e+00
1.071740893289613306e+00
1.067022760228827805e+00
1.062518956370450685e+00
1.022515855044235256e+00
1.003372136208928067e+00
1.068298065705687083e+00
1.036136742912084019e+00
1.033762888815234593e+00
1.046491621521023818e+00
1.021740334075917467e+00
1.081053133198726757e+00
1.025925973638696753e+00
1.034821147207805936e+00
1.053447997057509467e+00
1.004207624520494502e+00
1.072612643863129600e+00
1.007266874377522825e+00
1.004975157151186016e+00
1.049350884502906034e+00
1.083447995161372024e+00
1.048724361869806332e+00
1.016050344879310341e+00
1.019366016551093601e+00
1.090990451173143638e+00
1.042333462891129825e+00
1.059391754195926127e+00
1.042372666809966875e+00
1.070054936669309731e+00
1.083012442779843987e+00
1.089889718686658293e+00
1.025675700359988785e+00
1.077340229036326313e+00
1.045407235791660838e+00
1.054658119164860741e+00
1.045353684594099164e+00
1.056804750140285298e+00
1.094319294873512094e+00
1.075641766464644267e+00
1.095683167134828162e+00
1.056345437044101221e+00
1.091967684148901663e+00
1.098404274963868055e+00
1.089314488005240777e+00
1.025447221184445423e+00
1.027769788459979461e+00
1.054834992409797056e+00
1.097362099618580000e+00
1.046781551642004704e+00
1.070905214883743239e+00
1.070724395183686228e+00
1.090671980009825681e+00
1.001486625864902669e+00
1.037198293166943230e+00
1.082484595800744298e+00
1.093816664519768000e+00
1.058300264463585938e+00
1.022348445482457402e+00
1.035210544953603318e+00
1.051893154612298265e+00
1.086845809139007413e+00
1.028794466315229084e+00
1.081752224783828487e+00
1.013588866579818948e+00
1.060496167478254259e+00
1.078393264145316000e+00
1.069903168546276095e+00
1.033054299925352915e+00
1.091609949477851726e+00
1.095550185656303466e+00
1.008098841691236647e+00
1.017585650465973046e+00
1.013759578859145138e+00
1.057087154060722511e+00
1.083659409299942311e+00
1.046587638954205701e+00
1.000878013878131467e+00
1.003062703567175529e+00
1.055173421133692946e+00
1.089943650151044219e+00
1.034749842576045298e+00
1.054926367177268176e+00
1.074372860708015631e+00
1.069351202792665045e+00
1.016695157385300918e+00
1.032721973856735032e+00
1.080275465418543135e+00
1.004846774347077032e+00
1.054348712116725206e+00
1.045633091295282258e+00
1.011705118602852060e+00
1.081971479702714678e+00
1.030350041060675181e+00
1.062537901088145720e+00
1.021094855702847637e+00
1.087638252785705806e+00
1.095095578045232720e+00
1.086287098640095872e+00
1.010271912063904542e+00
1.067203027662604997e+00
1.097004246882290257e+00
1.029534628637990723e+00
1.013816478735869664e+00
1.027150690641129405e+00
1.087085793219273233e+00
1.093405525829075797e+00
1.052450573708663129e+00
1.081279398394893843e+00
1.043102598315220009e+00
1.012896408891700961e+00
1.039438537251065275e+00
1.022443131917717629e+00
1.066619886310574472e+00
1.046231754285618987e+00
1.086823140445711378e+00
1.063416279467494840e+00
1.065713061401822204e+00
1.050720623667920517e+00
1.070411553324320586e+00
1.053882736769170547e+00
1.047568021206360056e+00
1.011475047059484655e+00
1.063603552284380971e+00
1.058330608392769490e+00
1.065070047418879229e+00
1.013865846519464098e+00
1.077153657998815239e+00
1.033886232067006361e+00
1.087631177718745068e+00
1.068234470662235314e+00
1.095809829045432560e+00
1.047370701257565706e+00
1.011215969360267586e+00
1.028531169473027473e+00
1.056916775956211474e+00
1.010631766418770727e+00
1.074472938555502743e+00
1.052333763189320148e+00
1.053388038004486882e+00
1.060949743996994599e+00
1.052504288909800412e+00
1.058548410172591270e+00
1.067463538495844633e+00
1.048899347742161314e+00
1.004935041261364459e+00
1.003953278480814948e+00
1.050181607563884345e+00
1.004009415293638519e+00
1.040286123070752300e+00
1.058653770305067798e+00
1.042695560281212241e+00
1.010504229690740940e+00
1.008907085922342350e+00
1.086238852642958053e+00
1.075401234975058129e+00
1.051925142716777728e+00
1.034139211802761693e+00
1.015493023739910905e+00
1.029752545538360708e+00
1.097342908522060512e+00
1.048102450304150057e+00
1.070856141599758393e+00
1.017951646335507165e+00
1.026839468991100901e+00
1.036145765665206664e+00
1.057734405732431826e+00
1.012923359288224079e+00
1.099410210231807294e+00
1.004871582010482323e+00
1.059574753069779440e+00
1.037867476418918855e+00
1.065018951210260578e+00
1.048814012495671522e+00
1.026303872330294409e+00
1.090466648935117799e+00
1.020462674894174082e+00
1.040211412264141044e+00
1.088106980448700023e+00
1.060580377384676476e+00
1.036826784197068863e+00
1.085014261681301884e+00
1.004759675110270534e+00
1.074889521040158114e+00
1.096786553792041818e+00
1.014197488677927694e+00
1.006217030943072022e+00
1.031992076956079529e+00
1.027771092596414304e+00
1.098547469230436446e+00
1.058061732965221768e+00
1.048008006153058336e+00
1.044268687298943732e+00
1.054556251692023494e+00
1.028771876642693872e+00
1.071002823049894692e+00
1.022708237249803309e+00
1.090400344228779961e+00
1.017397239698384137e+00
1.064279183917921534e+00
1.039551217068780620e+00
1.024107135722242212e+00
1.031008254045585160e+00
1.056363328072580821e+00
1.042205834219981142e+00
1.097128238181916071e+00
1.013926368253846855e+00
1.028348674148525488e+00
1.061864702859047327e+00
1.057222139088618951e+00
1.031493209038430114e+00
1.058957373266129265e+00
1.097753814648727788e+00
1.069300701315520685e+00
1.082307396897785212e+00
1.060260387715035169e+00
1.048733187066464678e+00
1.021663868272422615e+00
1.083209347439635817e+00
1.029056720172283335e+00
1.042945676274473765e+00
1.036903631978488782e+00
1.035944527254396119e+00
1.038173611024773457e+00
1.031873381478793927e+00
1.069421328644217795e+00
1.030544770101687435e+00
1.022719309260378351e+00
1.041822456765838067e+00
1.071800902279226086e+00
1.010225936534050017e+00
1.052316852459889152e+00
1.087809234700877870e+00
1.050903492089122704e+00
1.011370308009520214e+00
1.015796578548042506e+00
1.080422780566734353e+00
1.045344001887251961e+00
1.089794791328319246e+00
1.050660885517316512e+00
1.079486612467367657e+00
1.034019392996514908e+00
1.011093981435459144e+00
1.045236192438844691e+00
1.055012752147785005e+00
1.082980874440681252e+00
1.056024962439126913e+00
1.016995042497234047e+00
1.063091599811399224e+00
1.049109714926446779e+00
1.041623486708617818e+00
1.080394725809595391e+00
1.073156616880567737e+00
1.000765051916335580e+00
1.002017434458861267e+00
1.086011853085462775e+00
1.037443050618745755e+00
1.082371306202407180e+00
1.012681337759122169e+00
1.053744900720512634e+00
1.055446954688121330e+00
1.094811523952756271e+00
1.012925710176011629e+00
1.015074895553438106e+00
1.001645101225014045e+00
1.084672922485002466e+00
1.090727429345717425e+00
1.093355000469799387e+00
1.062827538854667742e+00
1.042005834035111711e+00
1.027464031805359390e+00
1.092082716421196587e+00
1.019268341474114381e+00
1.032556199096677840e+00
1.045451399421502225e+00
1.000388159582233261e+00
1.058670104652135846e+00
1.073527926521598896e+00
1.053914798197421510e+00
1.076242610188919091e+00
1.094476435913259493e+00
1.070168344881020639e+00
1.037581317127408420e+00
1.008260173843906315e+00
1.080985488201176903e+00
1.090818198695382879e+00
1.052652830063713463e+00
1.013709449309706523e+00
1.060839096335752352e+00
1.090778034272346986e+00
1.026909858410992804e+00
1.057712859041585407e+00
1.021596532929982981e+00
1.000526164196613887e+00
1.057380306223537403e+00
1.051678186967359929e+00
1.026767136018830850e+00
1.077950287863241430e+00
1.093064171071838953e+00
1.017819688004973910e+00
1.018515869438464838e+00
1.060392077351471007e+00
1.057708355931508137e+00
1.021939365476620898e+00
1.002126319618795058e+00
1.009236290985181528e+00
1.049108321410502587e+00
1.054960966625237528e+00
1.052212231944777754e+00
1.002071522020642202e+00
1.026110086134594868e+00
1.028994615034003912e+00
1.024304131553205544e+00
1.004058585226025979e+00
1.092042200778432059e+00
1.062167194125408720e+00
1.001260359701879876e+00
1.058157047737835033e+00
1.086512833144177792e+00
1.043058063479869846e+00
1.044232456912384865e+00
1.085194303405953686e+00
1.028553649704629036e+00
1.009299806934653487e+00
1.056750693499567184e+00
1.082849560009200740e+00
1.052376880586306518e+00
1.078048966526774510e+00
1.044932146142654839e+00
1.078731474185482542e+00
1.013237149802869608e+00
1.024413269760306333e+00
1.006574700452448790e+00
1.006132764381937994e+00
1.088653227173424387e+00
1.095562137442057882e+00
1.060209582482666502e+00
1.091954310578521659e+00
1.050010506654442732e+00
1.081244392248178032e+00
1.032866148705741116e+00
1.001637667462339065e+00
1.005040740778963881e+00
1.037754306697550755e+00
1.026095891157201567e+00
1.001132275919474068e+00
1.094893705952695528e+00
1.044678233985905980e+00
1.019856036652514453e+00
1.038068565061214921e+00
1.031393169413879152e+00
1.063751823972100663e+00
1.091700588754506152e+00
1.027105333462748238e+00
1.074078422699509261e+00
1.041125575181794272e+00
1.069789845645188864e+00
1.007615544795255502e+00
1.008778930638798421e+00
1.009150777033555269e+00
1.088250910556550322e+00
1.028608182528254922e+00
1.093809094880228150e+00
1.065949766880263549e+00
1.026239287558580848e+00
1.028434959981781249e+00
1.063668526070157938e+00
1.091386942422947426e+00
1.080468157929413975e+00
1.078905321076675694e+00
1.038579188254671770e+00
1.002227161072519745e+00
1.021838479877573258e+00
1.080025087414734797e+00
1.056859782767522571e+00
1.003141598299162940e+00
1.093229111170102241e+00
1.065852406560684695e+00
1.027800460191217180e+00
1.068434929047680226e+00
1.094619974511443106e+00
1.096241056363866262e+00
1.039621400611628221e+00
1.044279918408778762e+00
1.093922287635632706e+00
1.020199734572821981e+00
1.003299255495293751e+00
1.044075660940229078e+00
1.038107678647850918e+00
1.098146926814582702e+00
1.073144668150675773e+00
1.021307159950204824e+00
1.001715997016421111e+00
1.069137314299329899e+00
1.057183318747774603e+00
1.012022438546944736e+00
1.070287799509842097e+00
1.057881225377695467e+00
1.026162528450875522e+00
1.083438326470282931e+00
1.064706439686953221e+00
1.082678110423191953e+00
1.036371429082658224e+00
1.055570142592935134e+00
1.029586681114000646e+00
1.075432443867751386e+00
1.071230821559500113e+00
1.079115793369685772e+00
1.062659861720781418e+00
1.073007701483813969e+00
1.001679468512403304e+00
1.041466070702785407e+00
1.099887200089496364e+00
1.063776961182832936e+00
1.058238796241144364e+00
1.028665187030053385e+00
1.057615551689361721e+00
1.076708780176659719e+00
1.071174696471936416e+00
1.000412283683933978e+00
1.086084224900839779e+00
1.084966972279242547e+00
1.040061196916235442e+00
1.038874856748149167e+00
1.057778248942586208e+00
1.096175514784101024e+00
1.099329622144627150e+00
1.087858842067735532e+00
1.028335529934813808e+00
1.039035835733986612e+00
1.005677332435676918e+00
1.055316052151386463e+00
1.028153294479590807e+00
1.019051614599652211e+00
1.026580710036873567e+00
1.089488924334188313e+00
1.064285445879771697e+00
1.045181088461730301e+00
1.068719469979954706e+00
1.082140392546249830e+00
1.030520149467251567e+00
1.007884802480897068e+00
1.044499006401433450e+00
1.086720695685787108e+00
1.058581074241899955e+00
1.047826038636064050e+00
1.016450924494147312e+00
1.049356017676199793e+00
1.039905039848963764e+00
1.048029312859785289e+00
1.052042416632823274e+00
1.011238145925194676e+00
1.021555436823438745e+00
1.053887638147048333e+00
1.085290254591197545e+00
1.010952145636472288e+00
1.051135188081560923e+00
1.083989738504357092e+00
1.054418782183048631e+00
1.017687594876808044e+00
1.065296428756156377e+00
1.072639480863615935e+00
1.042552539519017607e+00
1.099560681211852353e+00
1.036243420478083710e+00
1.062841957470924470e+00
1.015751193255272744e+00
1.092844421501548036e+00
1.041082972017596697e+00
1.083772823700203558e+00
1.067434524953284392e+00
1.047047009222534353e+00
1.035914852773221151e+00
1.055180664814211022e+00
1.088835204382888833e+00
1.011599777260558275e+00
1.074192716628235900e+00
1.068853617190723693e+00
1.033777051461641783e+00
1.003480918220912788e+00
1.062354566204396278e+00
1.020828147017488696e+00
1.005469093072920428e+00
1.046617947117967518e+00
1.030024006339185449e+00
1.051139048084213989e+00
1.008414754939396474e+00
1.020975685121079835e+00
1.060989464011535599e+00
1.022191596211218911e+00
1.082080862713760583e+00
1.052594469674214217e+00
1.091765492176251851e+00
1.062466905551993746e+00
1.023035619936364382e+00
1.099703576697977692e+00
1.067850019151642904e+00
1.061121002258786472e+00
1.082110064601617072e+00
1.096573067777598220e+00
1.096811780737599884e+00
1.010012246002028879e+00
1.005159613206578983e+00
1.046607609906724523e+00
1.052781635698386564e+00
1.040432103945762243e+00
1.019081447736864598e+00
1.092255481621467794e+00
1.085470648856899478e+00
1.012680302992885473e+00
1.021762568969641238e+00
1.015787818836735967e+00
1.055635770068329204e+00
1.080961346490630470e+00
1.035962758599012989e+00
1.030008807439839913e+00
1.059832659492389251e+00
1.065408902211771203e+00
1.088595519712386661e+00
1.099180379700594123e+00
1.021257543333848883e+00
1.056241617244288999e+00
1.085331200590866185e+00
1.073547972488373858e+00
1.017099702569164155e+00
1.098239942208729003e+00
1.096774185075700014e+00
1.080742372728414669e+00
1.057725204481369419e+00
1.010624540298374674e+00
1.045366531645439911e+00
1.050929499230770059e+00
1.054290571793116360e+00
1.090641340027637574e+00
1.088026900118314710e+00
1.044458722319429267e+00
1.080631101084110091e+00
1.051454174762114890e+00
1.055703947799754738e+00
1.005511045062104758e+00
1.041139967507310082e+00
1.001368129090571157e+00
1.084289947024949630e+00
1.064738513380724116e+00
1.020719333473870449e+00
1.014292738751745082e+00
1.040426734583646873e+00
1.024219571952927677e+00
1.068354594394385293e+00
1.038222433263791267e+00
1.073322933946890823e+00
1.088581576608827151e+00
1.020280280334836753e+00
1.040986590950240709e+00
1.051993235905356094e+00
1.079361067852834033e+00
1.031053385281256896e+00
1.093368107335690009e+00
1.063756023347710356e+00
1.048183482921091203e+00
1.076153259209991386e+00
1.040871607625978745e+00
1.095504574229979156e+00
1.054818329003957000e+00
1.036556086062653259e+00
1.063261337034025589e+00
1.056964322029863235e+00
1.045663244856387841e+00
1.053627442244949197e+00
1.088151312599471288e+00
1.016473657259057806e+00
1.087686880402327416e+00
1.000163413573542437e+00
1.041381878096048874e+00
1.046139127934105906e+00
1.021896464198565724e+00
1.010271859261559824e+00
1.067182356007893018e+00
1.007377475086797425e+00
1.078252101623188519e+00
1.002080230179917875e+00
1.016247093499649923e+00
1.018794223200563343e+00
1.056394199620783070e+00
1.077337043430522057e+00
1.019788970061533240e+00
1.087807141476424322e+00
1.082936596449174615e+00
1.043181761808735786e+00
1.008228185473740046e+00
1.017484805353155108e+00
1.030943392994066343e+00
1.091874194984896684e+00
1.017965543740888545e+00
1.067132242460838931e+00
1.099415622682045957e+00
1.073774095227744141e+00
1.014070252524684745e+00
1.018564509812196484e+00
1.034843734171413843e+00
1.022703713612026277e+00
1.050291094444085305e+00
1.017581500888915969e+00
1.022363838919854384e+00
1.013468332577761588e+00
1.025683124385890821e+00
1.043136320692185315e+00
1.049536481708299496e+00
1.087695596787499053e+00
1.018517584712481217e+00
1.038845771557843856e+00
1.024472638793279211e+00
1.075708373790653205e+00
1.011443939369098155e+00
1.040754995965362584e+00
1.097635072530711131e+00
1.076317337302166388e+00
1.024273338744319028e+00
1.021497496208037870e+00
1.063037393317821211e+00
1.081492109711942762e+00
1.000070932838780902e+00
1.060035227748910902e+00
1.026815360911873753e+00
1.095129716989902580e+00
1.078942360065695549e+00
1.056054638216341601e+00
1.044999616367694895e+00
1.060157136908566944e+00
1.016153081779930911e+00
1.042751509004672616e+00
1.022300075001053576e+00
1.075912994782932230e+00
1.025020352127526957e+00
1.034243542109375413e+00
1.060782177023142259e+00
1.045698662190652328e+00
1.084994582762910165e+00
1.052184648994766381e+00
1.076329660433659408e+00
1.079554895039954943e+00
1.000711501941784931e+00
1.044282819992482958e+00
1.080505526835103369e+00
1.068556606715815205e+00
1.018643307534709663e+00
1.046822467248275546e+00
1.040754928533563994e+00
1.097262365828252539e+00
1.074268350160079599e+00
1.034960793865129514e+00
1.016508021265200679e+00
1.027787691631499856e+00
1.097083908505337213e+00
1.040070433956436391e+00
1.036386884728772939e+00
1.063447210066464699e+00
1.047802561726489889e+00
1.009404948318042949e+00
1.030824902042699165e+00
1.016629138960066792e+00
1.031864880396716311e+00
1.073544801313663033e+00
1.075687393433056416e+00
1.022443016331302301e+00
1.031193516645335873e+00
1.085519083089386605e+00
1.087391022792751238e+00
1.019018051863694652e+00
1.031946993831641235e+00
1.062462568304089583e+00
1.066675049790413388e+00
1.019358756722375636e+00
1.065832890042739400e+00
1.098255364464047590e+00
1.070258903686688523e+00
1.079129416959221599e+00
1.066720713983901225e+00
1.017842179345240128e+00
1.049282792705791723e+00
1.048278527050824138e+00
1.086788706770146051e+00
1.011085065650523029e+00
1.020521773954143452e+00
1.074731481865442984e+00
1.023700595898581422e+00
1.098408134020806948e+00
1.085749540962036130e+00
1.006987434487557120e+00
1.081437156927797183e+00
1.091202430585263672e+00
1.039388882700261529e+00
1.021766595445136039e+00
1.067783699646153384e+00
1.000082550519692859e+00
1.020710914647577683e+00
1.081239407739247760e+00
1.025340987385618963e+00
1.017757769195696715e+00
1.070976119384215552e+00
1.002378570534698587e+00
1.001731302460067585e+00
1.057093030834335146e+00
1.004531498038671034e+00
1.007333722483147120e+00
1.053715755956105449e+00
1.067574377506081085e+00
1.021244539798575213e+00
1.029927661927672933e+00
1.039743204390313203e+00
1.074220560371197841e+00
1.053932395006294209e+00
1.092132992376386280e+00
1.013908004571702826e+00
1.055084713488253279e+00
1.013767255357700625e+00
1.045490861690027362e+00
1.014195777943392773e+00
1.024864658805544781e+00
1.035586765571982149e+00
1.072460778429952910e+00
1.034335348830211609e+00
1.037757413292445641e+00
1.048988453873208604e+00
1.088560742076164267e+00
1.053961189918118269e+00
1.067226977157135881e+00
1.088552177721022751e+00
1.012977378244296789e+00
1.039141301412765728e+00
1.035072801604285386e+00
1.056421105635550139e+00
1.077273191804432262e+00
1.007032412585737058e+00
1.054960777442431885e+00
1.020184686518486483e+00
1.030310337431759038e+00
1.020070060145265911e+00
1.082740049352566958e+00
1.052112014083426805e+00
1.080202065429496594e+00
1.041578060706532138e+00
1.003323992258321695e+00
1.048204321661767802e+00
1.061403481605252219e+00
1.008758291800658347e+00
1.019893979801455020e+00
1.052941687717753982e+00
1.058688034864908367e+00
1.027327011613433649e+00
1.006432344318255012e+00
1.098053570493717546e+00
1.012031576025498536e+00
1.097405180933124891e+00
1.063944464512693200e+00
1.084831148334614692e+00
1.091540935359660569e+00
1.062564652702511880e+00
1.077071454862405409e+00
1.034252326985167558e+00
1.027855162498354291e+00
1.029350583281188003e+00
1.089923865533758418e+00
1.002377760036323062e+00
1.033426892186297907e+00
1.082190588527145447e+00
1.081282406264597817e+00
1.035021704746876825e+00
1.007200023139083855e+00
1.043501426707017510e+00
1.065571222367375448e+00
1.061207609931928975e+00
1.032626050092926961e+00
1.090024495340784050e+00
1.053302938992173976e+00
1.058994858263997862e+00
1.068932047981078881e+00
1.021750008306362201e+00
1.015053668416506794e+00
1.085579112329432716e+00
1.022418488568290318e+00
1.083204491670717085e+00
1.054498257664928218e+00
1.089982522287689548e+00
1.072792431726877327e+00
1.067135856870372601e+00
1.069472614324272763e+00
1.013895592293564407e+00
1.070735391535982517e+00
1.040967148305171452e+00
1.012977643711779674e+00
1.065987446470534561e+00
1.003930267423584377e+00
1.072271822740878511e+00
1.009486581387283533e+00
1.010789295658267362e+00
1.002077174963483142e+00
1.061529008019348908e+00
1.072002363413086634e+00
1.050763135510867974e+00
1.003440383780624945e+00
1.069190978688385529e+00
1.054803945316775016e+00
1.001455267839050700e+00
1.027701790312005814e+00
1.079812386178528483e+00
1.020535690439465792e+00
1.090863628462799717e+00
1.030571309296890892e+00
1.062218906288830533e+00
1.037415635581406148e+00
1.094129725189087354e+00
1.092237242889106730e+00
1.074784610687100850e+00
1.063931143703974680e+00
1.047342265473344414e+00
1.047960294095603873e+00
1.026553637997895008e+00
1.039933519261690975e+00
1.028423071910879560e+00
1.060373641920640653e+00
1.086770430468976700e+00
1.005514771191230894e+00
1.007564913195770906e+00
