6.030945027191132735e-02
-1.939933838522167608e-02
3.897198283419930909e-02
6.894747957583143017e-02
3.171959678940089455e-02
9.593865762227110627e-02
9.086714175419192963e-02
-4.731337853134823593e-03
7.063843097645346181e-02
3.186830551352590191e-02
3.911654063650249480e-02
9.482803113609877821e-02
-1.597287270933152314e-02
4.013982581449300480e-02
2.819849259906212838e-02
6.578043305410774533e-02
7.744330834818045212e-03
2.029726655624809403e-02
9.589610264364036019e-02
4.415884291656613225e-02
5.677153333800294410e-02
6.547898750845056182e-02
7.675120518275967141e-02
8.828333689583307831e-02
2.580867709046743771e-02
4.283047003097027738e-02
7.945740716385740754e-02
3.399915809952955281e-03
3.025977444093451776e-02
-1.670154301843338948e-02
3.959345947488103479e-02
9.010426393047109295e-02
3.496943719192456557e-02
-1.720393066513958846e-02
5.895285191259791446e-02
-1.797478025152898784e-03
-4.766619093928746442e-03
1.998206584134383859e-02
5.165022498272744261e-03
4.556450434497498481e-02
4.021907902758169173e-02
5.718288147659893184e-02
9.801117060331349107e-02
9.997562508744575749e-04
2.821050907059859808e-03
7.171485149114789626e-02
9.039866318601030848e-02
3.099735665140875354e-02
6.612821458802985164e-02
7.345603629804492440e-02
-4.125030512472142863e-03
6.817023929654880687e-02
-1.746438050705824765e-02
9.453429334197421818e-02
2.038167834752884280e-02
1.133285968973678573e-02
2.328599351519073171e-02
3.435462346940369727e-02
9.682721056012928706e-02
-5.552841705379986392e-03
4.465300446096652498e-02
3.433019685149216182e-02
9.128343853820562737e-02
-8.402833944520970294e-03
2.441479495560721150e-02
-9.340104665168586992e-03
6.947653343266885217e-03
3.368546651957919635e-02
9.269098099609189567e-02
7.633367059469488292e-02
-1.801232121214139947e-02
3.055811222822730003e-02
6.404542509723806787e-02
-3.404273188505925474e-03
7.379053547664519985e-02
4.691686676644346576e-02
-1.783392569595406915e-02
-1.141338376551084312e-02
-1.887609654026891487e-02
2.259916162883431404e-02
-3.626657859857378152e-03
-8.335852333868189537e-03
4.902015356593009132e-02
-8.852038090460560490e-03
8.976928806316174236e-02
8.126559952369093176e-02
-1.620610416877708848e-02
3.350310745523712996e-02
6.869754029750756164e-02
8.713246464390049517e-02
2.068109061844209187e-02
9.136855384042251449e-02
2.128121704496034258e-02
7.816126136451312378e-02
4.630515845384448881e-02
6.203038199782288931e-02
3.225619770647901452e-02
2.059320841925487214e-02
6.251724730584971856e-02
6.591953602919649324e-02
-1.621774477892251945e-02
4.056214702344976275e-02
1.936033081821237831e-02
1.536243733084945509e-02
-5.125230327405713368e-03
4.013567364440233376e-02
1.461441868197502561e-02
3.527024530632132115e-02
8.462894158749176277e-02
6.659669556162158000e-02
5.159069677922710484e-02
5.585326368365424454e-02
2.973702328990882396e-02
4.404571896700042177e-02
6.416600207907548203e-02
4.364326788053175810e-02
2.262036194316311907e-02
2.628895310406727595e-02
3.792394325440684444e-02
8.977505357829919375e-02
7.372332716532012387e-02
-1.415389405144564829e-02
8.105966598259092826e-02
4.411543878016307985e-02
7.475590302414927835e-02
3.212784622186108663e-02
-1.130791943548756229e-02
1.551684586830996346e-02
8.256952568934135261e-02
8.690690913342735691e-02
8.219365193113151169e-02
6.699922494849701315e-02
1.860983522497677498e-02
6.094083277961136191e-02
7.181439361277940081e-02
1.391557863077400384e-02
1.677684165469061142e-02
8.672833372863744672e-03
3.386492639580715447e-02
7.412082542814696362e-02
8.847010164486254769e-02
3.290858821719336302e-02
6.240408659880634923e-02
2.165127973233161099e-02
3.957516602202601486e-02
8.463310357548403662e-02
8.721602240238136849e-02
9.571877527819436238e-02
7.008367022839132043e-02
5.720932521082877642e-02
5.546798558197871265e-02
8.774594346952054036e-02
8.048851440350975051e-02
-6.623020316101920976e-03
9.557832550343310640e-02
6.567757180033161057e-02
8.322426854148809450e-02
7.141171213908691084e-02
4.121814479235150208e-02
1.484261713376077915e-02
-2.492725889004072937e-03
1.001024764645317214e-02
7.607476397889725850e-02
1.614311779014904885e-03
9.553551780052406406e-02
-1.745753599562360064e-02
6.045798851584301137e-02
-8.519504902589809109e-03
7.693539063360299579e-02
5.194100228663948993e-02
-1.707113759257191873e-02
-7.595283298611969769e-03
1.759586099754368790e-02
4.636372392048750818e-03
3.723889141428518568e-02
9.615023780261947040e-02
-7.283058653726283416e-03
2.419026910222747337e-02
1.670161095899522566e-02
-1.328070517367755179e-02
2.300023299646156844e-03
9.027021202693935598e-02
-1.117210499527823177e-02
1.190842333453243432e-02
7.813126862242962545e-02
1.931998671620322253e-02
3.272964288856637649e-02
3.520195364936262727e-02
1.211687050581818428e-02
8.381414708537950758e-03
6.893847436728030298e-02
2.592999872815453591e-02
6.236208696013195024e-03
4.491565900340328821e-02
7.172990973839860063e-02
4.746340206993941713e-02
5.296830150911521762e-02
5.304542472709540546e-02
2.227042234982866756e-02
7.214613734405978668e-03
3.460935987325371166e-02
3.450935858321228789e-03
2.815996425784550103e-02
5.158280294372906416e-02
1.073788610167201660e-02
4.610494644162980993e-02
9.367003868765738650e-02
5.051311587484759447e-02
9.199959792582826368e-03
2.827506391851385137e-03
6.675562215153288403e-02
7.144682240776779880e-02
1.326400234654817253e-02
8.964077172344998845e-02
3.324006439746651775e-02
1.201668030149282904e-02
-2.372278742465545875e-03
3.645657654099017375e-02
7.653371954948301470e-02
7.002890891431978737e-02
7.257474618347738160e-02
-1.287921908611558419e-03
8.573052288198472481e-02
3.227348447602627901e-02
3.512327568845233228e-02
7.276634668355172475e-02
5.839012637033103026e-02
8.438047910165880072e-02
-7.452096397669669831e-03
3.416784560504308732e-02
9.176028090517644731e-02
1.603198882972562203e-02
2.172225775730022776e-02
-7.915885868173475060e-03
8.008516910536256361e-02
7.027833353324072080e-03
1.455220037771222732e-02
7.971960784618270512e-02
4.745001621236896727e-02
5.864217789657749647e-02
-1.004146214768466584e-02
9.635203178237138066e-02
2.753176504908041999e-04
9.265113670102118060e-02
7.600041948972566241e-02
9.943617402700419272e-02
6.238513703645602593e-02
9.741585965104260225e-02
-1.608375932809173736e-02
5.391182383548791257e-02
5.903202738104684766e-03
8.676001653538939484e-02
9.617285225756817824e-02
2.330347909463808057e-02
8.211137858252014199e-02
4.871621164060363496e-02
9.480163378312814193e-02
9.400379892290465500e-02
-1.532242054432976855e-02
1.498072100419774524e-02
3.835846787502950050e-02
-4.093002069944829541e-03
1.590937316642817081e-02
2.719439041048980765e-03
8.750116106603136878e-02
9.050471475563884316e-02
6.589734094193921976e-02
-1.881191157969484135e-02
2.920412966712148881e-02
3.403925109734051713e-02
-1.919097793146744280e-02
4.385998447257606625e-02
-1.199618128034427196e-02
-1.643418955910476431e-02
1.595153080078588054e-03
9.988902045185592271e-02
-3.959279558680285638e-03
8.990671142575798469e-02
7.642345299262846836e-02
8.100430121180043908e-03
3.005360328867733369e-02
4.564747974616348292e-02
8.966711867655401125e-02
2.780528856952933434e-02
-1.758512980461061220e-02
-1.280841932537085844e-02
-1.626613350518169368e-02
7.542846676338461898e-02
2.125340049478037854e-02
7.964736245103713752e-02
4.027580375547644420e-02
4.749219347186695028e-03
5.942538739233600709e-02
2.737494032667305358e-02
6.509462570487632715e-02
1.235845634539200696e-02
3.639467674940093100e-02
4.442086533963400530e-02
9.112444569436942143e-02
-1.403007369733178834e-02
5.616640350612889243e-02
8.163372772962773638e-02
-8.993957649747301442e-04
8.333827776646279828e-02
2.006500204033223253e-02
5.558579355254823079e-03
9.145205163901419521e-02
-1.943015096525857119e-02
5.076288402052278603e-02
6.637006351707776253e-02
-7.283696869177397684e-03
5.913187692212036606e-02
9.260451737852198884e-02
5.191611326710843244e-02
8.443793970300146612e-02
7.512416592128709492e-02
3.909802833639586250e-02
-1.722845360533943604e-02
-1.030814318566035566e-02
5.923100137033834867e-02
5.721812362658902640e-02
8.352043928738556167e-02
6.703916633201714714e-02
9.984339792251679946e-02
9.350552678714781074e-02
2.629926871210285996e-02
8.328594228274936728e-02
7.611453877812794644e-02
6.801500631236674643e-02
5.738375275481340243e-02
-8.200261365820206080e-03
2.988821948373071927e-02
8.502126051507635784e-02
6.771049148011772101e-02
1.607228466092238198e-02
9.601670592037309104e-02
5.496903542441246293e-02
4.118415448737090812e-02
2.308999228408529017e-02
2.905742602602051985e-02
6.696701322671183565e-02
3.565943855474283664e-02
9.259579447594963597e-02
1.165362581346703411e-02
1.364301122378422729e-02
7.254727099960285586e-02
3.705143138748024506e-03
6.885120346912348976e-02
5.682938023489433887e-02
8.378835408893754721e-02
8.385616396643842674e-02
9.097407301508596278e-02
2.543299686163360759e-02
2.596251547412630964e-02
7.699422834753237577e-02
6.317871745095095248e-02
3.533465285144198054e-02
3.360277208199491383e-02
6.409545812249840824e-02
7.525108354011576794e-02
7.222894186976330788e-03
4.356546146324465074e-02
8.124069651348679588e-02
6.477181005732485231e-02
7.643537527322226410e-02
-1.663620861762651892e-02
6.424977732775903616e-02
8.196796504480441392e-02
4.630870431695355283e-02
-5.413224499406678672e-03
3.998847611307951300e-02
8.715522909890954795e-02
9.270388386367069133e-02
-1.516432365789632808e-03
7.411466061115525028e-02
6.480509817053384247e-02
6.633176103420619640e-02
-1.664762565335118488e-02
4.443228638297287703e-02
-1.386738155111149479e-02
-2.047693797995717852e-03
8.107592262226524793e-02
4.624207179743969331e-02
-7.499440024684526571e-03
-1.887514250348057421e-02
4.093393857338489816e-02
-4.055308393573948261e-03
7.032827506429463471e-02
1.637004404757702244e-02
-1.701384289591205759e-02
7.650029657479093248e-02
5.226079781950981884e-02
4.088415167307722642e-02
-1.112683873058986465e-02
4.113289601665755246e-02
1.617459969020990096e-03
6.700460497181101593e-02
5.231817478989801706e-02
9.169471156430883396e-02
4.647776997035818480e-02
1.493906811427847883e-02
4.581511020070136442e-02
-8.796106994822609423e-03
8.821686571529212262e-02
7.949936550573102195e-03
2.803035045355123725e-02
3.674583075144577382e-02
7.367533131865731943e-02
8.086664053747874559e-02
-1.805858036699310373e-02
6.025010655767318313e-02
8.922608370873777450e-02
2.954160723197137364e-02
4.360617034791268443e-02
3.557591967723718052e-02
9.266251266267408471e-02
4.455432468043828143e-02
-1.965746547145522452e-02
-1.392963871362520867e-03
-1.956274121447556733e-02
7.194421838246847778e-02
6.109848414171928366e-02
7.807555378666886092e-02
-8.485504033103968835e-03
1.479169953418195751e-02
2.756037852745088848e-02
3.159619968722080646e-03
-1.101352053011550071e-02
7.650331357196253623e-02
9.378337762932231758e-02
1.371506321689148003e-02
5.893234207918462975e-02
-3.323309733992339116e-03
-1.547675475515174204e-02
9.555583000626760581e-02
-1.788006091429646810e-02
6.692065753914655524e-02
3.888226407745827562e-02
3.084762376584579760e-02
5.867885023996054217e-02
7.869902135579032176e-02
4.636016367317932763e-03
6.690737777325497793e-02
5.262319353370956132e-02
3.615896639357624176e-02
2.542640904229467522e-02
2.636313897941062676e-02
6.556406631790467898e-02
9.007497625857670276e-02
6.820118240656196373e-02
6.273317099579892031e-02
2.099417610954445665e-02
4.237159059847052378e-02
-2.901472551080131607e-03
-1.662832499511636419e-02
9.991251141479053077e-02
-1.741229226725725387e-03
3.658043509437783336e-02
5.904085449330371410e-03
2.450050912757685204e-02
2.706287531881508904e-02
3.187839422592075866e-02
9.136338981195332720e-02
9.495016060552599613e-02
4.531319580303272421e-02
5.276381548129610577e-02
1.877584333399370461e-02
6.988798014302945172e-03
6.571790955506423559e-02
-1.834448149712013254e-02
7.500406958748536551e-03
2.406038015050090614e-02
6.221249985047173914e-02
1.420586662560677921e-03
6.318697760334281155e-02
4.653881643304040583e-04
4.996184054920334294e-02
9.461645391524707571e-02
1.993182385465473369e-02
4.054579194744561965e-02
7.596356498920411870e-02
2.460366412208494016e-02
2.153087557222424162e-02
1.741001192826951635e-02
8.613803534250899507e-02
6.250886628846863413e-02
9.319648028832094866e-02
6.463357744575203012e-02
5.320494523053963254e-02
4.605635664342810909e-02
3.060911341553749707e-02
-7.294912617993469517e-03
4.354404167184328101e-02
3.535727543388839100e-02
1.581350662780564922e-02
2.163611104053809672e-02
2.146921543314165778e-02
4.109368103073417211e-02
2.837651310686137643e-02
4.632286711473226903e-02
