1.018589831760486231e+00
1.015132293734891888e+00
1.020100526074015690e+00
1.013512444414570890e+00
1.064601657758526665e+00
1.087806838740104309e+00
1.075520032594533992e+00
1.041490401350019468e+00
1.084141054340789001e+00
1.000366836209808818e+00
1.094398362099886723e+00
1.076542224190687236e+00
1.054018279467617170e+00
1.074826540777139128e+00
1.078841553464764402e+00
1.004861929919274699e+00
1.058704401242164916e+00
1.057214665203699999e+00
1.004108445342303702e+00
1.085318451349346347e+00
1.035750137370184953e+00
1.016269305819011981e+00
1.056161878971993096e+00
1.043586791286241766e+00
1.001721508457855014e+00
1.034094187251678676e+00
1.073107390853222265e+00
1.080787944767734876e+00
1.087167392760059137e+00
1.056962399223494220e+00
1.025280120058535749e+00
1.004010781688644327e+00
1.020119858479872077e+00
1.038214844082287369e+00
1.009360978633357053e+00
1.078008988049857120e+00
1.031845694381173795e+00
1.083693980470716633e+00
1.085779372849584812e+00
1.034529305873874039e+00
1.026256880111386494e+00
1.082136128033456268e+00
1.049431674057494934e+00
1.035740629053200301e+00
1.058873534042573894e+00
1.058289057312097547e+00
1.070265354338026054e+00
1.057191648638873938e+00
1.066775549572035686e+00
1.025851505935647667e+00
1.017590629606310859e+00
1.002827076918497484e+00
1.051866180820565821e+00
1.002878956443995273e+00
1.036288221834049228e+00
1.013934927460894864e+00
1.047975073478096375e+00
1.022561805722814743e+00
1.054373481102793608e+00
1.078666796429726960e+00
1.056902546371881302e+00
1.002309715453699512e+00
1.087417658060201298e+00
1.004105632191923725e+00
1.064071705536844048e+00
1.015783119538498092e+00
1.001510759317862265e+00
1.050991963536945573e+00
1.033607504727575899e+00
1.058383235224661156e+00
1.012743902626323189e+00
1.026293665071306371e+00
1.068065180029712513e+00
1.033248845280109851e+00
1.006041069364484120e+00
1.012306216359633249e+00
1.050199517718282127e+00
1.049045472351376684e+00
1.038932439486542236e+00
1.011717806527682839e+00
1.050215789223373219e+00
1.032286052402129561e+00
1.090357854825550588e+00
1.065534434967496002e+00
1.098329931533452486e+00
1.045226193575638840e+00
1.030601412753538781e+00
1.090390812446586422e+00
1.049011308423921651e+00
1.090458299086136229e+00
1.067365351315135991e+00
1.052113131317698569e+00
1.070268155917623032e+00
1.084749026186712317e+00
1.083314278955803678e+00
1.089247739349208599e+00
1.005697812605048647e+00
1.087734312416961391e+00
1.065539487938706120e+00
1.057222162653076891e+00
1.045014494955678552e+00
1.093898006227504105e+00
1.084974660921997014e+00
1.003205312976636732e+00
1.068452863894227001e+00
1.058920556409354452e+00
1.092513768172685307e+00
1.048935003735889326e+00
1.059923162440833622e+00
1.045182957568557391e+00
1.097627613298732374e+00
1.016925775906986296e+00
1.096894105420239462e+00
1.050239921289409795e+00
1.041513810774191251e+00
1.058721680286923705e+00
1.052420843480499579e+00
1.039229336260791836e+00
1.022331740364421426e+00
1.026547397680993123e+00
1.058822049707598634e+00
1.077523532748283275e+00
1.004984446047910485e+00
1.028193302335493220e+00
1.035255332034160647e+00
1.037493083632632151e+00
1.001396952572466414e+00
1.041888615667212470e+00
1.088818948677360954e+00
1.069377874206599799e+00
1.017069666891365021e+00
1.050320710560019410e+00
1.027842920195441101e+00
1.039904019751499265e+00
1.068693500509899863e+00
1.034200797409797312e+00
1.065332650746338317e+00
1.063906689281190809e+00
1.033319194286879128e+00
1.074609658490611519e+00
1.067355822362273221e+00
1.052466343746000010e+00
1.066163396622369586e+00
1.083543961090917218e+00
1.011548922426685593e+00
1.055429142204553417e+00
1.052729252566567020e+00
1.006674963882175922e+00
1.049666331173882083e+00
1.039402706438254498e+00
1.074030857212213030e+00
1.045249179407324869e+00
1.098307418459084639e+00
1.036738770264914677e+00
1.032987138739037247e+00
1.084921678125325917e+00
1.054359377394178843e+00
1.061442170317796529e+00
1.034347395400929681e+00
1.031031767937647059e+00
1.046385567395067273e+00
1.018034880463245084e+00
1.063155148044889531e+00
1.054689258500621785e+00
1.047183722627115454e+00
1.096996495388385284e+00
1.072456845870295661e+00
1.041769708660456040e+00
1.070381326682620760e+00
1.065348131832027256e+00
1.013776019811403861e+00
1.026757107377825662e+00
1.041503820546875403e+00
1.052381782103511298e+00
1.045117122446874935e+00
1.042379380430271674e+00
1.047200856131364155e+00
1.030725211096387595e+00
1.041519069023552513e+00
1.054627027139315443e+00
1.016870708952741564e+00
1.072635805362612160e+00
1.006196759706289523e+00
1.003819955177902568e+00
1.060714326519708317e+00
1.089093456057323106e+00
1.079453171913653087e+00
1.042910821959433632e+00
1.039533858778024733e+00
1.015027983652411647e+00
1.042994171862862363e+00
1.031159610087097001e+00
1.053038371052814171e+00
1.080189913829470605e+00
1.018986336100709211e+00
1.000360505447392967e+00
1.072122618141891248e+00
1.048363432687360985e+00
1.008314854983099362e+00
1.032264585381371447e+00
1.007728496599317181e+00
1.054395861728028239e+00
1.061193195504181119e+00
1.090067238361354773e+00
1.005847794685182262e+00
1.021274222438766310e+00
1.049494030699636316e+00
1.076511167457085971e+00
1.004544262946083677e+00
1.071952028601530937e+00
1.098716469938432860e+00
1.086587762421085568e+00
1.061182685127656011e+00
1.053665623608410096e+00
1.096286978715464988e+00
1.067294904986828774e+00
1.000028861275254144e+00
1.022640015596087304e+00
1.068613717544165898e+00
1.011104006473884764e+00
1.041807461674210566e+00
1.068805109754084715e+00
1.066363581516561965e+00
1.080933647956646926e+00
1.063814341579448319e+00
1.010908021624230324e+00
1.072257352561817534e+00
1.033362950064134589e+00
1.022074684931953525e+00
1.064583040933837932e+00
1.096949432626312948e+00
1.078794991930968949e+00
1.075377277242372420e+00
1.011479117981280318e+00
1.075130275863642515e+00
1.027095045076077406e+00
1.019231196085382374e+00
1.045104181665502896e+00
1.080589734368066157e+00
1.016361032221441807e+00
1.087193285343924565e+00
1.033968937688937384e+00
1.060111237636183645e+00
1.058606132202655647e+00
1.028731350473806039e+00
1.000715390332356014e+00
1.045506352035475928e+00
1.079602616557134631e+00
1.059251493125942245e+00
1.060889251723331261e+00
1.005596369475072693e+00
1.038151235578187004e+00
1.021381660108476419e+00
1.064392421490901075e+00
1.038554407148145620e+00
1.067256310940998709e+00
1.065805387408422567e+00
1.099876528507461426e+00
1.043932083268483080e+00
1.001244409107481470e+00
1.057145363079787126e+00
1.066056353118320477e+00
1.067446597417040399e+00
1.004982649814438078e+00
1.063460072140633983e+00
1.025231634141555936e+00
1.077566952484237506e+00
1.005654573222548809e+00
1.004371170708163508e+00
1.048031270347649535e+00
1.001803610960811719e+00
1.080639532250049717e+00
1.056004165050236754e+00
1.036970912313679438e+00
1.048834624440379004e+00
1.089914773208006782e+00
1.010638322154857160e+00
1.033267053458684970e+00
1.088392900574699729e+00
1.003900755846411474e+00
1.083982874295235987e+00
1.018284249615189596e+00
1.056613864690577831e+00
1.019913851181825537e+00
1.006570680616826641e+00
1.064616472937865321e+00
1.064567968647073926e+00
1.033035890090985953e+00
1.058610735353218368e+00
1.063399324968480997e+00
1.004116172577035337e+00
1.035830759532906598e+00
1.033148515680863300e+00
1.026749396845498596e+00
1.098658259206190868e+00
1.010495510371470562e+00
1.024752048781428337e+00
1.097891437807504644e+00
1.093270945804888816e+00
1.019209088764973625e+00
1.058621088837736757e+00
1.069695723559181744e+00
1.053069430042644639e+00
1.062313427040386671e+00
1.061597490568779056e+00
1.039601274639638806e+00
1.053358488792911940e+00
1.067811696349710626e+00
1.031083828278034353e+00
1.082924883170597985e+00
1.078059442262045753e+00
1.080463424330583955e+00
1.040885874078406159e+00
1.089529542007080742e+00
1.012885005544346573e+00
1.008592261116959765e+00
1.085178966948549206e+00
1.064575052046713877e+00
1.029964323473042453e+00
1.080787580979817530e+00
1.006083433281657058e+00
1.010188673211823485e+00
1.086942299940175216e+00
1.023402783254685700e+00
1.099829583753345164e+00
1.018464992861149332e+00
1.088952080643026399e+00
1.026262770454236195e+00
1.005413073383979450e+00
1.072340410743918948e+00
1.059292062118329936e+00
1.070437416930161145e+00
1.055903732584043464e+00
1.054463001378189935e+00
1.036348820660429437e+00
1.016364511128755144e+00
1.097174707616312750e+00
1.076674173600412177e+00
1.098672516378463859e+00
1.021787509610729838e+00
1.031466878181551916e+00
1.028630446693444389e+00
1.091992504474203152e+00
1.030716937355364626e+00
1.003727900532205508e+00
1.066154885289697374e+00
1.086277300577016103e+00
1.068739609690698478e+00
1.002188167761325799e+00
1.025259882991534921e+00
1.006519302539152783e+00
1.086633120151575094e+00
1.017600386442445215e+00
1.030986849614037082e+00
1.072201798089925884e+00
1.023041374062382713e+00
1.059632897777250893e+00
1.052749762949063417e+00
1.065251242400737652e+00
1.037815082392320454e+00
1.003460542584815096e+00
1.010523824509742763e+00
1.094272467435841500e+00
1.092717766080478325e+00
1.038095702744272764e+00
1.007255697371097547e+00
1.088730768420749673e+00
1.059527359317521178e+00
1.078310086546663715e+00
1.057827891225415762e+00
1.031791711807620082e+00
1.023418460363760163e+00
1.099090410622855840e+00
1.006250683068381502e+00
1.063782094744703199e+00
1.083709032912596237e+00
1.075468173644432479e+00
1.085804164614619927e+00
1.013034877087379160e+00
1.002836915410670215e+00
1.083760018545648407e+00
1.083671013485608015e+00
1.036434772889902156e+00
1.041834519299221773e+00
1.066972277477163056e+00
1.077459494427117637e+00
1.085890937433376946e+00
1.051482989197604079e+00
1.073712748249270543e+00
1.036970470245820675e+00
1.053634322593922423e+00
1.062947046466500511e+00
1.052803619386500467e+00
1.018744812473879158e+00
1.073508252870847501e+00
1.060773631075162093e+00
1.078462347299294688e+00
1.032499171538760585e+00
1.089952355215661806e+00
1.073453621732649799e+00
1.033696334972995734e+00
1.047820101532203285e+00
1.046218808791711474e+00
1.083000670360072748e+00
1.029110509504245652e+00
1.099687108739930474e+00
1.052094284326684726e+00
1.002219070472872176e+00
1.025685548574166717e+00
1.021249470123252179e+00
1.026310796832388572e+00
1.096374148057727593e+00
1.042288629060167171e+00
1.091317796095955917e+00
1.066455801234718059e+00
1.006190890007694128e+00
1.099347689806035921e+00
1.045894529727242173e+00
1.029458661421428278e+00
1.064155098114504927e+00
1.022914773764698415e+00
1.057981391345879985e+00
1.087010549512102742e+00
1.076224239456894161e+00
1.007120544044835198e+00
1.032071129381810559e+00
1.086970289956240565e+00
1.034611228020907436e+00
1.094355092526758222e+00
1.099498300018086905e+00
1.042781851644756674e+00
1.034645945729844474e+00
1.098177792133473218e+00
1.025560135512415316e+00
1.084419599583568816e+00
1.090447269352117887e+00
1.078199820730053826e+00
1.020817149352605924e+00
1.026609073913635539e+00
1.094733415599531856e+00
1.080769930793901379e+00
1.057944052517006739e+00
1.086847840179257840e+00
1.041594135053941272e+00
1.041776975730517973e+00
1.055564143687220291e+00
1.051712645030989046e+00
1.016299739064439489e+00
1.014792643936812011e+00
1.075144044351900918e+00
1.092862684348813840e+00
1.018199932205060554e+00
1.098820756704421031e+00
1.041775835861792121e+00
1.057560631728406308e+00
1.004279973031357187e+00
1.066207622459430571e+00
1.083902882957923364e+00
1.026122336692745884e+00
1.094421077880713522e+00
1.063506560266676892e+00
1.081470949606636145e+00
1.004178888460980135e+00
1.072242125097712995e+00
1.071917026582004162e+00
1.012620836399204638e+00
1.048695470801259244e+00
1.022003416127330366e+00
1.001929695721150537e+00
1.025219638034132519e+00
1.089301964818956803e+00
1.046209618656155804e+00
1.079904828554871798e+00
1.035124330947931437e+00
1.010582865474046743e+00
1.028024498317712032e+00
1.018955095472893868e+00
1.055761625948815619e+00
1.081722321788514130e+00
1.097242036989304337e+00
1.058793530645455006e+00
1.014817601009504466e+00
1.057365401417245332e+00
1.019949822584245158e+00
1.034112481930281824e+00
1.077440001659269342e+00
1.016963122422134491e+00
1.014272084073156055e+00
1.058412512845738895e+00
1.034898875403277518e+00
1.063424430778790342e+00
1.092249902076969592e+00
1.041037480389488845e+00
1.048959055926495854e+00
1.014892336306729037e+00
1.070646338286637800e+00
1.034885815578838297e+00
1.037032375216087710e+00
1.035721943055161409e+00
1.089594284243203592e+00
