1.674757688902071481e-02
9.235828428706924220e-02
9.971926008158027432e-02
3.454063587413469527e-02
9.878433184570979686e-02
-1.313309177101776304e-04
7.477288960330502610e-02
8.783608498273524912e-03
8.660569654791273886e-02
7.951848241850090204e-02
4.549526851823995632e-02
1.031972351843364610e-02
1.188238177152782862e-02
5.093579959139735158e-02
-1.957634532620595655e-02
1.789985126695002940e-02
9.150001823189780892e-02
-1.926867721724445648e-02
5.545698268161013134e-02
9.539959387133541135e-02
9.156362915170715433e-02
4.253900016433204145e-02
6.735854044608126368e-02
2.994535973766915618e-02
7.748416591897401562e-02
3.275133671076162212e-02
2.055382057082240019e-02
6.478830124513622335e-02
9.942863809285273913e-02
6.542099691190890465e-02
3.012022147222634741e-02
1.936304139602964755e-02
7.232220552884185971e-02
8.798109785680291450e-02
9.984470882849358353e-02
2.721505985259359620e-02
-1.348373822647324846e-02
8.028153346636394960e-02
7.271477213582316912e-02
2.420450431976852931e-02
-1.152986399581091594e-02
7.803999599506492024e-02
6.413570127335591065e-02
7.927029168758956135e-02
-1.142309745235605724e-02
1.960369617963652819e-02
8.960439959867443072e-02
3.193550073095630104e-03
3.903718963619363935e-02
5.350027635527260239e-02
3.120563765916691337e-02
9.040064379909761028e-02
5.605576990574712148e-02
4.472633382522563095e-02
8.422960418037946095e-02
2.699439466690953596e-02
1.377491936105131390e-02
7.861802885169337507e-02
9.380297493995481961e-02
3.437259174101782444e-02
-1.159625197347722257e-02
5.627828525957861983e-02
3.584027408703728546e-02
8.223823220428355674e-02
6.432475426275516273e-02
9.013086557562334511e-02
4.643726393850750034e-02
8.913389131648373487e-02
2.786733895577320208e-03
6.601259937287101698e-02
4.358347466946198984e-03
-2.685806275224272843e-03
1.514291337955144326e-02
7.676584439175664076e-02
1.489066264248204222e-02
2.270540287060736698e-02
6.068674771570230220e-02
6.505010992422879945e-02
9.604675431087207615e-04
-1.309718116732442976e-02
-1.744269055752994610e-02
4.890583748227986943e-03
2.048547030887461554e-02
5.368977053840684466e-02
6.037461853435427406e-02
2.533124204434274510e-02
8.300859961407226761e-02
-1.760454932999756805e-02
5.544745905551724807e-02
5.379625681659148950e-02
8.796885551368857636e-02
6.678388850360136852e-02
5.788044228007911685e-02
1.925699457729033656e-02
5.871359829777911266e-02
7.862895485201219781e-02
9.894664517508108825e-02
-1.436476316515594015e-03
7.823709488137275264e-03
5.299352153460325232e-02
-7.897433209945962235e-03
2.698091506371048595e-02
1.565897368235368362e-02
2.441780214438684163e-02
-6.441165331019269719e-03
-9.126454463127382788e-03
6.988927111487111543e-02
2.673413987266315753e-02
6.875898043670991555e-02
1.633152484343407609e-02
9.430338894848339093e-02
7.802766008839855105e-03
1.766844225584787362e-02
5.508910222293335324e-02
4.869595250049145452e-03
9.053901404347684811e-02
9.796270867065928756e-02
2.200352818549837150e-02
-1.645783741863813751e-02
4.286235140553094902e-02
5.687212374873880372e-02
8.626525310285096393e-02
5.160255430994654946e-02
5.756625989842778512e-02
8.572490255109301016e-02
7.829214523346052224e-02
9.354044566080250978e-02
4.323594488105463041e-02
4.818268881749672439e-02
4.127829430781664033e-02
6.839842049729083495e-02
-1.648165212035388599e-02
-1.762161596071499733e-02
3.985000515491310402e-02
2.892331032949253464e-02
-1.581046221729467266e-02
2.572900941202535194e-02
7.352599935987748359e-02
3.748991966826004107e-02
1.350369655648984632e-02
1.728182456571481992e-02
-5.818859191363365269e-03
6.607554152751463072e-02
8.514097271052696592e-02
-9.518975101998380928e-03
1.402141541982291836e-02
2.637115343704335771e-02
-2.695214337557417378e-03
-6.332492095075074878e-03
1.241434773876725142e-02
1.118277865599099849e-02
3.458171512412398785e-02
4.773359729452243683e-02
6.258513499603240993e-02
8.530867920721682540e-02
2.479391456458019186e-02
-1.700966576171093758e-02
5.652890418606586198e-02
4.017534771042435837e-02
-2.907454662474440177e-03
5.622843421275239284e-02
-1.287296304705691334e-02
3.435726054646374983e-02
7.717354140844411015e-02
1.665898206622887581e-02
-9.180826976838120379e-03
7.942123799815595242e-02
7.795077441376854765e-02
5.363254935455318007e-02
8.297415642390079671e-02
7.570868342779618620e-03
8.667769449973425355e-02
-6.547682551269312298e-03
6.358069248188996658e-02
1.371843383451113244e-02
9.794926778753203223e-02
3.593969674292903094e-02
-6.083366337308548921e-03
6.291571170843955618e-02
9.051858740147462890e-02
8.874846840195615982e-02
-5.037444526125150687e-03
8.723466392463545549e-02
-8.209422339242457983e-03
8.624897343474703659e-02
2.782980405766008469e-03
6.872771944561439916e-02
2.973050740727692723e-02
1.193053915138828427e-02
5.071794564782233783e-02
2.630259951130286059e-02
9.643477737262491634e-03
5.428537187499077321e-02
7.530558018361570294e-02
9.659201091468926081e-02
6.612711126025121178e-03
5.206304553843581207e-02
6.798700182480266196e-02
8.060624335928691375e-02
8.705183502401331319e-02
-3.595708107160987960e-03
9.837604249414029500e-02
6.554638272346603733e-02
-1.268282570678588503e-02
7.786237357722919361e-02
3.329588817626925878e-02
8.476306738938509111e-02
1.889434228011390229e-02
9.269451758714724460e-03
6.151736328630508233e-02
-1.287187074283978327e-02
8.524810021403904370e-02
-1.465362140666485319e-02
7.925855672184882461e-02
-8.493548900096755880e-03
3.123577170080915275e-02
7.351215337374379655e-02
6.449484606628433370e-02
8.380668872403658487e-02
1.603080118598582474e-02
4.587829625346760698e-02
-1.470119699862705576e-02
4.905280713291297612e-02
2.949863179837422869e-02
4.142066903079620610e-02
3.606531568682030953e-02
-1.072008142185254878e-02
3.321495115250555630e-02
8.587825659061627814e-02
4.784927798636594287e-02
5.705094139558768151e-02
5.436263704341573466e-02
9.452122300804173538e-02
8.548613155083413517e-02
8.973980226455254006e-02
3.808009623657020171e-02
1.353166420576088977e-02
3.565242809360533172e-02
8.985288380231408467e-02
4.858210759822195746e-02
8.138763457994417638e-02
8.566286830869539182e-02
4.832681172808903081e-02
8.391344106205442244e-02
4.589061650225215172e-02
8.966594508509458106e-02
-1.516563052921632640e-02
9.746906151979863042e-02
-1.938861302641924078e-02
2.089051224162718698e-02
8.975233063199697381e-02
5.108479242893149141e-02
3.661701519964845331e-02
7.504160758965082445e-02
6.452705759771217020e-02
5.286261420089048702e-02
1.879571132000311048e-02
6.767365971619970777e-02
1.050339335184714146e-02
8.441669603462578775e-02
-1.159282215516468754e-02
1.892246063709723466e-02
6.119299691105341277e-02
6.197796509756815786e-02
-6.322806032448662072e-04
6.407576736773096249e-02
-2.471646107267692211e-03
8.304429141359470634e-02
7.219372547733667045e-02
4.967835179151935954e-02
2.595550400143916900e-02
8.474447652074149073e-02
7.715748552921551651e-02
8.670819496230025569e-03
-1.524539820076277474e-02
-1.472637271789648677e-02
7.143964702673384626e-02
1.760469022479003651e-02
7.934899032822483045e-02
-1.236573169839681394e-02
6.183364917914503656e-02
7.919775593478679820e-03
6.453128080722089766e-02
5.385340239779559668e-03
6.635321941965936776e-02
1.071489610957428174e-02
8.149109366798548693e-02
4.805067844702445856e-02
7.185868537948779389e-02
6.421377243726036910e-02
2.263077761635991572e-02
6.221048457170301471e-02
9.875145944892738115e-02
4.139839023086604175e-02
7.540344539972838878e-02
6.707769134313627812e-02
1.751130718003524392e-02
3.744559967631327230e-03
7.825951022607906260e-02
5.490927615750085256e-02
2.803618778077785270e-02
4.459666856502914056e-02
8.868526159842263223e-02
6.351003333367971626e-02
1.863010414956048008e-02
9.545088600755179120e-02
3.889501447474824625e-03
4.209249444348624192e-02
-1.146069687232666515e-02
9.973104057860112531e-03
9.293413593920701876e-02
9.898009615153424701e-02
9.258044811688057041e-02
6.302378850768713264e-03
5.684042823132917643e-02
1.663158006489154350e-04
3.219886399588156589e-02
7.052224092631631525e-02
-1.740525326452565733e-02
8.239562867264401541e-03
-1.597706320296980037e-02
6.120130646033025701e-02
6.504364082142875814e-02
1.608740871929158212e-03
8.916599374408210044e-02
6.899209998843200409e-02
1.059466689146110890e-02
1.066686425508106897e-02
3.913764770787778180e-02
6.716171339042172755e-03
-6.523950369800440852e-03
2.612693444344107649e-02
6.134776753241784342e-02
3.434981663320998968e-02
7.121553205292811828e-02
-1.783004239247759290e-02
5.362083219749561036e-02
-1.361415223358596049e-02
5.215249188961512683e-02
-1.385611423961344638e-02
8.521775435417063005e-02
1.193573782931229774e-02
5.237319320219757657e-02
9.150585792338572499e-03
9.762431855331485386e-02
4.732703139977949280e-02
8.072236118442177588e-02
4.628776875047248274e-02
9.244855621610554436e-03
1.289173688785670222e-02
2.717913528109448459e-02
6.621903657627616069e-02
3.046648817218702496e-02
9.243649681472868029e-02
9.219848755210682811e-02
8.507822714011678555e-02
1.617162628058338783e-02
8.896183722152759682e-03
1.781056612257801361e-02
5.644488200820027557e-02
-1.505063283050166699e-02
6.754405933580707316e-03
8.758103764119094803e-02
9.737854984890266519e-02
5.701186578852608655e-03
9.493062267561173939e-02
4.456250855368228125e-02
1.847873262151042070e-02
4.884390498141294445e-02
9.798878020385222432e-02
9.776937447246769608e-02
3.109220076881619513e-02
-5.195506469319374071e-03
3.527951498569482924e-02
8.523405801357132605e-02
-1.017503961074779813e-02
-8.179701110120509225e-03
5.608780485280931427e-02
3.490507631920229670e-02
4.618421572736462755e-02
4.605548376094288632e-02
3.103905882792526091e-02
6.907949297491987328e-02
-7.062490772617197043e-03
3.184942024744644162e-02
1.009521578826134969e-02
7.842301146260284572e-02
-1.093997280192009029e-02
7.126846240868460469e-02
7.488882234938951110e-02
5.039711702699253837e-02
7.892786759227966853e-02
3.555695307246799219e-02
-1.486468782429833935e-03
8.329082789425915068e-02
5.715655062321052526e-02
-1.413008951789351819e-02
6.631118324777622586e-02
6.956732362388029500e-02
8.588257423088239972e-02
8.586449923180744515e-02
2.570619947920594825e-02
3.714589084280378595e-02
8.892525569871471969e-02
-9.406107520024171650e-03
4.264431914272864832e-02
1.525624324992431655e-02
6.850342032795413150e-02
9.482411069289860273e-02
8.096156198113992064e-02
-5.685684518374140364e-03
-9.490859364722686875e-03
6.861715232485725985e-03
6.674695503368330979e-03
5.862047356194929892e-02
2.433182563360631462e-03
9.379413607388337182e-03
8.208065863281555075e-02
8.036138834310162238e-02
4.174844426995404090e-02
-2.176654229148127645e-03
6.409847829300498179e-02
4.272543896851099809e-02
-1.074742234390626064e-02
3.393443531731503426e-02
6.792109461296588768e-02
3.220323098216716640e-03
8.559301773120225887e-02
5.537026770806738329e-02
4.814896086478073767e-02
7.897135617978597033e-02
7.936900062290928870e-02
-4.468312919950543152e-03
-1.466315256787186459e-02
-4.737405769245065304e-03
5.674472640043833754e-03
-1.353620976348442889e-02
-1.455223352913315171e-02
3.327621785142714783e-02
7.232294809633374455e-05
8.224481315336340526e-02
-6.366745333278344202e-03
2.420667606427765253e-02
6.936189696117892045e-02
9.540652148532403898e-02
8.551119744764586195e-02
-1.847448615354875881e-02
3.615424506024142448e-02
1.827478797401519209e-02
5.192807503088034404e-02
-1.565268082948637410e-02
3.642238674340002313e-02
8.339541308674727760e-02
6.227919284272344369e-02
7.152339031737946218e-03
3.791685578152557967e-02
-6.242270892130323892e-03
1.098970227382044945e-02
7.385688385583320803e-02
9.256611596579998602e-03
9.678511159771482908e-02
9.861121108282580594e-02
1.558267983651579272e-02
8.338190140381433746e-02
7.092780797754849598e-02
4.207139325107532579e-02
2.407785634546077969e-03
-7.523526094694615862e-03
-5.860784251237110068e-03
2.417897064842799981e-03
8.344217217551765098e-02
4.532057087470922618e-02
9.015057239741175454e-02
-4.555149317126238120e-03
9.462273480728462804e-02
4.576175452771912011e-02
3.888905247141255517e-02
4.676818458078750573e-02
9.127721741225389152e-02
2.047313461616573696e-02
3.725745445919084742e-02
1.128168119029569760e-03
3.240547313490005354e-02
9.456174326925440021e-02
4.908201453988281227e-02
-9.337621397184850056e-03
3.674235524284315269e-02
-2.947889958857825149e-03
3.908647322000435853e-02
3.533800226165061120e-02
1.091333041778715790e-02
5.399307912585001035e-02
2.975890414843565188e-02
8.728505071625548839e-02
-9.489851495726465622e-03
9.533699867373604531e-02
7.706539491661572316e-02
8.202451957380130221e-02
6.066424999179140243e-02
6.015255937488801774e-02
7.062343077622376675e-02
3.744216079747064718e-02
8.993097812718292561e-02
3.292781707767372668e-02
6.696817983944049202e-02
-7.081728560138835296e-03
9.526358053509817458e-02
3.004109636050637452e-02
-7.824474628935346177e-04
7.313804033150465844e-02
6.411528563268248382e-02
-1.848597119527155275e-02
8.813096491714260405e-02
6.711786648800568966e-02
3.935163523738106905e-02
8.816540135508883769e-02
9.390671965076850813e-02
8.066839779946287370e-04
9.233282847657069137e-02
4.446031314995881056e-02
7.279859531478273527e-02
7.524964183059734690e-02
6.064824298294152483e-02
1.753769712865720434e-02
8.788584267502246028e-02
-1.938773146504118444e-02
-1.732526320782436929e-03
7.562370475868784858e-02
8.777858290579566847e-02
5.291348607917739644e-02
-1.549591809262348269e-02
3.111574931373116415e-03
7.032274811716812679e-02
8.823533915216413837e-02
4.630171566742838363e-02
6.267316339911747913e-02
-1.875189218941141628e-02
-1.616512940372617779e-02
6.502375861694201231e-02
5.803722931451725520e-02
1.969938067090925768e-02
1.670548989406643939e-02
2.045531825800182488e-02
5.654741964128284781e-02
3.572058895808361001e-02
5.059878892739398670e-02
1.446817678464689880e-02
4.925016070552749869e-02
4.864951530520060519e-02
8.144646391516148498e-02
-1.101706619848727420e-02
2.329686821488014328e-02
8.853128889469613627e-02
6.689376286862559751e-02
1.346984029881326608e-02
4.418605727442213860e-02
3.456561130765913037e-02
-1.542826457754240509e-02
6.854465254628558379e-03
4.970844195269506771e-02
6.619896299978841880e-02
-1.110665110233687893e-02
2.265742818877362896e-03
2.725136507700587005e-02
5.806121785846546368e-02
9.929722202102136963e-02
3.143241253336377661e-03
3.707960158431934661e-02
9.090478833077539345e-02
6.253088896839818778e-02
9.363470754525610174e-02
-1.607931196400889245e-02
-7.683113296896408595e-04
1.487445649148644647e-02
4.432028042846877791e-02
6.083517721039580217e-02
1.621682139390371799e-02
-6.444084182352049356e-03
4.562778753764619444e-02
9.673903467409723789e-02
3.124895868617357311e-02
6.451376971720695908e-02
4.214374160894045207e-02
2.568330052771562039e-03
9.330367265356677431e-02
7.565660918282250680e-02
9.887304866874288556e-02
7.226700314057313279e-02
8.426935111628844344e-02
6.837515282266344585e-02
-1.751957488479724545e-02
3.650216401127254207e-02
6.631721280221943016e-02
2.829528377123652697e-02
7.102768652833454932e-02
3.284005644503670829e-02
1.231808456011075290e-02
6.811426886742340259e-02
1.498174878279100175e-04
-1.619212734073642926e-02
7.384382349361742759e-03
8.422832699036379017e-03
-6.896950768122049255e-03
6.990973746869491579e-02
7.751338535363333504e-02
1.312640279084112752e-02
5.166619715693716863e-02
1.912094055786413282e-03
7.192342254369839261e-02
4.635431369935384682e-02
8.970878503293608364e-02
5.910066370233869881e-02
5.595165870286802901e-02
1.748924995272330488e-02
7.456289884132834278e-03
8.797009525653358419e-02
6.495978740821536923e-02
3.959716906957415350e-02
2.910695155467868042e-02
9.730663236047965015e-02
9.814691277702490557e-02
4.024719386098524199e-02
2.462990615450947815e-02
7.598753694621239452e-02
4.802878207521173171e-02
-3.913456034310400927e-03
8.715164728432617247e-02
-5.503655530245121774e-04
5.227888941038781601e-03
9.062551844300585635e-02
4.766812149852887870e-02
3.456394368964554875e-03
-7.834365399676836150e-04
5.949461073027492719e-02
9.737253075160834381e-02
7.801733124341676817e-02
2.648466779100942456e-02
4.617822347824240836e-02
5.961611522800366880e-02
5.159981914810005121e-02
7.598032421932400526e-02
4.214991079487383219e-03
-1.122513628887519821e-02
2.007852646687604062e-02
6.405419110368039404e-02
4.660408462034276722e-02
7.519216823136727623e-03
3.567088583583979955e-02
5.228446157837962627e-03
6.908154233574055614e-03
5.689997621237173620e-02
4.027313421071290755e-02
8.431601896938126228e-02
4.899664957257006404e-02
-3.397493248544831979e-03
9.636252991220273234e-02
7.133744913595399528e-02
9.569713821223334305e-02
-1.741594729574861417e-02
1.560199922125227526e-02
8.768498862110152281e-02
2.554660972515787956e-02
9.834788283132664399e-02
6.738168618150516820e-02
4.125606299929091003e-02
8.861283823071873511e-02
1.064966461673477749e-03
4.329046333987066064e-02
5.212433208734157386e-02
1.383809550845409644e-02
1.117710849926170646e-02
6.379689936750612689e-02
4.759672851898531787e-02
-1.967458725126842306e-02
-1.830549710474095246e-02
2.815273035937393073e-02
5.582949608489581883e-02
5.584962407319433997e-02
4.489232942743200117e-02
5.128668111023969300e-02
1.388019434911336863e-03
7.828054108595766669e-02
-1.196169278200723968e-02
3.764507909406268615e-02
6.722255055305036142e-02
5.076075849128590389e-02
-5.225847707588718999e-03
4.246838452266783748e-02
5.499744135761797104e-02
1.617479183400439072e-02
3.205490141582278962e-03
-1.062371428390854015e-02
3.419213258625201923e-02
2.328114982646038375e-02
1.457645739611480168e-03
-1.948314545614084764e-02
2.645057511390574989e-03
2.419564642398009877e-02
6.650462620033464889e-03
-1.595296551447611053e-02
4.027164719399147635e-03
7.081173597602817560e-02
7.681478085732769412e-02
5.006624541637604009e-02
8.687159940599026298e-02
9.964927067494773472e-02
4.841881148701997206e-02
9.084386318069109789e-02
5.291585071816497232e-02
3.400081636532602258e-02
6.862892581315419016e-02
6.328220525277131192e-02
7.772762454039133795e-02
7.875015401603521759e-02
6.313718150406499863e-02
-7.190665688955877322e-03
1.815690407219274285e-02
8.759451098166329275e-02
4.207045828266028215e-03
1.380548391114586396e-02
4.485481858532340549e-02
6.537022734088007714e-02
4.915526989816974834e-02
5.923877727832833201e-03
-1.916516541943831184e-02
8.228061294130298298e-02
-1.526697416049868292e-02
-5.757729753035295203e-03
1.314630439047556262e-02
-6.182982057244233720e-03
1.645931947714516716e-02
5.252464819731608725e-02
4.912191218371229906e-02
7.825006594970207452e-02
8.364254103555988917e-02
5.518600757504756038e-02
4.851886911221080234e-02
7.076291107450324858e-02
4.673445581572319152e-02
9.972560464280857961e-02
8.299918336762261706e-02
9.433205907858036032e-02
5.519351005246138364e-02
4.760725123607174869e-02
-1.171801282524432587e-02
6.371096860384686811e-02
3.986902508087836194e-02
9.014398529310417574e-02
3.987745533964437428e-02
4.850324468077889251e-02
8.887888402309905567e-02
2.870100871704549250e-03
5.271267437748322626e-02
-3.993396151427845708e-03
1.738177026281209972e-02
8.358644870965248330e-02
6.705879016553367711e-02
7.233839812091884258e-02
1.694480941703462376e-02
3.992804768933326531e-02
4.549597009694590632e-02
-7.108489839846517805e-03
1.381679187474877876e-02
3.999836175259272042e-02
8.702903222832765462e-02
7.412522944748708986e-02
7.636937913342950468e-02
7.917059235217716040e-02
2.814179255507867974e-02
9.726531965670529023e-02
2.894005679718303012e-02
5.412910801797241045e-02
6.872921671279429157e-02
3.058475550566814791e-02
4.607991996239227395e-02
3.679998013099014531e-02
-3.645557249595247906e-03
9.460705970361098227e-02
1.618402352717223866e-02
9.817078419415031787e-02
6.925418065450859861e-02
6.550187230393254845e-02
7.072746698792478637e-02
4.790763305061863930e-02
6.393953240767000223e-02
7.695426897218139717e-02
2.745231755896089879e-02
8.730078834401841514e-02
5.133401347811010484e-02
8.779582360855414658e-02
8.683047525854707682e-02
8.228881919878471007e-02
4.458361933755441986e-02
8.281910180895883655e-02
7.577916454111742472e-02
6.711134824519909836e-02
-2.357800982075136664e-03
1.008695130173797513e-02
4.304295025535999353e-02
9.073727780483978322e-02
1.699005893244988352e-03
-7.597725497094504066e-06
6.436489366206048224e-02
6.195945589893704641e-02
3.860651404988003910e-02
6.013399087086053474e-02
8.479224914007327252e-02
8.684642736998730850e-02
2.195819282452592461e-02
5.864001847782292914e-03
6.139121088937517234e-02
7.028816765703801983e-02
2.526352980724498945e-02
6.715292490337851361e-02
4.306976764050707285e-02
5.816509159571908727e-02
2.702792206534042688e-02
2.017571567982820793e-02
2.164863078687058809e-02
8.900116645938799254e-02
5.872751960305541696e-02
-4.240312667838103816e-03
6.195919415925596474e-02
4.701597394292023058e-02
7.005073312275125752e-02
7.704810318842780781e-02
1.947165087730542282e-03
7.882117704636484867e-02
5.068733772306090180e-02
-1.202257625446154742e-02
7.592244235511970418e-02
6.329162741822072502e-02
3.266002449941207697e-02
-8.567713222152283786e-03
1.669843898630529386e-02
1.783219841852793155e-02
-1.111816222437487199e-02
3.660180272252419598e-02
7.618757132814693578e-03
6.614238046319505238e-02
-8.218209484283790778e-03
-1.958609506764501587e-02
1.280121387770854699e-02
6.902231706289689572e-02
1.383766981611741012e-02
3.246728360121878265e-02
-1.458151770671940739e-03
5.371198939844502862e-02
-1.690244895963435856e-02
8.753804962176075372e-03
4.949301060040536826e-02
4.586302594970483038e-02
1.453327037622978088e-02
-1.314649943862262679e-02
5.119381596375281729e-02
9.484942737097379339e-02
-1.338590944337159951e-02
9.315363824089381573e-02
5.539451430228885254e-02
4.002342760253939369e-02
5.775174840411120836e-02
2.625736968487260917e-02
2.814578616643890682e-02
9.263036446091937881e-02
3.777227101995186964e-02
4.868092438673862765e-02
5.538021660371900134e-02
1.920757367379809233e-03
6.140130331152222898e-02
7.515676002048168880e-02
6.246003928400306604e-02
7.477160162641371954e-02
2.896767256627880496e-02
7.970645450550470357e-02
1.508132690557885749e-02
6.422418420715431120e-02
2.621204542509066385e-02
6.813120729737170977e-02
3.065370636822458209e-02
7.911974367763695282e-02
8.224461252295012237e-02
-1.185085483750397510e-02
1.793396384974641974e-02
1.448154448998644275e-02
3.995762448944716050e-02
7.199002944943318216e-02
4.722697543270808207e-02
8.027225193757653310e-02
8.284945567985244064e-02
-8.810473755405671265e-03
4.837020028629963886e-02
8.619138952961333255e-02
7.824288464104832419e-02
8.214729535868552091e-02
3.866750807632931414e-03
2.265139246021853972e-02
2.395048703044403912e-02
9.788245906821092801e-02
8.817092464501113253e-03
7.010397201397360056e-02
7.067662618389720930e-02
3.665532900495142854e-03
-1.033326681827581237e-02
3.272607902801712154e-02
-1.944376581437141233e-02
2.776102438923898699e-02
8.533398866637946500e-02
3.386626490029957803e-03
7.875254498174581730e-02
7.921698413386690785e-02
2.015752588716830315e-02
-9.032771997890395518e-03
-4.472176445269638451e-03
7.411177117274750370e-02
8.377728433243214479e-02
9.336203924824458544e-02
-1.742695602498158317e-02
5.570535220884284544e-02
9.785189750981995727e-02
7.805992583232547466e-02
7.320041268269202039e-02
4.789318071995689319e-02
9.899784082560432463e-03
5.675009899791742807e-02
4.428387595422655920e-02
8.586003017509753754e-02
9.031597236411224860e-02
7.125014025271374229e-02
9.928675423580655968e-02
-7.355061052515135880e-03
6.667735512876248050e-02
1.923442841793376532e-02
3.247547848048087937e-02
2.818638097694845315e-02
5.663268015382408316e-02
9.675628611785744293e-02
7.189419434270905018e-02
9.576778318832070147e-02
5.372361046302151499e-02
6.094801937533056435e-02
6.574340707625492275e-02
6.424035216537790638e-02
-1.701954165434942795e-02
2.562264506647485979e-03
2.330743207135485204e-02
2.981573899515347140e-02
4.729076182423501418e-02
1.411562488208378124e-03
4.404061223164378036e-02
3.751053264664738762e-02
7.938280281677780048e-02
6.901130637620520036e-02
-1.277778213894486745e-02
1.263939186596641992e-02
3.100430175495973162e-03
9.851384296126311502e-02
6.707308274433811113e-02
6.222699572224889286e-02
8.287172703796055750e-02
1.488851171695428424e-02
9.960505876295433492e-03
9.467266369944345172e-02
1.055238297937103817e-02
4.800055031395765448e-02
8.170266779724433270e-02
-1.214502366429655485e-02
3.781619862832058532e-02
-1.629381721985838360e-03
-1.704863929757329671e-02
4.538974051073106641e-02
2.798205095498104353e-02
8.000866558878495793e-02
-7.725542308599413557e-03
4.848145986156984777e-02
6.487991481759391998e-02
8.808377400055249218e-02
8.963113707754362391e-02
6.851265537827809504e-02
3.283501226887480806e-02
7.671348105777807402e-02
-1.689507627225279515e-02
7.048639759691519013e-02
7.493665372454194618e-02
2.311599554897735345e-02
5.175539725908995248e-02
9.577270159192792509e-02
-9.168165582460002794e-03
9.942238276689466248e-02
7.483584601073599296e-02
-5.267577045711270556e-03
9.868643489852070572e-02
-2.505041907249806049e-03
5.890933250410575195e-02
6.303328513120737275e-05
5.909196371316634278e-02
2.888840578120079744e-03
5.706473977882058068e-02
1.920743634246875262e-02
-1.158827407624959602e-02
8.473073736704578307e-02
