1.025445177052193513e+00
1.099385650797557012e+00
1.059115565906829204e+00
1.066697395270276738e+00
1.037157202137813261e+00
1.010013662074318308e+00
1.072501691386645195e+00
1.099595014464853637e+00
1.011890544934599623e+00
1.031803813729929908e+00
1.010225842135669572e+00
1.055589812024645191e+00
1.062338064550891081e+00
1.073890893248275136e+00
1.079733258994205025e+00
1.096444005895097940e+00
1.035531985963995538e+00
1.026766554139403986e+00
1.077381750025904417e+00
1.017582815911036276e+00
1.029552555974482475e+00
1.027663396398126983e+00
1.056969767615110856e+00
1.022672112313269155e+00
1.026750619490266914e+00
1.090996312708427673e+00
1.025376519268449194e+00
1.028272471194497051e+00
1.052623252498924522e+00
1.012272188517966631e+00
1.093787381958160720e+00
1.068765786632211778e+00
1.027258227459998841e+00
1.089827201371198706e+00
1.032759165293973602e+00
1.059898754542754062e+00
1.063657356410548482e+00
1.001092936042677684e+00
1.026467793286205188e+00
1.011867043143523048e+00
1.011330983631027580e+00
1.065717992114216361e+00
1.004734492545432900e+00
1.022947152808650895e+00
1.098864483707315820e+00
1.044338083098000025e+00
1.069753575970304960e+00
1.062333156119275479e+00
1.076145117526354777e+00
1.094560109217813659e+00
1.005374136407147567e+00
1.062668150828812275e+00
1.092188076375408823e+00
1.093499476202199894e+00
1.006211587723773393e+00
1.092063513559496934e+00
1.044883052498890796e+00
1.025254940645423662e+00
1.086369692228129402e+00
1.041459874318920509e+00
1.096873364712551480e+00
1.075945492961694505e+00
1.070124501691041008e+00
1.052977097558150277e+00
1.005034801464186778e+00
1.098928479646147816e+00
1.082809236799338937e+00
1.094240343193584319e+00
1.055176530141275437e+00
1.035600784961783205e+00
1.017132702820581658e+00
1.089009579087614199e+00
1.085520235436419512e+00
1.023711943070457320e+00
1.047655713014861378e+00
1.063372238072365805e+00
1.028770368793446854e+00
1.078279119411156506e+00
1.089407703498802116e+00
1.074035791398763706e+00
1.088139207774539985e+00
1.067419547260811008e+00
1.076406937227384786e+00
1.068410177441460274e+00
1.087936442524546576e+00
1.011576704537911819e+00
1.089896477993146373e+00
1.040875759206560280e+00
1.049112149628072199e+00
1.021789491304495812e+00
1.021302006421332509e+00
1.059234338016358912e+00
1.055822589160444691e+00
1.066497029451777490e+00
1.035017565292302599e+00
1.016601076662996928e+00
1.076825673212751910e+00
1.092165205098648117e+00
1.085024312920292333e+00
1.096188037982393615e+00
1.008878942460516681e+00
1.035363180318686682e+00
1.072734258191519574e+00
1.006604759792615766e+00
1.092170064051469325e+00
1.032733132491736816e+00
1.055556104434489439e+00
1.004432521428269443e+00
1.067510190529378677e+00
1.050328109746024863e+00
1.044112008682341664e+00
1.085527399382081315e+00
1.010838437894264086e+00
1.011527578647650749e+00
1.098675698679385526e+00
1.055104314511938979e+00
1.047850589710894509e+00
1.085364327804648310e+00
1.021619151825530203e+00
1.068068462348449099e+00
1.030341776196953330e+00
1.005342857573545912e+00
1.095296121597115535e+00
1.010367650700509490e+00
1.088326264739383653e+00
1.077627826635443098e+00
1.074296879960349393e+00
1.007052543045884763e+00
1.001118224017314873e+00
1.005011486634007412e+00
1.011841170856990990e+00
1.077565270366779071e+00
1.040993184167131158e+00
1.049946614166197278e+00
1.034553982623457546e+00
1.050775358016708960e+00
1.026884723909977426e+00
1.045595075905159321e+00
1.006715000454210696e+00
1.033968818621476160e+00
1.028937373244060538e+00
1.084713822058857469e+00
1.073345046791847723e+00
1.090368024907121258e+00
1.070136132392407458e+00
1.069980975446777727e+00
1.082165818280309555e+00
1.034889588537218463e+00
1.044952897024100880e+00
1.007346911539317658e+00
1.006329233208805185e+00
1.038479125553445348e+00
1.037160932876930231e+00
1.041829581882833144e+00
1.039986495115109211e+00
1.009082890055147397e+00
1.052823025482989783e+00
1.015942279293809536e+00
1.034993502369250251e+00
1.077596059375530047e+00
1.061164104529586538e+00
1.014958245163956052e+00
1.060062153109087690e+00
1.082875040850007631e+00
1.024857730165294800e+00
1.051401671617994804e+00
1.069668523811541316e+00
1.004404873829360278e+00
1.097570236788924847e+00
1.037886287457030710e+00
1.060295193784293266e+00
1.080039089451848566e+00
1.021433759594015722e+00
1.035111202177226852e+00
1.088462096909789123e+00
1.033243114609794011e+00
1.002528776721796966e+00
1.005251016623977423e+00
1.092442378211019305e+00
1.035384796465951496e+00
1.026000257197120069e+00
1.083911639215679790e+00
1.095118045835095311e+00
1.084647753858603902e+00
1.005372546460119532e+00
1.059671605284151941e+00
1.096342563589110641e+00
1.089764269642074623e+00
1.066509055875487721e+00
1.085165788972564105e+00
1.036803752893880493e+00
1.064487579091331293e+00
1.074028949582998216e+00
1.081531314967711932e+00
1.020006602949382835e+00
1.000375844471662390e+00
1.023477848064074491e+00
1.070840404803016455e+00
1.026485461090947071e+00
1.085113936888982389e+00
1.013404023115058061e+00
1.081439046156363437e+00
1.036308687848229493e+00
1.010730231407973578e+00
1.055234542450453450e+00
1.070891829744136770e+00
1.015674351308735845e+00
1.052210221295349024e+00
1.082836364853192679e+00
1.095959840013716935e+00
1.077316626264074984e+00
1.044197578947626548e+00
1.019487478565327399e+00
1.057810851727601253e+00
1.079519104264055507e+00
1.037772423044424963e+00
1.018757948367833732e+00
1.081235260833072642e+00
1.094451947298359595e+00
1.087817357150548725e+00
1.058219418685307778e+00
1.061530411522950690e+00
1.016712471230382109e+00
1.064301549726126783e+00
1.096629634903883099e+00
1.008249980538426183e+00
1.074460229183530124e+00
1.002164979473437745e+00
1.020440456258198125e+00
1.062459075561938748e+00
1.092745890693764821e+00
1.047985960238022596e+00
1.006667348458437639e+00
1.010986679636982410e+00
1.095107632441213452e+00
1.070013588554932671e+00
1.045509286853138597e+00
1.084608983428664519e+00
1.043749482552692509e+00
1.080871352876931146e+00
1.047730708946132738e+00
1.043312786001006520e+00
1.056835727286866256e+00
1.098787679562835295e+00
1.095624342627176340e+00
1.018927288485631077e+00
1.073843073007973326e+00
1.068517748825531966e+00
1.058168487601578001e+00
1.080493832660212261e+00
1.048612831533681788e+00
1.063187151655337059e+00
1.035011928618460475e+00
1.016653672559172827e+00
1.031196816359628787e+00
1.010147415535704418e+00
1.071557431141390460e+00
1.014656928013185633e+00
1.028209329658484439e+00
1.073987194331320394e+00
1.033680844081965811e+00
1.035335545450309480e+00
1.096845834837014699e+00
1.048197611263298024e+00
1.065977516751853038e+00
1.091580750246453402e+00
1.057899194193966164e+00
1.024390683901074794e+00
1.097651675442149033e+00
1.096287429599472674e+00
1.018663131407723688e+00
1.024918587118100133e+00
1.062770237858231992e+00
1.072108624568813617e+00
1.012811704706845228e+00
1.043149729873512399e+00
1.044524893308646840e+00
1.019588366019587022e+00
1.004542957549706017e+00
1.027417160192893641e+00
1.068223235759526490e+00
1.009787076498020575e+00
1.058102313911893244e+00
1.024764739399690150e+00
1.082848457730967606e+00
1.084425527695445091e+00
1.058258493419872215e+00
1.037404881634286014e+00
1.062417520390153136e+00
1.018124762070588885e+00
1.037726527312363478e+00
1.075481428635409298e+00
1.024272109683666221e+00
1.030291017722416491e+00
1.043165889881120911e+00
1.072089025780312177e+00
1.089158709720791762e+00
1.090190413569658734e+00
1.025902706085514149e+00
1.065718176906208736e+00
1.091608267889186523e+00
1.012605690195043318e+00
1.009967485426027656e+00
1.055705908403240523e+00
1.004399701670835254e+00
1.027743113641526262e+00
1.074651636703482405e+00
1.089673876712428102e+00
1.033368323593964799e+00
1.065034412666027386e+00
1.084396501583659189e+00
1.044122433810587669e+00
1.002075466907741852e+00
1.091134760095680445e+00
1.006574620264193642e+00
1.066752784252019470e+00
1.070512101002476957e+00
1.064091026069530432e+00
1.019729224565920633e+00
1.035141486822289680e+00
1.071206855767572463e+00
1.006131995450175731e+00
1.047606987931146039e+00
1.010033547047362923e+00
1.049886386576798003e+00
1.026298956583953315e+00
1.046820202002252564e+00
1.043446264728181472e+00
1.081462810370955596e+00
1.060529523416667619e+00
1.029396929661537285e+00
1.021495533703513869e+00
1.050125341665155920e+00
1.094020320020212544e+00
1.053473740359674116e+00
1.053218310726278473e+00
1.084829227700772281e+00
1.090080543255450785e+00
1.098875071029582262e+00
1.091593980694082422e+00
1.003041201745662248e+00
1.044918438666132765e+00
1.045167284231489635e+00
1.055029139184786358e+00
1.032959838026098254e+00
1.076508341757986376e+00
1.093802998492971135e+00
1.050093476441312790e+00
1.062641461476541593e+00
1.038409877669129067e+00
1.020887872896912629e+00
1.032268456796631817e+00
1.037213810424842064e+00
1.070326006189475709e+00
1.023917254793690335e+00
1.066069978920733519e+00
1.029769771299558156e+00
1.047779496034677793e+00
1.079343055543459773e+00
1.073431000736216001e+00
1.053033072368556367e+00
1.055261345410522411e+00
1.010141451607025953e+00
1.094273027536355469e+00
1.071310769016364794e+00
1.028650340850652878e+00
1.054754759065296366e+00
1.052608602577909780e+00
1.094722527455552985e+00
1.094246231356675203e+00
1.036943429629228586e+00
1.096561644399207669e+00
1.083899360930926647e+00
1.056266688316577884e+00
1.079347707761388886e+00
1.026543025706927459e+00
1.070008860678677731e+00
1.053380296552918871e+00
1.016794510118637973e+00
1.003081714590857931e+00
1.021637340845939157e+00
1.029502019441453475e+00
1.064305129259198512e+00
1.094035673214458493e+00
1.055772550842817958e+00
1.006856603139858475e+00
1.092842276522031586e+00
1.031827877237832425e+00
1.005787612086701310e+00
1.013225638681465313e+00
1.026223756279931454e+00
1.011616341729707935e+00
1.046835144908764281e+00
1.032635390408369824e+00
1.006329829463763037e+00
1.036220033470534041e+00
1.099556832524752226e+00
1.058850881142320288e+00
1.072994602812663345e+00
1.059247265675906435e+00
1.043765291222959801e+00
1.055340610708947136e+00
1.092665234882693959e+00
1.089814776836070198e+00
1.031734526435526655e+00
1.015363992530292192e+00
1.037549966650493705e+00
1.058293443653689714e+00
1.078110086083047925e+00
1.095344568677511843e+00
1.024319090632406670e+00
1.052568261299224650e+00
1.088048217590830813e+00
1.064936437548209547e+00
1.096210307608343371e+00
1.030634229615954967e+00
1.025610359573084551e+00
1.006647371714027628e+00
1.048141476808152062e+00
1.097887638395885990e+00
1.096184938179132207e+00
1.011922307621477168e+00
1.016499416237769182e+00
1.011738603594821484e+00
1.003790184311038169e+00
1.016233142689018321e+00
1.064121449543570908e+00
1.020434298655563898e+00
1.014264147523912252e+00
1.019790965820640105e+00
1.039693422491102526e+00
1.015892130140695793e+00
1.014856086832237603e+00
1.073475901484240769e+00
1.079527877869705943e+00
1.069851029914006046e+00
1.098797068040698877e+00
1.008157565692299862e+00
1.082024437404478290e+00
1.010126753163975266e+00
1.075094516544047529e+00
1.075609383418166587e+00
1.021157075152249849e+00
1.064296167259300763e+00
1.073648326259730723e+00
1.083433481386524733e+00
1.066694048963342301e+00
1.090202395868372864e+00
1.033667331816046531e+00
1.002542690427878025e+00
1.083136881698722132e+00
1.084527308779952515e+00
1.092648678653393768e+00
1.098962175017759169e+00
1.065360835611397716e+00
1.058936627446701806e+00
1.088507247072366235e+00
1.021412031819108002e+00
1.017080794431575397e+00
1.077049688315794729e+00
1.085035056055508651e+00
1.047353347823561043e+00
1.065012142213146218e+00
1.069450876071051271e+00
1.002209673112993249e+00
1.025167917942929829e+00
1.017623015616109017e+00
1.078445461709922393e+00
1.040721340592579480e+00
1.004567305130125154e+00
1.086156968961268010e+00
1.098383280587086119e+00
1.006303754322754651e+00
1.005774926270276204e+00
1.075913159912009309e+00
1.028202072928675381e+00
1.035234380113299268e+00
1.095723879094587794e+00
1.070888685392850315e+00
1.028686135811351487e+00
1.087668858923390935e+00
1.032468376929638998e+00
1.038784055839683473e+00
1.048055473124782422e+00
1.074725013500763993e+00
1.045164993174634516e+00
1.040714755268071112e+00
1.094502097712275912e+00
1.001139281019529648e+00
1.082251095563395937e+00
1.035816801270562415e+00
1.065194611959916937e+00
1.051662609018272798e+00
1.079482450616941591e+00
1.081986586130450512e+00
1.045877243361602593e+00
1.057797572783897522e+00
1.065414688019805878e+00
1.085872641501252511e+00
1.007198410751936501e+00
1.077134720806672163e+00
1.091749729384982048e+00
1.063141641098294565e+00
1.024468668068998278e+00
1.026616466762877877e+00
1.069325608251608273e+00
1.098245631398343525e+00
1.019061005199811909e+00
1.019458690554345903e+00
1.082371222070297234e+00
1.055877556733593181e+00
1.070296716361006428e+00
1.047811987879213369e+00
1.000929498941254048e+00
1.080993176429158931e+00
1.062028149755474438e+00
1.069867343026792428e+00
1.075608872369092861e+00
1.028431942804749699e+00
1.050572201168433528e+00
1.037563140285216123e+00
1.080450365845979643e+00
1.073013144367748417e+00
1.085701259871412638e+00
1.090790244391118602e+00
1.033171952072188260e+00
1.085698785599478189e+00
1.058344826170487529e+00
1.043823924839562434e+00
1.037332281134030199e+00
1.016619558763750986e+00
1.076409186296590992e+00
1.011711652068306044e+00
1.064709331101799439e+00
1.090082565391754521e+00
1.046532902809450771e+00
1.003827974143866042e+00
1.079119610163127962e+00
1.075649377686054953e+00
1.011056758489947693e+00
1.077296246837410099e+00
1.013930559744850024e+00
1.063360513890526882e+00
1.046699319549170504e+00
1.026494152961214601e+00
1.042094746268525718e+00
1.084691407959391674e+00
1.054149874217422900e+00
1.056882418897052256e+00
1.067194900701013749e+00
1.014597280588361849e+00
1.009481519964117169e+00
1.054203877526824096e+00
1.058692811881531082e+00
1.058613269463894779e+00
1.050620430856768817e+00
1.061103041944082115e+00
1.001769470933093542e+00
1.032496030924952679e+00
1.073897748764985671e+00
1.080711380657359610e+00
1.089399215222028872e+00
1.043020251170293289e+00
1.089223471685203615e+00
1.072154137483984027e+00
1.025597116722103408e+00
1.096806722616353147e+00
1.039705871201769272e+00
1.097646734223476361e+00
1.016043698837467257e+00
1.090217986350756174e+00
1.009951226382478362e+00
1.084251411411157218e+00
1.072054193742869144e+00
1.068645484602196438e+00
1.022090668868954610e+00
1.033477141016447609e+00
1.073378544245226829e+00
1.072001657822505116e+00
1.096160734384593383e+00
1.056013470722667380e+00
1.062657808829893025e+00
1.025567276525881200e+00
1.047330729448978204e+00
1.005386963744837159e+00
1.061368494792559236e+00
1.088775064448828322e+00
1.091294566935458565e+00
1.081661523000548852e+00
1.089383890341469652e+00
1.089229802693092219e+00
1.003898900768422919e+00
1.090296739204071663e+00
1.063200637671126048e+00
1.098384192915823565e+00
1.049812943446968960e+00
1.052107130728182849e+00
1.031873740689754237e+00
1.057620923987560690e+00
1.053334450997843730e+00
1.060717577304269188e+00
1.082961982461740691e+00
1.081071169114670161e+00
1.080968075140789519e+00
1.039967133649938535e+00
1.088046372425249153e+00
1.041195244896117256e+00
1.043093695938976495e+00
1.001517382589029337e+00
1.045729131001961631e+00
1.091498233982524546e+00
1.072955710955619590e+00
1.053349008236440731e+00
1.081000774714923285e+00
1.021686996976947981e+00
1.032988645431517138e+00
1.006791799398952580e+00
1.096577595615942924e+00
1.055049928229613743e+00
1.079221556001917826e+00
1.071605820630856076e+00
1.034308433899765678e+00
1.008111365890738353e+00
1.000639803865569943e+00
1.053571765417937511e+00
1.052394159375907190e+00
1.046577938462152524e+00
1.098825350212078167e+00
1.082699493570152383e+00
1.056878230268746943e+00
1.024484698640931279e+00
1.005638058101600896e+00
1.009692115855271632e+00
1.009471244417125657e+00
1.003978034079426429e+00
1.034869669669141290e+00
1.076333733459826192e+00
1.099269127259824952e+00
1.099996242342866859e+00
1.025113147247174394e+00
1.042975834742085883e+00
1.009695716133299781e+00
1.035689389455364484e+00
1.077043231873846318e+00
1.000343659534721708e+00
1.011368345729739104e+00
1.094823320194932226e+00
1.067294313120120020e+00
1.089845436718251959e+00
1.012896942330274941e+00
1.080091858614377065e+00
1.004342547838572575e+00
1.058688869706755797e+00
1.026158640963256596e+00
1.069409494685686912e+00
1.091837268224909119e+00
1.010116912926092292e+00
1.012451764411687494e+00
1.071034883616547084e+00
1.084439840567309465e+00
1.092570398508742713e+00
1.065806264615118959e+00
1.045632478150522182e+00
1.086686077402114980e+00
1.024185199097922272e+00
1.079056075804716519e+00
1.080020035320042648e+00
1.000462934610839572e+00
1.032025762649215084e+00
1.033426888082453754e+00
1.009543549189575007e+00
1.031340028727031344e+00
1.020318924167922026e+00
1.031790958856429796e+00
1.079804730269943169e+00
1.093871340572968975e+00
1.028917806224466380e+00
1.034081667226274703e+00
1.001089898045629978e+00
1.072634248282013480e+00
1.023230724414027959e+00
1.074330507003949275e+00
1.054744562788243467e+00
1.008460360522230648e+00
1.039046845956814735e+00
1.037969106265521191e+00
1.041760959286477828e+00
1.050489698241124481e+00
1.039055288078004846e+00
1.026377245208129452e+00
1.011630064722211175e+00
1.002509259376121564e+00
1.082540492058606807e+00
1.098499460345180978e+00
1.015674892891454295e+00
1.040868521873783870e+00
1.018187518328667940e+00
1.031248906285589406e+00
1.089051625638201459e+00
1.031149001862610604e+00
1.098745430928256717e+00
1.083267807654036519e+00
1.070825944423613008e+00
1.079895266503473783e+00
1.067197944499192142e+00
1.092794934572672183e+00
1.006187756502269437e+00
1.069956835758278713e+00
1.028857601532459087e+00
1.092746530733281762e+00
1.020954340840559693e+00
1.034137724733045882e+00
1.020431082628700636e+00
1.043090207582283879e+00
1.050743666318416203e+00
1.079394040941215716e+00
1.092761416984851630e+00
1.042035896345341106e+00
1.099914244833360089e+00
1.099442825371188315e+00
1.063230555316251325e+00
1.045862826628784603e+00
1.045463495824812794e+00
1.040421661789041385e+00
1.016312282225707575e+00
1.002473877101225819e+00
1.065246946584043064e+00
1.070312833201803038e+00
1.063025648185030203e+00
1.076962074937345859e+00
1.016130656413598787e+00
1.075776599907375397e+00
1.079939479214920617e+00
1.041050294519176411e+00
1.036558966382612468e+00
1.071126948172463234e+00
1.082067053912899812e+00
1.028041526676079620e+00
1.049820830517255388e+00
1.091437755651882613e+00
1.007879200476933690e+00
1.017786961831422810e+00
1.058813172665674429e+00
1.049473291165379463e+00
1.070770757365391290e+00
1.013390617606136468e+00
1.099615641351794126e+00
1.076301412499960808e+00
1.069878638067697896e+00
1.053992343971830392e+00
1.059592198177276678e+00
1.034522428053126220e+00
1.061945551447299074e+00
1.084732129592986594e+00
1.047428075807455006e+00
1.026716149989078897e+00
1.082208495203716314e+00
1.079801422263907629e+00
1.034069344134927571e+00
1.022583825348452269e+00
1.050143045809402542e+00
1.070933884220924170e+00
1.056811534328498947e+00
1.020010305983299448e+00
1.018224933130093213e+00
1.041227175607950306e+00
1.006039235381730013e+00
1.079359447661706106e+00
1.022072960970758171e+00
1.098977898007847287e+00
1.017658313292024719e+00
1.027758706356421969e+00
1.000709245273679660e+00
1.002277416139403909e+00
1.087587093649973635e+00
1.053720149122506555e+00
1.019641817483182500e+00
1.019980641801483401e+00
1.077481957640636923e+00
1.087022793021104938e+00
1.048753221911988387e+00
1.063587662098539166e+00
1.059481992459892608e+00
1.043219608008463473e+00
1.065939438719605725e+00
1.076306415632072522e+00
1.061872624334500914e+00
1.003762062086600348e+00
1.035424341567790618e+00
1.072201557716135012e+00
1.088972163922326208e+00
1.063160332735166858e+00
1.001440947784396185e+00
1.074226017383475229e+00
1.019929092558482298e+00
1.052437461178967304e+00
1.099213966679283061e+00
1.097069473605415402e+00
1.018335189625878323e+00
1.037003938731964281e+00
1.064161111372348589e+00
1.010755057482936481e+00
1.072561036988211480e+00
1.014985627746991970e+00
1.074460319565271771e+00
1.003326984541458522e+00
1.031544348388717447e+00
1.003332330207331813e+00
1.047841391596687544e+00
1.078660496478506481e+00
1.032768651170573815e+00
1.014472040629915028e+00
1.009564248665112407e+00
1.019201535460286134e+00
1.038328946389534213e+00
1.002862075627668492e+00
1.031735994058919248e+00
1.060503008655387713e+00
1.019834089236587138e+00
1.056216576683253638e+00
1.064335304479889999e+00
1.099741629186341108e+00
1.061914229379012475e+00
1.042685114235627930e+00
1.033620698832191875e+00
1.027456344097186669e+00
1.017640672031170812e+00
1.093673306808319090e+00
1.076023208411985399e+00
1.071970776556869120e+00
1.016280776671382613e+00
1.068983095667693339e+00
1.085269216239622914e+00
1.000702167269232001e+00
1.051360041458205608e+00
1.040838508947120156e+00
1.086395825644989710e+00
1.031550353052281821e+00
1.031002517494699067e+00
1.011449279331954498e+00
1.028980752849521618e+00
1.072465058340584809e+00
1.009952212472174260e+00
1.030010982364615080e+00
1.037066303086892960e+00
1.082678943554720163e+00
1.084055433764839371e+00
1.070834490008672146e+00
1.014431053674885286e+00
1.052077838691606315e+00
1.060300513562549396e+00
1.088142656311545053e+00
1.074646473559636384e+00
1.085773126620885654e+00
1.045388549915347909e+00
1.066513452039691057e+00
1.058331247324638902e+00
1.038693498366310752e+00
1.061758519609693030e+00
1.010922986557478698e+00
1.002299253715496441e+00
1.071242213009255817e+00
1.061825540217000263e+00
1.088962840758546546e+00
1.077898049254142787e+00
1.057619433187840574e+00
1.080051439626902532e+00
1.007055481903961658e+00
1.024421558655519648e+00
1.092927469459275436e+00
1.084570164117144131e+00
1.001623494834298800e+00
1.093752149747239555e+00
1.062805630177908522e+00
1.016842562374358883e+00
1.067861640297233183e+00
1.037541140070992185e+00
1.080129381620930085e+00
1.082964098844279688e+00
1.087520159031165612e+00
1.000110162084993037e+00
1.026787364668556801e+00
1.094613976554817958e+00
1.006539100863337755e+00
1.028136094713634652e+00
1.006845415012845191e+00
1.064901428164360730e+00
1.036929809617148868e+00
1.083483981991361755e+00
1.062886699867596763e+00
1.071159270267466823e+00
1.070711460062961473e+00
1.056086738941229841e+00
1.074333894409567280e+00
1.068932973069066872e+00
1.069441022969983557e+00
1.016678058907106941e+00
1.047555526423604499e+00
1.052546467227812421e+00
1.076945393910932136e+00
1.021028926789252278e+00
1.005771513696152253e+00
1.051855590154982201e+00
1.074738455885174249e+00
1.013947348112563374e+00
1.076075434428843902e+00
1.094430921616713404e+00
1.000745154441110785e+00
1.000805735786739037e+00
1.042793071752122325e+00
1.021045518941958719e+00
1.080485868337072164e+00
1.010766977957298085e+00
1.080023604071325583e+00
1.099002900693897278e+00
1.000057953368167940e+00
1.069385276188778544e+00
1.061559712521661147e+00
1.000271106173646007e+00
1.009225165892426723e+00
1.038198077881095305e+00
1.064392778880930202e+00
1.062937916677088257e+00
1.061997901274377876e+00
1.095147589247821296e+00
1.027428312871470517e+00
1.082822311668486526e+00
1.018410834432369017e+00
1.095225233913085017e+00
1.091592416521593556e+00
1.010286155937461183e+00
1.038314295997047498e+00
1.086995244082725964e+00
1.005445084621656715e+00
1.080591939233288779e+00
1.030868997306428891e+00
1.001479990201570081e+00
1.064522392994422528e+00
1.051744486207901286e+00
1.084484759237399176e+00
1.034596548676940841e+00
1.096270332584729834e+00
1.007535666887321435e+00
1.078330250292291570e+00
1.005126575840575409e+00
1.000000521645083351e+00
1.062490005800059922e+00
1.065813266530256431e+00
1.020420411171001129e+00
1.018035338423028069e+00
1.018009267222385272e+00
1.041506412320231778e+00
1.045840003213913239e+00
1.085302429056422824e+00
1.047866853445962310e+00
1.052760253037229976e+00
1.092057489813226034e+00
1.045983952118104243e+00
1.029900095275784855e+00
1.051463015001769641e+00
1.045640457494019904e+00
1.048047167349401620e+00
1.065700184795335570e+00
1.037322290010955550e+00
1.057790393835057463e+00
1.059814180948051909e+00
1.029566412214643290e+00
1.089895976439684500e+00
1.078056018809292693e+00
1.035122354593105642e+00
1.096028379405017628e+00
1.053874529721835263e+00
1.051504944547610787e+00
1.007912444072783797e+00
1.052141890041507155e+00
1.014418156174225594e+00
1.013113351213027258e+00
1.008021064643230824e+00
1.015864775360026950e+00
1.075898794679515769e+00
1.089762061625998868e+00
1.074193585473693036e+00
1.056070246704469806e+00
1.066267170709775280e+00
1.023212937043763926e+00
1.075563504919901270e+00
1.095532677853507497e+00
1.027352172489108373e+00
1.005971992040175733e+00
1.074174175689222910e+00
1.036640676787256465e+00
1.075597552015331804e+00
1.014519393392272040e+00
1.022700653793101822e+00
1.060677700096986920e+00
1.039877673569409300e+00
1.058538904544160664e+00
1.054782027498098795e+00
1.041195167838895097e+00
1.049445487027449664e+00
