7.491831462533284081e-02
5.114477330971588243e-02
1.832760407733163496e-02
9.977006438258367860e-02
-1.322514975325195241e-02
3.506200935806554064e-02
5.324744181499167783e-02
9.457111242263500916e-02
6.578764769192030348e-02
2.462792125868854334e-02
9.943416756643815024e-02
-9.106685673565921568e-04
7.155427598320883431e-02
9.307714987594664646e-02
4.347111147087935612e-02
3.738021534768462550e-02
-1.945097849254600816e-02
3.149425804547349717e-02
-1.078446130210602288e-02
6.996918146395206262e-03
6.258666082138933384e-02
8.039608441851157916e-02
-1.423434492286312046e-02
3.587174122376586560e-02
9.633627786659278158e-03
8.917956420134239004e-02
5.635264857548144546e-02
7.291082406398438631e-02
8.145316978642995476e-02
3.704173549205522220e-02
5.490210599086191301e-02
3.161712360871878069e-03
-1.681694541021406739e-02
3.031881477067246630e-02
9.263343075148099820e-03
4.134895036136236601e-02
9.077845219492838846e-02
9.724127969994882104e-02
2.516681456842720030e-02
8.988723671573367602e-02
1.620668614775571878e-02
5.490212263730795406e-02
-3.045345546846156548e-03
6.837296300332071364e-02
-5.425722502535451630e-03
4.705683849358216486e-02
4.357817108884554091e-02
4.717535496899767644e-02
4.547223276503582767e-02
5.027641257227154215e-02
7.573302196100174799e-02
7.936854845749026499e-02
9.468469198288852195e-02
-1.007744428304634642e-02
-1.049063809105667266e-03
9.085523541073277365e-02
4.445091977430894181e-02
9.569100169818479940e-02
1.184257609767316519e-02
2.524726094898297954e-02
5.935097574857768621e-02
2.418012398967222046e-02
4.963517654342201879e-02
-1.866820888230040498e-02
-1.123855874647428088e-02
4.152583907458856638e-02
9.132443974746999593e-02
6.831650412715520315e-02
-1.552726996283344124e-02
8.912425211064934488e-03
2.239865681716430787e-02
1.584045621814901897e-02
2.194089706962102163e-02
6.081056439181697915e-02
9.787125390205407560e-02
-1.026501940950180596e-02
7.069801464455996443e-02
-4.608925208175554747e-03
3.509601534459004524e-02
8.455006782229701479e-02
6.084314027379060519e-02
8.168241392009334412e-02
3.429404409509459462e-02
2.087550455989170203e-02
8.693012005791241059e-02
9.606446954299126262e-02
1.906075615012314470e-02
8.273538783255726670e-02
9.639375220741126793e-02
5.786757529247222448e-03
2.975938689409725682e-02
7.454683749680370008e-02
5.595734231660184910e-02
3.495879537617901933e-03
-1.312034167738537066e-02
6.775384139428129726e-02
2.967029484966217726e-02
-8.873217481547696767e-03
7.283960873148047355e-02
7.306717880729268061e-03
8.775428594360798473e-02
5.189374997292416081e-02
9.435432208249824870e-02
3.722926157287989590e-02
-3.368628198442909921e-03
-1.859235608010251922e-02
-1.600604229681064361e-03
3.491961462298596997e-02
3.159925241723504641e-02
5.536627205990865552e-02
2.297917004086244899e-02
-1.708314242217851345e-02
9.829116725873918159e-02
9.850697325134216698e-02
1.462121510986607101e-02
5.622959078422115620e-02
-1.799380920113388682e-02
7.757304522492396159e-02
3.919442365486053292e-06
6.395991875050406616e-02
-4.273598366364411011e-03
2.021834394253050823e-02
7.842313658703443935e-02
4.317750473383774601e-02
8.390991110139925380e-02
4.819855687788145160e-02
3.442368077024601791e-02
4.828193680959064205e-02
-7.246126749987164689e-03
4.593823655763676350e-02
-2.343685640711183626e-03
1.647803458371059973e-02
6.084286641509961679e-02
5.440789748867620734e-02
8.364672320715914322e-02
5.711385056746162703e-02
2.038360928400466052e-02
1.108130484970109089e-02
3.340055475015410447e-02
1.672171695051940729e-02
5.884891297523588138e-02
6.535089477058828034e-02
3.601566768223268822e-02
2.867790675385252855e-02
4.083028253829044940e-02
-9.057217555095217407e-03
9.881858668795055756e-02
4.965192824797239057e-02
9.039613259439931159e-02
7.733711385427627372e-02
8.944640759762408078e-02
4.858519324574649134e-02
4.615829203543957149e-02
2.815474456620265312e-02
3.409796541864315578e-02
2.083061628402585810e-02
2.877276564015214880e-02
5.486465305122138758e-02
8.363092492037371706e-02
7.924805652791699906e-02
8.700918214748475099e-02
5.907088891605834224e-02
3.882685619785072872e-02
-6.958813561001123485e-03
-1.379704699800321857e-02
9.502846480448569333e-02
9.614050597132976772e-02
9.799873637880705812e-02
3.381705838737007752e-02
8.672017445372336153e-02
5.429420850440470903e-02
9.415260156620826326e-02
6.508983590429484600e-02
7.263738447342318189e-03
4.004699270899786390e-02
1.560993538529249422e-02
7.446698109777448449e-02
5.927845586361622787e-02
2.770496816753164823e-02
8.984666651381019442e-02
5.715761883844155955e-02
3.474599133277239682e-02
9.569018984269681005e-02
2.432314720413032705e-03
5.191779514801790618e-02
-1.792968547545247676e-02
-1.979556402287908565e-02
2.333962801225387615e-02
2.980391662805135719e-02
7.235105289567431153e-02
3.585831572061809469e-02
1.235192601423014055e-02
5.640027096426646069e-02
1.183449878653154361e-02
7.690381794024905848e-02
8.261325719538389900e-02
1.571569465867521734e-02
4.939747224415301508e-02
7.332880468031592602e-03
4.676106954513760405e-02
2.248981331997401342e-02
7.031803692893988378e-02
8.539645285111026329e-02
8.754076016284474682e-02
-8.762682917949279893e-04
8.815567357802375770e-02
6.763914861631771525e-02
3.201183553098116419e-02
-1.431162432815206303e-02
9.954948461122443970e-02
8.806170850391176197e-02
-7.574002580077315860e-04
-1.976407642139304047e-02
-1.869570858191891768e-02
-1.304373178505388586e-02
8.809934483944982520e-02
5.931506881703842160e-02
9.587262697481532814e-02
6.646510256307450182e-02
4.476789105936160307e-02
4.916681043723621081e-02
3.132806818893071887e-02
2.343006614683427330e-03
2.499902693809737120e-03
3.872546055070402726e-02
9.187685897778112565e-02
7.903889441073382038e-02
3.462345555849273560e-02
8.690725313803060459e-02
1.084541206939899916e-02
6.283504260582496725e-02
7.008040970305530470e-02
7.283831862389759937e-02
7.159015845323590810e-02
3.520544987392199010e-02
8.796940189692421808e-02
3.497862766834923531e-02
-1.330006505036398015e-02
4.291439490545376212e-02
5.534304791368045706e-02
7.482064336997432119e-02
6.230436281122025965e-02
5.072933502426901775e-02
-7.007878537693485593e-03
6.988877250157979337e-02
7.737175801416806831e-02
7.084064332085011906e-02
6.242154687600458274e-02
5.886649916360289780e-02
1.290974583180304683e-02
3.558859232837849329e-02
2.058415546569638058e-02
2.141511279844977508e-02
-5.803918129070688089e-03
2.041764093235130459e-02
8.676727669057740511e-02
6.724140287979904484e-02
9.551502446097166754e-02
2.481327747377027118e-02
5.010017763277223313e-02
7.344061240027520421e-02
9.538033859236554057e-02
2.524757565884132651e-02
3.044920980256781914e-02
7.480525344542181265e-02
2.034305000516173703e-02
1.863666304180174038e-03
4.163478695362560211e-02
8.692217213233489892e-02
6.885472667046128870e-02
8.891737222458677425e-02
1.285439895294212750e-02
4.651418141518065541e-02
3.843001573199786303e-02
-1.554515432659845167e-02
3.755228312348310449e-02
1.683816181013663218e-02
2.963395636731425489e-02
2.709572380333984468e-02
2.121881989153197659e-02
2.622276224611914605e-02
8.833372533589527176e-02
1.245996336616548780e-02
8.151566800766132936e-03
2.314991871836639611e-02
6.964450002632294190e-02
3.601372547786409195e-02
1.771875719860934936e-02
8.480654340382551282e-02
2.994050362467693890e-02
6.524244423967427708e-02
8.263268527510030104e-02
2.196894129126831033e-02
-1.303268350096109182e-02
3.279151583538110482e-02
5.794576570731373166e-02
1.811911724105850705e-02
1.704616987659586871e-02
9.652177579437308530e-02
8.594914585811086472e-02
5.099307473518407963e-02
5.712547564880167406e-02
5.778860621045961432e-02
1.214179333338746489e-02
4.223694104835323815e-02
-1.173323237729104185e-03
8.905921250152765145e-02
7.154491893009298775e-02
3.413352421931621639e-02
2.494028544874607803e-02
-1.271387899270709672e-02
7.349844447709144579e-02
6.421033149126703643e-02
-5.106376545797515834e-03
1.049195828146329626e-02
3.937211516022880164e-02
3.496705140595031402e-02
-1.349271732155113424e-04
5.666126880398041077e-02
-1.394245130529368423e-02
4.672144402972408517e-03
2.397304886942517796e-02
8.136364652900270056e-02
6.507972037408644994e-02
9.728175911732342418e-02
5.695767348227911975e-02
7.248681788734527565e-02
7.771751571106662315e-02
6.908359642405388634e-04
2.359221816267230085e-02
-1.413291751116854157e-02
-1.560091505178975990e-02
8.396510564830910600e-03
1.204432263846504439e-02
7.974910353742314939e-02
1.955317177379760699e-02
3.579027370710266553e-03
8.734485722234448801e-02
9.505146838035093138e-02
6.674245414206667060e-02
-1.458801094869550605e-02
1.952996519679621804e-02
-2.941345249663798039e-03
5.802902996804923386e-02
4.538796978090856027e-04
8.033197995348537179e-02
1.196439748480527046e-02
1.316085376360593209e-02
4.518225319944706858e-03
-4.589899058446648278e-03
9.535167105057315573e-02
3.589158241198124599e-02
6.166574452361871239e-02
-1.157855609998119199e-02
8.702130784475897718e-02
-1.095384816796260083e-02
9.938481303283006052e-02
-1.904851436745799709e-02
1.355778323930252258e-02
-1.765752928986594888e-02
4.962524191154890629e-02
6.660294327525802249e-03
5.434294354809413030e-02
-1.777641198832807107e-02
2.548286047636752136e-02
1.419011695168680837e-03
6.240072140633196041e-02
9.653877591283127613e-02
2.048375946258264649e-02
2.094852584374573209e-02
3.458596874241319508e-02
2.762838275244124467e-02
8.877034704563790957e-02
-9.732361025475552360e-03
3.715381825289729156e-02
1.482992602974226096e-02
5.340456282021638357e-02
-1.035947467519469922e-03
1.997409622808954746e-02
-1.005067061103112266e-02
5.217318555314776063e-02
4.803319599184734112e-02
3.679987384727448352e-02
9.920945556242978525e-02
7.588520354421038339e-02
6.144115159516921887e-02
-4.463725277115511078e-03
-1.549857380187688247e-02
8.531961067647393648e-02
2.069573635001962716e-02
7.318437620631403073e-02
6.396276148536825246e-02
8.884614764087749028e-02
1.886690829177086262e-02
9.377115684447985544e-02
5.459427201933396423e-02
1.064405393356815735e-02
4.452871383799146543e-02
2.485660038403693026e-02
6.605058274679181940e-02
-1.397585394641976710e-02
8.225974708549771419e-02
2.399959818366436196e-02
8.946350598402189047e-02
2.207380884430409224e-03
1.553164247008333165e-03
1.921569522284017131e-02
8.319252352470901668e-02
5.468639480182677093e-02
1.826623348088720830e-02
-1.608054779948948215e-02
8.573162853099693115e-02
8.781526593448281404e-02
9.205854126213998401e-02
7.466722982594316271e-02
4.425079821789013740e-03
6.310851134359139747e-02
5.108908397336794915e-02
4.082074683279822425e-02
7.772402740018878597e-02
4.723643329896848320e-02
4.023405427799810197e-02
2.408157761598480814e-02
7.363864941365180772e-02
-5.564786186407141844e-04
4.886325087106568876e-02
5.630426100116804611e-02
3.384446123822708319e-03
6.554773528548617223e-02
-5.287287869176870991e-03
3.682008086481093623e-02
7.020118313744393157e-02
8.304641539166118802e-02
-9.600525586400267264e-03
5.737966251133047590e-02
1.440592688374362981e-02
5.681188381086396677e-02
1.600524170382991093e-02
2.057041005173875989e-02
2.127900681499116445e-02
8.064011089018916639e-03
8.029743165326357068e-02
9.388674896975938988e-02
9.168972286942505406e-03
5.087156284550230223e-02
8.678263261011509577e-02
2.669457778179014709e-02
1.936474264829821448e-02
-1.003697673232390591e-02
9.640849836866008382e-02
3.517482687953422948e-02
4.061256315218758628e-02
5.643310832681004696e-02
2.259792920168915767e-02
7.910092771487607644e-02
4.223919183625175766e-02
8.211757699303649793e-02
4.894631552232016347e-02
9.008623556245541619e-02
-1.263552460729865101e-04
-2.517092623777576754e-04
-1.927154030206201796e-02
-1.307061511300025916e-02
-1.989944168009631642e-02
4.828778983113674039e-02
5.523364357649881984e-02
9.160666490545167628e-02
8.569629827502159292e-02
8.201124487309613409e-03
4.719749334346286240e-02
7.612132507499437539e-02
3.246991444455521458e-02
-1.285440977569255253e-02
6.406655788604359580e-02
3.065172802486631001e-02
-3.147252988917464966e-03
1.064081710544350495e-02
9.765795945117737575e-02
5.167102041908334942e-02
7.005694752852430207e-02
3.568499198222478686e-02
6.678353532712956453e-02
8.079801264461232424e-02
4.271544492149653705e-02
1.312506923420559204e-02
6.509488731154511321e-02
9.447220711373018054e-02
5.402944977716865604e-03
-1.542839609512760418e-03
1.446406350434622720e-02
-4.414542026664256338e-03
5.625965956327998174e-02
-8.808848931357150455e-03
8.135369288125665621e-02
4.868061944415778136e-03
3.673805967108652315e-03
3.169126328360239581e-03
1.733016133960128130e-03
6.281804216675690444e-02
3.855369723345365707e-02
1.974531490831018740e-02
8.515926907860617290e-02
9.675482469076612801e-02
-5.499019478974929986e-03
2.795763906301435356e-02
8.593620261915503600e-02
9.946949093571980094e-03
-1.766569857783133884e-02
2.854648048581757969e-04
5.082347761756304816e-02
-1.342079453876932928e-02
3.162933408834027460e-02
5.355635214570754477e-02
9.210324684045630150e-02
8.981174585052825732e-02
3.980173239806170105e-02
6.471986108956256922e-02
6.750866935434436666e-02
7.258479394543873586e-02
-2.426390595139566592e-03
5.145110991178467041e-02
2.662740491164080833e-02
-2.476255441557502490e-03
6.316249978314056324e-02
5.429402900502911661e-03
-7.228459586095614328e-03
9.705953263545404053e-02
8.510647593081901996e-02
5.424841602060560819e-02
1.153105197567267162e-02
4.062646502822726824e-02
6.950002074019476228e-02
4.138661889445965913e-02
6.094952281528570603e-02
5.718443004688513603e-03
4.710236740745273737e-03
1.166112853999557927e-02
-1.334968825753050752e-02
9.443132587939918887e-02
8.068754942453965073e-02
4.096198689102999169e-02
3.777562546717722070e-02
8.323263578739928392e-02
1.813319213947519118e-02
2.062180075977856561e-02
-6.800961472123279172e-03
5.586597236851816028e-02
6.413805390292559583e-02
1.062625955500443725e-02
8.334774031733591104e-02
3.576896606728118683e-03
9.936619572056122618e-02
-2.080979377813863690e-03
4.947012952721794449e-03
3.341503194272339716e-02
9.436228987378715571e-02
1.869447370390632177e-02
4.344630762066763185e-02
9.578021494162618221e-02
1.202375487911588534e-02
4.540806158580160123e-02
2.084567184430155193e-02
-1.937064286925286108e-02
7.639163350100945660e-02
1.142447609529031669e-02
2.647033480405501168e-02
-4.757258274187683295e-03
8.806873593688438473e-02
2.342994128245539168e-02
4.502597821467978212e-02
6.370728593222928227e-03
4.272564123737367103e-02
2.285309275135320034e-03
3.285287668056270649e-02
9.687991040801942344e-02
7.924496800634152349e-02
7.987697067231301629e-02
3.840961395195156836e-02
-1.635646153474651712e-02
6.679243320553575336e-02
9.673212774625672417e-02
9.461636595084192691e-02
1.777865896031400814e-02
-6.779443558043878049e-03
2.012183585512229353e-02
4.861538785059910106e-02
1.724805736930360225e-02
2.122532238525403833e-02
9.534068812899600120e-02
3.944791024898839510e-03
8.058455019666215663e-03
1.634821405081040777e-02
4.055139637360995197e-02
8.033623676633552813e-02
2.923692870357381957e-03
3.897338640061970283e-02
2.339242579986951578e-02
9.583831466929033926e-02
3.123514541836340877e-02
6.182099374458523144e-02
1.921289966382124306e-02
-4.485585767081568670e-03
2.612864968966746235e-02
9.093757201542218560e-02
1.001638613606312470e-02
-1.228293973280825818e-03
3.770134436890233698e-02
2.228386204872156648e-02
6.134216601844201533e-02
3.953497246945750221e-02
7.213189043571011094e-02
4.908268208593384585e-02
6.524870026950761737e-02
9.792366310712194433e-02
9.605470845500416188e-02
2.573580198874287836e-02
7.235101311934827306e-02
2.200861325713536834e-02
2.345578373790540780e-02
2.790139056919206315e-02
2.692759569581494247e-02
8.636474065296341485e-02
1.900209188520307277e-02
6.493959087502156058e-02
3.656652951253369643e-02
8.044426409917242171e-02
3.567669888353894314e-02
4.195233019140101605e-02
6.173036762423846080e-02
-1.783047280245598706e-02
2.470491671320620627e-02
2.287547684904736936e-02
4.846396090045149152e-02
2.218987328780952506e-03
-1.300304773290572591e-03
4.231084727310907567e-02
9.787072000214582651e-03
2.737067972788702688e-02
2.180568764824863601e-02
2.293138407575505064e-02
-1.946050825074199103e-02
-1.701559727655913012e-03
7.940172659077540662e-02
9.701464430642649239e-02
9.603829330477199611e-02
5.764597856237890783e-02
2.003264266671792374e-02
-4.071518564786234806e-03
-3.507568599626524619e-03
9.338699754606248626e-02
1.957354042668303998e-02
6.132329836280518698e-02
3.606301601848359295e-02
6.728219299979813772e-02
6.476134051899593014e-02
8.135186796895552130e-02
1.898770766828837206e-02
1.697754218667637052e-02
5.884973911675839275e-02
1.865632033408486795e-03
-1.881459563033843763e-04
1.144016561681310273e-03
8.356950124728217133e-02
2.007173703576369331e-02
3.709505652108815998e-02
2.697841266248147615e-02
1.537296880769089755e-02
9.764776939368448316e-02
4.343715608283281460e-02
-1.542710031593827989e-02
1.927583138446930730e-02
7.842561214169336409e-03
6.888953279009648462e-03
9.838990945676563682e-03
2.000864073658386449e-03
1.846765614772321804e-02
7.491013309623763272e-02
2.866020187440532219e-03
-1.961396562332529472e-02
1.112961106178211174e-02
8.073573791247294629e-02
5.304550171098247613e-02
7.767334970833601748e-02
3.988692225336730457e-02
2.308259039926487469e-02
9.976157247364055708e-03
2.774781524873088170e-02
2.283771272323810095e-02
3.823905074247117841e-02
9.572593232077841741e-02
-6.652428246819342902e-03
-5.715186886521332610e-03
1.975525362960007039e-02
-1.663234831645371906e-02
4.711208861982624230e-02
4.085498587541007420e-02
-7.211463146609906061e-03
4.846561403238672239e-02
7.268348381894178256e-02
5.067980117831905051e-02
-9.899880675062354765e-03
9.467954224976889155e-02
8.302370417588879337e-02
4.998621446557455217e-02
2.105239578237387207e-02
5.695437329643725233e-02
1.394403226076859972e-02
2.785859361312636659e-02
7.620738752343438061e-02
2.642338365810360454e-02
4.223563086683145007e-02
7.262696243938819574e-03
2.755257325033881252e-02
3.030436827359522453e-02
4.722962957769225034e-02
-5.890219354784988204e-04
5.543704984934491597e-02
6.534875262074173186e-02
4.132546007068221838e-02
3.480108499302551894e-02
2.449477349780390667e-04
6.124529983695106705e-02
4.244124455968835419e-02
4.698191713705729411e-02
-4.104339334864145344e-03
1.268565553582795893e-02
1.966792157532551433e-03
1.760539992457147221e-02
2.947049510208264722e-03
8.064728889918823529e-02
3.945782938273383056e-02
-3.148224738763482494e-03
-3.401499498970967511e-03
8.855129727627412961e-02
6.511211476535209985e-02
5.816740821240133641e-02
9.474935459773101143e-02
9.801392354656239536e-02
8.199435680694829032e-02
2.930503756406148755e-02
7.830182148455294699e-02
7.747407699730885638e-03
4.355312348979952647e-03
4.360074027819908771e-02
2.089063159211250811e-02
7.389686166907258325e-02
4.481099809367351805e-02
4.138969611324903181e-03
3.605879106620451385e-03
4.261532208252394316e-02
6.613617931052302723e-02
3.594580877403986963e-02
3.952706148888721072e-02
5.615110434564357655e-02
3.960677654698022132e-02
-6.484391856931032150e-03
8.747002925805946738e-02
8.023854021028697936e-02
1.769056438059564071e-02
2.633178861915257477e-02
8.183064083747344786e-02
6.202849437995704152e-02
2.586054387600450130e-02
8.482992983457182667e-02
6.220135610084481792e-02
6.699946222269229090e-02
4.551330529765493238e-02
2.199606570759956095e-02
4.680343003077341857e-02
-3.458004418307632222e-04
2.203829925231351114e-02
-1.191550259717542859e-02
-1.271121595395989859e-02
2.800987696807230934e-02
9.513564884867457827e-02
8.001844962372431369e-02
6.040347607745000236e-02
2.365696620389544022e-02
8.348927939851165381e-02
3.225888096608873351e-03
1.435142805468607799e-02
-1.955465099097217913e-02
8.912660395900255661e-02
-1.371707487800783928e-02
5.228489552765722137e-02
2.705679560281861948e-02
9.313679167905009049e-02
6.348187078342067136e-02
3.384084971903554562e-02
6.780746253798851375e-02
8.405150460098587128e-02
4.474936270646760750e-02
7.015760210110935646e-02
9.513963212814410819e-02
-1.360240635446984502e-02
8.433519169882924826e-02
3.294694809514549239e-02
1.817594941544670856e-03
1.901431313492173494e-02
5.420031448995474982e-03
4.058125147657795639e-02
4.842620056111100746e-02
1.975402318368782786e-02
9.374358622602373126e-02
6.661984879714132057e-02
3.134740912152955694e-02
5.677004074639691034e-02
6.235288307669169250e-02
6.311421919698236016e-02
5.906031299022619641e-02
5.287789106849040410e-02
6.498861424467870795e-02
-9.077837885381167746e-03
1.169810355983507202e-02
2.197384148094451081e-02
9.661778237737521369e-02
2.516647081823663798e-02
8.700185238156765699e-02
4.493954548329485987e-02
1.736061642032914534e-02
2.234325171637102300e-02
5.186451693779456362e-02
9.329734664326580496e-02
2.113566042289909477e-02
9.295230888982537742e-02
2.410370259661828371e-02
9.952629854127631459e-02
5.019220356473039213e-02
2.653710815520168506e-02
4.245804686294661623e-02
9.374783512955532638e-02
4.793755403285225591e-02
7.689955449398085119e-02
-9.524227201035500440e-03
9.264792781758041107e-02
9.083037022979099928e-03
9.738095890658760023e-02
3.358108063610119876e-02
9.128686950656139665e-02
7.413241498298947518e-02
2.379349240579891819e-02
6.015030772498770884e-02
1.674464679894698341e-02
-1.015623901439818497e-02
7.651726642397761735e-02
7.918147767884450849e-02
7.528486584288202055e-03
3.350910663745591822e-02
7.434231206455588215e-02
5.064378105178023171e-02
4.738278938797654827e-02
-9.483863899836859901e-03
-1.961932875591572770e-02
9.668934398536307984e-02
2.451699567797762866e-02
1.053570429988413479e-02
9.310000957324478243e-02
3.453913644334645483e-02
4.227364242801845418e-02
9.622624465424257922e-02
7.772838202545429009e-02
4.812592995057523443e-03
5.609327656245398364e-02
3.239487823325427895e-02
6.683915749890870228e-02
4.521616874160173938e-02
3.846763587560263209e-02
5.523074851613563041e-02
9.038354451000905898e-02
9.717745466657140563e-02
-1.929230617130321679e-02
3.371478518501032362e-02
9.615635616191028912e-02
-4.182726081164468701e-03
-5.334474616719235215e-03
-4.224015922119905841e-03
-1.613575789370943689e-02
5.170008852574606295e-02
-1.670503949727474013e-04
4.886239318047423674e-02
9.288562386240249713e-02
4.428636068117289271e-02
7.596642292736649482e-02
2.022123863335828844e-02
6.822351709728548264e-02
1.168020935949157582e-02
5.103211501482812773e-02
3.473635702825599025e-03
6.887011848478968856e-02
3.756228540223351120e-02
8.504946147304399962e-02
3.420743927821609520e-02
1.749864204750380473e-02
-5.746602946066858494e-03
8.642165449952815548e-02
4.755371936902864916e-02
2.789816222629961165e-02
6.628441456386525987e-02
7.974654418402840617e-02
3.280824978835415739e-02
6.397589400914473201e-02
6.220367519456631439e-03
5.774093710185325412e-02
9.033613530327355701e-02
1.610432501168469754e-04
2.756077398667994630e-02
7.629689981691982481e-02
3.687700156331746859e-02
8.361794698615421240e-02
-1.285957258935232703e-02
6.738116044886806322e-02
3.239261545858700131e-02
3.672268857882345083e-02
4.137037475634899875e-02
1.717106602078683972e-02
2.775703209157507831e-02
7.339953952721499364e-02
7.191159585531980980e-02
3.017381414224698175e-02
8.469683953607448634e-03
1.828316200710056530e-02
5.066942998054500824e-02
9.264586113950874779e-02
6.411568291331072589e-02
8.248083398763339513e-02
-1.839994609014786175e-02
-1.445857048729457493e-02
5.857881465488432027e-02
3.221587544098826472e-02
3.455791726464051139e-02
3.753559560587554911e-02
1.359302530779636295e-02
8.513011825278059275e-02
-4.708529304490881653e-03
4.405377783579074447e-02
8.496807222407547211e-02
4.008333685323237083e-02
5.090907568098605729e-02
3.834382179881765107e-02
7.626570172053642738e-02
9.506650223183601978e-02
1.036518589612470120e-02
5.013106165952452981e-03
9.511732172423473242e-02
4.741093624032188814e-02
7.004014624952410728e-02
1.338251641313662962e-02
-7.625794379397964409e-03
2.610985007076531764e-02
2.912536741623302297e-02
-1.081295826650499961e-02
8.616346706866087612e-02
7.267119660583318264e-02
-1.038498226109127107e-02
-9.658030532738103371e-03
3.940015908798445710e-02
9.082093251252489063e-02
4.442440878074105370e-02
1.707364562216418663e-03
6.698217705741450756e-02
5.692430098109432096e-03
2.335602912241397169e-02
7.337728112425133398e-02
6.721124498114648682e-04
2.314619794455919158e-02
5.479317594295916860e-02
2.387898945338899973e-02
1.839072127648383112e-02
4.857368305660024477e-02
1.870348719029029175e-02
3.073500272699058664e-02
7.359172212348891184e-02
1.977230257644905023e-02
4.007825203199226471e-02
5.898237496891589604e-02
6.462134339934434701e-02
9.510798523755530087e-02
4.925674133474895744e-02
-1.245409991264673395e-02
1.296801044884530671e-02
5.307374892755789553e-03
8.533465744230611660e-02
5.664736430106830090e-02
4.773489437008485159e-02
4.915948964915378694e-02
1.473877639885101329e-02
-5.455875857478566238e-03
2.178015850268455109e-02
1.261836717888524875e-02
-5.948812864894983260e-03
5.411411262475751549e-02
1.253231778789015358e-02
2.921443987638757192e-02
1.782091844209942114e-02
3.259743436339182510e-02
2.363898180693262477e-02
1.332173330832117294e-02
7.147951122273156488e-02
2.280058608807404921e-02
6.959114551924876213e-03
