1.000091538163215388e+00
1.088168167341608372e+00
1.011635585316627672e+00
1.051742327479904926e+00
1.074133270793834916e+00
1.064711649382830361e+00
1.012076511155718173e+00
1.041413393827793410e+00
1.077601444731691283e+00
1.086168826642854190e+00
1.031064688550385133e+00
1.030785619047107637e+00
1.096744750408654046e+00
1.075083940966954366e+00
1.003317554030514147e+00
1.075198927644243518e+00
1.055444627172693828e+00
1.078674644260740667e+00
1.076997477819039872e+00
1.060617756857392235e+00
1.025951594161249814e+00
1.094315549185219894e+00
1.082498057447442541e+00
1.087420413094159599e+00
1.097026002199537942e+00
1.084725757403384394e+00
1.098534339500368162e+00
1.034232428255602354e+00
1.053267203357154624e+00
1.045711611765042459e+00
1.012901936956428495e+00
1.033342704069551976e+00
1.096943947070916359e+00
1.043354407820997531e+00
1.011230365456025293e+00
1.032810854160154834e+00
1.002592320959879046e+00
1.052653460586735035e+00
1.053234164280528962e+00
1.090692679174806834e+00
1.080733594091835226e+00
1.059366896897924626e+00
1.053538239299908863e+00
1.047579185532703683e+00
1.033421331619624128e+00
1.068083041087798613e+00
1.037899764230006294e+00
1.074228463894412844e+00
1.097078229310134656e+00
1.023125953249565345e+00
1.055719955213100247e+00
1.033354529248588616e+00
1.019928800307297490e+00
1.030428143388334439e+00
1.034205314577757440e+00
1.032285224630264731e+00
1.099776300348589420e+00
1.018215131254100347e+00
1.048137835397820794e+00
1.065427670514408565e+00
1.013081465661010316e+00
1.013989797681287053e+00
1.055183278247733059e+00
1.098963588507886779e+00
1.058793212873921474e+00
1.039614200130044797e+00
1.010207610687220425e+00
1.093566111780199357e+00
1.091039204287796771e+00
1.063394619920679629e+00
1.095320814561418388e+00
1.054795188520803562e+00
1.006947892868486738e+00
1.029746690836106593e+00
1.061560468222398690e+00
1.058844913915966579e+00
1.020407969746973897e+00
1.015586611622900204e+00
1.042263926813004948e+00
1.090256039305924629e+00
1.012586042651360208e+00
1.092601704253990835e+00
1.003731526202728208e+00
1.027480791599653553e+00
1.030475310734076277e+00
1.034533844416035908e+00
1.031974921838983983e+00
1.070874257036219968e+00
1.014336823503804386e+00
1.093903885613634497e+00
1.098272902749164004e+00
1.000259063940296844e+00
1.001264165216472213e+00
1.081358222521173307e+00
1.095077059865207314e+00
1.093045418043253614e+00
1.056823707069458829e+00
1.058980917053678805e+00
1.056461542418223321e+00
1.080605895992779120e+00
1.056855795619189742e+00
1.096880894089379055e+00
1.019445095181930494e+00
1.091702403068917082e+00
1.029548143195279986e+00
1.087026674611319299e+00
1.086374884472499858e+00
1.027468923751843954e+00
1.013729589290059296e+00
1.071082249450131973e+00
1.084114134053637102e+00
1.074563624448316101e+00
1.074677364866143181e+00
1.010665153587346099e+00
1.022342490379188007e+00
1.054668950054910903e+00
1.066918406916579576e+00
1.008989535527700321e+00
1.064842629795846651e+00
1.059574467084453575e+00
1.035278454022410033e+00
1.067736870790737758e+00
1.063481658616135972e+00
1.022497945026550781e+00
1.016651719005269072e+00
1.062370822252695302e+00
1.055152447894466050e+00
1.061427704813715511e+00
1.097032912655244052e+00
1.021965191857034272e+00
1.026353385727379219e+00
1.058996363800518870e+00
1.073598804107450455e+00
1.043279443513123850e+00
1.080665206388435884e+00
1.084207310800457735e+00
1.081209212668660102e+00
1.099070980990977553e+00
1.006230022614747366e+00
1.023675382111508991e+00
1.077386705897747765e+00
1.081630399039786194e+00
1.080877143547196662e+00
1.096196728903507278e+00
1.034300163444617837e+00
1.055660475001879428e+00
1.021235029315792131e+00
1.054808010295330556e+00
1.010964039371847534e+00
1.055470575838479474e+00
1.053851611000036437e+00
1.069475715520543213e+00
1.039367006533636673e+00
1.014373127120940632e+00
1.026637006557831633e+00
1.021821683785847812e+00
1.062630936207414889e+00
1.080031608212395078e+00
1.078052025898055932e+00
1.052297627877102792e+00
1.047072708896582105e+00
1.088056267453722192e+00
1.084641485039887554e+00
1.019438428012677589e+00
1.045685432126677306e+00
1.051623700050568599e+00
1.093342721448312238e+00
1.096238787196644360e+00
1.071907448649408456e+00
1.042070407591326076e+00
1.025791804997737922e+00
1.035423264445638702e+00
1.059311777979190294e+00
1.022947704118141621e+00
1.064504054487273255e+00
1.034462955711488386e+00
1.086304429367269897e+00
1.046837834785334875e+00
1.039564321965581684e+00
1.055673365379905748e+00
1.004539171462221603e+00
1.086601493772147320e+00
1.048275697997297140e+00
1.048059167560941640e+00
1.028318682983442978e+00
1.048443969901586170e+00
1.043475088994544997e+00
1.023085592686602263e+00
1.062360635631345085e+00
1.067918409659526890e+00
1.057613671813160350e+00
1.072429806412155129e+00
1.010747218379636880e+00
1.037884521129976756e+00
1.069394981399262923e+00
1.000633679788809793e+00
1.063002030967696854e+00
1.011723452167350157e+00
1.034897772317107778e+00
1.073167595774869643e+00
1.010602300701958001e+00
1.037196674778976924e+00
1.047511152098145715e+00
1.043091100344611499e+00
1.005790612413639096e+00
1.035118122423967169e+00
1.068230099842780056e+00
1.039055766485121657e+00
1.019764935511658033e+00
1.050655681143045417e+00
1.016828319586711826e+00
1.049378930026731771e+00
1.058618518562264743e+00
1.033791722204886465e+00
1.059211885942664244e+00
1.028769265466050742e+00
1.092562520800426595e+00
1.014058687131732306e+00
1.048936323804553705e+00
1.006359717053311398e+00
1.084167715947131017e+00
1.024840864965270271e+00
1.085696891574721823e+00
1.009490587364907599e+00
1.059532405512946918e+00
1.041445946564882430e+00
1.064565032177332560e+00
1.044624792766585930e+00
1.005348786276903272e+00
1.031446842252537799e+00
1.021420422995559241e+00
1.016340504001379319e+00
1.072178238507233594e+00
1.044819117642735939e+00
1.061050569220358675e+00
1.089481225972783296e+00
1.042920887390381024e+00
1.036698646312512073e+00
1.053030382788851860e+00
1.091248726415407377e+00
1.084395669582984612e+00
1.050157531931107169e+00
1.018556217956459120e+00
1.060079302142970636e+00
1.082234415325122878e+00
1.099029554957961619e+00
1.063641271077760297e+00
1.097332990867951219e+00
1.077869091164496806e+00
1.034291704955323521e+00
1.019871392387388997e+00
1.028640324298429443e+00
1.030541243386172701e+00
1.034251608555702528e+00
1.046595306744524612e+00
1.061128425970511602e+00
1.089985329211111242e+00
1.016750368365263224e+00
1.024372472270043355e+00
1.021959683479729097e+00
1.022414906205592500e+00
1.011271869337571738e+00
1.092241088758945988e+00
1.016001987967910747e+00
1.047617774653172962e+00
1.058299485147280228e+00
1.053090204887532133e+00
1.005642591303348432e+00
1.016304167049115526e+00
1.054652469895271727e+00
1.087442828343703649e+00
1.097710245201946933e+00
1.050459619934126509e+00
1.018600700081515820e+00
1.088089152612942367e+00
1.035968687494168261e+00
1.010307681587771400e+00
1.040088614967116687e+00
1.006902441687959282e+00
1.036270703381924951e+00
1.072675995017974060e+00
1.080108910435517933e+00
1.096863114010176332e+00
1.075938067100535189e+00
1.031664105998177927e+00
1.008008477313137252e+00
1.020497831230325669e+00
1.096914046404892984e+00
1.008696768509311559e+00
1.007225865683651023e+00
1.095640368820020916e+00
1.081811383829955897e+00
1.073720060810856802e+00
1.085909961141644731e+00
1.058302356591819926e+00
1.036597780032747718e+00
1.054207315171677317e+00
1.015465337203835805e+00
1.045312381777483424e+00
1.031610325306784315e+00
1.051368835262268986e+00
1.069104317494787626e+00
1.097445207182253135e+00
1.029752836240779290e+00
1.067277998705091324e+00
1.049156538673571948e+00
1.004070741636513553e+00
1.039107274587699692e+00
1.097351940447826912e+00
1.018353291514484393e+00
1.081326152911208371e+00
1.091048649848438634e+00
1.058514542251472346e+00
1.075438748744270034e+00
1.084522242142559767e+00
1.046946313475375812e+00
1.057978927053344842e+00
1.037150996132579550e+00
1.020286528674483328e+00
1.082944125746663877e+00
1.068994779231488890e+00
1.083071592206836131e+00
1.014760487758482155e+00
1.061786197605229409e+00
1.079490222073472783e+00
1.039068492062500182e+00
1.098225915793258123e+00
1.026082171344337324e+00
1.017080887827051860e+00
1.050830500165382153e+00
1.066005046210405816e+00
1.042287263490103033e+00
1.048029209590767508e+00
1.015580711803027558e+00
1.007965487849506570e+00
1.002438041486340969e+00
1.084520778869175972e+00
1.066948350292853620e+00
1.059856290221180775e+00
1.028079701064049445e+00
1.096921171335129896e+00
1.017901845675172057e+00
1.065457420654245313e+00
1.052404275832678149e+00
1.028140260753207080e+00
1.036869406987056319e+00
1.092482958953751249e+00
1.044479372246932991e+00
1.017683920032320000e+00
1.077227320441458636e+00
1.027842286699408803e+00
1.098910495038888824e+00
1.001149542896312639e+00
1.030972225999571945e+00
1.069252460758122192e+00
1.067528605488453186e+00
1.000762278310363351e+00
1.040138047301995217e+00
1.094664369509237067e+00
1.051622257281977779e+00
1.064421355508106126e+00
1.028713972630224571e+00
1.079001348011513262e+00
1.078963707242540426e+00
1.048359232658934381e+00
1.087461258269478703e+00
1.007086078423568676e+00
1.056775047908162346e+00
1.064575637974990441e+00
1.096173716762552930e+00
1.081679027268260596e+00
1.000969410701331830e+00
1.024605567304007092e+00
1.034667048479224194e+00
1.064232719953084549e+00
1.069518886422836879e+00
1.033561321271840638e+00
1.087370965100932008e+00
1.093029481649582246e+00
1.098151866289152512e+00
1.059000903213573874e+00
1.031218720400838507e+00
1.047845229453214122e+00
1.075384550904754821e+00
1.070035200208775628e+00
1.051479063046596218e+00
1.025015513466715156e+00
1.088401844735671808e+00
1.011332231085499078e+00
1.000868446588496719e+00
1.057488725692212972e+00
1.068324888746009949e+00
1.084867417572922044e+00
1.073912807051268681e+00
1.096986174499066324e+00
1.074927438890714182e+00
1.086442640202533338e+00
1.046938250157339656e+00
1.061399997712461740e+00
1.046146281741353157e+00
1.032376004368912525e+00
1.058710658226424073e+00
1.015834243249105429e+00
1.075266527762909430e+00
1.065718640712596699e+00
1.086627724930947281e+00
1.047560798923078629e+00
1.095821745383158907e+00
1.095595131024034830e+00
1.035270829780482016e+00
1.053787941572801978e+00
1.001295342635636132e+00
1.020704049737797270e+00
1.004004140604096706e+00
1.055907613745202811e+00
1.013161550311979964e+00
1.081875931490774434e+00
1.062376423332766606e+00
1.088265432845124892e+00
1.085242749603858137e+00
1.091790492835062132e+00
1.095316617787057911e+00
1.036812465684980422e+00
1.008304156811301810e+00
1.005569031889288256e+00
1.026965695303608372e+00
1.076525920314475027e+00
1.093493788463467897e+00
1.017970677886407271e+00
1.019794538172593024e+00
1.001902517347885491e+00
1.041896412641622360e+00
1.042186137225378451e+00
1.005044470214956798e+00
1.023533636668447766e+00
1.060315237808922895e+00
1.004176770883026037e+00
1.042602703674504250e+00
1.006139826287132610e+00
1.058371906295527021e+00
1.098930024121248072e+00
1.093129223450538090e+00
1.028325678573074997e+00
1.025149031774147401e+00
1.038274380894648186e+00
1.090585502740735624e+00
1.094161421843756088e+00
1.001572984900043206e+00
1.041731439805131165e+00
1.035348778852383855e+00
1.043431900408558821e+00
1.091880369423416042e+00
1.012487033988304752e+00
1.049144225182968571e+00
1.075561679169084295e+00
1.015715371377474252e+00
1.041302205528471969e+00
1.003613133278202563e+00
1.095881694029144926e+00
1.095757295891231164e+00
1.033122161449806509e+00
1.010491821304297266e+00
1.041220393529655119e+00
1.047275413040775316e+00
1.076842192898228356e+00
1.038527746629808179e+00
1.089574830873100808e+00
1.062314255156582288e+00
1.069922575569879797e+00
1.020715140985168912e+00
1.047068311089911274e+00
1.085986266075295026e+00
1.003008010345790790e+00
1.066257202569109053e+00
1.096216044852768468e+00
1.091170783034573821e+00
1.080143192912572658e+00
1.045195311385580084e+00
1.089757461782405068e+00
1.039666192302011405e+00
1.027616143385695402e+00
1.057338162454742436e+00
1.020938973985997311e+00
1.067356692698096854e+00
1.061031889516604654e+00
1.035247402085261781e+00
1.023005857749745839e+00
1.016677761638562050e+00
1.071730702547657677e+00
1.094582840083024866e+00
1.051400626254167969e+00
1.026863642806863153e+00
1.013281509683159776e+00
1.010246755791808448e+00
1.015037870136617393e+00
1.090372497416269182e+00
1.025353895129203385e+00
1.038724362512865929e+00
1.096294460156313377e+00
1.072975817952485311e+00
1.016936669274278060e+00
1.000620933527960110e+00
1.044847466298170158e+00
1.057153141057683765e+00
1.086077095687753458e+00
1.062894738623556767e+00
1.057055603820031164e+00
1.031802217201805316e+00
1.078396997887721032e+00
1.080871827697891474e+00
1.030526006531913730e+00
1.024047199464771296e+00
1.023507104905290177e+00
1.047899919504989841e+00
1.046520580212256135e+00
1.027655173540012123e+00
1.041701192120005670e+00
1.088628934843470786e+00
1.097994982572659817e+00
1.071331097754861572e+00
1.075743114470913309e+00
1.000491342531565575e+00
1.068573387468841673e+00
1.001042923613744806e+00
1.019434695075434050e+00
1.058803034233111839e+00
1.033777982436430154e+00
1.017105949918540198e+00
1.086533905901164054e+00
1.026040212542919550e+00
1.046436019649030102e+00
1.027638906290276655e+00
1.096055476355191738e+00
1.032294774810849303e+00
1.094733774516562619e+00
1.031622519188543308e+00
1.097846208486846109e+00
1.030533020646789755e+00
1.097314932565601087e+00
1.000456779365575644e+00
1.008871219059068070e+00
1.040009992185957133e+00
1.044337335347614637e+00
1.039961345626708500e+00
1.081226801652708680e+00
1.076788259225454514e+00
1.008603105746005424e+00
1.093352871924600400e+00
1.052367595778089582e+00
1.030413649376365814e+00
1.046969938119194365e+00
1.051554251711496191e+00
1.032803034468426251e+00
1.095437014615388227e+00
1.018394670062069851e+00
1.022631051307456795e+00
1.056580467080381558e+00
1.087959650206730355e+00
1.003962774444905559e+00
1.037489793774072355e+00
1.053493717161741783e+00
1.040227834229009440e+00
1.042639083937676681e+00
1.038020020685476608e+00
1.054516300909077664e+00
1.083962093990259223e+00
1.024043427969103304e+00
1.048620532579189746e+00
1.011271403289848658e+00
1.080291191812626117e+00
1.036846425775261205e+00
1.017360089907727083e+00
1.040550580260523494e+00
1.033378306138840630e+00
1.017025150273282552e+00
1.031816844265262656e+00
1.092888629850375715e+00
1.011082374605024370e+00
1.094676077300827499e+00
1.045378999171588275e+00
1.033788191921369393e+00
1.021176049650040163e+00
1.085752432185424166e+00
1.042519901578320640e+00
1.068201410731185019e+00
1.036437788149418449e+00
1.087867164280894361e+00
1.093090994989491138e+00
1.025379138262730860e+00
1.010484362753039767e+00
1.074708513944001798e+00
1.002913982290576600e+00
1.003564677046063780e+00
1.045796400989737140e+00
1.069705888707791486e+00
1.090261668601473000e+00
1.035946131253296931e+00
1.000102115593706875e+00
1.081299222965532048e+00
1.084362720801413493e+00
1.036132641325973713e+00
1.055175539806598062e+00
1.037866566706363347e+00
1.022070539375016018e+00
1.046779149221626959e+00
1.041833633606197740e+00
1.085077390445742473e+00
1.051660711277994098e+00
1.050773826239085329e+00
1.011513283150574871e+00
1.037825432985499452e+00
1.041883268516974104e+00
1.011801162633635620e+00
1.052123266897063703e+00
1.073773491643264855e+00
1.097064807619000604e+00
1.075471208956411351e+00
1.020015529233151419e+00
1.034391761116932429e+00
1.042051316616935397e+00
1.003895753102471700e+00
1.090330018474932050e+00
1.041564956386197505e+00
1.079696852470265256e+00
1.099460826885045206e+00
1.063755093114194583e+00
1.097308597328572333e+00
1.028242498469169153e+00
1.018215513710518216e+00
1.032842566046271671e+00
1.042148489895826424e+00
1.050591237782173559e+00
1.076398062090858643e+00
1.046023725111171254e+00
1.070865328258756133e+00
1.003589967111192083e+00
1.060703645926225125e+00
1.033313834189914626e+00
1.056716544171189653e+00
1.094291239998996801e+00
1.013179301098869667e+00
1.047118283460382493e+00
1.093427148774879010e+00
1.014242551906391121e+00
1.057389309119992404e+00
1.000046371314590621e+00
1.002302169691350997e+00
1.068941771566097376e+00
1.026811515723179635e+00
1.025439374861631947e+00
1.038435401533849500e+00
1.037828746506788580e+00
1.052131905996969374e+00
1.032747861290971736e+00
1.056445758809528623e+00
1.099453582523064687e+00
1.065783059326204096e+00
1.051001745618340699e+00
1.011980572966376890e+00
1.099158954801458643e+00
1.081063817187613685e+00
1.031740033679801938e+00
1.053413272010039758e+00
1.070380097242584760e+00
1.003739080210115597e+00
1.052985392257546726e+00
1.060313446530224857e+00
1.089201909536809065e+00
1.080417354865275348e+00
1.030654050132278732e+00
1.043622565852313056e+00
1.070567889459601352e+00
1.015463655213864502e+00
1.013003130090469384e+00
1.013738689300226037e+00
1.065015886389023780e+00
1.043405056675339226e+00
1.040276940628064750e+00
1.085399955135127215e+00
1.074340308256598764e+00
1.098710794448770400e+00
1.054830425702452112e+00
1.074866849830484083e+00
1.021871196485693467e+00
1.048265738542463632e+00
1.097371249808274829e+00
1.066700966257831951e+00
1.091204651180306406e+00
1.066037644890993397e+00
1.062111650267633545e+00
1.034713351833780770e+00
1.072391982370540786e+00
1.029651040605821910e+00
1.012938130709607032e+00
1.076854551081429134e+00
1.040098266086663559e+00
1.031854619056545852e+00
1.070906849336161315e+00
1.035282401486225412e+00
1.053047733333305258e+00
1.049375198912128049e+00
1.011815826613122526e+00
1.099935521011845774e+00
1.087763187879934756e+00
1.050398054749520416e+00
1.067658535744792081e+00
1.045564677290173439e+00
1.014578313296405021e+00
1.054135388462408063e+00
1.088522712109368129e+00
1.093868993402836720e+00
1.052039303546514537e+00
1.025812552158407831e+00
1.006404539297739653e+00
1.007102341452205785e+00
1.002158913676916008e+00
1.021641982830856499e+00
1.065673574102677490e+00
1.019867760722297012e+00
1.089031950414779848e+00
1.006758009631667949e+00
1.068932714521288352e+00
1.064934354658305660e+00
1.019895488185147858e+00
1.052189861654571512e+00
1.067001559988145942e+00
1.044481358248494418e+00
1.003701995231590427e+00
1.044901024229466957e+00
1.029476689635018705e+00
1.036649785036935167e+00
1.076839142014507811e+00
1.041700500874710222e+00
1.046262101691319613e+00
1.077032269114136298e+00
1.077622894807231058e+00
1.026987718482147427e+00
1.051723368668077807e+00
1.087014923304002734e+00
1.035722188941083477e+00
1.039274412364074474e+00
1.070664314096618774e+00
1.020662656730344731e+00
1.037768585799885512e+00
1.026603508476379822e+00
1.084640349546297289e+00
1.099167267826844041e+00
1.080520133836333274e+00
1.028500761925015050e+00
1.073304331884985752e+00
1.020956284959440241e+00
1.034027389290729015e+00
1.022478966578711068e+00
1.019120964638033033e+00
1.067501239782881806e+00
1.050098754331604045e+00
1.018373501041652585e+00
1.087960531012711174e+00
1.090299612717240407e+00
1.046783908304035560e+00
1.055490146918776073e+00
1.024098184141665424e+00
1.055643797347185942e+00
1.039862109590133254e+00
1.072668363194843932e+00
1.042441350821966095e+00
1.049516444492914147e+00
1.014639993381565963e+00
1.022393852323083108e+00
1.071268449516301846e+00
1.003251882026198416e+00
1.096593521745019340e+00
1.049418054777280451e+00
1.025158675726763446e+00
1.012023358582828880e+00
1.076931161988748054e+00
1.070356963781456283e+00
1.030655770768939883e+00
1.073915989653565939e+00
1.066551607267018031e+00
1.063522533157257088e+00
1.066435353896735272e+00
1.023441105223631187e+00
1.054376865390174833e+00
1.072812757872614320e+00
1.044220606567883403e+00
1.024778024246257413e+00
1.051358990550202543e+00
1.057936538068656507e+00
1.059054669418043160e+00
1.050265388993463445e+00
1.025153985829985848e+00
1.039907874655473963e+00
1.073786341518779830e+00
1.036912159065024319e+00
1.037572431165566300e+00
1.085243528607162444e+00
1.016610528031085092e+00
1.076825843649067860e+00
1.033857704505523945e+00
1.068946610052679214e+00
1.075864083423386575e+00
1.032317654078248159e+00
1.015627137290211701e+00
1.043387206845247217e+00
1.040576442859530104e+00
1.052518732239646315e+00
1.028873838806806829e+00
1.053653055669456107e+00
1.065382457794954885e+00
1.066561888401153846e+00
1.034843437153303514e+00
1.015239365378287850e+00
1.058739327840034550e+00
1.059161576235022828e+00
1.072661286606813924e+00
1.007996293889505734e+00
1.043590799373369071e+00
1.053682119633746028e+00
1.076571454316669563e+00
1.097469767664539742e+00
1.065774550176964652e+00
1.041675966989108693e+00
1.075327005936096203e+00
1.028309897705939946e+00
1.076315649754825188e+00
1.071409462514327338e+00
1.006903188998486742e+00
1.095127944585926993e+00
1.007179630833488826e+00
1.038295859848124669e+00
1.072427888022131404e+00
1.002102265166417538e+00
1.030856748518644617e+00
1.009976336769402572e+00
1.033236881928462303e+00
1.043046777276626091e+00
1.016945812781073322e+00
1.041483321819277386e+00
1.023062828448674910e+00
1.080615537330654075e+00
1.013413539841414135e+00
1.094252426145775559e+00
1.087273499642126939e+00
1.062144088399292974e+00
1.071896034110034757e+00
1.092143035532357809e+00
1.076479243602117997e+00
1.006908178666291898e+00
1.092798901837665593e+00
1.086514661101317447e+00
1.093913557922941093e+00
1.083144568253160633e+00
1.075578974303305291e+00
1.031130930182244221e+00
1.035935306061288808e+00
1.023962104283470564e+00
1.041162699844674133e+00
1.027527410297395027e+00
1.014843943794323300e+00
1.059220683010885011e+00
1.047105887697679982e+00
1.042585791273708873e+00
1.025079575000297005e+00
1.021746626617271225e+00
1.074509154688276791e+00
1.035435401355133900e+00
1.053011790578946894e+00
1.022130017605989094e+00
1.014372971574305726e+00
1.000247418515328501e+00
1.021492115617376406e+00
1.025092638105900678e+00
1.081958616387966865e+00
1.003425894955121800e+00
1.000071446608102432e+00
1.022319615619861732e+00
1.004642818829238227e+00
1.040368126879326338e+00
1.032965036389026148e+00
1.021597409436617587e+00
1.097962801755605566e+00
1.018126433775571771e+00
1.066586898028061281e+00
1.032401128966472958e+00
1.003033185597526078e+00
1.067634740086002454e+00
1.081098196452940696e+00
1.021007399172459973e+00
1.007341153663164679e+00
1.058898028894950771e+00
1.026890932462450223e+00
1.052604464696872411e+00
1.013178732211958533e+00
1.064756523421683587e+00
1.048471808103530911e+00
1.028177953329223460e+00
1.059083665840485633e+00
1.095464396864206824e+00
1.075078530453647430e+00
1.080133600003308381e+00
1.073091195762737371e+00
1.049728312462811175e+00
1.031927215081948956e+00
1.043084675822861129e+00
1.063652787435563019e+00
1.061579571849513126e+00
1.009517139839708255e+00
1.044488228603509539e+00
1.086696436012290379e+00
1.042808396002124383e+00
1.086186135512108963e+00
1.013032104860202676e+00
1.059499048758262063e+00
1.078454763498044366e+00
1.088479098364217634e+00
1.067146048793655266e+00
1.001956005051383158e+00
1.008160539953290913e+00
1.061202567195435043e+00
1.066149535477039612e+00
1.025006428867433650e+00
1.097407437483963299e+00
1.040853491244975615e+00
1.032740695810798970e+00
1.070202197473928418e+00
1.082376030739370831e+00
1.080121840854950888e+00
1.060031097231207697e+00
1.036127846572638678e+00
1.078764247283107602e+00
1.047331687217880392e+00
1.093659533740221068e+00
1.094748037595003387e+00
1.085578338576021595e+00
1.028552411773190789e+00
1.009726665701297765e+00
1.012652646165504544e+00
1.079535064980947423e+00
1.076023414448212367e+00
1.092028620025840446e+00
1.004688598431250801e+00
1.087231764882458762e+00
1.052191899824139076e+00
1.055461712945433783e+00
1.051616538982062643e+00
1.024508462400931741e+00
1.005797751711552168e+00
1.040058335835650105e+00
1.076581139741980220e+00
1.071645544529627125e+00
1.074495598295649001e+00
1.056436518320699625e+00
1.095805709044881393e+00
1.078440619203005602e+00
1.025497173299652953e+00
1.006877775294173771e+00
1.004177501178995069e+00
1.076595545409184451e+00
1.047959499531324834e+00
1.071568157582400538e+00
1.033228209668473285e+00
1.066134969340795990e+00
1.013481488030981481e+00
1.095539053869523327e+00
1.006468823282789860e+00
1.013144772255260229e+00
1.008951384962798681e+00
1.097214496799128414e+00
1.069418961122263312e+00
1.034649668474509898e+00
1.023472058946544916e+00
1.074532491611099871e+00
1.025654631472302292e+00
1.072494253496540040e+00
1.006038469659646495e+00
1.061494170517861768e+00
1.047240782284370342e+00
1.022444657623780007e+00
1.009739939162159761e+00
1.055891502181897756e+00
1.042085598085470632e+00
1.092320220250340368e+00
1.004781756458786646e+00
1.009755487871317081e+00
1.007525997559607367e+00
1.035782184237346248e+00
1.038832874886501889e+00
1.024796795849840514e+00
1.073074418206051206e+00
1.007785920841330451e+00
1.084193416567849511e+00
1.056601296720411698e+00
1.074276698226782845e+00
1.063910691671753561e+00
1.043876982626087857e+00
1.004502565293408090e+00
1.096373364778848947e+00
1.028188468940156142e+00
1.076402293656363085e+00
