9.795732595116467961e-03
7.626257811238804085e-02
6.452932841998823554e-02
8.346102687910392226e-02
-3.764406721365867736e-03
-1.730256996413759643e-02
2.478804465395092679e-02
8.051733148805861884e-03
1.269710631322546954e-02
2.562603504209838221e-02
9.975657588146909227e-02
7.589085858716775046e-02
7.332059272527227667e-02
-1.602845608764539437e-02
-1.496218545453216649e-02
9.245656295045624751e-02
-3.342546292529953444e-03
5.208323617426113827e-02
1.952635773889957807e-02
8.233165134652621620e-02
7.452409839813255166e-02
-1.500024986578369496e-02
3.444196294566939653e-02
4.472968530870470583e-02
2.392611372253793459e-02
2.906893289883993522e-02
2.952104595671960555e-02
6.484421581157626124e-03
1.074940890722304865e-02
7.665956809575402708e-02
9.181473785099984047e-03
-7.472059248851910945e-03
-7.101075879395768106e-03
3.041629145474171805e-02
-3.532306593454825894e-03
8.079844060008008200e-02
3.633355349757487474e-02
8.647773904628137942e-02
6.113683118210415379e-02
7.077572092509094859e-02
9.837257803967959513e-02
2.681768385463870197e-03
7.458067187502373518e-02
1.046389184924768206e-03
-1.016937324788259704e-02
2.454709491214705427e-02
8.164486816423378868e-02
7.866096046781353990e-02
3.937714888837720584e-02
7.064648008429140480e-02
4.610812483660083061e-02
5.956462748811802710e-02
1.713851409706486362e-03
-4.158547804984678159e-03
3.345721947700838750e-02
6.049380047983606706e-03
4.112664497264566232e-02
3.029721444157503288e-02
2.661468906737262871e-02
1.017290378168460643e-02
2.238211783652168177e-02
-1.507547892369975537e-02
3.671567086810860470e-02
-5.484795925026658345e-03
-1.705107141656090480e-02
3.257806615722881605e-02
2.458499074518102553e-02
2.159227637164689087e-02
6.932823706313148704e-02
1.172019350740441737e-02
-1.733928329785418276e-02
8.317533070898842917e-02
-1.942177554198126418e-02
5.790863509153386379e-02
8.549352547443939132e-02
5.862188003039683903e-04
2.202066565418783761e-03
8.166946487886832251e-02
6.400738473710977650e-02
1.615435461989430874e-02
9.756584422258748890e-02
1.642188993097069491e-02
6.114752267747504411e-02
-1.072602169848708292e-02
8.285646787141570657e-02
5.402175243000834071e-02
6.937978655645321568e-02
3.531933318695748558e-02
6.374060150629343169e-02
4.588705044145265088e-02
1.859780354065633870e-02
9.181731081868679811e-02
-5.481375589082734118e-03
1.018478270437763941e-02
-8.902301473707874627e-03
5.892108635453172094e-02
-1.504736006969452020e-02
-1.549782102009326749e-02
-1.566129874706696790e-02
4.651144945332502667e-02
2.990101457328636983e-02
9.009528357135049292e-02
2.332075131277122279e-02
8.280616392394529734e-02
1.411401173552127505e-02
-7.324909828280351531e-03
-8.200897787235907066e-03
5.406599572876649717e-02
2.115946208412980770e-02
6.499040949332240968e-02
6.537207832639790883e-02
-1.106043275318547084e-02
7.210147473587399936e-02
-6.903852290265759598e-03
9.604491458315134178e-02
8.157999299330366549e-02
3.212362051170886829e-03
6.082437451353930880e-02
9.909531830198187174e-02
4.111529183320195013e-03
9.904653530072973777e-02
9.314479661756965012e-02
3.631391473724501773e-02
5.108307900360826992e-03
-9.056738805466077458e-03
5.591385527607573014e-03
5.051058686102133377e-02
-1.759135373253197659e-03
6.861872704014275459e-03
3.351245346126335845e-02
5.354811298332159963e-02
2.129722986939730847e-02
5.304533728470275933e-02
5.342298947237643370e-02
-1.172865403511114124e-02
-1.112438894590030494e-02
3.981924164665726074e-02
5.710318597640277882e-02
1.797102563243046722e-02
3.141247577380096301e-02
3.320592469505407457e-03
7.768545587371609995e-02
6.738717504451194329e-02
3.093825828056308638e-02
2.957518139039541291e-02
3.687227559330383264e-02
4.582695017358395795e-02
-3.986453910768881365e-03
7.651298503016656927e-02
9.650907261408450677e-02
7.531673917584583156e-02
9.966984426200439784e-02
4.484425166198807711e-02
4.418953792279214227e-03
6.907535172770121190e-02
-8.012690263284431846e-04
8.663023507681931468e-02
-4.483667675071932590e-03
4.699937736046551351e-02
9.952083855555948766e-02
3.949570744184578708e-02
9.006185007261521824e-02
9.476315460270944013e-02
2.840425230227374212e-02
5.536286692570775714e-02
-1.117863451627160339e-02
9.711750629248157296e-02
5.815132204454773190e-03
8.012197526485650978e-02
5.016553734044244817e-02
3.755115462908090174e-02
6.514446621950956140e-03
-5.977449514266295477e-03
8.779983813006642102e-02
-8.604720215386024718e-03
-1.759846926261601774e-02
3.006074522235785765e-02
1.339027332698429842e-02
5.873498079910914604e-02
2.566228613381854248e-02
8.717659705677692494e-02
5.858016956942414810e-02
1.544326207309991081e-02
6.075610589552078722e-02
7.876372219888826132e-02
6.337902010064454250e-02
7.397526031401885360e-02
-1.633584889559429668e-02
6.709493626032703162e-02
-1.999819400168827491e-02
-1.572567109986641731e-03
4.113462048734382870e-02
-1.699061904536195572e-02
3.448984281951518460e-02
9.025403266519038681e-02
3.055257470452482985e-02
1.927040732584473989e-02
3.021495583563823042e-02
1.833210479254624228e-02
-1.661969001782895999e-02
-1.652319127826369638e-02
-9.585021436987778420e-03
-3.403286489935142961e-03
6.331444744421230175e-02
5.510855471491167556e-02
-1.156102680048805807e-02
2.134105676672933341e-02
4.886971732685552183e-02
-3.264871115597606926e-03
-1.106615742280348327e-02
4.426113627274709528e-02
-5.492928810402721712e-03
7.296324813773027995e-02
8.818077636297545763e-02
7.998728501717353168e-02
-1.589094588210818518e-02
2.095795491564956745e-02
7.507829099033706821e-02
8.529855115382925512e-02
8.456965825128051617e-02
8.714504373777533230e-02
9.157263647727227618e-02
2.670146440308330746e-02
1.356536503061677584e-03
-2.890161962964283432e-03
6.485071615755651220e-02
9.409793976237655622e-02
8.682476080110078376e-02
-5.891713764829654282e-03
-4.529731863802313047e-03
4.385858750182443366e-02
5.124794870203371044e-02
3.979962249294667631e-02
-1.288283478859383532e-02
4.515389844115033635e-02
3.815607229651656052e-02
2.207809853088838967e-02
6.671935826872897601e-02
9.326851208026755435e-02
4.281368665652864058e-02
8.461307093525480272e-03
3.720321891822370164e-02
6.552659674321684169e-03
7.835503453024503240e-02
7.139172295065845941e-02
1.628308624547856673e-02
5.145184831748884913e-02
7.192493531338250978e-02
6.511790489790786340e-02
1.678204468918516670e-02
4.544223550354424546e-02
6.053744122454786381e-02
1.146401576712976003e-02
1.856847413066225680e-02
6.658304333679555820e-02
6.848142544950722166e-02
8.169589733336779513e-02
-1.266765903804885525e-02
4.299189796429447874e-02
-7.416668475138043018e-03
5.790129482948602746e-02
3.789898431894704600e-02
6.563085631195235414e-02
9.593710990351313195e-03
7.206231010122232661e-02
6.474242348184737483e-02
4.343869612091139087e-02
-7.458880606678573028e-03
-6.570127009021091424e-04
-5.703711586979628295e-03
6.194415303918858473e-02
9.343556414193987525e-03
7.752005965418505562e-02
9.296972728165955879e-02
7.108857690834129162e-03
7.747877983734878515e-02
7.866782115667884934e-02
8.794425092286163592e-02
-1.737807891614119235e-02
-1.938228363696065451e-02
9.616708685412110602e-02
8.923019198642774541e-02
8.017085926812023144e-02
7.137124894433709288e-02
5.829971445180925915e-02
-2.482962951660006024e-03
7.978676996605685301e-02
-1.971750166385136463e-02
1.399841986081735642e-02
3.529221312434124846e-02
7.731966539935145044e-03
-1.822350024959744352e-02
-1.351312619623716918e-02
9.969770026067395485e-02
2.932924573511910479e-02
7.141180143319406093e-02
8.598040706879044037e-02
2.309918051679079112e-02
4.824566417161998272e-03
5.618268514775620615e-03
9.152849110458523285e-02
8.407766149283180113e-02
1.757507143440776090e-02
6.175379575128885079e-02
2.604231940750692878e-02
9.210365977250803415e-02
6.125234009939596602e-02
-7.708125751696610906e-03
4.824078176279542052e-03
6.178407003833430444e-02
9.451356491525536585e-02
5.844173105727047679e-02
4.023279057031642347e-02
3.502185034774356331e-02
7.762264862647764996e-02
5.828268678456706431e-02
9.455610857147850323e-02
-1.490226533459155372e-02
-1.280975531929239020e-02
2.718323142569147380e-02
8.082544642644740041e-02
4.446170907151948681e-02
8.175245587196808272e-02
4.565175936415340197e-02
4.584914967707784395e-02
2.031803090309769119e-02
3.336674660427554201e-03
3.184611786501759245e-02
6.251257638572123299e-02
6.586534045231073886e-02
2.874138331222586204e-02
6.466038216591279975e-02
7.192825438124474113e-02
7.617260247363021042e-02
4.441136697339556627e-02
4.897073419704983666e-02
5.208704889076032352e-02
1.721574878154897778e-02
-1.088754972327764248e-03
5.853183871349396800e-03
4.021621901653804620e-02
6.474312643382159477e-03
8.177457929731556108e-02
8.057705440168343169e-02
-7.536550366276753218e-03
5.932167599472099040e-03
2.836384002335317137e-02
6.428010161235649111e-02
1.438390346836221009e-02
2.733426431973359425e-02
-1.210006349945198095e-02
7.826531329027822115e-02
3.568958349485419623e-02
8.366133411110597551e-02
6.128163673667794131e-03
2.876658725627097637e-02
2.457146981094965668e-02
1.443211042235014938e-02
6.013112546510822332e-02
1.862430435712037272e-02
-1.084395585888768380e-02
-1.492992405017398369e-02
-1.619521817176831913e-03
5.332905864258974393e-02
-1.833452916741501806e-02
-1.308261947919951360e-02
4.194036474813853110e-02
7.687970704071503403e-02
6.920785018098116192e-02
2.306169119716340934e-02
3.308202520041811368e-02
-7.220309872477299884e-03
4.376046971478601832e-02
-3.989375077180872670e-03
-1.468124236691624972e-02
-1.517871125424080994e-02
5.091723979492741858e-02
-1.721659456334617005e-02
3.404175047177013247e-02
1.166978126174029670e-02
8.192488553674408258e-02
2.835055975315655188e-02
3.579854138364757521e-02
6.552825600803566242e-02
8.506076611836956014e-02
9.068692382465519397e-02
9.785913296758294577e-02
-6.895896931657489320e-03
9.226283580237129578e-02
9.938262732778799236e-02
3.148028743164030252e-02
-1.934941943638512907e-02
-1.031335197970040599e-02
4.231825554531971900e-02
4.003797916691019532e-02
2.558836410623167509e-02
9.087155855108466906e-02
6.533320837662619229e-02
1.479551854776732858e-02
1.332295681217699271e-02
4.215863779283798851e-02
5.096577736046006835e-02
-1.346602635430407119e-02
3.205952208019945127e-02
1.019806736936779840e-02
6.322140804534463754e-02
3.398919030031136157e-02
1.782399969036518178e-03
9.269115848921367917e-02
7.365793178041672717e-02
9.551477233856689453e-02
2.803986456810301023e-02
3.389338339633542196e-02
4.187280043805903518e-02
6.581238302689260133e-02
9.490263714047847410e-02
2.231760844314295902e-02
2.757943079861980770e-02
7.383209444908378494e-02
3.007667653522550985e-02
1.888790567930049083e-02
1.751813521323374381e-02
5.610294606869654921e-02
8.948783886454012015e-02
-1.722791648394288860e-02
1.852313693485993160e-02
-1.938404717233526559e-02
-8.442783661287390010e-03
-1.763405896757058028e-02
2.311577554085115713e-02
-1.773719897577574062e-02
3.207813350691884891e-02
2.830489982300390603e-02
8.408395583858975508e-02
-5.752397735801556208e-03
-1.945388724741576453e-02
3.761807284504851967e-02
1.621411677785368835e-02
6.755907987838667694e-02
4.977042776876065833e-02
6.449711714466023482e-02
5.368671864973455221e-02
8.119132637851737833e-02
2.236120319256788488e-02
7.839641558416521328e-02
4.328471840077081911e-02
-1.597178149112628981e-02
-1.428061114353025227e-02
6.183127695438231375e-02
8.324791733091166379e-02
4.179074938717433629e-02
7.802699305361932014e-02
4.098876550057063695e-02
1.718375238361459154e-02
7.249778057125992603e-02
9.862662925377077561e-02
-1.055629046510546225e-02
1.857972088448365047e-02
7.459378647385259131e-04
1.242178129258844979e-02
3.337848918737876258e-02
9.499660385013374009e-02
-8.645715419443304739e-03
5.058725897350234424e-02
7.154334066348379262e-02
6.049701105593950634e-02
9.220769843575585267e-02
-6.205591470091909728e-03
9.905753512178111508e-02
5.557116630718594852e-02
1.763183680883046237e-02
6.598864994933102690e-02
3.764532787493851673e-02
5.166715856935093221e-02
1.493309377979808519e-02
9.183079973332442664e-03
1.605213983107970158e-02
4.481018244213755275e-02
5.053156007757843293e-02
6.931064521572324888e-02
3.284572194798947298e-02
8.237481282524529436e-03
-1.019348047464874174e-02
4.781961413019762686e-02
7.670838058402867921e-02
6.380432467968945309e-02
1.600089483784789338e-02
8.505808346200495473e-02
-4.838045745496608041e-03
3.629248950946195595e-02
1.684126807956597485e-02
7.962901025911428565e-02
4.373863063835875531e-02
5.764496814194956797e-02
5.978897643138081364e-02
2.688442601023019116e-02
9.778045435858303408e-03
9.538250892729764618e-02
4.360269435535647775e-02
-5.619887318022822112e-03
7.161584434899534446e-02
5.001592817679945124e-02
2.138500750389448965e-02
6.065647187877623581e-02
6.746312463437266482e-02
4.551056536964459553e-02
-1.659313197786047717e-02
5.708246450387181870e-02
7.988915911264135583e-02
-1.723496087718565800e-02
4.600885542273769335e-02
5.562680237694279939e-02
-6.994067425695527085e-03
7.415025781663098225e-02
9.975068116162212617e-02
7.298948478118176542e-02
8.210890714655698364e-02
3.745835912613998397e-02
9.407311024763422014e-02
2.677801563463967291e-02
6.367698733653148757e-02
9.038440230188254931e-02
4.388842093438231895e-02
2.244505480008802609e-02
2.983119235377543546e-02
2.431020579955253322e-02
5.755663424219631397e-02
4.456266446717682683e-02
-1.536562142950391972e-02
1.391134843901364535e-02
-2.785100766643053283e-03
5.629469678322741866e-02
1.631000958068940312e-02
9.400801586296587964e-02
8.370332197595820034e-02
4.604376049006883576e-02
4.767850398285814612e-03
-1.148364257447089844e-02
6.809452439231285237e-02
4.030208009341718772e-03
3.245749739048744975e-02
6.683078750917070820e-02
9.690659743892210409e-02
4.692929130677418736e-02
-3.237955252234487463e-03
-5.273484509999523673e-03
5.704152049529363777e-03
2.579215385046540118e-02
-1.320080828174304693e-03
-1.654815966820866180e-02
8.975558140219735970e-02
7.056785196254947157e-02
7.338236142683431107e-02
3.055539477583701577e-02
3.238793190619558560e-02
7.921586934809933533e-02
7.611454695256429648e-02
2.520505510224644793e-02
5.501974959417595124e-02
3.036378958349177093e-03
6.370543299756062372e-02
1.687247575736700381e-02
9.824563589308113465e-02
1.604965495620482366e-02
6.874267269616689269e-02
-1.631386533127360955e-02
2.538913991382521149e-02
2.778629206222355333e-02
-1.625226475965065726e-02
9.860862368681871937e-02
-4.038589211106263094e-03
2.668152987013106686e-03
-6.177717045704128954e-03
7.989808134994598465e-02
-1.581573337208635327e-02
4.261037775127331229e-02
5.213717062371052424e-02
9.733920678668593618e-03
8.024508552050128862e-02
-1.464422338564630444e-02
8.344493054792517794e-02
3.174397197939374249e-02
4.481388972663928605e-02
7.949726333822328128e-02
7.079260004393068961e-02
9.405255901175019195e-02
-1.504220427211890032e-02
2.083941406281717909e-02
3.405867835881694339e-02
6.910072718879031739e-02
6.328931065371100340e-03
1.936504523163461514e-02
1.961950924699686419e-02
9.238195626595306631e-02
4.235248149148318486e-02
3.154584376200024465e-03
2.296225239339302546e-02
7.930205111964611087e-02
8.894840130193476524e-02
6.724938488024125027e-02
1.540076706848700003e-02
4.505533810276556028e-02
7.888679429016126621e-02
8.398686735359056632e-02
3.326357749637061378e-02
5.150405100385231638e-04
2.124500579178021167e-02
3.819682130699846023e-02
7.801430653859872666e-02
6.427634894859560188e-02
6.423543926481160848e-02
8.709202604550553284e-02
5.407157844443689909e-02
7.413666815047742498e-02
9.005911127739897604e-02
-8.759203174906464440e-03
-1.848828586671436014e-02
6.866574403283234873e-02
5.160510031055220992e-02
5.131994458546906834e-02
-9.828670187268202102e-03
5.314823396810136602e-02
8.188466550593791193e-02
1.347355641469550128e-02
8.368913899244434518e-02
-1.312901845317007710e-02
5.702839743491408542e-02
2.572136402052089751e-02
5.268839079662573921e-02
3.573683328645042845e-02
-1.188883700390599811e-02
1.195065998831621248e-02
3.110239059543789750e-02
1.610112088158659541e-02
8.658234562030432679e-02
8.955363778512834272e-02
3.963606396391569642e-02
9.102772897359104332e-02
2.902320897956051429e-02
3.461711524067899448e-02
1.697594612742672759e-04
4.338914058452271461e-02
1.726514240552775095e-02
-1.967151307739865157e-02
8.944712698015851171e-02
6.219738820217107778e-02
7.230969808593262771e-02
7.772277114364278816e-02
9.242758708041677596e-03
2.108320504606919429e-02
6.767956041604107631e-02
8.192674038916963886e-05
6.201508555935601741e-02
2.050536752755314704e-02
-1.750936204131455648e-02
4.713309260320854011e-02
2.822249832328628180e-02
9.304168056609665727e-02
6.201673477984889077e-03
6.200144819275800467e-02
7.336409379231592642e-02
8.568988972294751261e-03
4.044934855544007196e-03
2.152459747490441735e-02
8.741509132911804564e-03
8.230792961594167456e-02
4.101827736700345423e-03
8.246768355231731684e-02
6.590892120836799872e-02
3.712975733362200437e-02
3.602260448374094981e-02
8.355606906611623419e-02
-3.096078480808995420e-03
-1.391477468729986067e-02
-1.330667700028961842e-02
9.010892795695137764e-03
4.008668164717496540e-02
9.230831731142438712e-02
9.841717195439955712e-02
1.343196855210240445e-02
-7.386935378547806672e-03
9.356317443129150146e-02
9.922581107908749753e-02
5.426972241499077032e-02
2.979859698209587002e-02
6.444572649240515316e-02
8.038845341276228129e-02
1.528331130075445340e-02
5.805664959276564396e-02
4.454532177593097109e-02
2.265625431814346016e-02
6.034075997871106434e-02
2.834891259874933525e-02
9.784414027517590595e-02
4.772870778013439674e-02
7.466257262409874140e-02
7.519079088202151873e-02
8.238938075220866852e-02
-1.981028131307815965e-02
7.227440284636812984e-02
8.855398506380642715e-03
4.695227123505715805e-03
4.594354155177746146e-02
7.887351012579023324e-02
4.528357948583454362e-02
5.115019485968425039e-02
2.581036775711359824e-02
6.633545385632655389e-02
1.432862120939340858e-02
9.448828641274921447e-02
7.557692496487582179e-02
2.199513336414068640e-02
5.468829412870368500e-02
2.531566606308689737e-03
-1.942485385712545976e-03
-9.387944021406365025e-04
1.514167924136080104e-02
9.229737287571503079e-03
9.141554231906043326e-02
2.432449162282384822e-02
7.516368817553718135e-03
8.997690827810188308e-02
8.637387724303743908e-02
3.281159695359846251e-02
1.984955957181473024e-03
-1.817103084408901170e-02
7.704704688921308608e-02
5.994989698057506811e-02
5.273681812336826480e-02
1.539952521110754188e-02
9.333496691204545836e-02
8.835121901464464134e-02
-1.676319197320446860e-02
8.408313492191810123e-02
-1.163732460641851360e-02
9.484220229482843989e-03
4.808959472088243647e-02
8.436841457892932383e-02
2.309565334222721603e-02
3.946904142126408943e-03
-8.019727385753343263e-03
9.465272694847369495e-02
2.124014590391530219e-02
9.022685875357383534e-02
5.484998107959171421e-02
7.058968488491407234e-02
4.648006778842292408e-03
9.614019944054788547e-02
7.098846574030562295e-02
1.688108576678691228e-02
5.701781654652435249e-02
-1.560562377824119100e-02
3.444439383765866836e-02
-1.988748033382647940e-02
6.700979529854673294e-03
3.698235118771185659e-02
2.329289999188812257e-02
3.129831833636780025e-02
4.654698442618893095e-02
2.356367523487647511e-02
5.352260300471003984e-02
5.913775128640587353e-02
7.170100939747410529e-02
7.949630385541731070e-02
8.342952834801964368e-03
2.399185473595228171e-02
-5.452800196359483195e-03
9.328846452695212232e-02
-1.651003621417428471e-02
9.176495130161071989e-02
2.287602212123139231e-02
3.869293267889706289e-02
6.717396854672590123e-02
5.412763800211970594e-03
4.277401086372447508e-03
8.843122131348339632e-02
6.355984036840697793e-02
4.452476649053054708e-03
-4.619349550912409466e-03
-9.483162470461730179e-03
9.471492287542485067e-02
3.956041272245491847e-02
1.999826001338094253e-02
6.334126048572420731e-02
8.939518280445508946e-02
8.242488764696558057e-02
1.666233869382360844e-04
9.646988013811466645e-02
6.599189107780037422e-02
7.903168800781081027e-02
2.776414275245968691e-02
-8.838654141367450340e-03
4.303314486234324776e-02
5.791168768212718448e-03
2.333125104801856906e-02
2.581952956936900759e-02
3.379357275077728151e-02
7.951581255043889407e-02
6.593751423954556656e-02
1.905810534655460672e-02
-3.657900649364616286e-03
9.369967044415486446e-02
2.525649973386287842e-02
4.770487751512229868e-02
2.405680740864224107e-02
8.597021613376423788e-02
5.022231886740964601e-02
1.297593285142511002e-02
5.871453829767972477e-02
-1.484070892741468778e-02
8.678218319607565456e-02
9.724448233249909090e-02
8.176411534829604311e-02
9.086760697665719616e-03
1.457341603049360293e-02
9.471405663577521505e-02
-5.230389875721800849e-03
-1.816605206807321571e-02
4.002455169747326513e-02
4.589481742088974414e-02
1.225703793178678849e-02
-1.951450421295646692e-02
5.948895979534973844e-02
-1.240035401440005985e-02
-7.729275427287296552e-03
3.398801872854839701e-02
6.334953650284048943e-02
4.497949389044755830e-02
1.941467701995627446e-02
8.284928647280700997e-02
1.578753823295949224e-02
9.976675184860202272e-02
5.476902797645961940e-02
-1.146168153678552883e-02
7.959468742749310766e-02
1.464452946020379856e-02
8.178710855713745842e-02
5.598384100543654651e-02
-9.818133187025583977e-03
1.275060773371851711e-02
-1.745607080694722493e-02
-1.695308920130900177e-02
8.164615553579723795e-04
9.232081634505207024e-02
8.310485485551805107e-02
4.059185582230313838e-02
6.839107070194658244e-02
1.751966353895055215e-02
5.736315395376754417e-03
7.557732532669207692e-02
3.796291239417212693e-02
9.177371152928011366e-02
7.729420452338535419e-04
2.827599547466503119e-02
5.834069795280252824e-02
7.536082156772104523e-02
2.251726418829868084e-02
6.933462700020298630e-02
9.890569796044335060e-02
4.754690267679267945e-02
6.086176609722639130e-03
5.156970464160123835e-02
-3.158185163421478592e-03
4.652082120524664299e-02
1.473105220512742342e-03
7.092286403035490128e-02
9.270507029537423949e-02
5.768303370011600151e-02
6.684689892588958904e-02
7.714690232516835389e-03
5.892598423106680527e-02
5.992659755979810876e-02
2.910152504755711064e-02
5.427014390155746049e-02
5.854719490101474577e-03
6.210812645494556694e-02
6.232223293720816348e-02
-1.963389203131853805e-02
1.237952673213884094e-02
1.043155271052700200e-02
7.071670098228398371e-02
9.661100955522815281e-02
-1.013886584223438331e-02
3.042166655235406872e-02
9.023345181347353083e-02
6.098993239222247342e-02
9.183071309594909026e-02
8.950924305992354058e-02
8.994105007468454482e-02
8.217911494757328128e-02
9.091625403785766335e-02
7.061174615763318729e-04
7.360609540909712756e-02
1.623897433319628977e-02
-1.536289941497623324e-02
7.269531502775367082e-02
4.282333257418537154e-02
1.639191063874177387e-02
8.631862793361175235e-02
6.585228029354835144e-02
3.271507970293940915e-02
-1.570926105398143258e-02
2.604704071120713879e-02
2.065829825629403663e-02
-1.430923592701381294e-02
6.526708490468612067e-02
2.882718894231952808e-02
1.450208687844101521e-02
3.914699035490394607e-02
3.263488060121641499e-02
7.595451496474421582e-02
-4.762751636798148031e-03
1.664942295336123770e-02
4.895420805414342491e-02
-4.738211216193354003e-04
3.107641183378606273e-02
3.937381168850849489e-02
2.341115017922639971e-02
-9.645570281978547295e-03
2.856221760987146321e-02
5.794161031703534692e-05
3.939847796486654896e-02
6.718949038542157415e-02
3.565796459336773028e-02
3.063950356152032525e-02
9.699909457593354489e-02
4.792468772550771694e-02
-1.876243326621684221e-02
7.010571744052034038e-02
1.078083195482532064e-02
5.920328064626620423e-02
8.992061065549585008e-02
4.633039028606120158e-02
5.671812402066681025e-02
6.735563023491289436e-02
2.398618056918742567e-02
1.716664973595967425e-03
7.227846708740065518e-02
6.295766449008410870e-02
7.105358881660581161e-02
7.488846374465170375e-02
8.895924095523907726e-02
8.895745630720920671e-02
1.792396682891025592e-02
8.665807778362956404e-02
4.321944623126368346e-02
4.465378804369128651e-02
3.817455010438927654e-02
-1.345370315616704719e-02
-4.851075538725097350e-03
8.320049305265782291e-02
-1.550695467658783772e-02
4.413769169585846780e-03
3.976441426629498399e-02
-2.944575514751895245e-03
7.279925607582597713e-02
6.108580153399552348e-03
-1.715961353553648039e-02
4.214836629601568380e-03
3.915480630841787490e-02
-1.784875465791245161e-02
5.084733442859395991e-02
7.212888798240556232e-02
-3.759704576865301184e-03
8.497191675914579634e-02
1.929656453967914034e-02
2.798136941072759329e-02
9.812795876874401413e-02
-1.385933921270061236e-02
7.041140081368500725e-02
3.550100129166260110e-02
5.207184308183097909e-02
5.442544052208719840e-02
-1.937176978549351794e-02
6.159395079957454000e-02
6.286619613607416501e-02
4.799893795968662724e-02
2.675747042439305737e-02
7.367422379413579581e-02
7.370648791123911303e-02
7.800331653024376866e-02
1.977692394939500886e-03
3.668476994745473174e-02
4.143378331814981386e-02
-1.306747947819618394e-02
9.512270318183835283e-02
9.086850752301245393e-02
5.376116909337803201e-03
4.354396554148382004e-02
3.279736115645044692e-02
2.182319487751564410e-02
1.877049371573771483e-02
-1.520275132593916501e-02
5.589117127301131138e-02
6.375617734356633926e-02
-1.569637400915976921e-02
8.368704001032502282e-02
2.851816657005217664e-03
6.303792959085886827e-02
9.910645936725291649e-02
