1.059825404903785628e+00
1.045876560209699324e+00
1.060850569742215477e+00
1.052838799912213741e+00
1.050292301133242345e+00
1.086187016405900874e+00
1.004162545854561772e+00
1.016433872432168428e+00
1.072006985674616386e+00
1.041968634536839078e+00
1.056370206018613978e+00
1.048272666577255485e+00
1.044782082761854580e+00
1.047362815717799212e+00
1.084090056660643286e+00
1.095784541127723388e+00
1.052214595769728867e+00
1.083361917546904696e+00
1.045151701943042966e+00
1.060039474898059941e+00
1.067406614388437980e+00
1.069011139133213995e+00
1.008202261044681691e+00
1.080494920889991883e+00
1.076077019139580315e+00
1.065557596856087086e+00
1.059466350398776902e+00
1.061688615809110559e+00
1.022812181650489149e+00
1.028530555684039394e+00
1.083919340077319049e+00
1.056526725356598861e+00
1.086738894852859794e+00
1.002187027234069383e+00
1.016693648897302182e+00
1.034228395998348482e+00
1.017544328345296512e+00
1.072037572139831640e+00
1.011588184606157403e+00
1.045956802206205127e+00
1.049783501129145868e+00
1.003636673137923596e+00
1.098427217647328202e+00
1.040014832035897729e+00
1.044943503450253885e+00
1.047656358620845163e+00
1.052086506650246500e+00
1.041029105646961606e+00
1.074703897203415526e+00
1.013930037202823708e+00
1.006115763788069772e+00
1.061588055958157195e+00
1.022108200763970354e+00
1.065432890321549309e+00
1.028326703088618066e+00
1.012281897417179666e+00
1.090357328500694445e+00
1.016679930320298242e+00
1.097707117367570095e+00
1.091891893605830166e+00
1.055033875238950980e+00
1.003368627193403473e+00
1.039391155119730126e+00
1.096313031663783466e+00
1.075435608050919756e+00
1.085419006719921642e+00
1.041760042631647565e+00
1.050359764181323818e+00
1.021903119471554655e+00
1.046025049210827396e+00
1.009990957372132181e+00
1.028571582711339305e+00
1.038239393810521438e+00
1.067526109029261594e+00
1.050588568665707045e+00
1.036208879136089278e+00
1.050728832341929486e+00
1.085205150858722822e+00
1.010697305955934100e+00
1.090860135558520350e+00
1.037938314147679231e+00
1.005921667917763385e+00
1.001106933914343022e+00
1.020346000977365053e+00
1.033195011036111222e+00
1.028243388366623101e+00
1.012068462367470500e+00
1.023223491856861456e+00
1.069008435026907122e+00
1.064885074768736839e+00
1.088993602238822245e+00
1.074891061180326401e+00
1.017415793066824836e+00
1.017429090739298436e+00
1.017375035524995752e+00
1.090047653638963832e+00
1.026093855796412768e+00
1.034480248384421097e+00
1.051573041650146090e+00
1.032425881972852899e+00
1.026039628549135108e+00
1.088787876014597700e+00
1.008597114510830117e+00
1.075570856799717756e+00
1.072233367343607746e+00
1.019024648442697245e+00
1.079631664573033500e+00
1.018640831297976668e+00
1.013293578923637028e+00
1.091303785442648833e+00
1.078381307116325072e+00
1.037842696605707049e+00
1.045762556730749582e+00
1.098276459047265341e+00
1.063499985285432770e+00
1.022571075204361968e+00
1.080872461033487664e+00
1.073590933746379150e+00
1.089860385078682103e+00
1.014942816315638652e+00
1.031398116707742396e+00
1.050520202287096527e+00
1.039408445802680436e+00
1.060587612734860130e+00
1.046267370051980006e+00
1.009382161325118377e+00
1.029114792428321268e+00
1.062290863347862269e+00
1.084525462937673268e+00
1.020695770334727248e+00
1.051290339378161409e+00
1.042594671474731394e+00
1.038499162538180975e+00
1.086091527321575656e+00
1.063078382378040754e+00
1.038766284171906085e+00
1.096785236986086876e+00
1.023897097700632530e+00
1.079277957839180235e+00
1.086837898559486870e+00
1.066693259127064364e+00
1.012898187944403228e+00
1.016228915910830866e+00
1.041008687188110571e+00
1.006673812599463869e+00
1.064592359216995243e+00
1.007955328151799002e+00
1.008887982780895642e+00
1.065099384205106192e+00
1.072341667489034034e+00
1.025775605294462656e+00
1.080291625053715121e+00
1.027108287539192810e+00
1.049481940583552264e+00
1.028111488227273496e+00
1.089870788162758064e+00
1.063133903152222226e+00
1.040811346652055880e+00
1.022291221451303578e+00
1.086999617944671037e+00
1.002163621403053595e+00
1.004514198425014548e+00
1.078677150533160267e+00
1.064004776267500674e+00
1.094192977191366767e+00
1.014609778165825427e+00
1.095349433039422449e+00
1.044189695472993451e+00
1.055692227359964264e+00
1.050633573905642271e+00
1.039788304276702879e+00
1.050760880025430222e+00
1.020880894858254839e+00
1.027109414732864989e+00
1.000071806517491613e+00
1.088682965895871879e+00
1.078044528539022551e+00
1.056997397251339788e+00
1.061357840396268237e+00
1.093675758078473725e+00
1.092439305251355908e+00
1.003669177941556301e+00
1.003562251819046569e+00
1.063775177921599369e+00
1.063057884295589783e+00
1.039451820038747476e+00
1.060865990563157224e+00
1.002505952270800416e+00
1.097204658310720449e+00
1.083477810057281499e+00
1.025916903237355626e+00
1.040048802382479876e+00
1.065993541379448795e+00
1.043152208376231238e+00
1.064266065302264419e+00
1.056992825382033541e+00
1.094840045137080775e+00
1.048218425623506977e+00
1.012872082334323354e+00
1.064545128457316192e+00
1.035495985425817222e+00
1.052783906385476032e+00
1.097887485201092916e+00
1.019521142719943541e+00
1.066543520588799643e+00
1.058969256739701992e+00
1.050880485985280721e+00
1.087421948180716580e+00
1.046107442103800800e+00
1.043371751536820824e+00
1.013138713303883165e+00
1.060930202509728693e+00
1.002611935630236317e+00
1.095133950236973908e+00
1.048080226103408785e+00
1.030884491540194903e+00
1.093463095607636326e+00
1.083568255808614600e+00
1.058373077207374502e+00
1.012295912691763222e+00
1.033696101425562563e+00
1.091234394532547114e+00
1.010622014690062187e+00
1.002025881457656142e+00
1.098567131788898976e+00
1.031552105962991517e+00
1.068292896273205228e+00
1.021440982278863485e+00
1.082043293343948331e+00
1.079555947650334691e+00
1.036201202441025648e+00
1.034069952786406565e+00
1.063626502774897231e+00
1.091683919455970875e+00
1.013812984586609733e+00
1.077790141377730215e+00
1.072310918561852233e+00
1.087017291008291142e+00
1.034558954759343008e+00
1.062304210940438587e+00
1.007454245038946539e+00
1.056847958973016199e+00
1.075671042137197775e+00
1.025295827162328699e+00
1.016235907844274422e+00
1.090744434168254839e+00
1.036255002314087958e+00
1.055032114029266443e+00
1.032249636976250162e+00
1.037892563017612124e+00
1.030485368264775436e+00
1.011211039057893224e+00
1.031750544807208403e+00
1.021391393355751021e+00
1.052680753551886284e+00
1.010670877836846504e+00
1.048647381620566366e+00
1.058706175668165494e+00
1.012661895367483966e+00
1.024250035947814164e+00
1.025847850279378415e+00
1.071380881791385020e+00
1.093917508758245338e+00
1.073632686406078562e+00
1.058777482720744567e+00
1.001845945440911878e+00
1.036895314203700735e+00
1.055587024956560871e+00
1.052705948221587029e+00
1.009148308017751239e+00
1.091954878399963746e+00
1.018018585026147171e+00
1.008772925076594884e+00
1.051182685221115021e+00
1.011323616925102531e+00
1.092355225039359556e+00
1.081894754277755721e+00
1.004444164508681681e+00
1.089973289888082286e+00
1.081481968639885771e+00
1.029008881922226726e+00
1.000292996314154914e+00
1.091576557446225948e+00
1.095929367784709285e+00
1.018978211651004884e+00
1.035721308148231934e+00
1.077841127937586130e+00
1.030448191602077346e+00
1.014808374175024008e+00
1.039165939360953361e+00
1.012445453527714090e+00
1.004433654580534130e+00
1.004339661792296834e+00
1.078307479423584736e+00
1.025902909447524269e+00
1.058766370835350967e+00
1.040359717689183450e+00
1.081453460835295477e+00
1.021356754339295403e+00
1.058646770555026206e+00
1.033233383029271923e+00
1.075719221181799634e+00
1.038887556441596693e+00
1.053822614587061279e+00
1.062434202577267284e+00
1.049839920292419571e+00
1.000413856003526503e+00
1.022877394094470427e+00
1.034513389422916596e+00
1.036780870884610462e+00
1.010998477951678520e+00
1.089015293826298025e+00
1.047427404960335373e+00
1.015878909338604696e+00
1.072973126700102808e+00
1.035939814939400572e+00
1.025554457647141149e+00
1.064105433759160002e+00
1.035493400057348801e+00
1.054040544970522353e+00
1.070237239212878499e+00
1.051418527098755717e+00
1.094456678178456821e+00
1.083736512581450206e+00
1.094632330998758230e+00
1.078046110211049458e+00
1.038089250820581455e+00
1.015758115229065117e+00
1.097067265988438400e+00
1.016868727004877959e+00
1.043957946031822459e+00
1.048699856006721554e+00
1.021955990415447380e+00
1.043948593873588848e+00
1.080761284247425902e+00
1.088297841407536382e+00
1.007803985544799774e+00
1.097944756848005188e+00
1.046431998005453501e+00
1.077934336739960086e+00
1.080148272149092037e+00
1.083142326449628490e+00
1.058978448060437394e+00
1.062200374570620998e+00
1.047151804438088751e+00
1.066377072611490284e+00
1.020874703386212223e+00
1.071521794925191395e+00
1.052329047286621355e+00
1.029930123794157826e+00
1.017159766518253239e+00
1.027428199525702857e+00
1.063845724044949481e+00
1.038401737693360527e+00
1.035752489889699035e+00
1.013066978215500624e+00
1.041179954310758493e+00
1.008107068356296487e+00
1.070707980205903631e+00
1.005948596381559534e+00
1.087741043030219901e+00
1.001009162185262147e+00
1.098468327905328890e+00
1.058848278343137883e+00
1.000793848617052673e+00
1.009131788075479763e+00
1.050695733242991148e+00
1.013397036551622943e+00
1.035680252907553500e+00
1.003904407052924608e+00
1.063652591196876385e+00
1.046878503181518871e+00
1.078783134404604160e+00
1.025301938124437928e+00
1.053985263288334417e+00
1.065133176244857927e+00
1.044404878719870977e+00
1.028408609804758678e+00
1.053699188294273670e+00
1.023860188325658838e+00
1.000249919232383045e+00
1.070255967597363522e+00
1.046894437032633629e+00
1.025024503806602594e+00
1.068367016679650172e+00
1.025012496089800607e+00
1.054481167460720625e+00
1.079409160475328644e+00
1.088761253369771032e+00
1.076949505816539032e+00
1.042126371084011627e+00
1.004763951214969975e+00
1.019920140422976962e+00
1.073254715260306469e+00
1.016805107185091650e+00
1.081974039363066353e+00
1.074838684462261940e+00
1.097997945668248931e+00
1.015543338039787802e+00
1.007278254440503007e+00
1.040082024580760489e+00
1.007754896674754264e+00
1.039025641105721931e+00
1.074767948457796773e+00
1.078863456238660534e+00
1.029782131632528186e+00
1.071683271704915619e+00
1.030549132154160441e+00
1.053105159649736500e+00
1.097951517090667295e+00
1.077473038504863201e+00
1.076352060572199010e+00
1.023596999369433380e+00
1.091714271666429203e+00
1.036375352023733321e+00
1.098281449234776996e+00
1.059195347704118939e+00
1.034687960383695593e+00
1.033000688361240593e+00
1.042744391264525561e+00
1.086169706052759976e+00
1.079211755683753271e+00
1.039315831018257086e+00
1.070063631839591967e+00
1.087533960553032308e+00
1.036075768493865734e+00
1.076852614352031834e+00
1.020019541117712203e+00
1.099857901427991225e+00
1.002214859843758132e+00
1.046040261820825990e+00
1.057305533327873137e+00
1.009376949565286674e+00
1.002044501175410884e+00
1.051127274503257603e+00
1.075655593219840611e+00
1.089324107969075195e+00
1.063343838597768931e+00
1.073732580145868809e+00
1.059793372847649628e+00
1.098366704356704693e+00
1.044534020617803982e+00
1.099995213855062826e+00
1.046175764848003453e+00
1.014462896700441208e+00
1.036583687321690483e+00
1.037010924939560708e+00
1.052020078213961263e+00
1.057679942014322361e+00
1.002516677977283832e+00
1.024254430834287577e+00
1.050152697785628364e+00
1.010051246830808047e+00
1.095236717504517676e+00
1.029796194230579998e+00
1.066885050664671208e+00
1.055638962614853904e+00
1.058281356774650961e+00
1.071529193542734681e+00
1.062059173684022362e+00
1.000675205676826662e+00
1.030477322107534510e+00
1.079432728163273403e+00
1.041643918865489127e+00
1.047120053012952967e+00
1.001929384635702691e+00
1.031218349056243211e+00
1.075580957727241493e+00
1.019694522002689840e+00
1.073920453260516883e+00
1.006894515063607942e+00
1.003075215900614214e+00
1.078780671833275528e+00
1.003139951203302793e+00
1.000929523510817098e+00
1.043467528215372475e+00
1.081975086565681643e+00
1.080843784417287790e+00
1.016685357499417242e+00
1.027462396735667971e+00
1.051415731628556172e+00
1.040713477063067272e+00
1.089951725592905873e+00
1.066890808103206911e+00
1.069779632903063327e+00
1.003486118514154812e+00
1.051190030483898141e+00
1.009728966648826276e+00
1.085755086401133607e+00
1.086288285506137985e+00
1.038847384405219065e+00
1.003748282484219434e+00
1.001188546184732076e+00
1.098636312891861921e+00
1.046257447254851591e+00
1.021326941566962798e+00
1.082969442261439985e+00
1.036165478621043023e+00
1.078453060003924380e+00
1.084844937171229207e+00
1.066389788449910503e+00
1.057770678978600110e+00
1.013170134910853282e+00
1.004585264051776727e+00
1.023325514002432435e+00
1.008966619702627909e+00
1.063833122774872519e+00
1.000753157635367652e+00
1.028475574726463115e+00
1.079783357821737289e+00
1.068252918433346688e+00
1.036812619502554433e+00
1.056193079986881500e+00
1.025381901558874542e+00
1.002429226982230581e+00
1.091245095920249319e+00
1.096290036226182485e+00
1.038589616782476188e+00
1.055152903268928188e+00
1.016644578796989329e+00
1.054977755764629821e+00
1.056679222041756683e+00
1.085379076165278844e+00
1.091882377019167905e+00
1.089270419243693278e+00
1.085031601335393336e+00
1.002459181780012809e+00
1.070305332177587943e+00
1.019987425075199905e+00
1.012741644374749228e+00
1.032470657453743668e+00
1.093360497563148348e+00
1.051066773481478256e+00
1.011129513720337547e+00
1.006735742660559874e+00
1.000302382996209438e+00
1.073055824418804205e+00
1.031177678089304273e+00
1.049419500606207922e+00
1.077448223541592087e+00
1.091410521189603244e+00
1.004053364413786120e+00
1.055851222503266351e+00
1.020496784902837906e+00
1.037489372475767446e+00
1.052485662375050701e+00
1.084576225711486153e+00
1.058590094958813399e+00
1.011789427085703297e+00
1.025210414586715135e+00
1.035503849023504008e+00
1.056858632707768697e+00
1.040549693576190871e+00
1.008002641468174421e+00
1.036972715258781319e+00
1.094941745975354319e+00
1.006180339102524801e+00
1.015737863793652274e+00
1.076498568882415796e+00
1.010937587510994495e+00
1.049109947892896244e+00
1.071756414226377352e+00
1.086668575942831172e+00
1.085940020430142816e+00
1.058342129524394215e+00
1.052454887405909867e+00
1.058594494588761314e+00
1.052899667132938921e+00
1.098929833253315946e+00
1.079019421909890974e+00
1.092108875974435733e+00
1.061028686901157370e+00
1.074498654993061963e+00
1.074221101291813252e+00
1.084875702246677953e+00
1.022696889248187357e+00
1.020009241370162467e+00
1.050552838246586074e+00
1.016085427290949639e+00
1.018437822026413198e+00
1.057574248367679992e+00
1.063624227483942253e+00
1.006142540299477472e+00
1.071880953735111275e+00
1.099015637966939574e+00
1.058255166919751966e+00
1.061205333411524343e+00
1.022625210942852636e+00
1.040367918646054601e+00
1.056636670766275765e+00
1.018037837436913673e+00
1.033119035512566786e+00
1.043065606265201284e+00
1.048543797886938522e+00
1.095764083963811197e+00
1.019501376852062435e+00
1.068335716974637251e+00
1.098961821696961660e+00
1.050213773396589279e+00
1.096894862988503583e+00
1.095161421080131703e+00
1.020804678815774080e+00
1.064787499513325297e+00
1.050747222789666147e+00
1.040646986233236371e+00
1.025243295701155688e+00
1.049390551227865398e+00
1.070612615537234635e+00
1.007478788973947603e+00
1.023041196503305938e+00
1.086858051050852314e+00
1.009621318177741367e+00
1.057418913453218368e+00
1.061945381181567338e+00
1.029992483370917089e+00
1.078014573045509295e+00
1.066056240408257638e+00
1.051748779074243467e+00
1.052893713676243070e+00
1.093507397420345528e+00
1.042812536720845840e+00
1.057199385607290099e+00
1.078704189689328796e+00
1.017660100413970259e+00
1.007859631298353209e+00
1.007536623856593039e+00
1.050699017741329566e+00
1.015512908417346649e+00
1.015966822224590338e+00
1.086521262830185020e+00
1.014769000229682083e+00
1.081198822365068590e+00
1.062367657837610668e+00
1.089612390517746388e+00
1.000921286347402184e+00
1.004373324510127841e+00
1.019054870265659218e+00
1.084725849827828270e+00
1.015052626507740419e+00
1.072922037713063492e+00
1.066555828708746656e+00
1.039003786564770992e+00
1.066591847209692467e+00
1.038609354409629759e+00
1.015300472685186195e+00
1.016524184150866317e+00
1.015725672370934918e+00
1.045463174228188130e+00
1.067324176100782340e+00
1.056033800341838580e+00
1.010014053173446058e+00
1.027696218112740256e+00
1.005009385997614357e+00
1.074417745522714851e+00
1.082480499219635961e+00
1.083773572237201499e+00
1.090054976898927608e+00
1.085001068670299995e+00
1.087258109766288561e+00
1.096289510150868729e+00
1.088348251861613658e+00
1.054809608150482303e+00
1.075367685381069416e+00
1.030522625546525628e+00
1.089799654512733085e+00
1.072440573613367087e+00
1.099223611694980507e+00
1.026452068976768661e+00
1.023106856623521521e+00
1.038587927886652329e+00
1.001611765973546841e+00
1.047667041479589223e+00
1.032139196396529401e+00
1.034805129000258006e+00
1.044700022265971029e+00
1.032693857646546309e+00
1.003562629779810589e+00
1.063737272323451499e+00
1.081303408972152269e+00
1.059981080487561567e+00
1.074922241778526466e+00
1.048083441786706649e+00
1.081627320558510297e+00
1.025665945974910453e+00
1.080289034603252318e+00
1.004333451548536038e+00
1.008047571474772974e+00
1.062308439730526688e+00
1.093714860780892861e+00
1.038427000245284670e+00
1.034550450102645014e+00
1.066333720139290842e+00
1.099546746726269841e+00
1.094282962938150749e+00
1.098701542692156918e+00
1.037884734820574639e+00
1.047322855259702035e+00
1.075207445428565611e+00
1.099330635745310314e+00
1.072722364697737518e+00
1.078634106156826533e+00
1.006087904565045044e+00
1.071649968976841283e+00
1.013837974498155603e+00
1.005986795995980509e+00
1.093308710198046096e+00
1.023401141878112375e+00
1.075514490891270603e+00
1.027499440859705793e+00
1.061176049038462521e+00
1.052635826322129153e+00
1.056476391139948623e+00
1.043062048635823524e+00
1.016622877958185622e+00
1.053092574648280211e+00
1.078599332078102879e+00
1.028986746764259053e+00
1.017408954549917199e+00
1.011036456472300449e+00
1.010201668057108204e+00
1.092106143348816838e+00
1.051767148788408157e+00
1.060595790777662417e+00
1.018580596897393553e+00
1.036349466706519618e+00
1.068733975751269050e+00
1.060283874085414357e+00
1.095844703754832672e+00
1.027928229973147145e+00
1.027290694029983298e+00
1.002865556838765659e+00
1.001935603856198842e+00
1.012284687254563220e+00
1.052166883457441360e+00
1.024035992691533448e+00
1.023463281939862579e+00
1.094086588938352644e+00
1.021883906400192554e+00
1.028126961203583267e+00
1.073326265721374240e+00
1.022734054514595758e+00
1.010482730946248520e+00
1.067873862029145915e+00
1.078741810746805418e+00
1.044779525847843393e+00
1.044848791833970392e+00
1.050461104868241513e+00
1.074339073025978974e+00
1.029700652001301231e+00
1.053039779660217112e+00
1.009937376754400873e+00
1.022893178767741995e+00
1.072832534946224659e+00
1.059951683898820995e+00
1.034003566856420475e+00
1.022724544543525127e+00
1.083143662111356820e+00
1.016969651911445061e+00
1.084839014922204026e+00
1.052057738008323806e+00
1.013214895383481196e+00
1.026888959049980565e+00
1.050112662721555568e+00
1.093544423567584856e+00
1.002222027379506164e+00
1.068061211284139445e+00
1.089871050960995680e+00
1.072915236740631606e+00
1.037599113731115574e+00
1.033714624336416588e+00
1.073349571000155711e+00
1.006215563230821175e+00
1.034455132758321794e+00
1.025319460069036515e+00
1.002779880532295609e+00
1.060844983625542248e+00
1.032059835093506850e+00
1.065554353769736728e+00
1.072514696731425410e+00
1.045057284028254152e+00
1.088772908241995463e+00
1.040105512226821238e+00
1.021752163640434974e+00
1.019164638215682261e+00
1.099574431696031862e+00
1.065166374366756319e+00
1.036994213615644256e+00
1.081022733194893837e+00
1.020038237030819195e+00
1.096707994204513703e+00
1.069646286965647120e+00
1.058716588193625574e+00
1.095862322698776925e+00
1.078525585037183321e+00
1.030065696935360320e+00
1.079829057076998389e+00
1.046170049024109039e+00
1.088085488996072492e+00
1.051596228218776519e+00
1.097932427410453160e+00
1.007693904386019801e+00
1.025926393713061602e+00
1.075123015127084969e+00
1.095803667779117418e+00
1.077889528854617529e+00
1.006070857530545037e+00
1.048851537469717154e+00
1.029983187145294687e+00
1.062526437628375842e+00
1.083946079991418010e+00
1.015035800654595199e+00
1.091025464647670251e+00
1.042114937874889735e+00
1.096172916803271669e+00
1.079971755654353771e+00
1.033222908668009588e+00
1.032180060802487365e+00
1.031899296165992075e+00
1.092222156616424078e+00
1.082357548888298382e+00
1.083219180562319250e+00
1.011289523407210122e+00
1.053468409315019727e+00
1.087803388683226791e+00
1.013490916224592420e+00
1.053064171570163188e+00
1.056265742412937803e+00
1.016591634133499733e+00
1.016685907050005611e+00
1.081293818639991411e+00
1.028834426036471905e+00
1.092561217285213271e+00
1.040433710470709094e+00
1.079886300591016202e+00
1.050784559756957171e+00
1.068535671035816925e+00
1.005874968695610105e+00
1.068557965350888539e+00
1.017871673616645989e+00
1.077412254483415488e+00
1.083205460501645456e+00
1.000384709517552206e+00
1.004013859095991501e+00
1.004101383849293594e+00
1.024937253273831006e+00
1.094190524169812218e+00
1.027471699794609616e+00
1.016704853029176459e+00
1.072594917010304183e+00
1.003529598236591047e+00
1.042188364575590054e+00
1.006490419545935211e+00
1.052416988392616437e+00
1.099299173693052190e+00
1.043524636778496273e+00
1.015897939325703048e+00
1.026449262152661968e+00
1.080869132510581032e+00
1.030249668963045817e+00
1.093757868098781172e+00
1.018735011256948431e+00
1.042162516979933118e+00
1.079468231769044939e+00
1.032183984461084059e+00
1.043376903015547752e+00
1.079337609411220811e+00
1.002290567979584379e+00
1.077408277836186201e+00
1.080271440141877815e+00
1.009348753505251883e+00
1.019077249480397240e+00
1.014224802886258159e+00
1.098681625772032877e+00
1.017346295891732755e+00
1.043642642293965528e+00
1.076769780085741868e+00
1.059485772129118653e+00
1.065732633366697213e+00
1.015502431474672562e+00
1.086485615293228957e+00
1.053074058526317858e+00
1.029164619799954217e+00
1.001914989788989852e+00
1.078362455430029954e+00
1.007118460799063087e+00
1.041878761784537533e+00
1.010463735097461013e+00
1.061907877312558757e+00
1.038010408345321878e+00
1.076548830714632254e+00
1.022169454727522409e+00
1.084241150960749911e+00
1.013478182084430967e+00
1.086606650837623311e+00
1.015652195022659798e+00
1.076639054123176287e+00
1.078652655338401045e+00
1.006465658909113436e+00
1.045853646851871543e+00
1.023384528882707256e+00
1.048366663852851932e+00
1.015613444974184931e+00
1.082516135053657624e+00
1.067967076728417508e+00
1.017329307782737002e+00
1.007505817661507042e+00
1.040846803922514274e+00
1.053849022805782631e+00
1.023025449498273565e+00
1.012162123324097607e+00
1.098002533721283314e+00
1.066923143837026799e+00
1.026788775878995752e+00
1.052973067900036419e+00
1.095192898080464161e+00
1.053114519806453098e+00
1.097512223162135925e+00
1.007714915422091240e+00
1.058756069850198323e+00
1.074227129049754925e+00
1.013176951696467043e+00
1.029002217507997363e+00
1.086624830275012776e+00
1.083142221713652598e+00
1.075643919532816462e+00
1.082873325534982722e+00
1.089435233166737849e+00
1.030342050182989855e+00
1.029547578560394916e+00
1.068727584726079760e+00
1.027095360287621384e+00
1.051870752728012448e+00
1.081508153925310189e+00
1.023653461518242880e+00
1.065657796745841157e+00
1.029154353713530368e+00
1.095391474186034220e+00
1.076124707797171398e+00
1.086491615186262694e+00
1.014278320119653243e+00
1.024412448084159211e+00
1.041403867414417705e+00
1.063102057063058714e+00
1.017591799577669542e+00
1.018735641997242203e+00
1.081796966452922115e+00
1.058301296698953786e+00
1.087953001790834762e+00
1.006938393896752437e+00
1.081991229013268718e+00
1.050088610609539730e+00
1.037617863770926796e+00
1.087012408453672752e+00
1.091714334667557962e+00
1.001586549488520550e+00
1.096108982443534385e+00
1.077113468430576093e+00
1.024573600938605944e+00
1.009747138551763568e+00
1.080600771577470365e+00
1.019530784014003544e+00
1.012860513119560268e+00
1.051775168910943803e+00
1.069474224142832552e+00
1.062631195850710197e+00
1.058815261298700960e+00
1.023562320180238627e+00
1.096129668888048636e+00
1.055828414696929674e+00
1.063254707589288417e+00
1.079451489281844090e+00
1.067619491649284713e+00
1.073253896658391771e+00
1.023195174451793754e+00
1.018526270384443544e+00
1.015481843464984824e+00
1.058495079819318674e+00
1.084790610830669300e+00
1.013660689122157343e+00
1.027290775474070106e+00
1.031991226289412866e+00
1.003106104722012004e+00
1.068709776866153760e+00
1.020947265921698266e+00
1.062798003238230926e+00
1.019038728123929038e+00
1.070815627437008200e+00
1.081917469365281326e+00
1.065135402369012496e+00
1.038197493500014223e+00
1.057958888624245031e+00
1.050628449532070130e+00
1.070677759493342984e+00
1.043743255844396423e+00
1.074066045064680175e+00
1.095902050532703287e+00
1.040481363910483514e+00
1.038456828729710679e+00
1.047982208420373151e+00
1.068837658311842409e+00
