6.389367305023387067e-02
3.617218964533520931e-02
7.197354502225140893e-02
8.284225133522976625e-03
6.871835742609790076e-02
5.427319691709842076e-02
-1.261971316818877656e-02
3.976813145950966466e-02
-1.892938769454878892e-02
7.491185801101889197e-02
7.967784162268483350e-02
-6.585634539992089170e-03
-1.771858614927981912e-02
4.079822891339517088e-02
2.644365476312577137e-02
4.863913212524142993e-02
8.797182919472359974e-02
5.065083752418392260e-02
-1.060159733444511476e-04
7.952621459822493966e-02
2.116570349366130380e-02
1.411284046822716340e-02
6.253027689946985546e-02
8.974353921850332372e-02
9.419933420494826237e-02
2.874446641840950126e-02
6.039297932771603428e-02
7.247899718727708607e-02
-8.734063470094447987e-03
4.930434373860613506e-02
-8.250878809299146480e-03
5.261019647313046332e-02
3.592206308042054930e-02
-4.380273115828420272e-03
4.279035531447407392e-02
4.162234711788251329e-02
4.596225896306563308e-02
8.302324771672525694e-02
8.740607064878583299e-02
5.224580123371042051e-03
-4.042936244770149040e-03
4.340074375830051123e-02
3.470241027609130557e-02
-2.636997687129903623e-03
5.718963404957215502e-02
1.536574180409410254e-02
2.866235759740108982e-02
9.029882964707823534e-02
-8.017199811498343376e-05
9.710572506897663381e-02
1.684075366212430327e-02
7.332352559712745216e-03
2.659046751751628981e-02
8.515412889522450124e-02
4.802524593629468874e-02
4.165650263174777712e-02
1.107657373373448564e-02
7.322145125408315025e-02
-9.676767744877558253e-04
4.227358151117739660e-02
-1.930662518101170302e-02
8.863005251759370484e-02
9.809731890006588573e-02
5.575237975576785576e-02
8.744491569473812620e-02
1.009354199360554261e-02
7.374897504525196323e-02
9.022596887651565534e-02
3.337263236503536235e-02
4.262051658761266404e-02
1.773785965916495691e-02
1.969605401892919952e-02
5.096121393332112004e-02
-5.197682295407969263e-03
3.515125731487890592e-02
-7.336324078345382235e-03
5.174112673426431441e-02
6.351729340015031811e-02
8.737758746252367870e-02
9.177433879346269530e-02
1.146671129686462412e-02
2.577756901315833918e-02
1.617579868121374678e-02
7.026140224877890084e-02
4.055601027618534193e-02
4.414397604134044639e-02
-1.951780896622909087e-02
8.770420364093937937e-02
9.433704679446260066e-02
7.607675568278286782e-02
1.718161914651739411e-02
8.668200920235394347e-02
7.766759897511549271e-02
5.116463383015936589e-03
1.253633077011174005e-02
5.964375178366237984e-02
1.322799429364441767e-02
4.380048424291678455e-02
-1.318158734960797607e-02
9.530788492687282398e-02
5.073755948994385090e-02
8.293994621496042496e-02
-1.659484758051874703e-02
4.744174552496427388e-02
5.248412875397066857e-02
2.656781355166772454e-02
-5.717569975115698727e-03
5.755038355762677471e-02
4.723174913750551041e-04
4.796977027216113576e-02
6.550541757387849662e-02
8.221567614407024327e-02
-5.584244689428866787e-03
8.289350167830085436e-02
3.581230857196082695e-02
-9.949021869121334530e-03
9.699987539937421355e-02
2.838828044445968271e-02
-1.818096451087459695e-02
6.387883939888724938e-02
6.784985539110995750e-03
7.765005504185466811e-02
6.782320166200975220e-02
-3.867408399216322457e-03
2.278187400847948504e-02
5.022080778152598901e-02
1.499767193669029539e-02
6.910551804755672711e-02
5.839174471656961851e-02
5.801455480799976028e-02
3.579691297201172823e-03
-1.977000243189846324e-03
2.236239027988498260e-02
6.750983081179541545e-02
5.786599680557048819e-02
-1.130912949345714777e-02
4.401523699832618486e-02
8.472072592301349570e-02
-1.416016861448071706e-03
5.260684802992597608e-02
-1.534856437369796697e-02
3.791769813343576212e-02
1.639884441803294082e-02
9.656722595903739770e-02
4.548481618270895643e-02
8.737720713944553685e-02
-1.915805935306637287e-03
8.103591254472249095e-02
5.587149804924271268e-02
8.327287500650357166e-05
2.405474057490146825e-02
9.172139764251736882e-02
7.134925685457163547e-02
1.492344154495382422e-02
3.940227828732920101e-02
-1.805017056923993377e-02
4.650770506877910382e-02
3.780532735760171181e-02
8.639075650323714550e-02
8.426453451761872770e-02
6.068610119007636361e-02
8.263202323114798853e-02
7.539931325035328924e-02
9.842933296630576590e-02
5.994916513396612856e-02
3.624909825062541668e-02
9.152133925847479035e-02
9.780922382662896042e-02
6.612498608953421009e-02
2.674954216814518296e-02
1.663140249643857774e-02
5.673788524087314267e-02
7.997912405756912868e-02
5.690065590140697127e-02
2.114799328980850393e-02
-1.361748627385551969e-02
6.358612173605214524e-02
2.519101577029543224e-02
5.904114137562287146e-02
-3.504392637099864455e-03
2.961988310115562170e-02
2.532456086869959780e-02
3.799450642827201241e-02
8.414741054993893354e-02
7.841807017890597975e-02
2.348379192760168335e-02
5.353281834931676586e-02
4.600390356067825259e-02
3.164095840848986374e-03
7.623613017050855090e-02
6.230466655733646331e-02
2.275460204764837360e-02
-6.778754916536405481e-03
-9.744178633308809082e-03
2.253144474005299921e-02
6.712078534502157606e-03
-8.814697005771438693e-03
9.174523808744014519e-02
4.130752364073130706e-03
8.430727876543801791e-02
3.957737365296437604e-02
1.839332399429959367e-02
4.789199707855568144e-02
2.940474345731764264e-02
9.351095655664465323e-02
2.743073036634167614e-02
5.402568334393037519e-02
5.402121405924918685e-02
6.672695230007998080e-02
1.064288452781822839e-02
6.581688363640077200e-02
7.032329810479633070e-02
6.257115632709418784e-02
8.744343421036369912e-02
4.458305203736497024e-02
7.673142200185409378e-02
6.239080894730235360e-02
3.207636804993645174e-02
7.380844881872204721e-02
3.944801493261820835e-02
-1.284913771189706740e-02
-4.098685658790388042e-04
9.171352495446588593e-02
6.931332367857627463e-02
9.904381308722511046e-02
7.950610688788276037e-02
-1.316877020223843411e-02
2.148197817976802218e-02
5.793846359413525049e-02
-9.541225497769629735e-03
9.556484900968187368e-02
1.665565753988654599e-02
9.959013874601353733e-02
5.249472703830027065e-02
-1.585294075416154858e-02
5.741385726769819564e-02
4.076873999506593071e-02
6.987017978650661432e-02
4.165496660415880792e-02
8.310418765398797092e-02
-8.407228535069232941e-03
9.051436423092389105e-02
3.717129595261950414e-02
3.186544082612891016e-02
3.243238002793771141e-03
6.807479589728214486e-02
6.598383277474048625e-02
7.799020484831441224e-02
6.046982640511454343e-02
5.657419115760629891e-02
1.513485537236858650e-02
-6.370971612716304355e-03
4.342956279315325629e-02
7.155769533674374849e-02
2.589980604894573032e-02
8.526314676602596287e-02
-6.345674169827994482e-03
6.151087567525764799e-02
3.596899899002913015e-02
2.484389277662437875e-02
-8.694878147145845490e-03
1.946904374634976162e-02
7.493993894050471338e-02
2.853056956100115046e-02
6.449159794131070766e-02
5.508126471395351220e-02
3.570568226042809823e-02
4.069593841790312971e-02
4.824551435998343518e-02
4.749738363535283003e-02
-1.742388248464689024e-02
3.930110167794917397e-03
3.616114200798097034e-03
3.199151037337041870e-02
5.831130170121139045e-02
-7.620991382946300241e-03
5.601202482396921978e-02
7.197417361053799756e-02
9.668058948068780634e-02
-1.139087626179884245e-02
-4.276924599625316070e-03
5.811365340406275670e-02
6.319802932321219591e-02
5.960661138914438717e-02
1.471854436680508985e-02
-1.449653122058591412e-02
3.112090739419609911e-02
7.081892182916486866e-02
4.785503481201533460e-02
1.265535676530643930e-02
9.110439899924603624e-02
3.643079145709951505e-02
2.189824769415133279e-02
2.430785103657530019e-02
-7.001330243186769386e-03
-1.741657056360165073e-02
5.165214570519315040e-02
2.711619190191774317e-02
-8.605521356578904948e-03
-1.065053381194234691e-02
6.231474119553852276e-02
1.513478040452918491e-02
7.181566217395944640e-02
8.569305309460230335e-02
-1.508285867458936114e-02
9.356316376242136690e-02
-2.555929146118334633e-03
-1.990932897945607918e-02
8.548337133486107187e-02
1.060266371848486711e-03
9.274931571913323791e-02
8.517346036407833637e-03
5.195979800573877205e-02
2.467478737859349694e-02
9.384634370362923694e-03
3.592371321861567712e-02
4.552287444037333985e-02
6.785441949159910779e-02
9.440212253474085380e-03
4.159147006354058096e-02
3.793652070331293702e-02
-1.645232654334300923e-02
-3.149198602415404641e-03
9.031346769349309078e-02
3.788875781173019208e-02
8.790045937923519903e-03
7.108795729903417959e-02
-9.635799905533452489e-03
5.913309549590914371e-02
7.076426239232064264e-02
7.196486368847117288e-02
7.337974150236531434e-02
7.434525696386076743e-02
8.856936869864190376e-03
2.685540499420616470e-02
2.616959266612109772e-02
3.530505234462824604e-02
9.245993521973593088e-02
2.740791553793559335e-02
8.041263942472075266e-02
4.378791057717627833e-02
5.512565879297038479e-03
-1.022933677953893894e-02
9.587208362448682020e-03
-8.597095172529520962e-03
5.566874996763827854e-02
9.651274122048785625e-03
9.780674017657320363e-02
2.650868661054242917e-02
7.564231832412070256e-02
1.899070315002842832e-02
5.324530743471626859e-02
7.023633447061181090e-03
6.343120531492674186e-02
9.451263500464208989e-02
5.332007880447019177e-02
4.174090608924582724e-02
5.989732323193004693e-02
8.861722943681307751e-02
8.629110022223732135e-03
9.782795605156439922e-02
6.139483984275417860e-02
5.978626383031807046e-02
8.822457413797674119e-02
1.174462685405009213e-02
9.009286339422771517e-02
8.026273867574076903e-02
7.956162463840926735e-02
3.342685188565172605e-02
-1.415284273620168176e-02
8.636299566020474994e-02
5.610561930193125324e-02
4.576955811168742505e-02
1.328865000377403224e-02
8.887284309355703016e-02
5.712325370099621824e-02
8.429022129346191300e-03
5.404923068786757212e-02
6.878374009000474965e-02
2.539142373798205718e-02
3.189739530071221407e-02
1.401860689649849293e-02
2.432079022722766562e-02
-1.903753614571519759e-04
4.120470479720524104e-02
3.672399141513028875e-02
4.120168593737147389e-02
9.368609621381110419e-02
9.479540148867411642e-02
5.457164715894445572e-02
3.776891815768333716e-02
5.810039970882141525e-02
6.232410287943669636e-02
1.053393049651204366e-02
4.849877152865471330e-02
2.950967892973671916e-02
1.706262603880990755e-02
7.894460182236098800e-02
5.069094247579557233e-02
-8.217959242171012785e-03
6.890523870431857628e-03
6.371321253478867686e-02
-6.282381356670398154e-04
7.908894723532987336e-02
-1.933521554761822095e-02
-7.681651251775112321e-03
7.223231412184057121e-02
4.232443446582605240e-02
9.703887996548678230e-02
-1.573326648386591878e-02
8.424893178200963673e-02
2.353320651502398622e-02
3.473743483113085617e-02
6.551144398567530780e-02
-1.902288707275689300e-02
8.631959407708679477e-02
2.631588511634118041e-02
4.513397233391818614e-03
-7.176339863773762914e-03
3.533487974551448307e-03
8.876186058892111125e-03
5.634113087276546028e-02
2.253992206890908026e-02
5.801585987349684725e-02
2.052389984572084922e-02
7.228947679125889703e-02
4.605471877144293180e-02
7.417145953988960039e-02
-8.904773382714571348e-03
6.850397237596458910e-02
2.306464169458439031e-02
7.090151912500025633e-02
7.747405830881208544e-02
7.199404942097274718e-04
7.384115635545102085e-02
5.891023409432452618e-02
7.094501579342708808e-02
6.812474142382389519e-02
4.919940400777125800e-02
-7.607710410850038185e-03
-6.258588207603554832e-04
7.646427543013107481e-03
9.229873916547713664e-02
5.571204111950953108e-02
4.347700241792505638e-02
1.207235494678072715e-02
1.999434080484885703e-02
4.445645599187018904e-02
5.120082451642950228e-02
2.665857775323263526e-02
6.720413867474490932e-02
4.596559277392789356e-02
5.061485403396048799e-02
4.889551138851926104e-02
8.779538558541868931e-02
3.312750769327056644e-02
-9.051059817808453090e-03
4.076872252280368258e-02
2.648996110264031575e-02
4.789358608261447270e-02
6.632044104138831719e-02
4.275591880047580062e-02
6.036334474580029585e-02
4.390342408327224666e-02
-6.031207340025374411e-03
-7.825219270329095492e-03
2.144998728502917409e-02
9.853833968871955618e-02
6.295606078436906394e-02
2.322390374022861859e-03
5.811946389211825048e-02
3.976807863206009014e-03
4.433950007173555197e-02
7.327144727313335271e-02
4.552766727839580030e-04
9.365755587258980941e-02
8.143483969580030124e-02
7.737630115536836550e-02
9.302479433263953490e-02
-8.742389868965498231e-03
5.426199114448386485e-02
5.991203909646347636e-02
1.294240922944833727e-03
-8.590198715263541382e-03
4.433129637534910517e-02
5.358857721189015655e-02
7.949564253068508446e-02
6.347219564642531120e-02
-1.862302781473864494e-03
5.304536525566118377e-02
3.699365798462803112e-02
5.374860479423521076e-02
3.401605752817815631e-02
7.161453899041729521e-02
1.410264243186159019e-02
7.314404088140070981e-02
7.566019360374653946e-03
5.364797747545839435e-02
1.221229802854878130e-02
9.336601720915381486e-02
1.852097844195497653e-02
5.340064410880536461e-02
3.755465087765576249e-02
4.247145271996391469e-02
4.501628824485365277e-02
-1.522371769637625993e-05
4.163141657076767366e-02
8.326454871126091895e-02
6.773269136193997564e-02
3.317716419536598238e-02
6.063958486305175144e-02
8.591530198436854449e-02
4.425289693249372103e-02
1.259265858685386028e-02
9.198030981001259487e-02
3.240504267903993041e-02
5.496752461271456336e-02
4.599624281685565919e-02
1.832479248268671992e-02
4.625083793564428725e-02
5.223233689639195099e-02
1.117531252036755782e-02
2.038204303684805138e-02
4.571683398143688848e-02
6.705799315479565870e-02
-9.182068206247841549e-03
3.296991984788034957e-02
-5.240409634225232788e-03
6.614850596660960813e-02
-1.391034316787262935e-02
-1.154188651103530555e-02
7.168816202375026536e-02
1.431446301275203850e-02
4.064419029592886146e-02
5.925591463108603740e-02
9.296105020937683872e-02
4.487292530689886150e-02
9.777175033178241159e-02
-1.811654895814782812e-02
1.287499927129462027e-02
1.941098444412195714e-02
1.405358122970213133e-02
8.163179589566740835e-02
4.838042862410682488e-02
5.707601047205507205e-02
8.485169164343459025e-02
1.844064173671679588e-02
1.954252861321725473e-02
4.839979394853066719e-02
9.423750298724876268e-03
4.454772415133355368e-02
4.961110118610254083e-02
8.303436273599200390e-02
8.844964148045002250e-02
6.918750824908694724e-03
9.768330016836775098e-02
9.632002742944183182e-02
2.796498418516763992e-02
3.063431380452152561e-02
6.974086073492044568e-02
8.726341732233454385e-02
-7.631592814223226579e-03
3.041217668345484390e-02
6.147891987552991933e-02
2.384101182476297195e-02
6.739370788810451762e-02
-1.839327426752727229e-02
1.088914839148195923e-02
8.850967611277843483e-02
6.282147272214297362e-02
4.554001448601986690e-02
-7.225792234157970770e-03
3.152881300731925907e-02
6.152437422814183154e-03
6.132772832490129833e-02
-1.798942810019331026e-02
7.628924102164545695e-02
8.874126479376823196e-02
3.051521321966992398e-02
2.871772892858530726e-02
8.387041886208479458e-02
9.369967497064302098e-02
5.521362736763126000e-02
9.388262957424013677e-02
-2.155134953569493722e-03
2.297182799643280801e-02
-1.450900457170045676e-02
7.885909898719424549e-02
7.303156517282548277e-03
9.798447228954169919e-02
4.122783607540633777e-02
-7.565280896495199872e-03
1.358776983280891512e-02
4.008330457312965500e-02
8.213990946160666662e-02
1.860272233417732332e-02
9.035913799447053973e-02
4.780629226177572633e-02
6.676012585529918220e-03
-1.306226794385801152e-02
7.316196251787095151e-02
5.186583249779096183e-02
-9.154158311790380753e-04
7.410738940040541289e-02
2.656646843226869933e-02
2.964136744173680518e-02
-2.037902913133712163e-03
5.200012393700727265e-02
5.195801446664369272e-02
8.042347813248053312e-02
1.205590461428035845e-02
1.618688269730065091e-02
5.647055346141978405e-02
-8.800860010680236836e-03
3.909952887605321059e-02
6.016949599668676429e-02
1.918711650469483512e-02
2.457264218114962526e-02
9.523845424625847211e-02
7.656908644990696733e-02
1.008111681422571917e-02
7.435186055532132243e-02
-1.823710341862490661e-02
8.054196047022836591e-02
2.045053654675304047e-02
8.235318545937883594e-03
4.846314483617115976e-02
5.710375208933690661e-02
1.221411751398343223e-02
2.386091772119288898e-02
1.093230550300498122e-02
7.555882485653750424e-02
2.809744704842523019e-02
7.833894420575593376e-02
2.526700723520989081e-02
9.157838525974520971e-02
1.696363272538936248e-02
9.201029238515541497e-02
2.594295100634645343e-02
3.837209304090517803e-02
8.518664766799011884e-03
-8.804363021223116093e-03
-5.464859096715769804e-04
8.423643835013419623e-02
4.614497704196286743e-02
4.837569191642314415e-02
2.450904266569045933e-02
5.627078669494289809e-02
4.438329930887195685e-02
1.289801242800396250e-02
8.914397518172226254e-02
-4.309688546566166345e-03
5.149061109149283277e-03
6.795006904926511465e-03
5.526599679944951826e-02
9.807418514470288284e-02
5.474036964230491464e-02
-1.717883935756027436e-02
-2.549248925828168089e-04
7.725568956939384002e-02
-1.578798732134453764e-02
1.867673951881379524e-03
-4.732903397738592172e-03
9.838627745151726223e-02
9.299322661070781593e-02
8.053120021617389546e-02
1.561607710758009318e-02
9.661610540668521402e-03
8.747854548435961275e-02
-7.982815319257258527e-03
3.005519601839837587e-02
5.336808947339438669e-02
1.686162218882115635e-02
1.680657524141307771e-02
1.207395710020953486e-02
4.767271666720622469e-02
2.873629812263459385e-02
9.919785972184522183e-02
8.787371363170635996e-02
5.203083985030786812e-03
7.291406909449185680e-02
9.740950649990078036e-02
4.007613688241453559e-03
4.256395287200032129e-02
7.877641080150629693e-02
1.152167380490081230e-02
9.935457201371356017e-02
6.291145374730101880e-02
7.931838443312833054e-02
9.316196795563173871e-02
6.510925801698090598e-02
5.869941551371088417e-02
8.061673040769982979e-02
9.645408553320927725e-02
2.522625137004001414e-02
9.563812478393511618e-02
1.166782791888458168e-02
3.859509773247477016e-02
6.880918513873648945e-02
2.270410711171285539e-03
6.332827894696696491e-02
5.055675390029895633e-02
5.723308121118556024e-02
9.453456616978572757e-02
4.574878267219295580e-02
5.953726857645554038e-02
8.709086774089715155e-02
9.349576438371290377e-02
9.218312289247189428e-02
8.380359036145861029e-03
7.627828755513323122e-02
8.378993401788954742e-02
2.023845411379589926e-03
8.309740888355038324e-02
8.653506441606707844e-02
4.616658426257425063e-02
7.208100159508117055e-03
4.108128132958006884e-02
6.425012542108018976e-02
3.064935926497647581e-02
8.117476094958826771e-02
7.315879604020512905e-02
5.200593145948757823e-02
-1.264654322437084449e-03
1.123518630272606414e-02
1.465154569338922644e-02
-6.338303652626775531e-03
2.233757560561141012e-02
8.844349891275904429e-02
3.175681304087973195e-03
6.106219934893404588e-02
5.383811814461281209e-02
-1.610588555958155504e-02
3.700952889571376692e-02
5.046665620483620218e-02
-4.713020557291600077e-03
7.716317279172341115e-02
9.735185661061723783e-02
6.053651350431499961e-03
1.692033654654491112e-02
8.284766104581300916e-02
1.297340322337419902e-02
3.077782106186731023e-02
1.471806224037752395e-02
5.040966092464022053e-02
7.068950142671333314e-02
1.463597088655699610e-02
7.237272411858973464e-02
1.006320815308333130e-02
1.653957008090776656e-02
8.184462428499796049e-02
9.035050301058598909e-02
2.583015197976748153e-02
4.764913123074955570e-02
7.653318813885322258e-02
5.655217832978930159e-02
3.606479332995654596e-02
3.071857758703968461e-03
5.202907649294483128e-02
9.804124655180358749e-02
9.253303087070367805e-02
-1.849765186226252911e-03
6.191300835236442784e-03
1.569302164198837016e-02
8.627477102456131142e-02
7.438034379522079353e-02
5.168359645630520027e-02
-1.754915554859811863e-02
3.729618463306616505e-02
6.430292095606283953e-03
9.537893977554431912e-02
3.626518391387661966e-02
6.531989938615702374e-02
4.770002184778442123e-02
9.060968828668111708e-02
8.806381794937043206e-02
3.336683890283764775e-02
9.546357385097976878e-02
-1.562355040122797786e-02
-1.925225314243361741e-02
6.156659881360965203e-03
2.742304176990851758e-02
6.838836918464451242e-02
6.220142243768075896e-02
8.017359568606090975e-03
3.971838106261374457e-02
5.918487329512070461e-02
2.949598210987633765e-02
3.369108715175161972e-02
8.130315258767378817e-02
4.687367646016335487e-02
1.390379096106246840e-02
6.953688061104393303e-02
7.467326274953896281e-02
-2.527931639117533824e-04
3.377958486028910523e-02
3.773708630495790917e-02
1.248454136101756831e-02
7.674505606932686963e-02
6.044265994713382550e-02
8.237905930027400458e-02
4.132939758825061871e-02
-1.860294304107771440e-02
6.613752964155682201e-02
5.410870869606017319e-02
-6.524005018221709987e-03
2.404641772166631400e-02
4.797850122820228325e-02
6.214264333097456461e-02
4.581334137192091815e-02
2.692779744289158436e-02
1.175924041540342760e-02
4.216713542853678387e-02
1.733707535106998252e-02
7.407385200068161701e-02
-6.938133369861234495e-03
6.059997533197709896e-02
-1.606173909756086066e-02
7.008729607691326080e-02
7.295097816072951269e-02
9.400901008668348380e-02
-4.453286840040666245e-03
6.490231966078109649e-02
8.199207087317977871e-02
3.515427496364059712e-02
7.381739118758146034e-02
2.002504828751077229e-02
7.767688281624419988e-02
-7.079919015552625650e-04
6.928901983276784804e-02
1.238504634410327390e-02
3.740148255156756918e-02
1.976419024972657715e-02
7.880525406383535880e-02
1.974852192910134599e-02
-1.974740151794935131e-02
-1.165410047609730798e-02
8.409825493144121311e-02
2.199317001301965765e-02
6.506185104782352679e-02
3.783533802056822382e-02
2.192801378464305853e-02
7.700537372343373155e-02
5.998067447255037155e-02
2.723308501626296729e-03
9.201668943434228309e-02
2.529574674074837673e-02
-9.690892766363798372e-03
4.470007020643865236e-02
5.479103080260894210e-04
5.910873281356178455e-02
8.957529419369349155e-02
6.491771544222817159e-02
-2.432385645104586519e-03
-3.895589558596018048e-03
7.572254635608195728e-02
8.658475343634963739e-02
2.546517974840453377e-02
4.954991376161091421e-02
-7.332488272217467171e-03
3.146692384837986023e-02
3.848698226700666969e-02
3.914750693344706822e-02
6.120070278743530712e-02
-9.361420484224830876e-03
-1.170230061594618350e-02
2.680681500775727172e-03
5.111443297992605828e-02
7.830069037461605264e-02
5.278226604108614273e-03
9.699203636414764629e-02
4.819478977490129767e-02
1.904113251788354735e-02
3.130624516228305843e-02
8.887411249381574341e-02
1.927679919730045446e-02
-1.815741506632164229e-02
9.117831256699734932e-02
3.243954706611404393e-02
6.357226775798392737e-02
4.797905165880099465e-02
3.381426788095048819e-02
6.865467755336829292e-02
8.115336002023294804e-02
2.440708228073279820e-02
9.125832671191012879e-02
7.758987673270449636e-02
4.280126210220254468e-02
5.263070726380691955e-02
2.629115627550383458e-02
5.197815207006255267e-02
8.356739561139163441e-02
6.707817005870327087e-02
1.489816373815063336e-02
8.217519369154467623e-02
9.660820927126753666e-02
6.729525424908529285e-02
5.457924783236349497e-02
4.152110770313119370e-02
5.026720225850854484e-02
5.126142022970252288e-02
3.296364279367847150e-02
3.300727931193359055e-02
6.735288555234189567e-02
4.035923740934624360e-02
2.609820383346188669e-02
4.123043314030444551e-02
2.975006972651251039e-02
2.559965630799192551e-02
2.469173250958816082e-02
3.720669890366901100e-02
9.511057486657570337e-02
-1.181726477019479776e-02
9.606264840789908999e-02
-8.954736233926613789e-03
-1.450332113108112643e-02
-9.321701953821053335e-03
7.522819487036039310e-02
9.287381658619840719e-02
6.803853481600975750e-02
1.271758935794563630e-02
6.654951277842177659e-02
9.760012192031963796e-02
6.955568611738341400e-02
-1.655948201566053227e-02
4.868063052647135514e-02
5.730469817236827357e-02
-1.242874834011494997e-02
-1.216177931920446598e-02
5.912887201625485756e-02
4.687122065222258660e-02
8.699980393918360644e-02
7.609340352910697047e-02
-1.947033944673139463e-02
4.912476935648758813e-04
-1.917342564488780723e-02
-8.491430491089104610e-03
-1.869655709217262970e-02
6.476945277064320716e-03
2.445047339200308659e-02
-1.045789204329295764e-02
1.382869524313032686e-02
4.776799018190654167e-02
2.897679077844642417e-02
6.178950846907901862e-02
3.816324619860256284e-04
1.590130325790012691e-02
6.373929824367982611e-02
6.184451737453987297e-02
4.048222213030051864e-02
5.850348630675863970e-02
5.259835174931516699e-02
6.005811296541795075e-02
6.632272554083404326e-02
4.277478281704262530e-02
2.281042517640427536e-03
4.504052634603336602e-03
7.340405198536821552e-02
5.520373190665830987e-02
5.177071741226119128e-02
7.806923716567730487e-02
4.031885004128807348e-03
1.896048632876442055e-02
3.790256675973539824e-02
8.946703170160397178e-02
4.227867078953430335e-02
2.075116603580822242e-02
8.575012411782724497e-02
2.171469970562526011e-02
7.740431260964387994e-02
-1.589208916976690353e-02
3.344551070417206562e-02
5.922346083154647611e-02
5.268046657939390309e-02
4.922982677683679364e-03
8.952931328745068751e-02
1.591937609958378116e-02
4.508159698274559479e-02
-3.957936423824536670e-03
4.743320857695837445e-02
1.282603459787946473e-02
-1.473595178661907951e-02
2.668234344549732726e-02
-1.986777599816823975e-02
-1.332437083465710416e-02
1.910986434911050511e-02
6.812925923166167352e-02
-5.978126079813628202e-03
4.392277430437831198e-02
3.608308757574972547e-03
4.766477041785470437e-02
2.483234733397395727e-03
5.073701113451786759e-02
4.131109889206416308e-02
-1.078042082362112679e-02
8.176274933165088299e-02
-2.031627649194324425e-03
9.100314322730747307e-02
2.542045990976707706e-02
2.088727243940617997e-02
