1.060783068043493760e+00
1.027124695135843480e+00
1.064640643990310664e+00
1.029817210853753995e+00
1.012740382931512917e+00
1.083459654910604364e+00
1.060329518905281487e+00
1.000004406399871426e+00
1.015361333574943847e+00
1.072919971570721165e+00
1.089537906516016674e+00
1.073192055600409756e+00
1.012972594127788506e+00
1.032235252576627627e+00
1.025292811259693737e+00
1.064839114775763207e+00
1.043393368300580271e+00
1.063363218201329508e+00
1.086188742829054865e+00
1.024819549090631332e+00
1.075551268984436426e+00
1.087532074850051877e+00
1.059075696878673201e+00
1.053710538670646901e+00
1.057210760608585653e+00
1.007444578234829580e+00
1.051324639363453217e+00
1.070538765893404465e+00
1.002764013794680276e+00
1.010465978362488082e+00
1.032347740066530850e+00
1.005775403969346726e+00
1.044399096879639943e+00
1.023218228294316079e+00
1.082533945882020010e+00
1.045884464331524377e+00
1.024648328522412388e+00
1.010660505902915896e+00
1.069410891009840769e+00
1.088391022917068796e+00
1.077298441200706947e+00
1.079100536767048979e+00
1.088368109621973723e+00
1.082552745937130245e+00
1.093766711302497363e+00
1.036074478885822048e+00
1.002732629923209107e+00
1.067649901600697504e+00
1.074051968233328491e+00
1.087770649880335005e+00
1.055167406624452964e+00
1.054918189320014354e+00
1.051680973701901944e+00
1.035439735064720423e+00
1.000395106466824169e+00
1.088411747404240293e+00
1.079261056750454362e+00
1.082106403046251275e+00
1.043319195606246419e+00
1.060178959336601778e+00
1.014044317762489822e+00
1.043254776638759429e+00
1.079144216623494579e+00
1.058385351914971295e+00
1.050435570933065721e+00
1.004591840610741471e+00
1.005642703041036867e+00
1.050327435929630626e+00
1.088254274727421311e+00
1.088008296852671419e+00
1.006534715085842135e+00
1.036479515716718591e+00
1.034685146032360725e+00
1.086678574097573957e+00
1.032951577369696228e+00
1.047284200441434443e+00
1.041739615547445874e+00
1.050448720193691843e+00
1.003310755206417992e+00
1.063045615924869125e+00
1.017058858181069336e+00
1.062800937020649039e+00
1.091298950670867907e+00
1.046465463562358700e+00
1.073788021661203684e+00
1.087334149344596934e+00
1.088377576210893150e+00
1.050715382454460167e+00
1.061137127104680555e+00
1.086780946434205308e+00
1.085261235941184621e+00
1.073477851290930651e+00
1.080786169302043742e+00
1.009223293082428086e+00
1.019441523139485772e+00
1.095340172273992385e+00
1.036178791916441355e+00
1.071883148379559225e+00
1.079238099745999158e+00
1.013436955561254349e+00
1.057247494404635502e+00
1.023030211664396116e+00
1.005009620323484620e+00
1.083617164643912334e+00
1.049098444190331714e+00
1.043070533027824043e+00
1.034568011852997627e+00
1.075261662495592851e+00
1.096244639627842687e+00
1.017014319426960300e+00
1.003535418457440986e+00
1.095340189169626832e+00
1.082777140451521181e+00
1.057975877945391607e+00
1.065733693768404544e+00
1.038600340913502507e+00
1.021639035440644605e+00
1.083101363268644368e+00
1.079287030818479876e+00
1.051573418519704539e+00
1.042757260926098661e+00
1.004773280077171149e+00
1.067720896983280765e+00
1.025994289203052912e+00
1.004771314330484389e+00
1.059187446264418186e+00
1.065060260163556594e+00
1.082320888281455451e+00
1.047599345250667779e+00
1.008536825647220914e+00
1.016450842869095483e+00
1.084833983655660195e+00
1.089469227478944369e+00
1.098465784614245599e+00
1.088433716805625284e+00
1.056128932413292310e+00
1.076226273148908286e+00
1.089616050333597874e+00
1.081604687947029575e+00
1.081425432755011462e+00
1.092161322341593355e+00
1.077185532433385662e+00
1.013721228071136071e+00
1.034294913265030313e+00
1.060765811568196826e+00
1.048430937184413381e+00
1.000345069835465894e+00
1.012930974886977031e+00
1.099045691266844926e+00
1.069304532657720852e+00
1.025133561234717439e+00
1.026879216458498112e+00
1.032732060262542495e+00
1.069300425714141189e+00
1.018061963936381042e+00
1.098793803092462662e+00
1.007408479399911183e+00
1.000546547729481706e+00
1.011186971086375452e+00
1.067018204469045273e+00
1.033137691819459025e+00
1.078458633370829256e+00
1.042626806146016216e+00
1.097170187307102029e+00
1.009200896023999983e+00
1.053704330599073868e+00
1.049462219883109171e+00
1.013189967356421084e+00
1.086779838333673309e+00
1.044723548427519466e+00
1.076292338879974553e+00
1.032771428746860787e+00
1.087627341769765721e+00
1.017131145787998125e+00
1.040900221385418156e+00
1.031509315281980532e+00
1.065983102723868647e+00
1.075012255005463935e+00
1.074341217883934885e+00
1.015593789221070020e+00
1.062439633313356557e+00
1.044085058230573182e+00
1.055555436238129641e+00
1.004556153321606526e+00
1.036210055692666332e+00
1.013377836070170401e+00
1.081812215772830488e+00
1.014151857634331355e+00
1.045160627586182445e+00
1.073016320035681703e+00
1.010617812112418523e+00
1.046409375025832977e+00
1.089915989864598034e+00
1.083748036218406874e+00
1.087877504359961778e+00
1.010698139101472881e+00
1.053931974250375214e+00
1.014516239371294315e+00
1.093741961280308317e+00
1.091511526351800487e+00
1.040702084204511380e+00
1.021432896142349112e+00
1.066539530756451581e+00
1.082642967683339341e+00
1.047416384156314662e+00
1.010449178848410012e+00
1.028016161122886851e+00
1.003811448806013473e+00
1.093598890368847165e+00
1.084913676008960826e+00
1.063676518798668091e+00
1.007222409860361489e+00
1.011981949223811794e+00
1.041949221663925007e+00
1.087574206223667961e+00
1.011017038133009027e+00
1.014285411094790090e+00
1.049625883712605789e+00
1.013147404993845369e+00
1.000483067273499227e+00
1.077257680207041490e+00
1.009384863657394771e+00
1.075166983062954218e+00
1.067785600281820457e+00
1.040072955178352965e+00
1.069870259172560178e+00
1.033096145841993163e+00
1.018427788735853268e+00
1.096750557356554800e+00
1.087555833117224369e+00
1.014281426710788026e+00
1.049678658658276920e+00
1.067961861975367466e+00
1.049208543153608897e+00
1.014913651160212815e+00
1.039847106254875531e+00
1.081025115033241280e+00
1.080749659849062017e+00
1.087691766728222431e+00
1.096668676319250357e+00
1.012999119970439788e+00
1.099447998358280776e+00
1.082663130424156517e+00
1.009150456325618173e+00
1.078181918172139708e+00
1.005531210427202504e+00
1.056636567171183261e+00
1.017313348653354543e+00
1.089751870590786265e+00
1.029151896606842698e+00
1.021524383952528314e+00
1.001751064742083974e+00
1.013235502780428954e+00
1.018581663027810613e+00
1.050566698039290925e+00
1.014265993071159278e+00
1.077085523061382055e+00
1.045095624966368542e+00
1.044248700431944510e+00
1.014455337593215489e+00
1.005631187542820548e+00
1.008683593942959922e+00
1.077118435724629508e+00
1.032945189761107052e+00
1.043464549369742533e+00
1.033029551541037039e+00
1.058652284894841644e+00
1.062296259231372719e+00
1.022101454509853458e+00
1.057465518612932032e+00
1.071301041436829582e+00
1.054626499709427678e+00
1.076089646576029457e+00
1.037346336430083227e+00
1.052690268966824050e+00
1.085116229446398295e+00
1.032829408507442537e+00
1.048900461864265887e+00
1.086816763254936369e+00
1.099879761116526300e+00
1.037858427178569354e+00
1.085032456108840249e+00
1.025381203038382205e+00
1.054982515232023133e+00
1.077209742324166664e+00
1.053260802893454029e+00
1.099538552090297161e+00
1.077009154392560841e+00
1.012605156220574898e+00
1.081301806161699464e+00
1.071730711782198364e+00
1.092672375034969612e+00
1.067875301816028299e+00
1.016279595871708574e+00
1.090644279410148076e+00
1.073131637276794947e+00
1.024596012349193730e+00
1.007549552314511265e+00
1.019079440810004566e+00
1.069829744777735403e+00
1.058360832954564179e+00
1.066529609886871510e+00
1.029040098883229337e+00
1.010444983999309487e+00
1.019120629575264614e+00
1.033717954623512458e+00
1.003849737120023455e+00
1.019367588712551509e+00
1.068759052900475348e+00
1.085555050559649626e+00
1.072105046522190852e+00
1.041426514609576026e+00
1.036095516752784329e+00
1.050652954073276746e+00
1.095866917518308448e+00
1.075769570626539551e+00
1.047343038179556762e+00
1.097460779024519884e+00
1.075867168299055932e+00
1.063352144287493362e+00
1.082585319684198355e+00
1.091424465528746168e+00
1.083741836141941972e+00
1.066762634526650544e+00
1.087735099799771232e+00
1.091798186180392038e+00
1.046527609512577728e+00
1.001333531633517238e+00
1.006493286526730646e+00
1.087131645610592834e+00
1.033815904502378258e+00
1.044427266860174397e+00
1.025784252329716040e+00
1.077940596449066701e+00
1.013588500659127201e+00
1.009825012214848439e+00
1.062264407981882819e+00
1.005268291430984284e+00
1.099812125369510563e+00
1.031724890794999849e+00
1.085434317783062097e+00
1.035294579529713488e+00
1.019152112196504145e+00
1.010045082873306299e+00
1.042345410547446560e+00
1.097346794732541042e+00
1.093458948768499583e+00
1.082243577902352705e+00
1.092421060066669281e+00
1.022355873907367929e+00
1.072642228975453582e+00
1.033933737452343404e+00
1.012688262988431953e+00
1.003109326604070706e+00
1.025226562818605247e+00
1.008059392096992246e+00
1.069209221553015121e+00
1.070575104542651035e+00
1.075706024640273206e+00
1.072536869187440178e+00
1.040468401616811978e+00
1.041895622309221281e+00
1.095043414861599063e+00
1.054327100456957433e+00
1.068013608684164728e+00
1.017207082761617754e+00
1.095879521643144061e+00
1.020891767556145080e+00
1.011832121513068561e+00
1.050702309414841551e+00
1.055505061346865503e+00
1.016800563127556067e+00
1.038783916969214793e+00
1.099167584569519018e+00
1.057250716823887826e+00
1.074635078156600088e+00
1.052305598418068699e+00
1.008866471997425851e+00
1.088424030211777804e+00
1.043874652806827230e+00
1.084630573559230093e+00
1.055942532896502639e+00
1.092186867572185305e+00
1.069841865151840210e+00
1.006735818770332580e+00
1.045276424453181141e+00
1.042914880568655667e+00
1.033114296922357456e+00
1.070473463105223955e+00
1.017330333675509513e+00
1.059635764631092325e+00
1.069761450069294684e+00
1.009691426042780948e+00
1.090972334064473692e+00
1.028861521653040567e+00
1.027747192284881539e+00
1.019463911376174536e+00
1.068383168635526514e+00
1.043781040532075766e+00
1.004037211987562905e+00
1.079837217272889172e+00
1.035183852833380769e+00
1.081134190201646694e+00
1.024831187524216869e+00
1.019221313783413851e+00
1.047627765752037643e+00
1.034318902249246275e+00
1.053478438906494175e+00
1.046653936904391680e+00
1.052231996189664454e+00
1.000068239771861212e+00
1.027829067162970622e+00
1.072318939400784377e+00
1.069822074638439480e+00
1.019185894633107603e+00
1.057967083846661271e+00
1.036523515958324149e+00
1.081602383641743437e+00
1.053520670671165282e+00
1.071379474448569624e+00
1.054087337016361259e+00
1.034724271315717647e+00
1.039511081259405945e+00
1.019157058605289601e+00
1.001038162663242748e+00
1.064623729224553950e+00
1.068445978776727756e+00
1.020665498521238668e+00
1.079464822661636125e+00
1.007977586693656225e+00
1.038452996582369225e+00
1.000051389949186298e+00
1.045419491431884618e+00
1.085541796446127805e+00
1.014441266760909954e+00
1.046405986782945163e+00
1.091027461643908847e+00
1.056099670280201908e+00
1.036476486481925363e+00
1.028609287360370050e+00
1.097240858300429833e+00
1.015989949902548872e+00
1.076662689231520531e+00
1.064757786918405502e+00
1.046904951372136683e+00
1.097631243492893871e+00
1.041608454834250130e+00
1.047900858771362520e+00
1.086035858085030004e+00
1.003045738427870370e+00
1.087452328349397535e+00
1.053250209888205946e+00
1.036034245479003024e+00
1.086881479620410262e+00
1.045518852079848404e+00
1.078942610619306963e+00
1.094551705186744828e+00
1.016340026947112118e+00
1.022613562246495578e+00
1.069054832874293703e+00
1.084084742589689565e+00
1.072799322473750649e+00
1.061200875726816761e+00
1.089623218418733330e+00
1.048908122879534721e+00
1.089626406378370271e+00
1.067576266046709854e+00
1.099962346306494698e+00
1.015510738336470986e+00
1.033162036938872763e+00
1.064117306404439356e+00
1.009581869005802934e+00
1.011170751611297991e+00
1.040701749514101548e+00
1.085756292448628813e+00
1.041082209254364566e+00
1.018740049835907602e+00
1.062492490044309346e+00
1.039975361320017555e+00
1.081637497785299384e+00
1.097728029999920807e+00
1.089981536630284076e+00
1.063737000565771806e+00
1.090944952935143819e+00
1.034751365034896065e+00
1.001942455067208693e+00
1.046120281168501087e+00
1.082951390098331634e+00
1.093627363206224778e+00
1.087541137482394449e+00
1.058246599056934745e+00
1.010220531680739775e+00
1.092162452974652531e+00
1.026854532031133971e+00
1.036032529175306083e+00
1.099785959560743986e+00
1.025260916116953691e+00
1.079262818978915295e+00
1.015491088440378498e+00
1.066005328546118402e+00
1.038704392066807536e+00
1.041701508263426668e+00
1.051429242629775107e+00
1.025309992971467521e+00
1.061553048667498889e+00
1.010644324690806783e+00
1.011118349354520385e+00
1.009450458750680735e+00
1.001179180507273170e+00
1.079641317559315583e+00
1.087821177024008934e+00
1.034566658869401579e+00
1.044862902393083104e+00
1.091099455474622060e+00
1.036419625107409814e+00
1.048201225597950259e+00
1.028563793881939858e+00
1.045361819580543195e+00
1.006112308369787600e+00
1.015658990260452255e+00
1.023751443390018112e+00
1.017926376257049181e+00
1.025592022348121635e+00
1.041443449567251323e+00
1.020030805355709225e+00
1.073921342732874429e+00
1.041229066333118736e+00
1.023559850307400598e+00
1.025084047065420112e+00
1.044094468833359990e+00
1.093331934514186976e+00
1.088106600270742019e+00
1.053711991397762837e+00
1.025422527481979929e+00
1.040948896008757396e+00
1.039658566699900089e+00
1.015298981334694650e+00
1.045611883826970123e+00
1.003624987303481486e+00
1.009117470119680116e+00
1.021833044041879024e+00
1.077035314145489586e+00
1.084662482482209533e+00
1.046410336950843956e+00
1.085509882199264808e+00
1.089817219654778180e+00
1.070395930515331884e+00
1.085342722793346759e+00
1.090217638736963979e+00
1.051298721259961155e+00
1.002771165461403102e+00
1.066703730564271702e+00
1.015942394420127348e+00
1.058674330274339992e+00
1.008053432291395435e+00
1.011731882512227232e+00
1.023893723890412444e+00
1.091188533689789741e+00
1.036686436076383888e+00
1.010094346369581508e+00
1.031746490877722078e+00
1.036486355759919098e+00
1.070694567612032078e+00
1.006768668099537356e+00
1.007814903837300102e+00
1.018722115203231748e+00
1.033708616008467862e+00
1.067455688961856497e+00
1.072756958460115539e+00
1.045118931298506748e+00
1.098636440238907497e+00
1.077016617499461093e+00
1.012341462275076154e+00
1.072652925002599122e+00
1.029230142158455763e+00
1.059590983233057893e+00
1.010714410064193380e+00
1.089864140597275100e+00
1.054762249122282558e+00
1.089954539737082451e+00
1.080680612009587982e+00
1.098872448762370668e+00
1.003501525962550156e+00
1.035083667395165774e+00
1.002631174164037464e+00
1.065393497207776985e+00
1.007072954784335117e+00
1.047604657298941255e+00
1.032007882669556897e+00
1.094143021026191542e+00
1.038904982954688583e+00
1.020415084542343864e+00
1.069949819105768807e+00
1.084026048191952141e+00
1.061015705492171168e+00
1.053212541313171657e+00
1.007720384614897213e+00
1.045644272095390681e+00
1.082535845762674365e+00
1.007629509164973625e+00
1.035196390262348665e+00
1.010364007323672375e+00
1.007183470987383478e+00
1.059186794877805982e+00
1.077231919957299500e+00
1.051130550382990414e+00
1.052967585743389778e+00
1.046898264935459233e+00
1.054519168184771871e+00
1.037888956096435722e+00
1.058809113307734417e+00
1.085566486722536084e+00
1.030620636537287860e+00
1.013097540698636889e+00
1.044715474768753483e+00
1.080108443099530469e+00
1.093109402301512878e+00
1.096717780303733125e+00
1.062836220659872710e+00
1.095511206836514040e+00
1.006600042641203618e+00
1.043758138768827060e+00
1.078364377305540689e+00
1.004364774832084306e+00
1.078175868814084559e+00
1.084042055288785500e+00
1.064121882524911911e+00
1.025444143525725105e+00
1.063745091014224986e+00
1.047062749813793214e+00
1.014750946970496726e+00
1.004191785901539014e+00
1.029663314381703776e+00
1.018195736532543805e+00
1.045605875065081181e+00
1.046809999557016591e+00
1.039192687821620220e+00
1.020720475779800296e+00
1.008410591056000838e+00
1.070279618779609088e+00
1.002890805091796400e+00
1.041474296109571318e+00
1.067455638222328806e+00
1.009980403403718086e+00
1.013020405927461676e+00
1.007370082062775563e+00
1.014788127621486291e+00
1.005643277802037217e+00
1.017838295002417626e+00
1.061460561874538300e+00
1.042153988547227073e+00
1.031131384852535637e+00
1.025360672702729570e+00
1.018253686072784214e+00
1.099797066012728308e+00
1.073516114685931777e+00
1.050878242223642234e+00
1.071463317099807355e+00
1.080482811069450433e+00
1.064545115054492896e+00
1.025979798904088636e+00
1.004679336364665332e+00
1.042878883573530757e+00
1.031154065910856010e+00
1.086602751709797587e+00
1.028607366758522268e+00
1.044298739988553493e+00
1.094788695856715011e+00
1.010365307972718840e+00
1.065111188845847101e+00
1.089110402752068607e+00
1.078780286277658318e+00
1.031447942708377585e+00
1.038317042573716487e+00
1.068941356251315034e+00
1.051545045699702419e+00
1.015816866142953634e+00
1.032453702995566047e+00
1.026658811525986037e+00
1.034664575573560175e+00
1.008884476450956802e+00
1.016523013960391797e+00
1.003410084377762690e+00
1.091907796329558256e+00
1.057122616959460304e+00
1.064148824150605632e+00
1.088485351985363891e+00
1.000981378749807194e+00
1.038975389269184202e+00
1.092291675734065715e+00
1.022496742823626459e+00
1.059784787299273834e+00
1.091500915395870130e+00
1.011957320937944882e+00
1.064400554647227271e+00
1.058587638689150845e+00
1.050943775057826546e+00
1.063191145276490612e+00
1.084417696140709486e+00
1.051743282218045694e+00
1.012190695970420995e+00
1.008391136059396898e+00
1.003904086700975862e+00
1.021933427065037092e+00
1.075905022443393921e+00
1.049695540614399514e+00
1.066788574944521839e+00
1.066491216420961008e+00
1.071822924042655334e+00
1.013571211918815385e+00
1.044843225847820856e+00
1.059300097069979074e+00
1.092601123971009613e+00
1.033683399116115842e+00
1.093254580843021628e+00
1.024666760519460373e+00
1.036281450651297842e+00
1.062088002800732234e+00
1.097349967587459396e+00
1.089547422217419070e+00
1.075507088688150814e+00
1.046534069320771865e+00
1.022625763203363736e+00
1.018807407286867583e+00
1.016194572548871911e+00
1.009900116759325339e+00
1.089755347098306348e+00
1.061842561945919972e+00
1.016774634194741678e+00
1.010238387928117598e+00
1.023973461301728394e+00
1.081434409651132578e+00
1.007544619659499041e+00
1.097403795090353462e+00
1.023653712368642443e+00
1.069488629209215835e+00
1.053571998190639070e+00
1.048220853536113273e+00
1.097967408614343832e+00
1.053353880269460197e+00
1.058225239864789113e+00
1.034333505191347813e+00
1.028675682612031794e+00
1.070101160868095258e+00
1.038921450553299319e+00
1.087102509701021402e+00
1.094294033453004689e+00
1.000122889550483229e+00
1.098541041637807414e+00
1.018216331046411849e+00
1.072845799268913547e+00
1.093377919108423191e+00
1.035722495574848079e+00
1.038792393959842686e+00
1.078365661006265075e+00
1.025214977362657098e+00
1.051264598886099133e+00
1.027318651932168425e+00
1.039848124773857352e+00
1.062693579408690470e+00
1.054439417015908820e+00
1.004969477682112755e+00
1.039950678449159005e+00
1.084572711499316000e+00
1.028163017466694917e+00
1.058950564690618767e+00
1.093617594020583228e+00
1.001439035111888254e+00
1.082980259497018594e+00
1.004520545177531865e+00
1.060649597223299212e+00
1.004725442794760282e+00
1.017980107225312514e+00
1.059478081190599497e+00
1.053350969550713057e+00
1.052429242018136479e+00
1.084099686100466364e+00
1.024254348023976968e+00
1.046002082047390092e+00
1.030028931323900832e+00
1.080625219282657534e+00
1.078369299039359408e+00
1.001087319698654943e+00
1.022324287355001360e+00
1.057927186525652985e+00
1.006607671028032280e+00
1.074718215733682314e+00
1.080076211301768563e+00
1.084869624364269258e+00
1.062660643270714855e+00
1.041480172492575962e+00
1.009251191313187190e+00
1.055889669388391905e+00
1.005253885439528094e+00
1.099135718247544524e+00
1.032442324451742666e+00
1.098196795486080513e+00
1.005837019988615744e+00
1.094877090720186130e+00
1.064288833713049387e+00
1.041146379587883919e+00
1.025146213077472890e+00
1.027695193022630571e+00
1.089391971715849783e+00
1.001639212565106574e+00
1.063917686340526858e+00
1.020525434019108557e+00
1.047709015704233249e+00
1.060615573824304381e+00
1.016152312457626605e+00
1.071033682924525277e+00
1.024540135662858287e+00
1.028926191524378808e+00
1.044961719695122193e+00
1.024620242106521806e+00
1.030077622817111349e+00
1.034612952672570030e+00
1.078594785613261609e+00
1.018448157375159591e+00
1.029994381914246748e+00
1.011031183771058384e+00
1.048403292776047158e+00
1.048506972767521361e+00
1.059253304904379744e+00
1.055838394390564039e+00
1.066380544612638204e+00
1.098869114288537174e+00
1.070293568026930320e+00
1.072091651338190843e+00
1.011939201923538256e+00
1.045515666183540082e+00
1.062615242047476816e+00
1.016632607867955285e+00
1.033941555512996935e+00
1.006162930417666024e+00
1.097214437365493733e+00
1.080448766682535755e+00
1.097910754765872632e+00
1.031928100697435458e+00
1.060336965048183977e+00
1.053976596822290057e+00
1.046963720571876033e+00
1.066532479791759025e+00
1.097752541238404600e+00
1.086596641994739043e+00
1.078527205205324080e+00
1.097074897385529102e+00
1.085111305566402784e+00
1.031813110431579972e+00
1.042506230538998269e+00
1.004048948455916968e+00
1.052024167651915088e+00
1.031860841229002679e+00
1.079612170462267207e+00
1.087110378149747536e+00
1.059680877784473729e+00
1.068991422332563834e+00
1.056475318629487292e+00
1.062643906159295826e+00
1.021059467151424371e+00
1.036942434035248217e+00
1.027878085744948544e+00
1.037652004851317589e+00
1.064554970538148071e+00
1.006872633712458942e+00
1.077978996638976783e+00
1.018585932956393991e+00
1.022778485219453026e+00
1.093884463706274346e+00
1.084383288888807639e+00
1.008227332486614891e+00
1.091633356658451515e+00
1.000091085533783675e+00
1.044982665236566577e+00
1.002890846697506610e+00
1.082818980067984160e+00
1.021088143360981526e+00
1.085413714321733059e+00
1.097228185763212460e+00
1.078265516827855652e+00
1.098115480686710166e+00
1.026707566312101472e+00
1.006422300065513253e+00
1.068626472973316810e+00
1.080091555350634058e+00
1.092143861128019200e+00
1.097089639406011008e+00
1.020298693268213208e+00
1.045433654077001062e+00
1.090410902886885358e+00
1.061595997072152242e+00
1.046526127180358756e+00
1.092671658736347196e+00
1.002864368359895009e+00
1.035771568644010765e+00
1.023203298191576405e+00
1.022249812759284948e+00
1.010322965670826134e+00
1.071027406494357681e+00
1.065394260956084027e+00
1.059298330692932000e+00
1.066609133570600942e+00
1.009761042051067204e+00
1.015223774095912690e+00
1.017928691897127758e+00
1.056525559223495003e+00
1.076128381640664378e+00
1.007122964392690445e+00
1.029172395538299645e+00
1.022526472636906769e+00
1.050725983090796456e+00
1.051084927345138365e+00
1.040311083226290956e+00
1.088311852328873952e+00
1.079740016897299926e+00
1.032597021905071966e+00
1.016991490444612900e+00
1.097951720785732777e+00
1.002162698427625287e+00
1.088902307306756967e+00
1.049444813273283650e+00
1.055610639156388419e+00
1.053151459594291239e+00
1.020417639062781712e+00
1.027390491806267736e+00
1.022536730017042261e+00
1.037630163167698738e+00
1.033922468797379368e+00
1.084074166026611330e+00
1.094548044322415814e+00
1.021551126076337912e+00
1.078404587146425841e+00
1.036715960461903174e+00
1.065773212494048661e+00
1.089158505922228182e+00
1.062674930166033205e+00
1.035744721804448432e+00
1.093796542112188019e+00
1.033219308872064035e+00
1.097362892388586975e+00
1.013675218092585872e+00
1.036472671752484809e+00
1.087490011638928777e+00
1.086595536871800105e+00
1.089000349802669243e+00
1.006614604373079258e+00
1.064072239611756787e+00
1.075290055865688377e+00
1.083823532975307868e+00
1.047164643417773044e+00
1.020426529017815831e+00
1.046403636357563061e+00
1.052499287180081788e+00
1.014367424895537217e+00
1.028824826080776855e+00
1.001923439213106892e+00
1.073716685646991520e+00
1.038061747357194919e+00
1.097854102083422934e+00
1.083232384798334280e+00
1.059860229071503568e+00
1.047652139994531328e+00
1.029785074175981086e+00
1.000129807897891521e+00
1.026123410734559149e+00
1.032178090983642882e+00
1.016158710485359107e+00
1.001689289387143855e+00
1.056055804879231008e+00
1.024408714098415718e+00
1.054995321216386062e+00
1.030286174788517917e+00
1.077764263380392995e+00
1.004699070781548409e+00
1.086538477136934411e+00
1.068295029436556298e+00
1.026445342231968594e+00
1.095577864624178055e+00
1.013990242350578441e+00
1.093895407535431241e+00
1.082401822968790617e+00
1.085725514313501394e+00
1.071875373463718306e+00
1.013003013937801899e+00
1.088160728807538558e+00
1.048202363649854751e+00
1.055472140748134224e+00
1.075079963396363469e+00
1.096817187750671607e+00
1.033240453710374762e+00
1.042863237275462485e+00
1.033809881662090202e+00
1.055024364462121111e+00
1.026413272848176739e+00
1.091318012814236571e+00
1.043470457173905741e+00
1.047610553940845124e+00
1.071132884655947581e+00
1.096566080445540381e+00
1.049075742230736408e+00
