4.246251576536025363e-02
6.798052553393560404e-02
8.651803371670471754e-02
8.638402829654213272e-03
3.197400506581653257e-02
9.051690994286779035e-02
6.905713640760056948e-02
3.767665078145999991e-02
-1.128921331420514040e-03
1.847070969427733536e-02
-1.748488059599473399e-02
-1.882979767735164234e-02
-9.669738274875990663e-03
5.017974851578097667e-03
7.840977919436993571e-02
-7.768037722761128930e-03
2.636455199856268736e-02
3.485907664023986385e-02
9.100616423837210034e-02
2.672029881524245684e-02
4.213058896918264740e-02
7.042787558746932408e-03
2.701397912805103899e-02
2.543954917596879736e-02
5.790897166712700994e-02
7.446642801443928428e-04
4.049643831282942474e-02
6.140326734363336925e-02
7.522570359719808752e-02
-1.633010577218001885e-02
5.524338240890949714e-03
4.139884889746550667e-02
1.406527723936054977e-02
9.577493167069947577e-02
2.359537425298160671e-02
4.195520022277436645e-02
6.284319230337032103e-02
7.482641712249765709e-02
2.208917206012621023e-02
1.204721589753224645e-02
-1.502459811462056663e-02
9.862126043555845267e-02
5.847680829695778293e-03
7.807176985629278587e-02
4.474871460450891014e-03
8.992088095613304244e-03
2.058471627474066021e-02
-8.138631934412438387e-03
7.933214961126481418e-03
9.198958986460331611e-02
3.964843013521944515e-02
1.578811278438071661e-02
8.683127765154036171e-02
8.896668608009036805e-02
4.448638355178939630e-02
5.382289818001961823e-02
-1.999636090208286102e-02
8.311183861428761421e-02
7.684196212114607905e-02
6.204672764494571779e-02
4.494356695073499497e-02
4.162667561967396679e-02
8.743046292452787138e-02
9.823323854538344724e-04
8.274471114620118861e-02
7.851393393831659906e-02
1.050882614709789178e-02
8.763351822837865679e-02
-8.980016122488373997e-04
8.584491804264493542e-02
8.436716950112166380e-02
3.404444231989617320e-02
-1.028501235004759470e-02
5.881272597372214084e-02
7.582874816924130290e-02
8.185128024777388323e-03
1.754829243902150324e-02
5.755783858831634014e-02
-8.600677437802977179e-03
7.910320681944944810e-02
4.019106342886085564e-03
5.941802065759027585e-02
8.520206790988790746e-02
1.107896610886479130e-02
9.662054177928941501e-02
-5.032937340841859425e-03
5.299387283949531791e-02
6.818739632749351576e-02
5.760695922866623797e-02
1.704196922465414307e-02
-1.733069315768850233e-02
1.730044039118727381e-02
-1.357403594853954718e-02
9.371264843048922322e-02
5.696718183481588871e-02
9.804861806693383752e-02
6.079782064871330771e-02
9.689961367311167306e-02
-1.384729451379952681e-02
9.442463937217175640e-02
9.144274938858618085e-02
7.409848101254785935e-03
3.065169756340677121e-03
5.331273546653542139e-02
6.296287358066852968e-02
2.978111723239488737e-02
1.193561647228139413e-02
-7.718466838049505008e-03
3.092650388277922227e-02
9.605573856995872073e-02
1.276506252406609324e-02
4.714390623052780449e-02
3.744022444761199719e-02
1.556242308079186509e-03
3.535550925785939380e-02
3.610390576648683791e-02
1.768182317098436832e-02
1.369239396362956565e-02
8.743522617610467729e-02
5.359534068705210097e-02
2.158255543019119496e-02
1.558876738553582539e-02
9.817313001586323862e-02
-1.216443880728637107e-02
7.692966417099514342e-02
4.625575754694577491e-02
2.343618014715015754e-02
8.380437129040722855e-02
6.194581870198467843e-02
5.099488191758005939e-02
4.773838924563721109e-02
8.870432185405366377e-02
3.707024533982972159e-02
5.532570693492741554e-02
-8.978141970582310949e-04
2.042405250618463050e-02
7.473546461898218640e-02
6.934127906239091754e-02
2.836665782306093883e-02
9.590490196138563850e-02
3.135645486563418127e-02
2.769556139284778604e-02
8.591783251379370157e-02
5.229576595580068266e-02
2.804746417457193094e-02
3.083058089794273385e-02
3.197796105427501423e-02
-9.611857850276791376e-03
6.907256897226282666e-02
6.509232256493592550e-02
6.613744394193740717e-02
3.627982903372023449e-02
1.086530469637357957e-02
7.116542567190191348e-02
2.157438301038817549e-02
8.199188214695082855e-02
7.009597338904628716e-02
3.773014277256002413e-02
5.221194405247661652e-02
2.267185021166430101e-02
2.683815844171765289e-02
8.865302238600950013e-02
5.274050506628535917e-02
-6.846910042648915104e-03
2.834344177865675066e-02
8.960216168775313184e-02
-3.738245055396046540e-03
-2.643308869297936181e-03
6.880879746126271346e-02
6.030384161995544501e-02
9.096965540208133694e-02
6.571499727880316527e-03
-1.887434094056162845e-02
8.236149103356907308e-02
-4.311498188695632450e-03
5.166081104295673632e-02
2.197612222695273856e-02
3.903625875669854139e-02
2.787595479484430636e-02
5.445433785860064047e-02
1.853358770838955602e-02
5.548933153732781010e-02
7.116934105519143183e-02
1.367041704516334596e-02
2.203349049550577463e-02
-1.772538069207274872e-02
4.462832866024535328e-02
-3.358987289393631365e-03
6.167670597598830240e-02
1.911515084392962846e-02
6.159201679280765229e-02
-1.415802201713879660e-02
4.043396794703696395e-02
9.905407724891474031e-02
4.439695886965539656e-03
4.177026410544987245e-02
6.937332012354560651e-02
-2.323653437716701603e-03
2.094023383528760898e-02
1.985920346632120623e-02
7.319848861556975395e-03
1.055937622901348405e-05
9.312273135092025145e-02
9.061049845070177911e-02
9.397526678383714971e-02
5.348854032177974283e-02
-4.373510425587416595e-03
-2.685611245858920970e-03
3.821596313508687781e-02
4.711938872593536554e-02
8.961061701644898458e-02
6.959586366400118129e-02
5.932939377535532965e-02
2.814317320592891677e-02
8.177637496713641152e-02
3.816418886576773695e-02
8.413092062117734360e-02
8.178497652054024514e-02
-1.932426706835045638e-02
5.365634068083681429e-02
5.311693531305104743e-02
-1.531753848869534321e-02
4.951084099868513499e-02
1.270122839353668778e-02
1.552669794383071053e-02
2.033640805917519973e-03
1.164579768293975623e-02
-2.611628085171874281e-03
1.589810707740861237e-02
8.636565157684510108e-02
6.864232688647847747e-02
1.018833389924947083e-02
5.739091635976351080e-02
1.364840080581477752e-02
1.161620735390353834e-02
6.389346822794914060e-02
9.327357395793284267e-02
2.516884951484677294e-02
7.993617513267252395e-02
4.977860313996400332e-02
4.197186245832577878e-02
7.152754913017969618e-02
1.504280922317446575e-02
6.737336863119573749e-02
7.911510562366096122e-02
8.699408235089606256e-02
3.347535816985280910e-02
1.054996288138638355e-02
7.388059946084003793e-02
-1.971490113527222046e-02
9.426231838654959561e-02
3.333773067270048851e-03
7.333942743821111887e-02
2.546493196175342658e-02
-1.523348377138581539e-02
9.435215662677351456e-02
9.831151478727792603e-02
-7.576489592110075000e-03
-1.263719304156253956e-02
6.083605962784638388e-02
8.197723284113697662e-02
5.437866903633961635e-02
-4.696163078488212184e-03
4.610975901595971288e-03
-1.559637283989746825e-02
-1.174755707101271529e-02
1.273755922126336079e-02
1.444747334495201721e-02
3.897863808683621478e-02
7.143778163671457571e-02
4.794332465115666575e-03
9.018033883206805212e-02
3.089059684483481602e-02
4.532201490139151079e-03
7.798103901860732601e-03
6.369742921729149021e-02
6.508855484776034095e-02
4.524196031879498814e-02
2.834330529183684208e-02
2.994779925718146427e-02
-1.379371204023980765e-02
-6.210365068745858641e-03
6.462076552997542134e-02
4.161052017066238506e-02
9.137514172820278280e-02
1.304137235576063522e-02
-1.316433401871049125e-03
3.890214801069410977e-02
3.500942869771754562e-02
7.330714213695613268e-02
4.669041673479984444e-02
8.543901312953031124e-02
2.274293122079947341e-02
-1.084889904005482443e-02
1.720580411262471673e-02
6.405189809945020796e-02
-1.733158079666812651e-02
8.202009498442966451e-02
8.615999926113604435e-02
7.668316997040713900e-02
-1.790694751669267420e-03
5.219462354087972544e-02
8.799151786529960106e-02
1.676398853330987246e-02
2.757503167484119319e-02
8.845933366052469160e-02
-1.757306586670297904e-02
5.898250475334330944e-02
3.220255411327054007e-02
-1.377107680903650461e-02
5.566229618801087076e-02
5.042298656194241224e-02
2.588901727951830115e-02
9.432780840077867324e-02
2.886340013553716569e-02
7.787269898489931202e-03
2.882886967997856306e-02
3.827258555476749369e-02
2.874252518098533229e-02
5.504234395673406055e-02
8.595116634317218063e-02
-9.266528544081976959e-03
2.658340503938031243e-02
4.377592997025166882e-03
6.163438510341072429e-02
-6.536189578302313563e-03
5.214667153260826860e-02
2.130288004681919062e-03
4.824069547763686072e-02
1.959580543217960893e-02
5.976059206213847619e-02
3.319970690609429231e-02
7.723126311450266568e-02
3.816973156824908509e-02
4.004075036087746675e-02
9.610251585336922198e-02
7.776520036298511379e-03
4.346303856034909596e-02
9.852850789189224190e-02
1.234401589871681956e-02
8.260009870452633685e-02
1.182689467970533467e-02
-1.901091095299647926e-02
4.035054544331273529e-02
-8.988359420989090395e-03
2.587350102571111046e-02
5.284807054234380574e-02
4.176548769377726178e-02
1.573032361029915241e-02
-5.974725883912335861e-03
5.332593522643773454e-02
9.862642490296381903e-02
9.527055923292676587e-02
6.229426226165030167e-02
1.164128381239661406e-02
4.978133180673069424e-02
9.407813098223173631e-03
9.185393254926288442e-04
1.247929944285623358e-02
3.307129459581306663e-02
8.924392611020313948e-02
8.451256771445261884e-02
-3.967838416800879842e-03
-7.990336165062375887e-03
6.579546361854650416e-02
2.725994083768098000e-02
4.343007463937184620e-02
2.927211361941868886e-02
4.865011316512550532e-02
3.139803269382103468e-02
1.870696955800805680e-02
7.994426050598338329e-02
5.530282342961734265e-02
9.698023346578737991e-02
8.468665146942226662e-02
7.068326820139300692e-02
1.931465345967057698e-02
-5.924609634037042438e-03
8.726099600253721389e-02
9.391572653277178995e-02
-7.452164048425240217e-03
4.385773723155319409e-03
3.620311275380130867e-02
7.629221503717287245e-02
4.393149710014221387e-02
2.564650079959331433e-02
7.397811401351393756e-02
8.482011722067382686e-02
8.373998063108836765e-02
-1.631919379401480796e-02
-1.192903887887482826e-02
9.416148934305806906e-02
3.114008114964987237e-02
4.700718895952634563e-03
-1.289025393813684854e-02
5.055084460782062472e-02
8.875069491541261180e-02
6.443124149881801488e-02
4.173327321015379843e-02
1.254282985428116157e-02
4.271597856966176388e-02
2.320128131605586966e-02
-1.653066605254387492e-02
5.946149659827711098e-03
-1.912098128520622192e-03
-1.247009877892801474e-02
6.710625242890742859e-02
6.373918503239674876e-03
9.602616105542628733e-02
1.552525057701103356e-03
8.441800024527838786e-02
3.375529481536540533e-02
5.282037020820995465e-02
1.960423652805014585e-02
8.872145233551369248e-02
4.104905976873346463e-02
8.273652153746720306e-02
7.682553061001362593e-02
9.775698441939123517e-02
9.620348406203795000e-02
5.598455067190456769e-02
1.447600338504439685e-02
1.201572831814407341e-02
1.257535147042465953e-02
2.112213631325983096e-02
-1.655413248772194534e-02
9.702657274730856762e-02
8.957539855672451423e-02
-1.590830785896368144e-02
2.614517401211933004e-02
5.545574840458403210e-02
5.182978595384461762e-02
5.233890463028899320e-02
5.032535000006126136e-02
8.873753428089360684e-02
6.542669191206615387e-02
-8.854227801285249194e-03
8.792964993176007049e-02
2.878994225330854320e-02
9.172914592399315781e-02
3.563040932353263301e-02
7.122065719856875837e-03
7.552207899111519629e-02
2.199304558099659732e-02
7.388255639702324962e-02
9.260572911205923463e-02
9.472839331725871337e-02
4.990499874084601550e-02
7.321145528564807631e-03
-1.173450368201491359e-02
6.230103587764897199e-02
1.341655591315562765e-02
9.004330116130396244e-02
9.427746200879939809e-02
6.634916995645179227e-02
1.247477023410273680e-02
7.831720282465837180e-02
6.434416015932885313e-03
5.519699528831363555e-03
9.155310764430237697e-03
1.169485437781078371e-02
-7.751368194932353045e-03
4.457648316360120211e-02
1.708887632908481780e-04
5.128359043627524205e-02
9.872980275911898140e-02
7.777604791392780936e-02
-1.917054983425281814e-02
5.404060895060877612e-02
8.063003238337239365e-02
6.886431026232273100e-02
5.837156981113054977e-02
2.522881284677007049e-02
6.146110982868950579e-02
8.542847554684304678e-02
6.002791136410406958e-02
1.195915028996614657e-02
9.007313121397993172e-02
6.796388592634269865e-02
7.792329322123522917e-02
3.729531375145732353e-02
1.402622591202359534e-02
-1.402259721457486605e-02
8.736769079435023622e-02
-8.395108452494109974e-03
1.659733283030418241e-02
-1.548830030028479007e-02
8.234783786206524570e-02
2.038161889781754318e-02
4.937403633413983695e-02
3.335906751224165800e-02
2.399172453730243418e-02
-1.735755193652201156e-02
2.053100280412090486e-02
-9.259111499182582847e-03
5.859129520808320502e-02
1.873025230365571794e-02
1.465261321866470970e-02
8.251359416261712376e-02
2.861743457438345115e-02
