1.001225661326658578e+00
1.077418772230961386e+00
1.092042559667173895e+00
1.060921645840609218e+00
1.082442017150359925e+00
1.053899573079386309e+00
1.030049058607627854e+00
1.083804607876900583e+00
1.074189104632837566e+00
1.027531144797229068e+00
1.074355527181375836e+00
1.010429817804206376e+00
1.074489518826587053e+00
1.090468658742516306e+00
1.053138052284562809e+00
1.096506417192485427e+00
1.008423838338034617e+00
1.053293807921930281e+00
1.016371041135645470e+00
1.094757868643600363e+00
1.032612608134845011e+00
1.052994234627286030e+00
1.029444169349087002e+00
1.041468574250171031e+00
1.056336205918867677e+00
1.081301496200420598e+00
1.087415456923801260e+00
1.085436271403668940e+00
1.043651649180509899e+00
1.052857742681549746e+00
1.074021380998365416e+00
1.066431018900835026e+00
1.085102500347381316e+00
1.043221118564092720e+00
1.032817036637969421e+00
1.077135294638821517e+00
1.014136527076363814e+00
1.095361740794541738e+00
1.009582026493154538e+00
1.037414174581212212e+00
1.075152389881990578e+00
1.073651535428940429e+00
1.090828960097453448e+00
1.088853484236033564e+00
1.090885021710811253e+00
1.023462316005052664e+00
1.070530624216800231e+00
1.091825570402551682e+00
1.026665687170232211e+00
1.087306486812180450e+00
1.018857848876054017e+00
1.066007474860759530e+00
1.096897994266314846e+00
1.032351659854033210e+00
1.027808624062533704e+00
1.030088160852118628e+00
1.019456491215576355e+00
1.067565753168012499e+00
1.029824226905877049e+00
1.019137649792289713e+00
1.067113383167841878e+00
1.052620523529089969e+00
1.082527711800241210e+00
1.046619077906262518e+00
1.055126499776326776e+00
1.016032949349661818e+00
1.075337288164717631e+00
1.042230239859935681e+00
1.023588383514243416e+00
1.098612235453073627e+00
1.062397815255924360e+00
1.031255138659745940e+00
1.020365201160349455e+00
1.026191404004819230e+00
1.053742618090460326e+00
1.019031937989970382e+00
1.045403715273664158e+00
1.041860032515349310e+00
1.006112101572722795e+00
1.028230142993552754e+00
1.065480095289096374e+00
1.068715615806673958e+00
1.026428085214701635e+00
1.090800657082817038e+00
1.094829281472492477e+00
1.052648659782782659e+00
1.076666143832476052e+00
1.033122809840593792e+00
1.081367038721226415e+00
1.086606673210380514e+00
1.020126661132107149e+00
1.019059223274991099e+00
1.092790359938317302e+00
1.082532231011574142e+00
1.072360278245859444e+00
1.001405792660540639e+00
1.096892191724452292e+00
1.097385592322256187e+00
1.036149147430408757e+00
1.053056833040560081e+00
1.068106983811177191e+00
1.090549925665484254e+00
1.020550512242168750e+00
1.086315358960078914e+00
1.051840608694003087e+00
1.078141226740025216e+00
1.075890449121677861e+00
1.064154756012160696e+00
1.066460296562780963e+00
1.014979617940222623e+00
1.065338426075819855e+00
1.054543716236670647e+00
1.077635731669644992e+00
1.052730472832406949e+00
1.003582900223106034e+00
1.096242429332677792e+00
1.070707814680862180e+00
1.005769891742928968e+00
1.020985457339758762e+00
1.032872780104247434e+00
1.073973610747392504e+00
1.004522566106126780e+00
1.041462871786859701e+00
1.041079319545451520e+00
1.030956384100015777e+00
1.057934306825651261e+00
1.080915922259168438e+00
1.026444315616900083e+00
1.037570964908000715e+00
1.050952623813023568e+00
1.073381321021475543e+00
1.064182357529130485e+00
1.051886278945208364e+00
1.040452439900631632e+00
1.099767842743646806e+00
1.043902356553309207e+00
1.062642910039411470e+00
1.085324149774056668e+00
1.050067458546051213e+00
1.032763070625696056e+00
1.083155606202838017e+00
1.089184383755458674e+00
1.060103389184734235e+00
1.042583237616896197e+00
1.099743028481849683e+00
1.022463621815408175e+00
1.039445085087417731e+00
1.048676908325728574e+00
1.049976710082500819e+00
1.056808819271294775e+00
1.080058691515811242e+00
1.039984931791168909e+00
1.064108076915555312e+00
1.015251195771227577e+00
1.076852312370269127e+00
1.034455940142221086e+00
1.097835873437810195e+00
1.077619556705338599e+00
1.031897984017289716e+00
1.022081088188790510e+00
1.006177273387733218e+00
1.075038417148479919e+00
1.049910573774733846e+00
1.057715059959165593e+00
1.008651533915742249e+00
1.050762756424002742e+00
1.091404139496580994e+00
1.003421373585214216e+00
1.029508831970162630e+00
1.033863536420366991e+00
1.017759928467774522e+00
1.006254962126308827e+00
1.064656685362766364e+00
1.066072899698729870e+00
1.066530135435162396e+00
1.088548058244571459e+00
1.067204657442230475e+00
1.009459253291733694e+00
1.056560688822264948e+00
1.009209508579231862e+00
1.086909614690866110e+00
1.003318340239588657e+00
1.045941553907668631e+00
1.045095605855057563e+00
1.001014196484143248e+00
1.005843954896269210e+00
1.079464462205270481e+00
1.076304592910905189e+00
1.004886731833571467e+00
1.012672463757189778e+00
1.038632573070706222e+00
1.077718754690988323e+00
1.061663476833685893e+00
1.092776612023619309e+00
1.056481326525143372e+00
1.045068895814859733e+00
1.049512186963067917e+00
1.015657319776575251e+00
1.062564456392233403e+00
1.029154150291839320e+00
1.096394389090233901e+00
1.028992113858559376e+00
1.014860743134674337e+00
1.029855824418171917e+00
1.022129117838219914e+00
1.087549603613900073e+00
1.060245365867990230e+00
1.078187304935994684e+00
1.085376193278763335e+00
1.051882214633343970e+00
1.088619405025658571e+00
1.020479041578665091e+00
1.000929129231589831e+00
1.037908712438088354e+00
1.075457945840613272e+00
1.085877648529582018e+00
1.034414431968315062e+00
1.003707345305513865e+00
1.099275030431656308e+00
1.028916489897638176e+00
1.047195014449866957e+00
1.069552655104271777e+00
1.007614715713500697e+00
1.061564203861990796e+00
1.005419506191920442e+00
1.024775412217444170e+00
1.049036690113765991e+00
1.087328553772546558e+00
1.010686590016532937e+00
1.040555913629362950e+00
1.011909398825109108e+00
1.091129747062724586e+00
1.046080941478609638e+00
1.021626242518755445e+00
1.039261451701854799e+00
1.091835169956926643e+00
1.035143871623672718e+00
1.090774047276548364e+00
1.024679749293328612e+00
1.055842499223268893e+00
1.088514976344766572e+00
1.065442548832356451e+00
1.091644332185097488e+00
1.055180553308660230e+00
1.033587363750863464e+00
1.031001891547959959e+00
1.082369670982427312e+00
1.060710421484967858e+00
1.085724011778908427e+00
1.046131740108088737e+00
1.006884040031001515e+00
1.099789711708077711e+00
1.006096566141072124e+00
1.049814160868677515e+00
1.062324568620254039e+00
1.014103586910190202e+00
1.098534340358131800e+00
1.062028334185650014e+00
1.017072974587195811e+00
1.022160707779994127e+00
1.095913063365995033e+00
1.059366529125546963e+00
1.037155137281674522e+00
1.021547355900277232e+00
1.015686028485451420e+00
1.035331700671381805e+00
1.037120202724703288e+00
1.056161608460199464e+00
1.051085009964801253e+00
1.098178150781591533e+00
1.077722590523743307e+00
1.036555125691881241e+00
1.016029194109565603e+00
1.029660339550932946e+00
1.034264640140871494e+00
1.014224166328514309e+00
1.007267160714581777e+00
1.093740992681903279e+00
1.051820210155879343e+00
1.020979276493157117e+00
1.095282817456515900e+00
1.020445544064283894e+00
1.094661727417160169e+00
1.084590716758119910e+00
1.019812158613573994e+00
1.002120725563773185e+00
1.067677181486302418e+00
1.067135311229378880e+00
1.007934363536546529e+00
1.022861432683656702e+00
1.024602616909801700e+00
1.099908770777554778e+00
1.011469237323748827e+00
1.090094457673920214e+00
1.095874106510405399e+00
1.099471988465916983e+00
1.095613984691574450e+00
1.051692670788132222e+00
1.065993046616913187e+00
1.020272334598896213e+00
1.044663507099394373e+00
1.085570038989649211e+00
1.009212395549912822e+00
1.054125944595493580e+00
1.047801582526917574e+00
1.080925694339875509e+00
1.089771514907506900e+00
1.090953288212583860e+00
1.054941846529901861e+00
1.050461909820965989e+00
1.022476813849874766e+00
1.032447648393679529e+00
1.043910929780822672e+00
1.063764842071910133e+00
1.080933238542710839e+00
1.065110703184950047e+00
1.020196431412725646e+00
1.011783082681289914e+00
1.077691583703630718e+00
1.038525438883170615e+00
1.009170714446012473e+00
1.096356072675541027e+00
1.019124681374270036e+00
1.045763600088376322e+00
1.075650453930218964e+00
1.093546745321416047e+00
1.089892593167128387e+00
1.088227755297506816e+00
1.018635334744192100e+00
1.058422609355049504e+00
1.085940977078041714e+00
1.060934664149490558e+00
1.084672533017699614e+00
1.080471064275724924e+00
1.031747081289411616e+00
1.003448150926866012e+00
1.066830484548961122e+00
1.022883789599147164e+00
1.019738325070946638e+00
1.068991650904620672e+00
1.047972664149236177e+00
1.002392325811314322e+00
1.044587115518845977e+00
1.032876395083319965e+00
1.054315851799028758e+00
1.029396559133213929e+00
1.048913583793341209e+00
1.048323782984605046e+00
1.063811144950318477e+00
1.065378205627522945e+00
1.062554288730108487e+00
1.008467290525166149e+00
1.017150978145073603e+00
1.037040862842330657e+00
1.048798566710285707e+00
1.006435306749519309e+00
1.003733622246532287e+00
1.061355647526517565e+00
1.009313823127044873e+00
1.077796925035308551e+00
1.052824533393805995e+00
1.035411771871219244e+00
1.000942694475025041e+00
1.075857562461661976e+00
1.090560339419417879e+00
1.072889927420935585e+00
1.082200658896923517e+00
1.013340277656404664e+00
1.032212917779035122e+00
1.028173902854521149e+00
1.072023617520767358e+00
1.021017054257230550e+00
1.027665963966692519e+00
1.081242114287657374e+00
1.057987643942402300e+00
1.022447275885007834e+00
1.036348679532491435e+00
1.007094940257740712e+00
1.097015465911687082e+00
1.087437781933872971e+00
1.089573423731740265e+00
1.026003679244363198e+00
1.042399642981255870e+00
1.006855110828111410e+00
1.037592422587755969e+00
1.055379339777449577e+00
1.059713414379380048e+00
1.044629257777099696e+00
1.082365525020889008e+00
1.092440801739017253e+00
1.088673582092197112e+00
1.003565786963994455e+00
1.001685453976649987e+00
1.087466599021941649e+00
1.036159873507054519e+00
1.014029575529429295e+00
1.094390598651539204e+00
1.043075442214609128e+00
1.046890530830926425e+00
1.073508497276541185e+00
1.003121185630343692e+00
1.050908845247553680e+00
1.089304870090014976e+00
1.087069564642011654e+00
1.012140714258932928e+00
1.033250676675541602e+00
1.092892522777176412e+00
1.000859101572753040e+00
1.092672318447694302e+00
1.067382179647567986e+00
1.015490890224034715e+00
1.001126479222711918e+00
1.014662779596648523e+00
1.004954685332786868e+00
1.042755334632402331e+00
1.013211084931276318e+00
1.072669623692960483e+00
1.065057397253283744e+00
1.093849054475464655e+00
1.089222108025846625e+00
1.006833735103784155e+00
1.038282062368764969e+00
1.080320125553158483e+00
1.057933049833669203e+00
1.068242498895532355e+00
1.043128052079865364e+00
1.059025309535936543e+00
1.096708342304298034e+00
1.050320431373840790e+00
1.091681730722034560e+00
1.068061881499497767e+00
1.062379169800409029e+00
1.025932103173670118e+00
1.078729412692724487e+00
1.098545516089789009e+00
1.054803241431084615e+00
1.057674146135873627e+00
1.031039104092010383e+00
1.046704189548815833e+00
1.054060790752964660e+00
1.003576629792875430e+00
1.034967530083821474e+00
1.081832546260457217e+00
1.048296132722195351e+00
1.072246812228437651e+00
1.069632909168132473e+00
1.099408119412932816e+00
1.057022221310363941e+00
1.061425035103094272e+00
1.087982758803760275e+00
1.077184276854612488e+00
1.051129839201689009e+00
1.009018974037247940e+00
1.073086062556710463e+00
1.066154046012941947e+00
1.026624706945705734e+00
1.042575710344704198e+00
1.066204642419416260e+00
1.084511259050218612e+00
1.024210630204458461e+00
1.026837780781439946e+00
1.007987952346002247e+00
1.085770958092910909e+00
1.029097965817256322e+00
1.003060835993030864e+00
1.085081038035031531e+00
1.062437766053323074e+00
1.044952637501228354e+00
1.011869097167293896e+00
1.009991081856491446e+00
1.030429917767322623e+00
1.079158969690189984e+00
1.074556567860336820e+00
1.094429768936347136e+00
1.099069979470316705e+00
1.016910755617135509e+00
1.049207476632497027e+00
1.052829960182105395e+00
1.082883588966770061e+00
1.087126745475410994e+00
1.065699867715244720e+00
1.063561369666223833e+00
1.057770712495636589e+00
1.058088834458726701e+00
1.012731529959172816e+00
1.045506401562859677e+00
1.069304638475620628e+00
1.089402311623623998e+00
1.003463770382609477e+00
1.065402300778502731e+00
1.023699985050844141e+00
1.089302205109420774e+00
1.025921478222349359e+00
1.039038214410994643e+00
1.072481061525164758e+00
1.027865861142253090e+00
1.098113442617224988e+00
1.085851639434322724e+00
1.037493281234369347e+00
1.052677219388268304e+00
