-1.907742925759292607e-02
5.704953848312427356e-02
3.535801229317587363e-03
8.271159054269033861e-03
-6.806018896296527065e-03
9.447221362022814595e-02
2.986376737912095972e-02
4.149861821432887510e-02
4.383368475912687023e-02
3.453886666963718044e-02
7.308683516401018321e-02
9.268752674652148971e-02
5.559563226730657171e-02
9.440362316447961644e-02
5.888907011405890291e-02
6.916589386885334256e-02
1.832886915159596605e-02
1.237834845442761442e-02
4.228060881673816052e-02
1.224341487239930318e-02
1.952226237573065695e-02
2.200548033811728851e-02
5.620948007866632956e-02
4.558472534836585655e-02
4.863154014612704884e-03
5.245352121493676578e-02
9.125646005872518896e-02
5.158323837933219413e-02
2.253159212879652859e-02
2.464701794473883947e-02
-6.100902528549346712e-03
-8.519780177564530155e-03
-8.724143291240910036e-05
4.917435285427868008e-02
7.782761535163011668e-02
6.503069498406446880e-02
-1.071555489312892885e-02
-1.497814127967043649e-02
8.422958061206059499e-02
8.795336556983358867e-02
7.770963876160033590e-02
-1.336032357908768266e-02
2.446867352913848284e-02
9.533752905941980660e-02
2.259912681446426749e-02
8.348266641303320190e-02
4.329585044903770663e-02
-1.259697757552133424e-02
3.022745003565994668e-02
-2.426246263318648094e-03
5.466403897251272126e-02
2.314611707572280033e-02
2.677766730116490010e-02
2.240261816325045049e-02
3.162076931007477831e-02
4.272637833550491093e-02
5.735528091016434127e-02
9.292111023430157934e-02
5.027071042105632492e-02
2.562500397209887051e-02
5.959363857335575609e-02
7.796535040277434436e-03
4.418030178655954487e-02
7.825924303470288557e-02
8.568303164800161742e-02
9.366808637319917752e-02
6.481354924864585199e-02
7.033664474394400734e-02
4.101960486408121054e-02
6.888971859759766836e-02
5.049154193041333061e-02
7.480384856056004894e-02
8.289856639214637779e-05
6.718720837004402147e-02
3.424836685465407204e-02
9.516464093995243012e-02
5.814587509076882266e-02
5.567516580925915837e-02
6.868278140484897210e-02
3.583388018436854672e-02
7.694691842535628101e-02
4.967236722480260214e-02
9.176052060125085286e-02
9.880695587318692741e-02
2.649398901549089927e-02
6.857529131330385164e-03
1.416469917979897020e-04
1.228861541883698519e-02
6.132406427895303880e-02
4.123733237393420459e-02
-1.606079409082403209e-03
2.296990968459390256e-02
6.138223359118315237e-02
1.125465379857623280e-02
9.624331979514808011e-02
7.612753775033555270e-02
3.629749295460621417e-02
1.248278593163197267e-02
2.143934471702708608e-02
4.218536561505556448e-02
4.500572383227234574e-02
-1.969123916953034042e-02
4.010172931936771545e-02
5.614905728307134636e-02
7.187264147562433259e-03
4.899709874091548456e-02
4.533383058216580719e-02
5.388879389486234128e-03
9.209003938156587465e-02
2.920891327013977121e-02
1.114104663037786963e-02
-7.467174337266770101e-03
9.795836411816710720e-02
2.462184798599294580e-02
6.507222197301835986e-02
7.872781811285171905e-02
6.181163876465772811e-02
7.402136697948290267e-02
9.723508959561545650e-02
3.667670774679614165e-02
9.508767976251246423e-02
6.224458220137150943e-02
3.975170813929007618e-02
-6.248962033568776497e-03
3.365122998836744816e-02
1.707429534917883143e-02
1.032074827252249874e-02
8.654928596779914995e-02
1.838504358334516059e-03
-7.590763396295944349e-03
6.133465531248211144e-02
9.979176890607677208e-02
2.416698751968885187e-02
5.374157397661183388e-02
6.069567932397439136e-02
-1.069785886060153728e-02
8.230003873806526760e-03
7.209607724085996538e-02
6.228782054151472958e-02
9.506341205672899641e-02
2.160017974164627971e-02
-8.118340961002473710e-03
1.531921584089223493e-03
-1.833112580772596270e-02
6.053765212167790122e-02
3.655158518018120084e-02
9.754116172699171111e-03
4.712855367339056911e-02
3.507776277161885059e-02
8.659939290625273678e-02
7.600234320371417052e-02
-5.707830949541170193e-03
-1.797127265409416072e-02
7.088176542252618006e-02
9.669581544412052254e-02
2.065884625578969999e-02
8.965968841221660934e-02
4.921152366750573826e-02
1.005790969953824707e-02
1.881333087188603523e-02
7.447972239104212744e-02
5.954694086496012395e-02
6.212761927194446199e-02
-2.974461252396847638e-03
4.913833805343244265e-02
2.153470621643552643e-02
3.796029064802518282e-02
8.316800397829735014e-02
6.309050544725698650e-03
2.617537331876547760e-02
8.495831551653641733e-02
3.640540463943368887e-02
7.193576001479394522e-02
5.347735241689512142e-02
5.032550780822622749e-02
2.252599428484797217e-03
1.135014100916116250e-02
9.054366323975557296e-02
9.658664849022580157e-02
-1.958043189846109602e-02
4.396708650182960809e-02
9.010868577954071756e-03
9.713697538655614860e-02
9.816407832006818213e-02
6.153213901653131757e-02
9.608735860236523874e-02
3.161635205250107328e-02
7.969633403081752276e-02
8.551249430797637496e-03
4.756848592645207541e-02
3.061516432058581164e-02
9.348887115055200259e-02
2.992492379830828317e-02
7.624080519955840629e-04
4.951845679541379275e-02
1.846734644555462698e-02
3.362024766868469683e-02
8.782258006030205233e-02
9.438320972621778993e-02
7.932604575059250263e-02
4.304536529740576878e-02
5.348800309454000701e-02
1.302133883704871889e-02
6.327823852862811405e-02
7.348700142649627898e-02
3.167172686244332236e-02
9.832630870549877167e-02
3.268422323529783513e-02
5.092848623891196858e-02
1.664198319421404670e-03
6.053393339948301421e-02
7.807288804195064436e-02
9.942340869588636720e-02
7.911254629812047856e-02
4.629328136277809091e-02
6.533850374669625261e-02
2.218639029372065571e-02
2.596100692964037684e-02
1.447458836038558946e-02
9.040880155935338003e-02
-1.969996445864404325e-02
5.954913444322544602e-02
1.978918059850858294e-02
8.005004352332266426e-02
-7.406221038190712036e-03
1.877503556412908267e-02
5.293138898531066228e-02
4.605447748197094571e-02
7.543397867980330962e-02
6.687877048354702592e-02
2.783202748850628280e-02
4.193582970955779532e-02
7.644048459381554139e-03
-1.352094094869880567e-02
3.807521434658979465e-02
1.255219870123780446e-04
9.107103599750032696e-02
8.232193718768747448e-02
7.126199277942252275e-02
3.302128398221280958e-02
4.064261925533758923e-02
-1.013503510811994412e-02
4.327835207140852403e-02
7.629398898161024456e-02
5.224590268468573551e-02
5.047316339058503798e-02
-1.932930411564207085e-02
4.898597545013613774e-02
9.720593253204592998e-02
1.496537712904829134e-02
9.593072219167129988e-02
-7.684377248573136948e-03
-1.971497946664352990e-02
9.138812825925497763e-02
8.796838034894448322e-02
-7.596906807224690361e-03
3.045315926807676613e-02
6.942639305153709695e-02
9.793464595089163005e-02
9.291551261145820917e-02
7.688758204728118884e-02
8.631838392085319778e-02
1.115675095571929537e-02
1.857106145634098912e-02
2.775010654147450420e-02
1.851489261993749871e-02
2.302750611817950058e-02
-1.622349139573659241e-02
7.351336741265375452e-02
6.267326138538739655e-02
-7.032609513010611851e-03
5.813533752725505432e-02
1.405436349287600764e-02
9.598855156243388254e-02
4.211616225978739858e-02
4.967726816235566722e-02
9.942069828422087086e-02
2.437289580206543696e-02
8.766656714836190689e-02
9.808060607864010905e-02
6.467546983113089953e-02
6.048649837072704594e-02
7.032220605647492018e-02
8.127899899997319266e-02
2.573696684479185454e-03
3.526222213948454476e-02
4.981215146024529916e-02
8.093825033952641024e-02
-3.259717122515659593e-03
-1.539103397330249950e-02
9.157273977010511878e-02
8.910479149324527365e-03
1.509172751742822796e-02
2.870419197285648330e-02
2.818756857581170353e-02
-1.587455050057362538e-03
5.640003445344654587e-02
6.381160040391131716e-02
9.771724961032914047e-02
4.828979860673149327e-02
5.888888767256265921e-02
8.258250748230250293e-02
7.871764174272742609e-02
9.235533917847692231e-02
2.551500092600008165e-02
8.425557819484499888e-02
-1.030292370808856724e-02
1.479240071132148157e-02
5.107283038776885831e-02
3.083187654315599699e-02
3.209178755694834517e-02
7.416437865528539841e-02
3.615828782209511150e-02
8.433894204414510432e-02
5.875529699045742293e-03
3.620364599176616183e-02
7.803028462428174272e-02
1.964370760742049568e-02
8.716385170743429917e-03
-6.665130342744593137e-03
9.694736036981442540e-02
-3.729837483516653535e-03
2.771566830030209108e-02
9.550012090104276208e-02
6.353948366509694357e-02
4.242283615500535426e-03
6.748763888101128039e-02
-1.883552510411997533e-03
-1.936031123233144385e-02
9.827782835264418926e-02
1.901243394788377020e-02
6.634219170205293836e-02
2.786610569792037292e-02
7.561190903282559439e-02
1.459093193807511554e-02
7.743806622113652560e-02
-1.507581307178710098e-02
4.104942179265956559e-02
8.579316923629405622e-04
2.486735957680652823e-02
1.066975729008128385e-02
3.092897543958070261e-04
6.431682939744554073e-02
1.651224602831881730e-02
-1.781292701057285432e-03
7.620096974936731854e-03
7.896596536426078727e-02
8.266884568819643508e-02
4.542159854120714213e-02
2.780178888500937570e-02
1.945479801409553608e-02
3.519925123221430419e-02
7.478746280768396038e-03
2.379569170578394247e-02
7.347147825034511248e-02
8.844637890837427074e-02
3.262107658791846276e-02
4.163007332105669867e-02
-1.589551981995000751e-03
3.413070442286794681e-02
1.915298696787672353e-02
9.426189149812640167e-02
-9.763960203894210890e-03
-5.988283284803372353e-03
3.829816507423219885e-02
9.855171002732570490e-03
1.892972924716947516e-02
7.741364515978420291e-03
-5.194714789129343049e-03
2.569884556261503583e-03
-4.573376347474877521e-03
-1.085096845311661617e-02
6.402826081070712994e-02
-1.353028026676826590e-02
1.100817596249835731e-02
5.390830938670247707e-02
7.434996683175448817e-02
5.391111750239299671e-02
8.774418355703111905e-02
4.850064114901422863e-03
-1.068126417495369324e-02
-1.841064793054893525e-02
4.113494849579206469e-02
9.370436726603467714e-02
4.067768902847793133e-02
9.715684473438557234e-02
1.898013602345377873e-02
7.362311054621215045e-02
7.032580167637648982e-02
4.209962769775105196e-02
6.608714490510356199e-02
9.193522123535316504e-03
-1.474788082554724655e-02
6.337057098684924922e-03
-4.888962760430069776e-03
9.451114362209127318e-02
1.231747320496301423e-03
7.483269192916232326e-02
1.165892320144891817e-02
9.634979634209139832e-02
3.556325663169442042e-02
3.454115168358094790e-02
7.147499438934327987e-02
7.229359448227887230e-02
9.551838985844865459e-02
6.154066906524913172e-02
8.752466992198446039e-02
6.888127835731124027e-02
4.370565775100099248e-02
8.870466681404309828e-02
4.306539378197334067e-02
3.006765915646293294e-02
4.661740487490163842e-02
-1.280899092117439991e-02
9.897913178576987769e-02
6.932129552403766548e-02
4.556807143932717352e-02
-1.773087505540694650e-02
9.273853884316803076e-02
8.666448592833798925e-02
-3.876540394532338590e-03
4.586249909205161734e-02
3.223011461300819003e-02
4.363727105704162668e-02
-4.188778925281442383e-03
-1.465077491310671359e-03
5.076734183043059290e-02
9.432369437259491285e-02
-1.886015086985340372e-02
5.721236343766791799e-02
5.370732121070621867e-02
1.008144132315664382e-02
7.751877798826652122e-02
8.615654595367278068e-02
5.725186268185168681e-02
8.663387286364386541e-02
2.329754061552313446e-02
5.447001482709759590e-02
-6.793143238856330299e-03
1.777041086116954924e-02
7.765779163680656266e-03
1.448384136733297037e-02
2.868254800656917444e-02
1.399550795998760408e-02
4.847627011491222049e-02
6.908273923466240474e-03
-1.948063161949492236e-02
7.486127120470180418e-02
8.433979014736750490e-02
1.422155116720138016e-02
5.326521736436683196e-02
9.167602998710379369e-02
1.630905999068237369e-02
2.313764560959301678e-02
3.507973710310592630e-02
7.762434321823151462e-02
7.622544975264312211e-03
-1.589421953938185972e-03
1.967353254503911505e-02
-6.059065383804060345e-03
-7.222373693411117401e-03
4.914534021400057684e-02
9.794890409946409304e-02
2.042100276928440067e-03
4.917248744975584451e-02
6.685364058068138382e-02
1.300129477545056492e-02
2.049929062697977353e-02
2.038449518935863194e-02
3.794832519592893083e-02
4.822977152191923467e-02
5.704009473662838281e-02
9.065513004815668741e-02
-5.903231586654107341e-03
4.794052333425884160e-02
9.102435658556730369e-02
9.127671014404997729e-02
8.923405950861056091e-02
6.368724800828452770e-02
3.151172734515476914e-02
6.459803629311874906e-02
7.174775989600283566e-02
2.648789861958276634e-02
9.117405040588534570e-02
8.308010445741434435e-03
5.355068505751683916e-02
8.713645686805267243e-02
9.135501672251879202e-02
2.508850965041574052e-02
4.617625121585018644e-02
-5.501342643041943689e-03
-7.243447990022170227e-03
1.689637809473454669e-02
2.481334899709891975e-02
-7.750378660502023342e-03
7.657649767697154858e-03
7.888710494309395665e-03
-1.605493010817907185e-02
2.066616701105672069e-02
9.310880886336103668e-02
-1.247966038659610935e-02
6.572589294525876813e-02
3.855579952454397941e-02
1.278834798197358430e-03
8.681600394377463059e-02
-1.500088900447641219e-02
1.643442277386322412e-02
-1.055298651601224193e-02
4.365538813847311128e-02
1.335546437465999145e-02
4.327877991497150467e-02
-4.477643383887989006e-03
9.694523837555392431e-02
1.435474130683145680e-02
2.944286926036613142e-02
5.573522372487243332e-03
7.449186014104255960e-04
4.040777597577113744e-02
4.265102771675675919e-02
8.463863822296270600e-02
9.632702282067723276e-02
3.769330090577611980e-02
9.392770080536620714e-03
4.041913045423570217e-02
7.966264076952453421e-02
1.242668833115001190e-02
2.089206419264245593e-02
9.330546472951690984e-02
5.199749935043274096e-02
2.605014812477229533e-02
8.400167885860298361e-03
6.411471832971325779e-02
1.367333483709910411e-02
-1.788883475423852509e-02
3.316141139706565988e-02
-6.703502883382207733e-03
1.824372555512049701e-02
-1.768563221843214711e-02
6.271430496809311805e-02
8.045730374990774092e-02
-5.363698084487422343e-03
-6.305025398378636195e-03
1.041725948989718695e-02
2.156271618686114028e-03
2.470148251237716530e-03
-8.625451735283319599e-03
3.577004955533266695e-02
9.338411230074929181e-02
4.513238264859412152e-02
1.591624409461011788e-02
7.121667346198820581e-02
3.471882724412274357e-02
-1.691221098377872212e-02
2.332391135484876768e-02
4.899041226875824884e-02
5.560115878753145446e-02
1.204910583565055662e-02
-1.218219946109540784e-02
7.422991016679723886e-02
5.319789773725502879e-02
3.198764973745339690e-02
3.380625007132523341e-02
1.603332474417927880e-02
6.155858760556892628e-02
-1.275646661892517603e-02
9.981380746692676553e-02
4.405342497932705770e-02
3.840920136353190295e-03
7.046314634529540766e-02
6.565101980085730204e-02
8.424546690447169695e-02
-1.838762353270093769e-02
8.795410279288475019e-02
9.130166679382117900e-02
5.780682420273182409e-02
2.436034259607762140e-02
3.692167256112312279e-02
7.040921663418352183e-02
1.484575668223994324e-02
9.969396097681841595e-02
4.329125319576943021e-02
9.118507470245192092e-02
2.214713858013643913e-02
5.499579641378335437e-02
-1.370877096026906425e-02
9.186821296957758953e-02
5.872073398366035868e-02
9.519432539258751436e-02
8.243871013041104145e-02
-1.584016214441697629e-03
6.039202302157233027e-02
9.514786220214056095e-03
-2.860292799260432534e-03
5.294658501544245721e-02
7.217467782104577956e-02
3.298523574918950374e-02
3.900507972449389349e-02
1.201785693776524430e-02
4.388015744920854833e-02
1.552127756441445613e-02
9.803500582264892960e-02
-1.934334931690480028e-02
-2.293220720561373049e-03
9.650239590951786850e-02
-1.704218223872644780e-02
8.530034551115855956e-02
1.793054969355101919e-03
8.956660800882283724e-02
5.777277436642565267e-02
6.059904555298800677e-02
-6.537575117927824087e-03
2.434368543658999018e-03
5.078262787287075863e-02
7.097162827012132302e-02
9.457746383043666438e-02
9.539138053882952051e-02
-8.384894782386624612e-03
6.929679350546963379e-02
7.530670725154516021e-02
6.459981830548323922e-02
6.835930849910432094e-02
3.611740852245175215e-02
5.454522241537985983e-02
7.823700691572858801e-02
1.340555140566958639e-02
5.034218050987571136e-02
9.110884946483313596e-02
-1.304049787900285820e-02
7.480167286202703270e-02
7.074819898263957907e-02
4.494010976662573403e-03
9.672159089412603328e-02
4.775321165800004708e-03
2.392625120426533983e-02
4.896447284150685919e-02
4.645743923739442671e-02
2.365688552008486309e-02
8.425008273784066748e-02
2.625439371057138385e-02
7.926261856239114056e-02
-8.862928120995499162e-03
7.152758778585771582e-02
6.313927363469043486e-03
-1.429752594990892772e-02
9.605765635540360059e-02
1.559360334860701233e-02
9.999362424340478561e-02
4.181276723661463135e-02
1.493523351189595186e-02
-1.136769203011082745e-02
8.466436130717163583e-03
5.709939875591105163e-02
1.881383730508800686e-02
3.962467600064377427e-03
5.474834130968454782e-02
9.719922582151911683e-02
7.477166104923220480e-02
-1.155648072212726168e-02
9.690048741073571670e-02
5.936797942291871522e-02
-1.895922958985175877e-02
-1.686537102215419220e-02
1.082721419082735212e-02
8.481107607074428456e-02
-7.407089594492538911e-03
9.140131815256972991e-02
5.026760971633054131e-02
3.405264799806830001e-03
1.100665757595491179e-02
2.478447545896482820e-02
4.423604601744780818e-02
1.969356159781112878e-02
-9.507714095123289896e-03
9.576597520490168214e-02
3.858452617171609367e-02
-4.324481859367134556e-03
1.226522652945178163e-02
2.559623648938597409e-02
5.589216856637177488e-02
-1.158949203895049025e-02
2.397515784542513309e-02
8.086689016922671280e-02
9.766302992491808499e-02
3.409295656154877341e-02
1.913477408360382201e-02
6.699167231323122779e-03
5.943303948003934856e-02
-1.733535346823730089e-02
-1.680246467331242971e-03
7.430021192451537193e-02
6.655928711841149759e-02
2.271513916193303520e-02
7.449160118644393425e-02
-4.092313676166487585e-03
1.091447936813365327e-03
4.609483334950606470e-02
3.446776786263983094e-02
-1.371017521295062741e-02
2.259446331284795453e-02
9.971435243652856939e-02
-3.312554045334370478e-03
-1.595928825212507285e-02
7.894514293742015132e-03
7.545245860004060057e-02
8.479050400269408372e-02
9.588148772619470295e-02
6.539247120461791352e-02
-3.743709682191849464e-03
-1.885915736603509599e-02
-5.216898466888744007e-03
4.284809949087795000e-02
8.652835853385414111e-02
1.035901675215073620e-03
8.796202204930851642e-02
7.970591856436207157e-02
2.866957511875281583e-03
5.001495955425271089e-02
8.729356242430252877e-02
5.789026568140237528e-02
4.073350553011943764e-02
2.015344540471082982e-02
-5.743421417427811357e-03
1.492541742819755365e-02
5.642070484343222891e-02
1.668234360707331401e-02
-1.155872215430106195e-02
9.617003758569285521e-02
5.732363638398252359e-02
-1.292838734108834285e-02
1.462617904909129657e-03
-5.252902938056415796e-03
-1.247079453322185935e-02
6.120115053818943329e-02
-5.427358411183424297e-03
1.359923066048320320e-02
5.131112319087596796e-02
2.175644107762907467e-02
9.621439239037170299e-02
1.750539464019512659e-03
8.490236615960017330e-02
7.965080806550008108e-02
3.023546628568593922e-02
3.264848728158961655e-02
1.880822830247263697e-02
7.891357474546052686e-02
4.924961416139048143e-02
7.873069763096440798e-02
3.478761192870244434e-02
8.520263949084914967e-03
-7.946912687803262682e-03
-5.451595283988698928e-03
9.953032608276740634e-02
4.991969103700862054e-02
4.140911664751563415e-02
6.598255489136121976e-02
1.618830492305611130e-03
8.534347798669976448e-02
-1.308292397146335571e-02
-1.673352191988237286e-02
7.466295716051073172e-02
9.598292986509518454e-02
5.597595839803015672e-02
3.715189630647082464e-02
9.633668089663374734e-02
7.340568969516206299e-02
1.266585845442165167e-02
6.537492387220267265e-02
6.913331348884595162e-02
4.819085175159497358e-02
2.218754603950502322e-02
-1.063997471865180296e-02
6.125744266612379030e-02
1.938787454689526110e-02
3.063501069110909428e-02
8.717032746406422339e-02
-9.316919662509496811e-03
5.443785840309162127e-03
5.548283198849621178e-02
8.639427034277805117e-02
1.797864854096678858e-02
4.841997842752009118e-02
3.451806174295804497e-02
5.043861209502670251e-02
7.858847073813488709e-03
4.129792675079870662e-03
2.165350879766953299e-02
5.641506061925455340e-02
5.827471451223706356e-02
5.421815725788330098e-02
9.417466017784323351e-02
-1.578921286591865661e-02
5.126285159700190441e-02
5.738900509146196982e-02
1.190534328170424552e-02
9.647800694218414130e-02
5.905246364986009577e-02
5.330486915409114734e-02
6.264687313743433350e-02
4.312343924467001988e-02
3.126571904173711114e-02
7.715876082666106583e-02
3.263310025452156871e-02
7.003355547605431830e-02
8.952886026543183107e-02
8.834417261111894570e-02
8.963408253016236227e-02
3.325791157627232264e-02
4.738959206290091486e-02
4.400706810858731610e-02
6.766479870247872619e-04
6.385804984716673960e-02
5.812762768590805373e-02
8.083016770165409037e-03
-1.107355206597008916e-02
-1.882195654515318381e-02
1.413217665416966265e-02
-1.795697131700221480e-02
7.197263610550577728e-02
6.076057460053602144e-03
-1.200438762901058498e-02
8.528464072176013266e-02
3.179350314583582332e-03
-1.078600562715984618e-02
2.602608200379679174e-02
6.573270842473612208e-02
6.610492079186698622e-02
1.797535048403048688e-02
7.339359737163603237e-02
6.942375374676840183e-02
5.406913060701366847e-02
3.711807664541499907e-02
2.411295929023239346e-02
-4.304489051135531458e-03
1.048796431177875799e-03
5.097859982630403852e-02
4.229859031048031209e-03
5.967185918961592783e-02
2.536066768531346563e-02
4.355183656181825513e-02
8.033686365756810555e-02
9.322517225426792120e-02
4.659866000724849355e-02
4.764689287619355840e-02
-6.628584750072396420e-03
-1.365488243086216032e-02
5.577538481918281610e-02
6.417491342609325800e-02
4.271501946668139482e-02
-1.209330554857206835e-02
5.876443914117304712e-02
6.920562060454163444e-02
1.491504598616379476e-02
1.601659597768179469e-02
5.860139297102538725e-02
1.414425796325593024e-02
9.587280850280587019e-02
6.605188362953191838e-02
-2.188405535669207813e-03
3.987116695302495017e-02
7.951355138505994402e-02
1.915455131851078255e-02
3.586938184624730019e-02
-1.340162502159274877e-02
5.019194163252764518e-02
-7.686615581807510963e-03
6.143833808791518414e-02
6.109027504104054540e-02
7.863972250400284164e-03
6.917134232122079673e-02
3.216378268891111059e-02
7.528581567063234725e-02
7.787797387743104760e-02
3.141042707154911851e-02
6.836843258276040225e-02
4.155766318656113623e-02
1.087273595224321279e-02
-1.535182736309971020e-02
6.004976784692810099e-02
4.539977017750106147e-02
-5.994089668106510407e-03
-1.468154113556853491e-02
9.129850301525753442e-02
9.868671042354697220e-02
8.692144328207659920e-02
6.382244500443715052e-02
1.167699276402930572e-02
3.875519341797245554e-02
5.734736722082252325e-03
-5.711373352917669538e-03
2.163978660734139012e-02
2.847521305539062533e-02
-1.387642955493587071e-02
-4.040719035381886565e-03
1.450069498927259934e-02
9.447799894835352819e-02
2.991787161585855379e-02
-3.282297777203149053e-03
4.033370586703326210e-04
3.316495725715296050e-02
-4.894190347479308867e-03
4.173009971253570372e-02
7.876087552020871740e-02
6.321482653333940216e-02
5.480260589716987041e-02
7.512145103751113884e-02
9.148259801102931466e-02
3.618113257024357932e-02
6.049209350034966126e-03
9.979160565081753032e-02
5.325243481608928076e-02
5.724024902473447141e-02
2.983550377011916568e-02
-4.693644118583403801e-03
2.137180797074640995e-02
7.163575017523597654e-02
3.850256867364205970e-02
-1.692861878560253733e-02
1.490482537068090266e-02
7.602907950380116686e-02
7.616129180364990259e-02
9.547790459051762324e-02
1.056981126155906447e-02
9.779011155900355079e-02
4.194501857256373312e-02
-1.637610832325423274e-02
1.602862154364914984e-02
8.085592145884816506e-02
2.817890019793646214e-02
2.127874984103647615e-03
5.881694526566920433e-02
7.877772059972948382e-02
2.106807592309080726e-02
-1.071445001851939298e-02
6.571761817556473484e-02
6.044164372166874882e-03
-9.297610016154868665e-03
9.712997994451495753e-02
6.945420692811868357e-02
2.494771181075304892e-02
9.849840701997467085e-02
-7.794270228798055866e-03
4.666379289148520071e-02
5.493352053167586957e-02
1.496462787306556894e-02
5.419411198765261561e-02
1.557604193124847644e-02
5.145526905490380165e-02
2.803556017833125011e-02
-1.281386278616609628e-02
3.524116871703578124e-03
-4.599540552757339085e-03
9.086319244068136181e-02
6.808964341607658122e-02
-7.783637884497335985e-03
8.186525130696784003e-02
6.914624331191648876e-02
5.297056719681024484e-02
7.146683929467431695e-02
7.775519876006377340e-02
2.641315502605244905e-02
8.056599484603817196e-02
6.428895053279369554e-02
1.387114544011487996e-02
6.598782466690683579e-03
-6.685261672701820965e-03
5.198303884861921187e-02
5.876750547835585259e-02
-5.075265616449609052e-04
8.240021700113446534e-02
7.675900319993052279e-02
-1.414504615976137220e-02
3.911837327363459904e-02
-7.488888931304451060e-03
3.263796958854958685e-02
-1.082860598330040273e-02
6.667112587809886914e-02
8.343554209561555163e-03
3.540761178408664833e-02
2.854955823866449707e-02
8.856815532079832798e-02
5.103535696172351033e-02
9.452432810301293620e-02
2.091151577453827237e-03
-2.091165268641153457e-03
8.659185573419156401e-02
7.376562904908100238e-02
6.998729580725029931e-02
-8.033290409026764070e-03
2.157971866458551977e-02
8.320525707049322706e-02
-1.758303714791232403e-03
2.038387750344485341e-02
9.760287807152570605e-02
1.440204531588502521e-02
1.321475505779513490e-02
9.374627028144393026e-02
3.029462560464247015e-02
3.459683227644162751e-02
9.149841414657060301e-02
3.474255779977183933e-02
