1.088176378296294766e+00
1.005477213464818442e+00
1.090418396556148029e+00
1.035933268188536704e+00
1.082198126777504932e+00
1.040216687286819042e+00
1.095399288650396263e+00
1.071991716025298969e+00
1.083870399523099382e+00
1.018297399085062338e+00
1.071805864494273175e+00
1.085224998748779646e+00
1.011115468687209917e+00
1.054900508383369795e+00
1.017269412106844628e+00
1.059900446332322499e+00
1.059455818033904428e+00
1.055443540788469470e+00
1.001432696105330367e+00
1.051172548421932529e+00
1.034786009837379339e+00
1.012894932008082671e+00
1.078459936458615376e+00
1.059461226784172538e+00
1.037512947498256510e+00
1.074851095740248619e+00
1.011713592506251924e+00
1.081946884910634621e+00
1.053386711602427805e+00
1.079536634666614869e+00
1.056321393511354456e+00
1.000586370139029846e+00
1.065770502008063891e+00
1.067552678315668135e+00
1.043452306656750705e+00
1.049822591403964944e+00
1.075023807103605789e+00
1.076415975951060755e+00
1.060708657014788781e+00
1.016674673968667619e+00
1.068898969341448346e+00
1.020826743452644347e+00
1.082844216659907488e+00
1.091013378171778569e+00
1.037165882051073851e+00
1.040071832673589380e+00
1.050510829425754133e+00
1.029960758891692363e+00
1.073572578108908937e+00
1.098278308866315722e+00
1.053652413547586209e+00
1.038434463334608537e+00
1.096014469394048119e+00
1.012295671401029384e+00
1.020298754079318027e+00
1.064785187955459511e+00
1.072243408806115461e+00
1.059919792833540209e+00
1.040067392233461785e+00
1.064334330229302905e+00
1.041755482864905824e+00
1.066637715627284821e+00
1.088267719483266172e+00
1.042544466072319764e+00
1.004042982210799018e+00
1.061803444726060475e+00
1.034752925560843639e+00
1.027157460589247062e+00
1.070297799467864408e+00
1.016713943863295277e+00
1.067091160920601522e+00
1.007651527334995079e+00
1.050359809068523553e+00
1.086970533017451279e+00
1.092888719059928349e+00
1.060178426223170822e+00
1.073588300629523706e+00
1.063439676595744565e+00
1.000929605381706944e+00
1.000230245963475983e+00
1.014690895084473521e+00
1.012599654499534152e+00
1.089542324797980744e+00
1.032068874894661148e+00
1.038913260195804877e+00
1.054015730646961302e+00
1.001801212245868378e+00
1.064264615075717790e+00
1.080551867193558113e+00
1.010330314926074058e+00
1.050035772889655439e+00
1.033235083198649207e+00
1.084119972057494774e+00
1.000895830934511732e+00
1.020545450642813545e+00
1.057593823623242058e+00
1.017831911235143050e+00
1.086137628767326779e+00
1.023020279296362522e+00
1.059744967941241178e+00
1.022456385026678793e+00
1.084697555688970194e+00
1.026174429982377401e+00
1.061600578184482613e+00
1.088568421937829322e+00
1.049938921396402103e+00
1.005791839808763299e+00
1.097673804709638823e+00
1.096136494025330199e+00
1.066764787989120888e+00
1.057132711804162906e+00
1.049753646209625968e+00
1.088906346044407725e+00
1.019049028643008059e+00
1.072895495589649695e+00
1.027025541796586561e+00
1.075168396065681931e+00
1.055307719157142055e+00
1.038706928515323202e+00
1.012683627785054830e+00
1.074267427532185959e+00
1.085513356573497123e+00
1.036531225427836933e+00
1.063200681048341423e+00
1.048235113778744010e+00
1.022225471840899624e+00
1.037514597886341150e+00
1.014413176067305411e+00
1.092250862100462072e+00
1.059755599581960972e+00
1.004342652715293882e+00
1.031445046374632524e+00
1.015855462492514460e+00
1.046433397048791347e+00
1.043065297378303669e+00
1.005803571669925622e+00
1.058486950160700157e+00
1.056343766939593198e+00
1.024041629334272452e+00
1.044414972239831929e+00
1.084541395682337761e+00
1.088019495763388189e+00
1.097075208463225593e+00
1.067099503322646692e+00
1.023151387551126001e+00
1.077425661790900158e+00
1.028615496570574495e+00
1.008100890086146117e+00
1.013313551713943328e+00
1.033826599245267097e+00
1.025667078934134002e+00
1.069314380125936159e+00
1.038118106444938737e+00
1.044168723774224539e+00
1.035693597646577535e+00
1.007190005587139225e+00
1.013411881629302513e+00
1.076319657732621948e+00
1.045732168034284149e+00
1.058501932496804354e+00
1.080586660955954681e+00
1.058039741007618106e+00
1.040463841753832552e+00
1.032858153126366307e+00
1.042137588524167713e+00
1.078232952194034810e+00
1.016302900418501132e+00
1.076959931365512713e+00
1.029096112867561752e+00
1.004501183300696932e+00
1.023608318973989295e+00
1.083483557174657941e+00
1.015886027095199928e+00
1.038284189860948725e+00
1.074595810584208833e+00
1.037615742636829541e+00
1.056501841030849320e+00
1.070981828028563232e+00
1.092431328930495216e+00
1.057202476776899269e+00
1.088957003996846584e+00
1.068685652941269826e+00
1.010505495826018230e+00
1.062152747814559817e+00
1.072180700450412694e+00
1.014373031875812625e+00
1.076248616557122562e+00
1.060046843612207024e+00
1.084952257386745389e+00
1.020013143424235880e+00
1.077536837630215016e+00
1.044087797768221471e+00
1.093795270309777523e+00
1.041220268639235558e+00
1.055165846684587683e+00
1.070742025484460180e+00
1.033951723447417370e+00
1.035414031163681248e+00
1.062910098531729242e+00
1.067054683277086857e+00
1.007488689371551116e+00
1.010514946622438126e+00
1.029784987123958384e+00
1.067853437199199229e+00
1.029370165967999906e+00
1.032655241083574316e+00
1.096771738732423840e+00
1.023326954044393666e+00
1.019453446988237699e+00
1.086853106704658511e+00
1.039364271202506407e+00
1.078988794104153603e+00
1.094063925401727255e+00
1.029936280107634605e+00
1.020329634752076942e+00
1.068035953070078037e+00
1.042504568466313231e+00
1.050006323772754824e+00
1.048495456291757888e+00
1.022261466088637105e+00
1.007508891371637239e+00
1.024125661725216796e+00
1.065009226257407793e+00
1.092363075279453088e+00
1.021433054478772862e+00
1.072078503552657214e+00
1.028337888007901046e+00
1.077731792304703173e+00
1.078252993810839389e+00
1.067952324004461495e+00
1.036092166376147539e+00
1.018263198821671267e+00
1.022793203712064170e+00
1.000318995382994736e+00
1.081837744703479487e+00
1.059069818027160048e+00
1.094113829624947298e+00
1.098658397268652553e+00
1.047737403659937616e+00
1.003355280664456783e+00
1.045228222904509563e+00
1.092607280801842329e+00
1.034785887680367944e+00
1.031330783854117250e+00
1.066626075936966567e+00
1.090292321120222230e+00
1.010488775876096978e+00
1.027284465741571395e+00
1.038305326334623357e+00
1.083916124713975693e+00
1.051671476814887818e+00
1.018960870305374300e+00
1.094402761301857874e+00
1.006725285642664502e+00
1.079166818916402759e+00
1.090992587370583689e+00
1.012379349722659860e+00
1.058275962817760263e+00
1.007924928898343175e+00
1.011699250331303812e+00
1.034124972259441000e+00
1.071934937787209607e+00
1.032110605936515935e+00
1.040535234690122213e+00
1.009077504569412254e+00
1.011420483015183835e+00
1.075711215402441745e+00
1.095205321247417096e+00
1.064880464244906566e+00
1.082974226417906527e+00
1.041723964972133709e+00
1.016233846846192224e+00
1.072522881729084832e+00
1.045017482243327356e+00
1.050377424798620840e+00
1.070518835605794417e+00
1.030910841728645222e+00
1.020422560421775149e+00
1.035216498451638323e+00
1.080269822682782710e+00
1.016737858037448872e+00
1.034200185705020258e+00
1.040148813131944294e+00
1.094685718853445122e+00
1.017934063364212216e+00
1.078767022611360815e+00
1.010547630260960394e+00
1.025576929738726717e+00
1.030977140530648484e+00
1.095349381953942824e+00
1.046309099879403570e+00
1.031661549830129143e+00
1.078954816512148085e+00
1.064656165163229362e+00
1.086940726523286882e+00
1.024463972114824761e+00
1.036956504108610844e+00
1.068635919309972815e+00
1.013144190185366167e+00
1.049168754506223378e+00
1.015286056008992466e+00
1.011452040107739592e+00
1.086737993101681621e+00
1.028814931510077857e+00
1.045723097117404743e+00
1.015331676914465131e+00
1.052557247043308442e+00
1.075675638009336632e+00
1.066815447644072767e+00
1.076485796703575470e+00
1.062082720293154647e+00
1.051715159097760699e+00
1.034026079884174054e+00
1.001661813039931292e+00
1.045762780898671140e+00
1.048176740240125193e+00
1.040178888042773142e+00
1.042086283167408478e+00
1.052879203470669767e+00
1.079519081833876903e+00
1.015703358255651167e+00
1.046187033969296687e+00
1.091496388917546412e+00
1.080892691525619176e+00
1.035939606288405423e+00
1.007834671518765823e+00
1.079133651279239992e+00
1.046689592650772660e+00
1.045338294790817413e+00
1.029640323317906780e+00
1.067211180415645222e+00
1.096668954594183010e+00
1.044193672486961821e+00
1.073080120006925986e+00
1.091391613304478314e+00
1.031308233582073131e+00
1.051078941574239867e+00
1.066286579842251836e+00
1.004598715674927645e+00
1.048392350976267817e+00
1.087359217653840915e+00
1.056732561179603458e+00
1.085928719758123107e+00
1.028081110573979107e+00
1.055513055469113448e+00
1.017488183473423291e+00
1.075886972660305529e+00
1.079719500444366931e+00
1.021773849921607136e+00
1.086277709963321847e+00
1.098409206333090582e+00
1.042573634661071891e+00
1.018004882626287300e+00
1.013938403699702784e+00
1.048367620713644310e+00
1.063630877232690120e+00
1.073484816256319752e+00
1.095326405799830871e+00
1.006064317761642846e+00
1.083448152025389133e+00
1.077940081883845158e+00
1.023459084194783930e+00
1.045709302557741305e+00
1.035270401883703784e+00
1.053262231108363478e+00
1.031085064632396353e+00
1.029847898271736950e+00
1.049730532410143580e+00
1.040682469071268379e+00
1.034325045524032483e+00
1.030561683389688676e+00
1.069943111942353475e+00
1.098163785072034049e+00
1.079702483853352657e+00
1.010594511043180210e+00
1.047189166150777062e+00
1.086350398894366798e+00
1.044794104202882323e+00
1.082493034906569562e+00
1.097262658933079615e+00
1.058773627990219790e+00
1.027292404149406257e+00
1.097486579283361463e+00
1.084999713219989115e+00
1.007797493618205475e+00
1.072345041741803673e+00
1.013357778295233880e+00
1.060030690605921588e+00
1.083385486558183342e+00
1.013486461532244531e+00
1.082670464777363284e+00
1.002015749297453295e+00
1.016124465158992685e+00
1.006697339208851627e+00
1.044560278518099627e+00
1.030260690836709347e+00
1.052359115558335168e+00
1.089995279328279443e+00
1.051204368105138176e+00
1.066826690532968414e+00
1.029689866358201034e+00
1.060175052221016934e+00
1.096259586223497617e+00
1.069014530808553243e+00
1.051620322080467629e+00
1.058372798682466698e+00
1.027365097862452892e+00
1.082912570964358778e+00
1.017172093726477211e+00
1.066146295143059586e+00
1.070983006501863066e+00
1.033740214156131376e+00
1.091233956389111581e+00
1.090468143294422987e+00
1.082587518130447179e+00
1.059723169410209165e+00
1.002319574307483530e+00
1.010888385920177379e+00
1.024355192028240324e+00
1.079703076695975650e+00
1.094099729071380755e+00
1.004531805963333246e+00
1.093769137749310394e+00
1.008121003225894485e+00
1.078746704774050214e+00
1.099197159399410317e+00
1.009153884360846076e+00
1.013908430486626822e+00
1.070372412701205977e+00
1.019087338792548092e+00
1.027345148631823024e+00
1.068629336478560399e+00
1.084711938548939436e+00
1.031319556958640415e+00
1.047903161596329014e+00
1.019078557886482272e+00
1.043142660256334731e+00
1.036266496254254044e+00
1.083992715860741196e+00
1.086988990673812383e+00
1.028061733954917178e+00
1.074614417862039595e+00
1.063952210894700601e+00
1.025072525713909277e+00
1.084927218943258831e+00
1.001200386409509147e+00
1.085067646037050082e+00
1.058075949348215250e+00
1.019056427937608866e+00
1.093394480040144945e+00
1.030467891111005452e+00
1.093246685766231963e+00
1.076352971304587625e+00
1.008274911376616734e+00
1.054848743239577891e+00
1.018931422081291505e+00
1.073012017658943495e+00
1.073060277197761314e+00
1.016931931390247179e+00
1.012790329270971457e+00
1.009813941003523396e+00
1.027498549802107419e+00
1.035178443908845836e+00
1.011143535294701801e+00
1.042463328147688939e+00
1.075501661012050914e+00
1.093753427855238769e+00
1.054766765511683468e+00
1.088768018274661964e+00
1.015063471535416761e+00
1.047280906020411573e+00
1.081460678271215947e+00
1.043616325779768594e+00
1.061642157539320674e+00
1.062318481128398329e+00
1.099400759231643265e+00
1.003494804552790942e+00
1.011305407329575079e+00
1.002031543168847350e+00
1.084020050599232565e+00
1.053301499130951280e+00
1.095028666440476028e+00
1.060149558726139585e+00
1.009006213959148912e+00
1.055578500093116823e+00
1.077168505465754711e+00
1.019549799941283474e+00
1.000924025765456804e+00
1.010153439154394261e+00
1.004817329817484284e+00
1.092785286438991976e+00
1.091400426774816745e+00
1.098602608265476510e+00
1.081374288757490643e+00
1.041132590912027256e+00
1.047745212037888729e+00
1.043222283697728514e+00
1.080219852228099242e+00
1.011231928540812230e+00
1.080981422198800113e+00
1.055592187489555522e+00
1.026296404605620660e+00
1.064319114431389934e+00
1.077290634469835195e+00
1.005782836453108287e+00
1.094100802036916953e+00
1.003524588067275847e+00
1.050417706942340379e+00
1.024491935428763600e+00
1.054798590104984335e+00
1.086483004403149710e+00
1.093427253552000211e+00
1.082998857306159524e+00
1.072165144881099375e+00
1.064725400299057601e+00
1.029288173239973236e+00
1.067287111221228102e+00
1.025911697692776903e+00
1.009669576013239034e+00
1.048194499779580680e+00
1.040694155549242161e+00
1.054941455718012122e+00
1.066792228236855156e+00
1.023287784581897064e+00
1.075058450635891560e+00
1.026644734821913207e+00
1.020371167968579407e+00
1.052940474769723744e+00
1.089302558059727977e+00
1.072049864697644850e+00
1.050196165749930577e+00
1.088421928548669149e+00
1.001610912740659609e+00
1.099967154416340298e+00
1.084294055157090098e+00
1.067066162923341555e+00
1.079540730692198247e+00
1.066217991707784529e+00
1.093215563924859746e+00
1.013063471992923237e+00
1.014459168947234424e+00
1.000783822381814847e+00
1.026373235389429039e+00
1.049169916422254767e+00
1.096257512404398282e+00
1.096827619620329486e+00
1.056349018451361310e+00
1.091731838837759039e+00
1.067109027899215690e+00
1.093061329527042380e+00
1.079951620782550137e+00
1.066337869789573345e+00
1.078434498415589582e+00
1.070900189869731456e+00
1.042314236894678503e+00
1.088312571294688169e+00
1.085003185219253874e+00
1.013576210751330864e+00
1.066122060218983147e+00
1.052477778131349018e+00
1.020987013504205176e+00
1.098581654194873192e+00
1.041171826604943895e+00
1.056079727592761808e+00
1.003644013980510064e+00
1.031479587352792660e+00
1.063512891147643469e+00
1.069463039113801583e+00
1.026200686152441532e+00
1.060772277053679602e+00
1.097122005331743200e+00
1.063726651905074982e+00
1.018598994905192123e+00
1.024673553047045660e+00
1.068623224040116115e+00
1.054632806789648214e+00
1.053400594656598299e+00
1.088373549733250734e+00
1.004104096604932383e+00
1.046208279717473877e+00
1.082194150536772037e+00
1.031103479990547189e+00
1.084079037277049018e+00
1.056462118798227268e+00
1.085801123067589691e+00
1.099465438492998937e+00
1.073799238570239067e+00
1.059560007486819666e+00
1.017301016882477427e+00
1.061937504133084742e+00
1.057424520548603697e+00
1.012446991602437452e+00
1.022214065844307296e+00
1.023690397206716840e+00
1.084240246013141284e+00
1.097710317897695242e+00
1.098433117319014940e+00
1.001175737990717796e+00
1.070044825175491710e+00
1.069492093073294292e+00
1.077355496299280402e+00
1.001491619220707507e+00
1.087427037723944112e+00
1.017201789468754836e+00
1.038941421496236917e+00
1.086681876789347800e+00
1.040737684331034307e+00
1.095091829659929239e+00
1.065628448221112023e+00
1.095247364319918981e+00
1.077162507918330681e+00
1.028439210395012182e+00
1.076337717270754668e+00
1.057138939824765922e+00
1.094267349951939305e+00
1.094157256426422142e+00
1.033308984272044651e+00
1.035865649425677049e+00
1.014832912641852491e+00
1.073810228317672255e+00
1.066222414193136236e+00
1.074109162650064064e+00
1.028341797951929371e+00
1.065263803501753648e+00
1.006609023473549414e+00
1.074351080181144225e+00
1.058271039692161075e+00
1.028859411999998974e+00
1.089161030180556322e+00
1.086730227303592811e+00
1.094382941905004181e+00
1.087059299225113129e+00
1.099178178018340946e+00
1.033038880956655747e+00
1.069105662983456995e+00
1.027889346010185223e+00
1.003547166153526904e+00
1.043063203585634868e+00
1.068983977359724058e+00
1.030080129371103936e+00
1.064091001042835716e+00
1.058946605588573009e+00
1.077421538855858785e+00
1.094656060185210000e+00
1.080674469445198183e+00
1.090657805605366404e+00
1.098446752595941378e+00
1.008682293941951524e+00
1.081590677288310820e+00
1.072833547625351880e+00
1.016442614000889533e+00
1.007231459648080030e+00
1.048908978863601460e+00
1.077164151785074520e+00
1.098255506406706550e+00
1.024904177618699341e+00
1.063142742285437148e+00
1.036152299777263641e+00
1.069377662796306971e+00
1.052355774494710738e+00
1.039521623121881122e+00
1.079405565425344271e+00
1.030309121874526390e+00
1.096509540732739652e+00
1.003431352535748555e+00
1.056664061149205969e+00
1.073355049511121706e+00
1.042930781967243759e+00
1.095960041756417702e+00
1.078233464598785440e+00
1.027316321416179790e+00
1.051182249049242179e+00
1.042870508378187511e+00
1.044372399758771053e+00
1.099854223943944831e+00
1.019759042289231532e+00
1.004537574557891944e+00
1.022871902893178975e+00
1.094273465863492945e+00
1.098266885192485498e+00
1.082830046470532270e+00
1.072313782756788791e+00
1.048973665806003597e+00
1.038890733153235546e+00
1.071015741116443820e+00
1.079611112218610502e+00
1.033174403958298182e+00
1.004516772351746079e+00
1.035625488116086013e+00
1.033728787433300322e+00
1.000319658933092937e+00
1.066703709855493454e+00
1.020537596225257859e+00
1.046417586711321013e+00
1.070225191051939806e+00
1.083873646572943494e+00
1.072018516660304455e+00
1.080800264891991658e+00
1.099011985832311966e+00
1.021643085791991368e+00
1.052736865267443589e+00
1.038659488763719274e+00
1.091987203329090494e+00
1.011432491055881178e+00
1.079688462758630063e+00
1.025363084440803707e+00
1.013508065779496370e+00
1.041070644865674355e+00
1.027735732487004450e+00
1.093864907643264495e+00
1.069524229683175731e+00
1.055776429868065192e+00
1.031448532082410274e+00
1.059095784879998225e+00
1.071619521373142980e+00
1.061846413247616860e+00
1.088576887697994655e+00
1.049643787831387787e+00
1.000591639553637169e+00
1.092667692357342846e+00
1.015259693840340649e+00
1.027074230110300190e+00
1.051049039176792377e+00
1.018801106745353513e+00
1.009666460198294535e+00
1.021877737245302065e+00
1.013112607833148493e+00
1.034865673836087518e+00
1.089961749223223419e+00
1.099315665164681377e+00
1.046204290871877829e+00
1.023583363985851591e+00
1.028470521683805705e+00
1.028385179884262035e+00
1.081801679168230557e+00
1.020833470430733358e+00
1.035684319929411012e+00
1.007814456102740674e+00
1.067530782994238869e+00
1.096715146103405036e+00
1.014063400213571553e+00
1.044927965268092507e+00
1.019223975869813836e+00
1.073382020903071776e+00
1.042581009127850011e+00
1.011341495330482010e+00
1.096965118435061948e+00
1.075062427056661996e+00
1.000700687367166664e+00
1.003862623029690537e+00
1.028284881156251052e+00
1.025330064972729271e+00
1.001295333567284951e+00
1.013730435093550764e+00
1.073808223917097848e+00
1.082194585899675765e+00
1.086585897913812548e+00
1.086584179835178299e+00
1.010502717219583735e+00
1.099472135013225271e+00
1.017306533569895421e+00
1.067744963001675318e+00
1.090921187603739906e+00
1.052740866217340532e+00
1.067804868369917504e+00
1.054245848554018039e+00
1.092525460096313683e+00
1.033445563071238471e+00
1.095516537649296795e+00
1.085827286669919900e+00
1.055319131701580204e+00
1.002276975827085082e+00
1.002075096594108983e+00
1.061162020405264084e+00
1.020250679734827193e+00
1.092164359451072375e+00
1.008101358289970051e+00
1.015119494361825803e+00
1.072938766850847880e+00
1.082543833472740413e+00
1.046407520613845676e+00
1.031731471197681715e+00
1.022330475647861503e+00
1.097975512258106079e+00
1.090250160609129049e+00
1.075000102580892847e+00
1.039676342867552394e+00
1.075896708754334075e+00
1.061601385173874590e+00
1.089957001580722062e+00
1.007687025075496345e+00
1.099641483214230275e+00
1.054076344676561972e+00
1.044827007969047372e+00
1.012062982926232646e+00
1.042901922330742304e+00
1.056426287399216957e+00
1.033498037940169256e+00
1.047233479247578813e+00
1.078079178720781295e+00
1.092376860427654250e+00
1.050636358850889795e+00
1.036362842020002395e+00
1.096724276905330919e+00
1.022783610412844268e+00
1.068836448441954357e+00
1.097545883909939901e+00
1.050288509776280854e+00
1.032213393856715955e+00
1.098847752049015192e+00
1.091052041709725806e+00
1.026803496396498483e+00
1.009340146212876599e+00
1.002389263224883198e+00
1.068411196823262799e+00
1.017419935778833606e+00
1.021252415349253928e+00
1.029831064731240309e+00
1.087180953465524569e+00
1.039116691847499219e+00
1.020784434136539742e+00
1.025577376917564676e+00
1.067366101840649506e+00
1.052260212683124641e+00
1.064328995483110329e+00
1.050633130759814238e+00
1.064434215535652983e+00
1.024315373641830895e+00
1.077563541916671586e+00
1.066671355658893816e+00
1.027883816824757268e+00
1.049346877699483871e+00
1.030177145292872964e+00
1.014559773038390622e+00
1.010085846215712735e+00
1.037713679831987701e+00
1.035705060339171535e+00
1.031431251471913058e+00
1.078208672954581671e+00
1.043425982097969440e+00
1.023417490117579431e+00
1.022742504963272347e+00
1.039530614362911276e+00
1.094552729963414350e+00
1.053621498619820684e+00
1.038437172144474951e+00
1.081884081062979952e+00
1.001632967173500921e+00
1.048587545151355105e+00
1.020258604865778240e+00
1.052729912970245429e+00
1.060921921365724385e+00
1.076935895252763453e+00
1.080302478492314311e+00
1.054777647141051711e+00
1.003712988772491377e+00
1.007065399652101068e+00
1.075028028313369077e+00
1.027688889337848632e+00
1.011502616465343340e+00
1.038634303812329351e+00
1.044411714789918344e+00
1.019407110451717058e+00
1.013951893534032367e+00
1.052098084581440052e+00
1.010795138676623628e+00
1.022911786894374009e+00
1.074020613806027535e+00
1.085744268204659857e+00
1.058593386286794447e+00
1.093373617612844573e+00
1.099837739780441970e+00
1.086460089311880095e+00
1.043236835194605083e+00
1.018016091431544812e+00
1.013785240605479476e+00
1.075756380685453095e+00
1.070765385152291804e+00
1.079655401457320529e+00
1.085836747859669327e+00
1.049496515662090346e+00
1.032665588113351296e+00
1.053636355889104870e+00
1.084470211209138224e+00
1.019388269039743111e+00
1.091262234986541069e+00
1.011533924886507618e+00
1.082716089973719376e+00
1.035703497968829101e+00
1.048715891366523101e+00
1.047693572641021698e+00
1.090253395424376937e+00
1.040002443688846645e+00
1.082820045847673551e+00
1.092132556333871740e+00
1.067253745309592272e+00
1.031255406613525327e+00
1.006316015450543944e+00
1.061724556615766257e+00
1.027009462561624620e+00
1.016788798922098724e+00
1.049268362083245920e+00
1.017788933579541144e+00
1.037823326390700629e+00
1.015921938299665594e+00
1.033712478267195589e+00
1.075772741006588262e+00
1.064354559044567772e+00
1.003589742103960569e+00
1.025314942766116566e+00
1.068102695903684785e+00
1.006837894564572844e+00
1.077499736328286994e+00
1.072226490671456034e+00
1.075831254225212641e+00
1.058696060411802087e+00
1.039372943482660849e+00
1.004985704928899715e+00
1.070079504960036010e+00
1.053923541410228593e+00
1.080160174588381983e+00
1.000728931861619042e+00
1.050951253133776353e+00
1.016672616596940415e+00
1.054527323375488379e+00
1.097503680823813665e+00
1.094685609518459835e+00
1.065515433535745515e+00
1.045169088794947188e+00
1.062290280327607306e+00
1.012258163162802482e+00
1.041286653196122236e+00
1.012811331178773422e+00
1.067003593588214505e+00
1.028478319657766704e+00
1.012233273030431757e+00
1.081604006014040165e+00
1.033358176194798084e+00
1.081133555748588826e+00
1.057653968946632217e+00
1.068789207670708397e+00
1.083191656935839742e+00
1.059694834016549958e+00
1.091520602968731435e+00
1.051410550555221368e+00
1.009672797306021330e+00
1.058955526782210832e+00
1.080637576181480597e+00
1.059855379859683699e+00
1.003314768690504399e+00
1.011400924798826706e+00
1.000030451671631626e+00
1.079512679337347070e+00
1.077842592341837991e+00
1.066106137321091829e+00
1.032258742792401263e+00
1.092293086516918921e+00
1.021467138405839803e+00
1.033017507002228497e+00
1.076001077306729670e+00
1.094738101090679594e+00
1.066382901225840119e+00
1.020516440405794478e+00
1.026279026882748191e+00
1.069738349499644858e+00
1.001695736721322172e+00
1.058387716487031671e+00
1.009287814870648337e+00
1.054456453792202320e+00
1.044428739389047234e+00
1.013832020235128084e+00
1.039957511986973726e+00
1.084265270575865303e+00
1.097324104926856059e+00
1.077917293737233884e+00
1.085518841545595858e+00
1.007728685457895512e+00
1.024848978142616218e+00
1.099682928867848464e+00
1.074701448444472129e+00
1.026978916552652388e+00
1.041689737304636099e+00
1.089407692008530493e+00
1.017295723080525294e+00
1.067968453073809831e+00
1.083742726643095233e+00
1.022961979497264418e+00
1.071276634133833561e+00
1.050284544318253355e+00
1.090505631862378699e+00
1.085889863696293256e+00
1.039696238812150231e+00
1.046636440936553392e+00
1.005222279703972266e+00
1.058757337865746884e+00
1.023403876992531325e+00
1.091778159259690462e+00
1.052265782883010203e+00
1.009286542126180297e+00
1.085816861471091688e+00
