-6.627339651824012620e-03
5.386997554572056646e-02
5.964430243660842623e-02
9.105409405888903462e-02
9.894489548407618684e-02
3.196945051543889638e-02
6.029506072031781683e-02
5.418325163208367878e-02
9.921318844812028470e-02
7.501819630399836347e-03
3.144367274856675609e-02
3.402274771454733004e-02
7.628117202316089807e-02
9.876888081918222539e-02
3.600227104624427465e-02
6.211208084022781795e-02
6.057020662934439748e-02
4.396927261511021645e-02
3.764306497284295588e-03
5.818971600005688749e-02
4.587805667352098937e-02
9.515178987411893052e-02
7.873378761015152605e-02
-5.994709034421412744e-03
8.561471982200109798e-02
2.040632248666262791e-02
6.586376654253017771e-03
7.248859167805639381e-02
5.464619108315381391e-03
3.093156787331180838e-02
4.713100999613575870e-02
2.688959437640103464e-02
6.396604461910765371e-02
9.644619532527271000e-02
7.344483478833348233e-02
9.118408432783520201e-02
1.600372486912120598e-02
3.071319169805408755e-03
8.958881676035369834e-02
-5.553410833457025561e-03
-1.762039026947743656e-02
1.829415869117746382e-02
-2.294384796493752904e-03
1.904018266993663666e-03
3.163007455395186462e-02
9.760964576024286354e-02
-5.861197103644289613e-03
2.208477744369482729e-02
6.780658514056205066e-02
4.594663594055832523e-02
6.169506081591319413e-02
7.476362340262442119e-02
1.306506563464708212e-02
4.715168892092715114e-02
2.326331325130364530e-03
6.727920398989388484e-02
-1.297877290850110721e-03
8.889989417643903713e-02
-8.539558479917021966e-03
-4.346475162046354451e-03
-6.400592978123235272e-03
9.975532843368146996e-02
3.766429761131342979e-02
8.550928110581586250e-02
4.559950197880831280e-02
-3.107099872840305560e-03
1.996561588399293000e-02
2.593373076570389471e-02
6.230864393770459142e-02
7.622451755632828063e-02
5.397710487931338397e-02
4.719457646648021754e-02
5.025401755024681838e-02
5.068096893668525699e-03
-1.947687421959190882e-02
5.659342038257660079e-02
1.569972735574267503e-03
6.187517023920259540e-02
-1.585334827160295515e-02
2.738694498782742390e-02
7.997087021627678760e-03
4.200618085560124670e-02
-1.014654764914767714e-02
8.662173908164902403e-02
-1.771897759381926840e-02
3.635210004014846619e-02
6.460994798076988288e-02
1.345393850313908110e-02
2.455388723307633594e-02
7.724850125454622851e-02
6.150785888496886067e-02
4.096476339359350627e-02
-1.523410662186219788e-02
8.584883936461276677e-02
-8.506695718478000934e-03
-1.641017757822870599e-02
1.622917620881599368e-02
9.456971509447003460e-03
3.864029437807396661e-02
8.713922884831126758e-02
4.808790008529310878e-02
2.822527634429597768e-02
8.076673869670696060e-02
4.244807440508437113e-02
7.922406013990830609e-02
9.137338040026658781e-02
4.473046957864812434e-02
7.114962818408822331e-02
1.771235381102228765e-02
5.092314582413612345e-02
2.229081108577696604e-02
7.902659121122802832e-02
-1.152594134816253314e-02
-7.273943697391680591e-03
6.228338299059359151e-02
5.507080714760037576e-02
2.899469890623871185e-02
9.495804946960888226e-02
9.653532433962908055e-02
7.939723618634479674e-02
4.538139410190274170e-03
-1.769575481032802100e-02
-5.501570210481756054e-03
8.288233030268578327e-02
4.669421877038344715e-02
6.220359517520636372e-02
5.052049150791300403e-02
9.053014401335507388e-02
-2.859767733588477329e-03
5.074728359090849295e-02
9.540945978907144909e-02
6.616066959047862961e-02
6.498908895692230570e-02
4.757397926394653365e-02
7.582211422617596286e-02
9.376014514864874916e-02
3.238722795038329744e-03
-8.770172704217510384e-03
1.980380642594556026e-02
4.811215749217910564e-02
1.046232738012546626e-02
7.972449444629606252e-02
3.236664889929215250e-02
8.443785497241067250e-02
-1.387229563054206971e-02
-1.237598340621947832e-02
2.273968783011662623e-02
-8.743332677485579282e-03
4.736777250898419056e-02
2.457548836618686852e-02
1.765109609555264372e-02
6.652574442663095056e-02
7.026107591901809002e-03
4.105096795162958834e-02
4.060590497491019246e-02
8.403038471504578610e-02
8.296592444214428985e-02
1.699899591661424916e-02
4.997801229036856474e-02
6.555580878343898743e-02
1.846469446663477273e-02
1.345403179441529221e-02
9.300711013183256270e-02
3.634348401950013296e-02
9.258455335098431105e-02
9.683576092608089936e-02
6.248795753428861011e-02
-9.126544664262730214e-03
4.872701851427341940e-03
-1.081304822226298798e-02
5.880712159441611742e-02
-1.381466785728490375e-02
1.713843728260327701e-02
9.559729000596871307e-02
5.934216101465288051e-02
2.936047986834519966e-02
-4.065303517816708928e-03
2.652891439882562249e-02
2.178256870631070999e-02
4.536752659040774877e-03
6.496059994070087218e-02
9.582092743968980558e-03
4.886007102681255709e-02
9.892806689296629319e-02
-4.976260603671045155e-03
4.051399803337299432e-02
8.512237825007722136e-02
6.957632719307997593e-02
3.868730778004722537e-02
5.543801826625358031e-02
9.426341152992358252e-02
9.973959132466826694e-02
4.866494598463087101e-03
8.721053659812413872e-02
4.593124680519104774e-02
2.085973153438480318e-02
8.117795351008819105e-02
7.186448307914376776e-02
4.372592978786683793e-02
8.185602935613937869e-02
6.282054211322173065e-02
4.288917970344785502e-02
6.178832110106263764e-02
9.864037167956368757e-02
6.258061078402321620e-02
1.331550302809816205e-03
-1.780543165871419434e-02
1.008308816866207783e-02
2.055025920104927920e-02
1.957809301560179197e-02
-1.562303466557581760e-03
3.911562776342486503e-02
6.028718958691296759e-02
6.893254680028082504e-02
9.228149085805362195e-02
3.857949665601173583e-02
-7.011828603249944253e-03
7.168222686287215040e-02
1.102152029757064514e-02
9.209419531590419539e-02
-1.970771566622914542e-02
3.775783209469113499e-02
1.167893759592676661e-03
-1.080559269576761815e-02
3.274369439493263201e-02
9.147361602433803918e-02
6.889659478615163535e-02
9.160000847014417025e-02
8.795262102548707939e-02
1.787668845026435874e-02
-1.179121860846549415e-02
6.205731682805888660e-02
-1.898624978761820695e-02
9.852106235788496424e-02
-3.241627965775151221e-03
-1.889221563730320366e-02
8.082909155580010607e-02
9.526616054931401345e-03
-1.597825787369621525e-02
7.899350335136853807e-02
4.724220343576929215e-02
6.749086653649398471e-02
8.783778699455389860e-02
7.760361186593627003e-02
5.419649437784550272e-02
9.537757205661046012e-02
1.690089540469560600e-02
-1.097978676508855334e-03
1.478437192965853172e-02
7.245913984314632239e-02
6.731033430360783276e-02
1.366043820523199157e-02
9.178052155377852683e-02
1.669058307222319806e-02
7.535423438896407533e-02
8.138559781034908347e-02
5.873275642055617723e-03
-1.057975546123210951e-02
3.131301782901714514e-02
3.287758598387237330e-02
4.426107550572581928e-02
-6.658420345224390705e-03
3.571296261205747502e-02
7.201600377190592317e-02
2.747669183067663959e-02
5.460675115613967956e-03
4.633222512638367208e-02
4.254896180896880487e-02
6.211661472549354079e-02
3.359761096491654941e-02
8.395889885126617269e-02
5.319827849332765812e-02
1.560265051173771386e-02
7.923299866784565271e-02
4.628052818550812408e-02
2.697653450064290206e-02
2.457455379385868957e-02
4.641756790764107327e-03
9.556617366596392715e-02
-7.621424452108937000e-03
2.185145502491044750e-03
8.824710913678819602e-02
-6.373969524247419943e-03
-8.656434110953859992e-03
2.918667271420341894e-02
6.312194210656551369e-03
7.819628150017066126e-02
4.120557749426015381e-02
6.786295452832569186e-02
2.540758562737195983e-02
-6.151255315632261217e-03
5.364985112920224453e-04
5.194439515137724839e-02
4.701377432816640500e-02
9.737126545361522029e-03
2.971649733754249886e-02
6.587649421344722589e-02
2.110723718108993910e-02
5.048449972273440223e-02
-7.991538532748618945e-03
-1.607978292771788942e-05
3.830157637714950991e-02
3.627417068522485744e-02
9.374411165740714758e-02
-4.872243276184689761e-03
-5.783622560115806582e-03
4.025771242543568773e-02
-1.942413794310101846e-02
-1.363998745315578298e-03
1.839175298084784124e-02
7.317536604612231987e-02
4.710015354722187075e-02
-1.580731790258700642e-03
7.346886088923645919e-02
3.477160110315072328e-02
8.001852415177727884e-02
7.465951192752073862e-02
9.913110257187980612e-02
6.351646860309997922e-02
-1.178871772914179793e-02
1.468741295994860710e-02
-2.371564235516869512e-03
-1.581035481243130147e-04
9.259391996874832831e-02
-6.417241121115030075e-03
2.876212129311627244e-02
-7.436455144012275864e-03
2.907532943718195081e-02
8.080551876434073633e-02
9.456045746203120550e-02
7.560238131285784702e-02
2.050236631198644119e-02
4.678003642790813654e-02
-1.119938468765369413e-02
-1.873032882510134237e-02
1.509570844737531670e-03
-1.058054543196908052e-02
-1.433533546947129977e-02
1.236903381411834715e-02
6.884297752904160184e-02
4.382132772356124584e-02
1.625128071054364812e-02
-1.271196251744920701e-02
1.882227868014184693e-02
3.630767243456917148e-02
7.557928604132380102e-02
-6.179740077873540488e-03
4.783319868146308773e-02
-1.611758186128710649e-02
7.930510082074038181e-02
1.011270669695527730e-02
4.091985380492184354e-02
1.033364527428325824e-02
4.903420398297989036e-02
2.744245850394050681e-02
2.011981161916228875e-02
7.841675698750091850e-02
7.570041090237136783e-02
4.597631657108217085e-02
5.669031951726555274e-02
7.170396629147271494e-02
2.720739765427663062e-02
1.468095083579282548e-02
1.296011878889423777e-02
7.902875372488939176e-02
7.848453217572487484e-02
-3.439868029176354480e-03
-1.371470726970521609e-02
2.856971625660760170e-02
1.635152052999522265e-03
5.614438563188096920e-02
5.573975074503516314e-03
-1.943443500365834437e-02
8.177664117704154523e-02
2.918997544687676818e-02
3.815619864451672005e-02
7.072110544581557134e-02
-2.867119430612120184e-03
7.795099632008110901e-02
4.541748864335090619e-02
7.384588441001203873e-02
8.780905839828707926e-02
7.828713585735015690e-02
8.125923319925278110e-02
6.753191756707985216e-02
6.294666446601973608e-02
-6.320746084530237327e-03
1.646693084357736189e-02
-4.569186919272452685e-04
5.504110422083111076e-02
6.871002492700782616e-02
-4.578153299453550235e-03
7.183039185258344173e-02
-1.606347932526661082e-02
3.447945793688057120e-03
6.768544954124403046e-02
3.312778969901626624e-03
2.737220081320972456e-02
9.227095551101813231e-02
4.878014820885864800e-02
7.244802897140961706e-02
3.218283725925204231e-02
-1.568719484523558791e-02
8.184592278537181076e-02
7.188159329328182301e-02
5.991227132535047184e-02
-1.457091301238893147e-02
2.364249241581087638e-02
5.431256474143281165e-02
1.334528879553148820e-02
5.887246527809725238e-02
6.167061248558139419e-02
2.527622851846104274e-03
4.850572194484917277e-02
5.392183507542197551e-02
4.805302310424480750e-02
4.259201172879192865e-02
-1.734656668710738564e-02
9.096149773287340312e-02
8.896436820496637921e-02
1.314224851895491250e-02
5.430311943176670264e-02
4.799934892997811953e-02
2.268506481714378450e-02
2.692675619730484568e-02
1.346841800938680320e-02
4.411216828796979406e-02
3.895943758501291265e-02
4.419226534648505733e-02
8.892658744455472775e-02
4.671235605593357376e-02
6.088912944733466948e-02
3.769822198031116955e-02
9.297531631743100045e-02
5.476710857440278413e-02
-1.779193498845164575e-02
4.141693663153485361e-02
5.814448422366805258e-02
1.600138381329205620e-02
9.628402360212984235e-02
8.141859521528571619e-02
8.650881929224725486e-02
1.059842535024392227e-02
8.570364229074898393e-03
3.923069431942817487e-02
9.638202394558456620e-02
8.700092088845669258e-02
5.731129453859518108e-02
4.189345572290337216e-02
4.746712176523054660e-02
-4.477699460020473018e-03
2.360232912475830960e-02
2.131517876288673355e-02
7.362331953394081474e-02
1.233825558439489989e-03
6.683581611771914621e-02
5.054045079151536779e-02
5.296482103157582055e-02
6.906298440426079932e-02
-1.949868627155892931e-02
4.825470952451831053e-02
5.471059873451133981e-02
7.860917543080050973e-02
-4.236760691578037030e-03
3.823683312565326342e-02
2.940226718291092875e-02
8.211188815719304424e-02
-1.850947627375122348e-02
-5.179103974797039101e-03
5.409571278618177659e-02
8.859375800239661924e-03
4.717717702282363257e-02
-8.502830737367600422e-04
-1.362491419901472670e-02
8.165627521808177525e-02
3.172612338285897560e-02
2.764836597338662591e-02
1.929617494708477099e-03
5.773762873593948908e-02
2.653264802081174711e-03
8.238338013751865530e-03
-9.855648687866203073e-04
4.390855119499720294e-02
-1.237532711795202509e-02
8.497808141040459617e-03
6.790737821297054833e-02
8.149413332662955312e-02
1.396007775479222654e-02
9.282032802801311322e-02
1.428061438907770112e-02
-1.640989235545953218e-03
3.911965527981121904e-02
2.260840562645981960e-03
-8.533587909599953114e-03
5.304229421756358198e-02
6.948181064774736071e-02
7.210930733440895635e-03
2.460093194726881496e-02
8.934120233227503538e-02
3.570412845984878569e-02
