1.042287758818485344e+00
1.057394349049770366e+00
1.071759830356755705e+00
1.081134354556155142e+00
1.047025568484160063e+00
1.064697212203902454e+00
1.077868438404675278e+00
1.067861253081318296e+00
1.024016003892669779e+00
1.012856289686840716e+00
1.006700505955306912e+00
1.002327840851979346e+00
1.075453696854952623e+00
1.043304066602898539e+00
1.033840712091719238e+00
1.037504935176510434e+00
1.062378986788350854e+00
1.051116359234848696e+00
1.022371319491032216e+00
1.054637396231055568e+00
1.053090893540862272e+00
1.001120953354106113e+00
1.088971185461508728e+00
1.071283661336237536e+00
1.043294189536337901e+00
1.085257682936972445e+00
1.063803307314292734e+00
1.029076784752375850e+00
1.072670666954817609e+00
1.009053492209005976e+00
1.076371028780906069e+00
1.044760054224252110e+00
1.049560230911052772e+00
1.000597029068588606e+00
1.008493069413592513e+00
1.041062493221184493e+00
1.063029794280576201e+00
1.060556060553509372e+00
1.033333366122310748e+00
1.057452638188752347e+00
1.080351827606188309e+00
1.002102528950729710e+00
1.081122034643456686e+00
1.071536289723383994e+00
1.092951975539686815e+00
1.092103966478622512e+00
1.083844913900115836e+00
1.016306375261903483e+00
1.098345732957817233e+00
1.098224089238001300e+00
1.002887087275444511e+00
1.076754736946227808e+00
1.064754403385906878e+00
1.071383437766202817e+00
1.057965277503321477e+00
1.074134923453341717e+00
1.013544479361110584e+00
1.026706432095754851e+00
1.003740415340538927e+00
1.039228181890755609e+00
1.053369417747644476e+00
1.097262466314133711e+00
1.021539733161616503e+00
1.006682610844817471e+00
1.057782486318701531e+00
1.039842594642395479e+00
1.014573257458524003e+00
1.012343234267552905e+00
1.052505516194510937e+00
1.050899546100393822e+00
1.021192626428961692e+00
1.038619950073798925e+00
1.041626113408546273e+00
1.076974953840827975e+00
1.057652071116846004e+00
1.036036281809027848e+00
1.096428733648681764e+00
1.023099317249238416e+00
1.070647573611890113e+00
1.058597833550247280e+00
1.057578681985612556e+00
1.091565259974689894e+00
1.091194197623634565e+00
1.094514156564962759e+00
1.016663412047640769e+00
1.007134488000762662e+00
1.026670503831517589e+00
1.074184419257963929e+00
1.074816327138132577e+00
1.075259635697538574e+00
1.031108349940104807e+00
1.072974815112701208e+00
1.069054923298682569e+00
1.091447075051431126e+00
1.026844208719916995e+00
1.045627455146065587e+00
1.076569762098329219e+00
1.083054562440361357e+00
1.028713152570304601e+00
1.097748996918898712e+00
1.097054103184255114e+00
1.043556868952486116e+00
1.086698638792459093e+00
1.037535311169228480e+00
1.012525141500025816e+00
1.031958945994215560e+00
1.075898710587941842e+00
1.024278544675148561e+00
1.049050964710564804e+00
1.086654542133921098e+00
1.045764147852899173e+00
1.015629153776387072e+00
1.032726283549426194e+00
1.036302377504292327e+00
1.090197271471276208e+00
1.053220653092454606e+00
1.034443040241069811e+00
1.017955962676794446e+00
1.090995578915324726e+00
1.003932063238674122e+00
1.024643777593348570e+00
1.074207373116853992e+00
1.096485645470951731e+00
1.073494369175649776e+00
1.064125101368740500e+00
1.028997086602935429e+00
1.078097739669436228e+00
1.016777630298845825e+00
1.079062891054476392e+00
1.011642337575005879e+00
1.014548402527095439e+00
1.029447434731902034e+00
1.097080207754109971e+00
1.024230316662493756e+00
1.038992224656862584e+00
1.001850073272511299e+00
1.027819848689195403e+00
1.010446006567983668e+00
1.018793751419326599e+00
1.073061719006838111e+00
1.038674955986776949e+00
1.013654357867993294e+00
1.031334290868987313e+00
1.086850545933873091e+00
1.092543046879419055e+00
1.007930154660451771e+00
1.044452383302530096e+00
1.002981171542000505e+00
1.035178933063473750e+00
1.095568246318346706e+00
1.071525665334529309e+00
1.036659624452865858e+00
1.079887105695385152e+00
1.073106560243566987e+00
1.087385425051906163e+00
1.014103323002793600e+00
1.012809096289341237e+00
1.011845384802252168e+00
1.098787226448854515e+00
1.034087522134368831e+00
1.099778452165193876e+00
1.008996107923421537e+00
1.042596192732876625e+00
1.038545025371035546e+00
1.052342540766715739e+00
1.098563116666277484e+00
1.096022679379665243e+00
1.069722630008163700e+00
1.024110835330901192e+00
1.091337773075640616e+00
1.075998497232686812e+00
1.007699339450228493e+00
1.096769144855206157e+00
1.019311805162581352e+00
1.073668272743815599e+00
1.036165045895182768e+00
1.062742812835962614e+00
1.091192301353130611e+00
1.045239113202254266e+00
1.022886101355513278e+00
1.029578517105259605e+00
1.092774854656311190e+00
1.059396536380412535e+00
1.021627976661171999e+00
1.007248603143731325e+00
1.065352759488967793e+00
1.092704971590606533e+00
1.031077973259498348e+00
1.010393480051226200e+00
1.094275870867067235e+00
1.086189067629577787e+00
1.038716248616095017e+00
1.031678285230818615e+00
1.052550030737350761e+00
1.049979204379196229e+00
1.033031050833251863e+00
1.060840734031798460e+00
1.044164097649962430e+00
1.059693751058863542e+00
1.092741291191256181e+00
1.064431340505033408e+00
1.015718667240971929e+00
1.011867081249625100e+00
1.079362779637532022e+00
1.046994955715097486e+00
1.044076127170626922e+00
1.084502752827734229e+00
1.015136812326482119e+00
1.032319017023845653e+00
1.060900879235402439e+00
1.031091445108306193e+00
1.087870651286768631e+00
1.067633496323450171e+00
1.057690236787352411e+00
1.071437407122434848e+00
1.056609778613803341e+00
1.047110682001040294e+00
1.062185178451141354e+00
1.037945589241411559e+00
1.021450903257645315e+00
1.026755122163654832e+00
1.021898159882083990e+00
1.024115538357530220e+00
1.091268764562413951e+00
1.077695729821822379e+00
1.019173915480928727e+00
1.044668208859198311e+00
1.024709365673758699e+00
1.067014840467319425e+00
1.001117178730697388e+00
1.069111367409435909e+00
1.048697674811553071e+00
1.041412010430932122e+00
1.089989578168709228e+00
1.039609563295420758e+00
1.092415093968301498e+00
1.094600417486098376e+00
1.093665156290375640e+00
1.089709591590836135e+00
1.006174906715632478e+00
1.060462796848784750e+00
1.075367034522852094e+00
1.082765233653868453e+00
1.075178735218389914e+00
1.097026571588837651e+00
1.006222618348706188e+00
1.047745156679680267e+00
1.048676163995004407e+00
1.015307219773118108e+00
1.095365611559049102e+00
1.048632607087726987e+00
1.031539387863222190e+00
1.081929226324840565e+00
1.005072231001032490e+00
1.030752365619486799e+00
1.041240442204754979e+00
1.098861634327867653e+00
1.068013663352742171e+00
1.051730852875748523e+00
1.032607366085844802e+00
1.019102300864169086e+00
1.047327113085823047e+00
1.009607582675609461e+00
1.041523779509897496e+00
1.055578893070802549e+00
1.076914902788995931e+00
1.008035627278975221e+00
1.051465807017247789e+00
1.094309822152114808e+00
1.006286138586490297e+00
1.064656692505741020e+00
1.001567224986455784e+00
1.054075377821809933e+00
1.006137266727140434e+00
1.021938913281555505e+00
1.092860298160083010e+00
1.001227170833378644e+00
1.039945980612670962e+00
1.097142678553514328e+00
1.082234951026115999e+00
1.066265125123303292e+00
1.086066928256057551e+00
1.084617058186067018e+00
1.081858846245943306e+00
1.080882993723085495e+00
1.042845435212634397e+00
1.097032058399655785e+00
1.089422469598088306e+00
1.010356792353483080e+00
1.064777592217078350e+00
1.087872518665488508e+00
1.027733663421827481e+00
1.096226234065084348e+00
1.080336427155013546e+00
1.079686676619516783e+00
1.038539303854036921e+00
1.008634567279333538e+00
1.069479969566953459e+00
1.085491355901420318e+00
1.024093038500429653e+00
1.016601963990807933e+00
1.065553987506548728e+00
1.009804861682046528e+00
1.069015489973860644e+00
1.012755191969585411e+00
1.070202539366732264e+00
1.042388427492748626e+00
1.085906927935244015e+00
1.051549326272419149e+00
1.041803407959012384e+00
1.016738533777565623e+00
1.000846864296754291e+00
1.009204793195935368e+00
1.052077436436466229e+00
1.037569491897437857e+00
1.048232380773457262e+00
1.043839438830069355e+00
1.033978605763639314e+00
1.018250382764183781e+00
1.039992181892835266e+00
1.081509461128655314e+00
1.052276783505570190e+00
1.091639930963736349e+00
1.071463795166244903e+00
1.005825299572885578e+00
1.020675158161459484e+00
1.067832342213103969e+00
1.056489043427262686e+00
1.060966089840984505e+00
1.060300333813940954e+00
1.027572614257557415e+00
1.001352390238445134e+00
1.079941212852922439e+00
1.043609632385406716e+00
1.088379840672565324e+00
1.033279789461959197e+00
1.073306605853093787e+00
1.015777752774085663e+00
1.059348346550611053e+00
1.094630219013544181e+00
1.059635924844373189e+00
1.010037057162295193e+00
1.004650498678504311e+00
1.000241315281645837e+00
1.065507755974523407e+00
1.020194521811772503e+00
1.010383164367174125e+00
1.035451239898658615e+00
1.074427043031001450e+00
1.042988086058012076e+00
1.060144832459616104e+00
1.009832945662796355e+00
1.023383202843628270e+00
1.014135034464909157e+00
1.001021932750714605e+00
1.050526455303660844e+00
1.044436552415344499e+00
1.047192693606965541e+00
1.045194386073763582e+00
1.014296346577097108e+00
1.071115026804684067e+00
1.020263520877163099e+00
1.052240996650443794e+00
1.063611560145523827e+00
1.074240450320401274e+00
1.045422518536167411e+00
1.098211040794879523e+00
1.019738194832819689e+00
1.056790217142038912e+00
1.005328775883162384e+00
1.049564299018443725e+00
1.035950968630372060e+00
1.047976391699586340e+00
1.079214783241935649e+00
1.042664583408069667e+00
1.055992475646425177e+00
1.065812275048348523e+00
1.060794146943146554e+00
1.062000634878786487e+00
1.000060884858920085e+00
1.076655854407927437e+00
1.082811882938084169e+00
1.037756122809428305e+00
1.059892578519299633e+00
1.001335008527647341e+00
1.060690451821296287e+00
1.011502181571463321e+00
1.036216800885400025e+00
1.009681809838695710e+00
1.073351666619346334e+00
1.095658758451026671e+00
1.043641996828835072e+00
1.067398511099941327e+00
1.009079129430613397e+00
1.006103697882059445e+00
1.089019463745001248e+00
1.079227619917743075e+00
1.032228630176821538e+00
1.087950003174008584e+00
1.016949040427706619e+00
1.060914888573819548e+00
1.065467473800276288e+00
1.026730748685454220e+00
1.022061567765213619e+00
1.097128749585674079e+00
1.001136889925272833e+00
1.069254785055581580e+00
1.072475710777603952e+00
1.013722186345120679e+00
1.096678692343655337e+00
1.033051820999615789e+00
1.087628100282994392e+00
1.023988075421039978e+00
1.013778068776311603e+00
1.016302369997820421e+00
1.025899368464914252e+00
1.097370472971454181e+00
1.026049750846022235e+00
1.049989634327781918e+00
1.002650308750969499e+00
1.074053529335116330e+00
1.055222053309153196e+00
1.058597238036643073e+00
1.079676008028048972e+00
1.075859136410292294e+00
1.094803128875352805e+00
1.050854349504805274e+00
1.055010376578415343e+00
1.076919319490414306e+00
1.003520595587964914e+00
1.052771236408652111e+00
1.001241125503551821e+00
1.038470405817236486e+00
1.067519957892778093e+00
1.001138600512177179e+00
1.006364549296143718e+00
1.090521700498367830e+00
1.089387305293062491e+00
1.099816504432017616e+00
1.049038110829315196e+00
1.073156082273714729e+00
1.077343233771987263e+00
1.075305180289527707e+00
1.038287393249643031e+00
1.055288981441967699e+00
1.080433609085538205e+00
1.072712912748893022e+00
1.090843124865090719e+00
1.064766673210299830e+00
1.001429768727435610e+00
1.080745076123071247e+00
1.038190924669306625e+00
1.002700502794221071e+00
1.037979838582552938e+00
1.097959555494321116e+00
1.082460016844436490e+00
1.026543421565926373e+00
1.099117358675881784e+00
1.040530169230244661e+00
1.091179179773378083e+00
1.039353255790017361e+00
1.038634721377216685e+00
1.016916440913113506e+00
1.063044304613886215e+00
1.076499864744980606e+00
1.060642768401703462e+00
1.091916143428278918e+00
1.057584613208615298e+00
1.053959406133077703e+00
1.049781052927531100e+00
1.092051100820287557e+00
1.034490953536596702e+00
1.053669068457609326e+00
1.063044498352053946e+00
1.031562332614275324e+00
1.009335258326903961e+00
1.021059499069840504e+00
1.025807127436304977e+00
1.053482360601826873e+00
1.044969111111579307e+00
1.074389758342905399e+00
1.088873028406167842e+00
1.022284396315186417e+00
1.088818879214993984e+00
1.092344438458948686e+00
1.092617912506311573e+00
1.032164233556891686e+00
1.048268241518602872e+00
1.016655707108445217e+00
1.095018848740108020e+00
1.040162970708097712e+00
1.039763886058817643e+00
1.020015328335872828e+00
1.059712564674296864e+00
1.037307964502305557e+00
1.052204923444371110e+00
1.053812984112585394e+00
1.030566511394983786e+00
1.029214859753199818e+00
1.002587202518616438e+00
