9.919725879818551417e-02
5.813512400972720151e-02
8.197543140056041955e-02
1.704929153545239537e-02
7.932151497723582967e-02
9.135115058846687841e-02
2.687346787773622556e-02
2.824855722863506280e-03
8.850825273441230434e-02
7.836764090251054082e-02
9.201115592574030111e-02
-3.850403716892096539e-03
-1.092264186769862505e-03
2.367942442522208077e-02
8.936501264793360322e-02
2.925229250186177007e-02
-4.628109950335090178e-03
2.627065797790669940e-02
5.949401600896372933e-02
2.772182917130009208e-02
9.729263509984178299e-03
4.443061654128088733e-02
3.006556804424031018e-02
3.238239838677164917e-02
2.624601559831621009e-02
8.556764489595882622e-03
5.922815883596038722e-02
6.791511966209477780e-02
1.119417039760609717e-02
6.997301877827320771e-02
1.114144052734576326e-02
4.029437993651546757e-02
6.635793822551765142e-02
8.235684010305006908e-04
1.807490090788985496e-02
1.050178825716835754e-02
6.552027649736653914e-02
8.993367221992872029e-02
3.811524651338826786e-02
9.296407627698569098e-02
9.715437887072354839e-02
9.300475698455878959e-03
8.986333389037212682e-02
9.372123925182176962e-02
4.912406143511059697e-02
1.680733827804626115e-02
-1.199549383003863101e-02
4.951069337868409248e-02
8.492238325230752616e-02
5.440778474771275353e-02
7.316265963465228006e-02
6.022243843753691261e-02
7.878111110869039091e-02
7.912733278601164627e-03
5.036859266119883549e-02
8.490907436900761024e-03
7.025903438673072876e-02
3.312748062514064840e-02
3.495345064652122247e-02
2.946125983834974385e-02
9.187495978726309409e-02
9.380278324566050652e-02
9.334342743795646935e-02
5.885475752776871128e-02
3.901201902380833919e-02
-8.463391779505155532e-03
6.484065949157941100e-02
7.801743400900267023e-02
2.920329549218440846e-03
9.721149325119222973e-02
-1.003101498520022651e-02
2.940135221136857060e-02
4.959374924821714770e-02
-1.210173747761762383e-02
3.979432528532642066e-02
6.172506194363508447e-02
3.625421769151285223e-02
7.192575835692405217e-02
2.659251354509772555e-02
1.566079490894277046e-02
-1.597508248391402846e-02
3.613542310032609450e-02
9.019884511287114270e-02
8.180141632711905586e-02
2.457842478527414928e-02
7.587092023370706206e-02
4.649366731153944943e-02
-1.470285763715133490e-02
4.588305925561024512e-02
6.103938404590135425e-02
9.099251938602635759e-02
-2.041154031957880671e-03
6.554171251811646837e-02
4.903999452525113767e-02
3.266153658184240555e-03
7.249177269724442485e-02
6.802074911646203981e-02
1.608787503732104704e-02
1.335009149771030842e-02
2.504797760161714057e-02
-1.753532902663236526e-02
3.034269338233964303e-03
1.743911651076698530e-02
8.329886774864266041e-02
6.783472897988693240e-02
9.400255633793976051e-02
2.358406506866252486e-02
9.050023024290271279e-02
9.834206851764928925e-02
2.307753207867836373e-02
3.714793835710478165e-02
4.034609709519601517e-02
2.705495539615784470e-02
1.175269871052282353e-02
-7.173784039625123385e-03
1.175470396407805526e-02
5.573818358809942697e-02
8.197607617596229523e-02
5.337532176804143935e-02
3.827481815009770028e-02
6.862073950606967232e-02
3.113699173544335133e-02
-8.291922409337541475e-03
4.083294650252831948e-03
-1.306968580979481903e-03
3.585500686697908751e-03
-1.588149756729152068e-03
-3.103234073443830732e-03
9.546135062347772815e-02
3.543760976053977885e-02
1.607741703398168562e-02
5.270509109239200629e-02
8.089335915975398583e-02
-1.564323448988811510e-02
7.444977240776865651e-03
8.800424905302051126e-02
3.229223197218085428e-02
-6.625151442449288275e-03
-6.719834980572008190e-03
7.066727539128943303e-02
-1.977754659244363236e-02
3.569577196928096219e-02
8.187855028388214829e-02
-1.541405326159889927e-03
5.083739873553495825e-02
4.485534698743276483e-02
5.936885571879280121e-02
8.812919379831796185e-02
2.984061290888360626e-02
2.335427670068604064e-02
5.435784198942528178e-02
1.602714118220222375e-02
1.316322498482859829e-02
1.091854209769951151e-02
3.950371665845688052e-02
5.887151503304738354e-02
8.945834809510416763e-03
9.013971772610046562e-02
1.239823535381706296e-02
1.710530201563044764e-02
7.512391890694430918e-02
4.938495614727496374e-02
1.515365020379495428e-02
-1.529636306901134730e-02
3.025648443285353442e-02
8.112760683457984068e-02
8.058713892432499415e-02
8.048356010049656506e-02
7.384181834607703165e-02
1.769371386766234108e-02
7.788166199190410532e-02
3.457975970282367584e-02
8.803393493875145970e-02
7.711671220826038509e-02
2.093057767386867149e-02
3.562544665623855467e-02
-8.300551440460436983e-03
7.500448153800665096e-02
4.378377766801407056e-02
6.583675648246077594e-02
3.784773940129633474e-02
7.500394690955997090e-02
1.235837542235407663e-02
6.282575971604899279e-02
-6.960027629012580444e-03
8.057296845039844946e-02
6.272856361722185803e-02
2.072346704396425821e-03
-5.885955858416154138e-03
1.828567005029147971e-02
-9.958631969833956973e-03
3.175538116475257189e-02
4.164895423907860605e-02
4.300228124506033645e-02
2.291801402071824353e-02
3.597034745199233219e-02
9.779415846797327727e-02
8.957747890643887045e-02
7.331497591872218611e-02
5.686467942468396986e-02
1.632418814135358845e-02
5.124649230631352775e-03
-1.232755762861036629e-02
5.229018149566969087e-02
6.747182210281105208e-02
3.403143521959134388e-02
9.178845019436222830e-02
8.200470156575229153e-02
-7.934847591548397153e-03
4.362271649095628839e-03
1.181792972296083835e-02
1.304619775064503120e-02
9.393452503616707416e-03
7.087073569856863764e-02
1.531765132019058742e-02
9.247888560784368883e-02
2.264504309074362801e-02
1.912840447769736940e-03
-7.717453629117750069e-03
-9.422613937876449935e-03
6.442607521974291762e-02
-6.715536522775797726e-03
6.272338352977835374e-02
1.125214337044135038e-04
7.349216061825900037e-02
6.505923088168739932e-02
6.807674492385759613e-02
4.795154760241793213e-02
3.333364946609984614e-02
5.588836443357221573e-02
3.645644666631159270e-02
6.100386672213278794e-02
-1.073021143949396197e-02
-3.069575672452314052e-03
2.011191454700292716e-02
-1.193299368737344747e-02
7.878140965134866613e-03
3.169321838389976831e-02
-8.502710841336207429e-03
3.383138089446102725e-02
1.667613129901079558e-02
2.482601811045165655e-02
-5.092140730384320940e-03
6.422011357600916626e-02
6.812057835492943414e-02
5.298870213606488022e-02
-3.318414623621833426e-03
1.702178141343132708e-02
1.366640558798466396e-02
6.115375035324832620e-03
-1.733941417971555932e-03
4.813993589755205527e-02
-1.131449153673906756e-02
4.381899155786558864e-02
-1.606847307658857554e-02
8.869698615825491461e-02
1.322212963789004200e-02
6.460255550843163608e-02
8.878812782541867232e-02
9.439653323291635756e-02
3.944067450788196760e-02
4.492226019567488460e-02
3.695495394984275872e-02
2.713233653648965474e-02
1.081062825052802115e-02
3.990060666023215880e-03
9.128640706397984916e-02
2.377498958696734957e-02
8.976476943621568283e-02
6.351249444870828154e-02
5.387187332299463172e-02
4.132952003339966651e-02
4.038601845797964995e-02
2.340409913271204387e-02
8.340171792238704196e-02
6.166545748030496932e-02
6.045512028303592911e-02
-9.558855404794574379e-03
-1.246784109694572956e-02
3.914902956792917776e-02
9.744861538448940097e-02
4.088712147553785758e-02
6.596509474986959887e-02
7.306838405620268151e-02
9.461581967024862427e-02
5.227887162357337802e-02
4.579305301541695961e-02
7.252322987830342460e-02
8.140508087271634829e-02
8.846039500049172888e-02
9.843743893417553070e-02
-2.497915394098295522e-03
4.967146218329179796e-03
7.914746739218715688e-02
4.166133672792324272e-02
7.449695210506088183e-02
-1.190745774302967228e-02
6.760302082203821505e-02
1.804600281093582739e-02
8.627713160403877035e-02
2.231629557655047738e-02
8.785620315022195370e-02
6.615808707237290365e-03
-4.148102573946068489e-03
1.541227802517416284e-03
7.805208323726872677e-02
-3.035565372234972498e-03
4.665836847426201028e-02
1.998559382663338962e-03
4.015745437328127609e-02
7.504818808631504023e-02
2.042824424628947658e-02
3.655109068526486704e-02
-8.331897497816530621e-03
5.619347979134424464e-02
9.784430961699407125e-02
-1.993418940069522846e-02
2.068922068349769369e-02
1.095388803952321993e-02
5.101761492935459608e-02
5.155832141464665452e-02
1.133152537609342578e-02
1.168249456948204992e-02
7.588618307757495629e-02
7.841341472088927955e-02
3.028758113001550970e-02
1.043792951921859724e-02
6.989594156145001458e-04
2.962973233205913257e-02
5.248711594084644327e-02
8.948911838811750286e-02
1.406844630564644746e-02
8.461914942292661501e-02
3.500735349264044727e-02
4.695814035316504820e-02
9.379778126830513874e-02
6.782017503031283201e-02
-2.050571714336903162e-03
2.596927652823077456e-02
7.917692321262474742e-02
2.435631663047149037e-03
-1.662714659365008979e-02
9.039094365217954785e-02
5.486106172631403932e-02
8.745093068817684501e-02
-9.440945281513601559e-03
7.231099701934254331e-02
2.011808483196004041e-02
6.638018142392506510e-03
4.432733940859173716e-02
-1.406858111462879098e-02
5.330407679196312587e-02
-1.212268487304257215e-02
9.752752198797701166e-02
8.629364647302138758e-02
3.152806204883470964e-02
6.325529804108251386e-02
3.897614996482173799e-02
-6.378423647439443456e-03
1.766158008816832992e-03
4.704553303238936945e-02
2.178111701237521805e-02
6.305770413297785704e-02
1.458817162274444676e-02
7.258807536249665959e-02
1.881927793474653596e-02
2.464016599122037174e-02
5.454366462787085118e-03
5.079895262020027447e-02
-1.571507262981432229e-02
4.306930700985003857e-02
9.879480372383207809e-02
5.344573342220403089e-03
7.517067326182880205e-02
8.890002052710811731e-02
5.586099714460588533e-03
-1.387131398916319203e-02
8.926691090470692536e-02
1.804721893161713442e-04
-1.624017363971858030e-04
-1.090096910288165279e-02
8.675266500824541094e-02
1.557018359755991607e-02
3.576730086428123179e-02
4.130232242126537223e-02
5.275138963879027337e-03
9.401419211080171146e-02
7.553278182946436548e-02
7.160190820571933623e-02
7.267543627869321732e-02
7.332936357880105727e-02
-1.331356949260244574e-02
9.061708595672103572e-03
-1.052164435998266534e-03
4.229609603702555454e-04
-1.892804511901923989e-02
3.274562362335621535e-02
3.771783366634925971e-02
1.833018176368040458e-03
5.520146280579413256e-02
-1.995789900472673406e-03
8.433202980100788781e-02
-1.006712612934662805e-02
1.541950322479805971e-02
-9.138642531845812822e-04
3.979508881913379481e-02
7.990142570813683898e-02
7.434950697139489084e-02
1.086591465445972335e-02
7.760093403220525571e-03
1.461987326354182923e-02
5.607077053211081963e-02
5.469485394632023212e-02
-1.373054778242749525e-02
3.584236315404848439e-02
8.797187822606702956e-03
3.596435691875299323e-02
2.494322881475232248e-02
-2.390625680720390167e-04
9.596555739257547901e-02
5.284250290612016454e-02
-7.815699167679700590e-03
3.681169162754492630e-02
8.256306573170485441e-02
-2.922314411414557445e-03
1.526926894078144484e-02
2.509262061370848632e-02
8.405550275049035458e-02
9.828492601134738993e-02
8.853410842515110901e-02
2.148168425438169715e-03
7.934717669037608112e-02
4.632727630453030432e-02
6.649504187708564495e-02
9.432369364093114161e-02
-1.800318457279916420e-02
5.190036506196518684e-02
1.712280240310319265e-02
-1.409586398115285182e-02
3.108996866171078247e-02
-1.001314915099887209e-02
6.331283581109611869e-02
3.244108816451100885e-02
9.970697515086833496e-02
9.027316705961024867e-02
4.232221015233589290e-02
1.247118741499359321e-02
9.664185441900088880e-02
2.625525653431923234e-03
9.278002349511252356e-02
5.813790040972917350e-02
2.952947581521769491e-02
3.557119731556757092e-04
7.148749697081423216e-02
6.394835243290165894e-02
1.539306525000794582e-02
6.952225114931809280e-02
7.373372141415049374e-02
1.030468677230978944e-02
9.007284793998851513e-02
-1.212803024100891046e-02
8.705474857777663333e-02
5.705375690144648404e-02
5.062931517131560866e-02
6.077176446637963525e-02
1.691473908388092459e-02
-9.344634537997826076e-03
6.989074271170525599e-02
9.132298798729301947e-02
8.893325401622868831e-02
-4.884421239682254848e-03
4.756726256395307773e-02
2.243068588850781475e-03
7.092349393585120620e-02
5.115831507855839178e-02
-1.180583395698051562e-02
4.363262216854997544e-02
4.183802873924911958e-02
8.944351804113327697e-02
7.885964160817035551e-02
4.353434301661740502e-02
1.846016308203854081e-02
-1.352008522728892666e-02
2.816768314193292613e-02
6.412265166103049696e-02
4.269717977094081296e-02
5.219928966813476567e-02
9.244268296989283096e-02
8.180641684706561195e-03
5.901716047555385924e-02
4.608683361319639016e-02
9.038177249920892331e-02
5.010051071428836544e-04
4.404522278740197194e-02
9.495976870986104490e-02
6.360882085369935074e-03
2.617641894071599459e-02
9.445045089902893987e-02
1.988911491753247648e-02
2.786033045338285122e-02
