1.022156251044245456e+00
1.044033291229891747e+00
1.012276799546408368e+00
1.010985539284250834e+00
1.065568883714679282e+00
1.051644565355335015e+00
1.041961748985496650e+00
1.000196379725222684e+00
1.091520341091871238e+00
1.026010699103576673e+00
1.017888449803947326e+00
1.084417294397853615e+00
1.073178020750037431e+00
1.077480222540236232e+00
1.049280657832476260e+00
1.095872385345449063e+00
1.013608184407461810e+00
1.099678342181749091e+00
1.053453777183690265e+00
1.090513838856564943e+00
1.082035200789734475e+00
1.044906559319515704e+00
1.018535505498894711e+00
1.096308776367820759e+00
1.035424287726020687e+00
1.093516027144958658e+00
1.061462326362938580e+00
1.012439271329992563e+00
1.088058527692551181e+00
1.074822750486009504e+00
1.029019700231794676e+00
1.070767796870979227e+00
1.010668079099441341e+00
1.054446956572643979e+00
1.013245095112343730e+00
1.091504306612117725e+00
1.002737229102145466e+00
1.043568752249323328e+00
1.049229761956066653e+00
1.034643003925068028e+00
1.047890679801271929e+00
1.001525938169216090e+00
1.095373766849028208e+00
1.052536638164353944e+00
1.038138329478104804e+00
1.064466799364529148e+00
1.078576481646857044e+00
1.025830351764460913e+00
1.050925146945373312e+00
1.073709478886574420e+00
1.042579538072477385e+00
1.045838983171611725e+00
1.014739886248677614e+00
1.096375953394592928e+00
1.007909330759345856e+00
1.015640358466810556e+00
1.092649415411994340e+00
1.027493687058156135e+00
1.044602132718272181e+00
1.082805743592293091e+00
1.071925959358483116e+00
1.003245845971102668e+00
1.008198182489391304e+00
1.074311063521746323e+00
1.026977700812631289e+00
1.011358243704442605e+00
1.042400461482265284e+00
1.009541528338498528e+00
1.004404719313029437e+00
1.060598576452949526e+00
1.043410931578383938e+00
1.024412248426127103e+00
1.080601350576329889e+00
1.079616093608237737e+00
1.026819113653027360e+00
1.054426737517097701e+00
1.063314868721810580e+00
1.050809916066297145e+00
1.045423371429271997e+00
1.012815876610225096e+00
1.051424376843284936e+00
1.046276368823778613e+00
1.000052955312005443e+00
1.080399206483696473e+00
1.058956769754910265e+00
1.032576441446941828e+00
1.007464331713801453e+00
1.004406275787868896e+00
1.076307233477121317e+00
1.090217219521935954e+00
1.052717252314147700e+00
1.098805890685804698e+00
1.030165452667011428e+00
1.031727742247392721e+00
1.014782315568486304e+00
1.010912646706629392e+00
1.069969691146765545e+00
1.025340266100361220e+00
1.059037152447491970e+00
1.040785247563913885e+00
1.019548169968139906e+00
1.059787817751778105e+00
1.077330742573000322e+00
1.070596366402617683e+00
1.000732285186049619e+00
1.071105404844225895e+00
1.092648152356007651e+00
1.057617976667678761e+00
1.088699965214746657e+00
1.091201470504100879e+00
1.088171759078730316e+00
1.046059765505152228e+00
1.047176512537525639e+00
1.049577855428084572e+00
1.075791542562804626e+00
1.036431035655205113e+00
1.061941526132458513e+00
1.092960348345574539e+00
1.085057663718978382e+00
1.089728656493605286e+00
1.054276841657568298e+00
1.016281925044643319e+00
1.078689198629953161e+00
1.011193232245293672e+00
1.065448548244631422e+00
1.064711545818590066e+00
1.049446252068627627e+00
1.005360471850550885e+00
1.061872671056403927e+00
1.034606392634421779e+00
1.091646021239431663e+00
1.074094836524746244e+00
1.067803339770163396e+00
1.050098785556980108e+00
1.002837258534689413e+00
1.044142869366079251e+00
1.046310085676642299e+00
1.075231288757560133e+00
1.059380110687768939e+00
1.008982064775644671e+00
1.091086934564536648e+00
1.011428363895629401e+00
1.052699854233585031e+00
1.067890538801150369e+00
1.003141786860317630e+00
1.065287730936666843e+00
1.066087379828221104e+00
1.034515566353396032e+00
1.012215300867886469e+00
1.026343624741498761e+00
1.011845667198068011e+00
1.089964306359709090e+00
1.023248897687423220e+00
1.077807892501966069e+00
1.017523881349367887e+00
1.046721016449678299e+00
1.094819346022603446e+00
1.075356676883493900e+00
1.078927766028534574e+00
1.051107594571056625e+00
1.068813026079759920e+00
1.080814003206038043e+00
1.031210117021947648e+00
1.037060407909255355e+00
1.029893261050015107e+00
1.063703998549979879e+00
1.048508533034356871e+00
1.021921627885360451e+00
1.028195477145633197e+00
1.020217419379782831e+00
1.046643915283288040e+00
1.055792102930004805e+00
1.065165089252219977e+00
1.011605084648716568e+00
1.090221431105405481e+00
1.094456940013271762e+00
1.081899966017954684e+00
1.003126133811034437e+00
1.015544583436307713e+00
1.096854501762758671e+00
1.051733636799303762e+00
1.011401622083931029e+00
1.033556089420675006e+00
1.091131827801238074e+00
1.055606109462815301e+00
1.028468398523081806e+00
1.088864456309614814e+00
1.036382524394648730e+00
1.067772312095672138e+00
1.037637901092529402e+00
1.088841100514983840e+00
1.028772951130360047e+00
1.002560860125671471e+00
1.025769959073417059e+00
1.099655110734823582e+00
1.099101542104590878e+00
1.021121992150345159e+00
1.054287735785327307e+00
1.035547248904066020e+00
1.020106793398307454e+00
1.037671700220564430e+00
1.002923918258717739e+00
1.087540966374190621e+00
1.046172394462804300e+00
1.084063515742558215e+00
1.079708177644636002e+00
1.038589375504395118e+00
1.084596387845889742e+00
1.087134987079211967e+00
1.000749872425780618e+00
1.031302752416467960e+00
1.066917111396034956e+00
1.042353362279187845e+00
1.029284916571248099e+00
1.082866774208652405e+00
1.026550135413904163e+00
1.039231676535016247e+00
1.093474475957126657e+00
1.062747574248324778e+00
1.038315356543979995e+00
1.045247639220983515e+00
1.072764025605767779e+00
1.038174607948869177e+00
1.049058787553500016e+00
1.065627782266553192e+00
1.057455173029262951e+00
1.051853562178129309e+00
1.011487727116307189e+00
1.039699670388807506e+00
1.056470722849571109e+00
1.019271960287294831e+00
1.059277737594807922e+00
1.075269390805291492e+00
1.063184931267467492e+00
1.056415621900799406e+00
1.082134812287898873e+00
1.047074128350903521e+00
1.056218045408339412e+00
1.076325587726747690e+00
1.097563895584308336e+00
1.036536239609490373e+00
1.056074713414008714e+00
1.012978228659517255e+00
1.088928003080334106e+00
1.074899063508274466e+00
1.094542259223981295e+00
1.091101257073274544e+00
1.025237318406645226e+00
1.058452050164446323e+00
1.014058898156855015e+00
1.041819658292086004e+00
1.072601442015925999e+00
1.099509037483217266e+00
1.039323889417411495e+00
1.051434982489091396e+00
1.067917341963417588e+00
1.058766590204665903e+00
1.043146851815343723e+00
1.096672226789981108e+00
1.013148529170759149e+00
1.098995976293149157e+00
1.031239208435819288e+00
1.070599120944058624e+00
1.013917566818448801e+00
1.077254564945152593e+00
1.026894667654030702e+00
1.038841748756501593e+00
1.081497816658233635e+00
1.024303813686993525e+00
1.073363627857091052e+00
1.044643237577308925e+00
1.013265968098754355e+00
1.011600608683766778e+00
1.024276005606908457e+00
1.098324785193008024e+00
1.036877127581919300e+00
1.007141838691794744e+00
1.042867354778480138e+00
1.040095253177065526e+00
1.004980426694182860e+00
1.076289451450491264e+00
1.050292075962906635e+00
1.005239569571295233e+00
1.057153921786860407e+00
1.018357950877061491e+00
1.032916696663759959e+00
1.042389416025988780e+00
1.064616499914685432e+00
1.055139935008390539e+00
1.095843536029981857e+00
1.061912814802971283e+00
1.035266629809805439e+00
1.036958774198656119e+00
1.034627302990251296e+00
1.025887402954296368e+00
1.022451538863730081e+00
1.075039780903105813e+00
1.064589871609904259e+00
1.018315012838389766e+00
1.063775222068045423e+00
1.030839241040406584e+00
1.035876756331144843e+00
1.023554904519144326e+00
1.028686587849380496e+00
1.022421435213429985e+00
1.042706799951401253e+00
1.040262798460057203e+00
1.013935413891574377e+00
1.095451909474206120e+00
1.053929001959962086e+00
1.064538882804016984e+00
1.056043621646915120e+00
1.039072476288211311e+00
1.092045713910208660e+00
1.032476387915294058e+00
1.097578224531155167e+00
1.082109773524393859e+00
1.046233452114217144e+00
1.084123832618018035e+00
1.090228701090973917e+00
1.048428638370983101e+00
1.010472711627850906e+00
1.006565017501679149e+00
1.078772624580434769e+00
1.048626315817146271e+00
1.078753342539544136e+00
1.090114441320966465e+00
1.067747856763112235e+00
1.035296990997301547e+00
1.057587701503145849e+00
1.015475829378935879e+00
1.061644388575349485e+00
1.017833508950417354e+00
1.070924399731766341e+00
1.081038911039957418e+00
1.012182815567896910e+00
1.091537709447170323e+00
1.066168549380405617e+00
1.019238112623260140e+00
1.034487851924013047e+00
1.032983188084178439e+00
1.087289436112402807e+00
1.012870130282712555e+00
1.000828919924648286e+00
1.077365472312999728e+00
1.012217703015702241e+00
1.012301926365219984e+00
1.090442415958442712e+00
1.081596847327086941e+00
1.028481375731483238e+00
1.038173148131219081e+00
1.054607024424657924e+00
1.030922630585564326e+00
1.019381217583279042e+00
1.029298663005559389e+00
1.036785250683931903e+00
1.041610152123084498e+00
1.090104998280357895e+00
1.064398434235801494e+00
1.082754921686257532e+00
1.066073205731755902e+00
1.015806817120354255e+00
1.020212089249342036e+00
1.017379001443038833e+00
1.032366697193154659e+00
1.092535217501681810e+00
1.082723423363717963e+00
1.034896422135313854e+00
1.043320940295317190e+00
1.040211495305281675e+00
1.046383606793354737e+00
1.007615733368640409e+00
1.099422750130103710e+00
1.046250189678779474e+00
1.008498081390268197e+00
1.059619668783614799e+00
1.033683384346158141e+00
1.098325078045963688e+00
1.060503878109320119e+00
1.073639614291569622e+00
1.035983766550275575e+00
1.034317790421749761e+00
1.027361150746819440e+00
1.033030085796944331e+00
1.098485988521180179e+00
1.069974424681483072e+00
1.068062082738246321e+00
1.027539987847798431e+00
1.034606316856443664e+00
1.011515914499190982e+00
1.005854464507498047e+00
1.057922179971461096e+00
1.002149621899565357e+00
1.017687856016614045e+00
1.070950638955811440e+00
1.015692902433961375e+00
1.016531238591376063e+00
1.074895414489361434e+00
1.064235217792752319e+00
1.025594616239601020e+00
1.030545160408465888e+00
1.031376349662880276e+00
1.058435517086210753e+00
1.093977738565347968e+00
1.028071905839152533e+00
1.094473624871984185e+00
1.095452107191699831e+00
1.084756647866470525e+00
1.083811559563515825e+00
1.025694940364771268e+00
1.079004610795262442e+00
1.087892441305922553e+00
1.083221875147133417e+00
1.080007943729976549e+00
1.011696460255614216e+00
1.099136111781460867e+00
1.041719693733204277e+00
1.038973024937108081e+00
1.090792667130471294e+00
1.056790957973165579e+00
1.043999739471668020e+00
1.089953163074969256e+00
1.011092048737228355e+00
1.096558266024356021e+00
1.089005933536440374e+00
1.086956233012358108e+00
1.027689255645675814e+00
1.021909761762191726e+00
1.046091113860841082e+00
1.021311331255453370e+00
1.060666226934968703e+00
1.037565058707243359e+00
1.054496625284040423e+00
1.003609261468968228e+00
1.021687917096290033e+00
1.053373119842442085e+00
1.046736143659098728e+00
1.051200969247978234e+00
1.094782204630536215e+00
1.066668618757708131e+00
1.064425178856690968e+00
1.054925532722147619e+00
1.043086446166538117e+00
1.021450057216410467e+00
1.087691113459066994e+00
1.063773204967044750e+00
1.035370865626185299e+00
1.000776444234936724e+00
1.000159448795552075e+00
1.035652260802796709e+00
1.052375930799921866e+00
1.026769870295911158e+00
1.094577249741510050e+00
1.001047620108728831e+00
1.031339859788384050e+00
1.088354369126975474e+00
1.048670211466758539e+00
1.009977473202337883e+00
1.015217702444719317e+00
1.003033452447303464e+00
1.092054080901527113e+00
1.083003280805613144e+00
1.001821584310940594e+00
1.046487256875749061e+00
1.024282785437797827e+00
1.007168353837489594e+00
1.063034023380965198e+00
1.008500015956232065e+00
1.039190827101201364e+00
1.093982402183949931e+00
1.057576706031129410e+00
1.094611647459039716e+00
1.018599847377955392e+00
1.018915102530216776e+00
1.025857399826466620e+00
1.021390301180472138e+00
1.039124722389780597e+00
1.012249789862479599e+00
1.062160189871466986e+00
1.000086676165909516e+00
1.054498769713808404e+00
1.008407384374107707e+00
1.052631808932107838e+00
1.020644458154112311e+00
1.099804050824020107e+00
1.026808342836570187e+00
1.058646961724039048e+00
1.099046788100174421e+00
1.061067191640460816e+00
1.036983825052303576e+00
1.047810076011623348e+00
1.051340731468825229e+00
1.023497649238310103e+00
1.070904865361981484e+00
1.017350611862227749e+00
1.028006118934290392e+00
1.059834161368237826e+00
1.053372541823413444e+00
1.090006711835155517e+00
1.082767028531323561e+00
