8.836654967870646860e-02
5.450546394622238222e-02
-4.303921854465899560e-03
3.324510472409418493e-02
3.328979101718472500e-02
-3.130366886059925829e-03
-8.126396093389581798e-03
6.335612294424691759e-02
5.465693539515510679e-02
6.084059039421010895e-03
-3.771953175276517023e-03
5.103984835012116694e-02
2.060680291320604943e-02
5.313855188111237665e-03
-5.650902374871752745e-03
8.336232996825916619e-02
7.812847099086495106e-02
-4.486393999693860657e-03
8.906713213074898827e-02
7.073185607681173326e-02
4.673455471597150190e-02
3.291355528858912194e-02
8.156157890921959808e-02
3.213138500644550921e-03
8.076662113428393491e-03
-7.471375484910364184e-03
1.604932204726045378e-02
9.856049575526765194e-02
3.267755502278714419e-02
2.061162058715621317e-02
1.405940355815907608e-02
5.484296228997301292e-02
3.204371127697176747e-03
1.788606408291320074e-02
2.456997979969742160e-02
6.212205059000024121e-02
9.464324356528550086e-02
8.786971866777217033e-03
8.528261003082876490e-02
8.914260798405858333e-02
-1.524491935310162000e-03
-2.364174717168522621e-04
6.387543536330343719e-02
3.898583473352602857e-02
7.608530231922468190e-02
3.261377542956656050e-02
8.129178916405135902e-02
6.584367042561946326e-02
-1.885053875059135992e-02
1.248805345190292723e-02
-1.566395390188037029e-02
6.753215097341333517e-02
4.148445654798285642e-02
6.137258278069600281e-02
4.281547328501114635e-02
5.473342956770917145e-02
8.890668108755822585e-02
7.398993901203210211e-02
2.020198659529882576e-02
1.065482778002775979e-02
3.699384683776124616e-02
3.917647046778320596e-02
7.666172388840780672e-02
4.368839879408806248e-02
7.932655997767272538e-02
7.662979736902963968e-02
9.013826815810466186e-02
3.638186237552590296e-02
-1.605723345198720176e-03
5.009086139557124284e-02
9.800729666353343028e-02
-6.891621912955172083e-03
3.702426011747653178e-02
5.194513978312774449e-02
1.657533007426549923e-02
1.390872102065079594e-02
9.118573706842147963e-02
2.688164422233526793e-02
6.335546411757185525e-02
-1.935411159931193018e-02
7.339880491936733031e-02
2.923849017180697382e-02
6.445903363547578202e-02
-1.840773099353916128e-02
9.950597871398227101e-02
7.128100541639915966e-02
3.517056284077456352e-02
3.950810257935502556e-02
5.820535471735534261e-02
8.637946082331567077e-02
5.940254786355490813e-02
3.701426205635047900e-03
4.178182166046609525e-03
7.454236967632262012e-02
6.468333558188976706e-02
1.690648818639746767e-02
1.299856071056049514e-02
2.427446294684144912e-03
-7.466522947678902108e-03
1.000451981303248500e-02
2.277118358151894797e-02
3.875333623459757681e-02
-1.431049622716066942e-02
1.843633686342828135e-02
-7.202129163869436940e-03
-1.433071270213574604e-02
5.319727681523761520e-02
9.661251162104951551e-02
8.554521455779856565e-02
2.523049671731408469e-02
6.872347114746012176e-02
5.884479975333252455e-02
-8.678987363872537122e-03
8.905530205853803838e-02
8.622560619835492601e-02
1.644132642297224320e-02
4.194539624491909480e-02
8.547189186114284576e-02
3.254564705328628904e-02
3.869689835513025200e-02
3.722762385256521422e-02
7.735515501624899704e-03
-1.331459177005386851e-02
5.800607194447437998e-02
4.058620775569897476e-02
3.968619586997104709e-02
6.244249701608028946e-02
2.620472258322768463e-02
4.656694573304330509e-03
3.223882903252137111e-02
8.308773980887604327e-02
3.455121714828682244e-02
7.111551472307627714e-03
1.977381643730682578e-02
5.870591624149990029e-02
9.011388807607122187e-03
2.109302752169864986e-03
2.507751226793008756e-02
2.587929420270928052e-02
1.180844408448824059e-02
2.889619624091224401e-02
4.778832954447959080e-02
5.828368488175249273e-02
-1.550498120284626857e-02
5.709816713907124586e-02
5.108654202721413240e-02
9.829430701368789547e-02
6.868519705695178001e-02
1.558853068297852071e-02
9.597080728884399559e-02
5.368416912740130165e-02
4.037672501891029220e-02
2.899994046887708829e-02
8.461776303296399127e-02
2.540390781852247884e-02
9.556573758754846604e-02
3.429407837825075578e-02
1.782520171139120521e-02
8.914576596732896180e-03
3.640624626679905829e-02
1.009942468733429632e-02
5.668074342147090550e-02
-1.672690018696276065e-02
2.703691399574669266e-02
9.640962580169010199e-02
6.723016678844380423e-02
-5.243479883703288172e-03
6.099282272257751381e-02
9.929673642834722924e-04
3.385080063813937501e-02
1.565443633628410894e-02
4.874981497026419086e-02
9.300241575184566012e-02
5.407314074137851978e-02
3.769584441585627221e-02
2.628710950627009477e-02
-8.733999271042933860e-03
2.875687978955232191e-02
4.659416698100564413e-02
4.119972636084695550e-02
-7.378008269784434511e-03
3.836895325577614757e-02
3.877612321090583014e-02
8.186847408718600505e-02
5.387463743656129012e-02
7.855769965242705155e-02
3.665596783668159664e-02
-1.230457564166253202e-02
2.109114498549911551e-02
4.210802022749612905e-02
5.696244207097149459e-02
1.830541641940497052e-02
-1.150634311450940764e-02
4.739653154553191694e-02
-1.409039869620321017e-02
1.826598774545913281e-02
6.260541028862604690e-03
6.009690623304919654e-02
9.149428402530783433e-02
7.669113564140561667e-02
-4.843223653097505563e-03
9.134543783303769593e-02
6.970925672970518933e-03
-1.981538921712674289e-02
7.328740682394346839e-02
6.458423500206603163e-03
-8.313535375563084473e-04
7.015482268528430709e-02
6.793188044315796870e-02
5.211495263513549192e-02
-1.711150828892351455e-02
-1.507333671858946539e-03
-1.454230379043137955e-03
2.079719921209782427e-02
5.536941508726958561e-02
2.105555017734342046e-02
2.251296298134816340e-02
8.193997123291552054e-02
6.898813512449036844e-02
7.535825156887193677e-03
9.409558533627422616e-02
6.830437295093021166e-03
9.832122564453088520e-02
5.146790930841335654e-02
8.533134845903218857e-02
4.090522547510862250e-03
4.225038035913468437e-02
-1.263624857745828181e-02
6.536079299234787143e-02
7.148667465433389268e-02
7.438127526092899733e-02
9.028647133416765891e-02
7.925171932114712103e-02
9.649807939282928348e-02
7.375291753815066409e-02
5.122603058063840420e-02
4.786724332554370687e-02
6.934683978573888408e-02
6.819434415396270766e-02
3.663022113239544630e-03
7.428624264639201169e-04
9.487988342579133094e-02
2.189016118871619718e-02
6.106711410242070259e-02
5.032420003341125936e-02
1.658634052933524380e-02
9.290926974015430162e-02
9.234122884543413678e-02
6.427374763930680801e-02
2.099567682241933186e-03
7.886278819586318989e-02
5.391563826771933465e-02
2.085557125399544257e-02
5.329280295631427800e-03
4.775854749747597550e-02
-1.947852733007627776e-02
6.106202955655613829e-02
3.641072270550727019e-02
2.605626208521192796e-02
6.901907488395171708e-02
2.555039523522213349e-02
2.683751793185111881e-02
9.530925711962270896e-02
-1.057072907752006248e-02
8.544558618249238624e-02
4.392592674530301777e-02
6.317235760233302910e-02
2.737982295359857668e-02
5.203781637115888897e-03
7.286410079198561707e-02
7.682778116211790020e-02
7.153847128625658025e-02
-5.652521570923618038e-03
1.134327650046546357e-02
7.415944315430356149e-02
7.301636466301875822e-03
7.719585564462090599e-02
5.420342665746269439e-02
3.276800155470679932e-02
7.341458557647385919e-02
8.992663006583495600e-02
5.743989799359543180e-02
-1.262584206570628934e-02
3.551970904914872329e-02
5.525398830117208421e-03
7.952325486545183675e-02
1.972302249670339694e-02
-8.698610859231722947e-03
8.771191901993470597e-02
1.070724454039037599e-02
8.699248187641366037e-02
-3.960723121798952195e-03
3.371600469098223751e-02
2.369083868218111941e-02
9.937387722957216618e-02
8.280179968879039509e-02
1.610829737700172556e-02
9.876729709948933733e-03
-1.165733769396298802e-03
1.765381050529784071e-02
6.881975433127093811e-02
7.606572316540094469e-02
6.522290175616582419e-02
8.530999519518028817e-02
8.995031378969658986e-02
6.851909749153654861e-02
7.487354398494346086e-02
-3.168836060564395041e-03
9.483084944450632936e-02
3.561542305188133972e-02
1.180645803565713928e-02
7.440431834857252902e-02
5.189814390021048329e-02
5.859519874277341334e-02
9.725732396064196150e-03
8.632964165308179560e-02
2.417101115737949404e-02
2.181544034101164445e-02
-1.052278580953412701e-02
9.570185904342365379e-02
6.608617554214477052e-02
4.828972694566998486e-03
-1.402213128150118192e-02
2.259464078098515419e-02
-9.386064478489716117e-03
-1.015308740635508487e-02
9.357838746828874010e-02
6.548644753685517461e-02
-9.779997335453063240e-03
-1.142695199885350628e-02
6.145786330681701770e-02
5.011048256122370426e-02
9.461184852888060437e-02
-7.247225222692920896e-03
5.783496323288922492e-02
9.116879365466257212e-02
-7.438092481693700866e-03
8.890055714708137991e-02
2.594817113375065890e-02
2.991218926791363100e-02
7.155133123828122388e-03
2.429115178511450854e-02
5.660101602989957292e-02
9.072698332572191882e-02
3.729763958769820309e-02
6.722204604796774147e-03
5.248610404897405268e-02
9.830823431647967015e-02
4.249621325528540883e-02
1.866769762929696916e-02
2.790086817982164943e-02
-1.514148869813845832e-02
4.380534596739327213e-02
9.225922753657238295e-02
3.558296731515007971e-02
1.581305100225640151e-02
7.331454267442739925e-02
6.289789905193042541e-02
8.517068593616308747e-02
5.630597844971908794e-02
2.687746136838685754e-02
9.729625624537152628e-02
7.104450993628465272e-02
7.824201654346010781e-02
9.414485367983890796e-02
6.561335479921508174e-02
2.415185676360738845e-02
-2.173227463222533046e-03
3.172500045770888788e-02
8.301606380417968223e-02
3.423215453184737245e-02
7.694193798597416534e-02
6.271054736257895834e-02
7.421343688178000386e-02
4.187541878300143905e-02
6.485907651299782639e-02
-1.217667333889042684e-02
3.778019314904908221e-03
6.815345092497326895e-02
2.868625316931803018e-02
2.104514403569931677e-02
6.439649170319136640e-02
5.717963334783686402e-02
1.412380156627334946e-02
6.037911085434123637e-02
8.531755346168103105e-02
1.316189040594856197e-03
1.118024102084354265e-02
-8.370516597705482051e-03
-1.930019749792630246e-02
-1.575404344772115411e-02
2.431372068010571527e-02
-9.956122942926852459e-03
2.143434185231763572e-03
7.190558398845366128e-03
7.140075733623535426e-02
9.645561145613137932e-02
9.035063665597174720e-02
-1.475318623439387730e-02
7.745171960914956633e-02
9.847986358172765298e-03
8.231814640803417765e-03
2.912490638880839769e-02
-1.411976500490685037e-02
1.915119905676247389e-02
7.471879453319525688e-02
6.691538967339648314e-02
-1.800173537882527458e-02
4.903077152061163790e-02
6.007926472004979090e-02
2.229773835583877609e-02
-8.030423614195866117e-03
8.322171048554954931e-02
5.453291575559883475e-02
-9.018433676682442030e-03
-1.807890053974397365e-02
1.554600667740432471e-02
-1.864720111338981703e-02
7.563182498808024290e-02
4.930676882852789988e-02
9.189608466503142170e-02
1.670655830030535680e-02
8.695861293725201668e-02
9.159212440981395753e-02
5.534228076924888051e-02
5.323003991287894587e-02
9.306069531093404124e-02
-5.767873037091994157e-03
5.780059583549629343e-03
5.929467955190748096e-02
3.704316879066220369e-02
7.479356922155885878e-02
6.892139044335648945e-02
8.821305835024835507e-02
9.066735559294110403e-02
7.904295800803808059e-02
1.951891586095188744e-02
3.249920356615415562e-02
2.891851613950011460e-02
-1.033424395698032128e-02
7.944032654854382702e-03
-1.534567925099957972e-02
5.508903329933324822e-02
5.405777537851592929e-02
9.595503497464290266e-02
8.246731613502938929e-02
9.471717990151470867e-02
1.596013006095582665e-03
-1.289637073219732435e-02
6.432689880880848587e-02
1.242133208299435118e-02
2.881220435951676109e-02
8.514113908826489996e-02
3.415947757673103158e-02
4.527221583692020435e-02
2.768571483104470890e-02
1.659558437361325148e-02
7.836009323824402739e-02
2.734054767447816406e-02
3.201407858523606237e-03
5.607406678348898776e-02
3.447783140041935090e-02
9.334201668516139971e-02
1.301923677966606782e-02
1.743063542303694216e-02
5.646794895122266011e-02
2.259251279037693613e-02
9.475973865328754520e-02
-8.550706888056138974e-03
1.626436655957097174e-02
-4.622471423800305138e-03
-1.438471005010883569e-02
3.016804915347132479e-02
1.149980940511974650e-02
1.104890017938276250e-02
2.735470326677917965e-02
6.154075519498558577e-02
5.141793717166019684e-02
1.515605100645666878e-02
3.688903861437034526e-02
2.411141512479112944e-02
-1.819480402831331542e-02
7.716851042484051959e-02
4.151183140549433159e-02
2.197608123640520592e-02
9.035038593843662535e-02
3.911782129371461914e-02
5.085323433272354032e-02
7.078261218921627629e-02
8.194893411687449725e-02
1.321325206626238272e-02
6.299450406561879490e-02
4.680723585337948078e-02
4.442213176308767997e-02
7.309240618488879737e-02
5.720270108879273174e-02
1.151611081371009884e-02
6.502288984446052966e-02
3.962639181816079992e-04
7.887547052643183176e-02
