1.001896686668232839e+00
1.092064178644707395e+00
1.088929728155261012e+00
1.076096157008078480e+00
1.087359291409869311e+00
1.071046252802403620e+00
1.089833769568571586e+00
1.025856006889897420e+00
1.018048745023037105e+00
1.053760598332308174e+00
1.068523758748191055e+00
1.087707552188836857e+00
1.099479664240853971e+00
1.089013182961696025e+00
1.046078307700158083e+00
1.046361835075451552e+00
1.064708510890122861e+00
1.037200079672289332e+00
1.076335999698446733e+00
1.015905530222055653e+00
1.060874729114958503e+00
1.007352488616933384e+00
1.058620448379565149e+00
1.041687856801542189e+00
1.099108949476449659e+00
1.061152760197032086e+00
1.071622736269397302e+00
1.002057626850397121e+00
1.042138497762454818e+00
1.069757746986368163e+00
1.032275429505768338e+00
1.034328238267871791e+00
1.077074200096078016e+00
1.011763497676566148e+00
1.098476452853361485e+00
1.094774843738431480e+00
1.016546362945200066e+00
1.098149946819925171e+00
1.010656483637698333e+00
1.084374401158654466e+00
1.049778341902147361e+00
1.066227016430254082e+00
1.042804505629432388e+00
1.043431294306932378e+00
1.037214979792458802e+00
1.034764412663088828e+00
1.036337276877375757e+00
1.016993054790618078e+00
1.023473822070320560e+00
1.060795564509119604e+00
1.026025972099742001e+00
1.010444052097450918e+00
1.073811187601927397e+00
1.055749718151711036e+00
1.092391369315166338e+00
1.029486496592747713e+00
1.082749043093839569e+00
1.025044135238875720e+00
1.043166604791610386e+00
1.029146001375794262e+00
1.071940660933832223e+00
1.091574359651987347e+00
1.013575082024368301e+00
1.025533477999480247e+00
1.035360652727864705e+00
1.005942603472612884e+00
1.046089594588984095e+00
1.049613398838014300e+00
1.044867735872706982e+00
1.025977931120717779e+00
1.005595359773156394e+00
1.051349350619976697e+00
1.025587842977637498e+00
1.000811438216782978e+00
1.089630442755743944e+00
1.080155596406902507e+00
1.047454360621691505e+00
1.028051136246089348e+00
1.063874234557675935e+00
1.005392792215845210e+00
1.046979720941199954e+00
1.068617834510439568e+00
1.063636348492988049e+00
1.013298868908548700e+00
1.008197260186692201e+00
1.051646922453078670e+00
1.084373522393452749e+00
1.040673933613240898e+00
1.010843637042158738e+00
1.025899155380107564e+00
1.001089251048201234e+00
1.068155899810775411e+00
1.019267376675996539e+00
1.062432157219739048e+00
1.092718619599150065e+00
1.084503463510325227e+00
1.095831388978308008e+00
1.073413331583591646e+00
1.012527038944276425e+00
1.065112353289058733e+00
1.079995224477445559e+00
1.001587566632471615e+00
1.073745973990934965e+00
1.067062979255144928e+00
1.028329092115661147e+00
1.035282834455192091e+00
1.060832147994916763e+00
1.086346635839446018e+00
1.039218609601168186e+00
1.024219826587701165e+00
1.011077133941840955e+00
1.055683174481540254e+00
1.019035663239756806e+00
1.096713700318564744e+00
1.043963763530866729e+00
1.039604135821378117e+00
1.040996177640962195e+00
1.078600513123069815e+00
1.055712006603874542e+00
1.089998281034746830e+00
1.051814214599250175e+00
1.081329364248181601e+00
1.088219422180008555e+00
1.018970157426306589e+00
1.057362771586332961e+00
1.011877329401196679e+00
1.089307912610842255e+00
1.039210757346065161e+00
1.024321091333889600e+00
1.004315693085381156e+00
1.010008429525870222e+00
1.018861243793799831e+00
1.046675803417824957e+00
1.031805242000459089e+00
1.049886494204250287e+00
1.092913266159257768e+00
1.037222134305977539e+00
1.095069732902071102e+00
1.029409796389681109e+00
1.006003787077655920e+00
1.024883319930025127e+00
1.027976207765312955e+00
1.002521516333986229e+00
1.022114032625787816e+00
1.011673684658861427e+00
1.094578089246419195e+00
1.032533326806512441e+00
1.038460765898141513e+00
1.050631344702301240e+00
1.085052882604798263e+00
1.050670322757986774e+00
1.059849167744687959e+00
1.064768229094443575e+00
1.039335239710457159e+00
1.027598933904367629e+00
1.073224691785011009e+00
1.056785611821193127e+00
1.086366007503546616e+00
1.048945830488874797e+00
1.078679921270835340e+00
1.010734294130249067e+00
1.089827672727557539e+00
1.037114380577758288e+00
1.098447742493772861e+00
1.033923636027316295e+00
1.078783629839523694e+00
1.093238722700327736e+00
1.019153897192518254e+00
1.089163752895829118e+00
1.017299437887691838e+00
1.088700806941913735e+00
1.050379226781916531e+00
1.029775318994973876e+00
1.031493939107947400e+00
1.084675796815268711e+00
1.019758930075465919e+00
1.027906836293185133e+00
1.079183763870830148e+00
1.040647487474456678e+00
1.060067957965836527e+00
1.078835597001586821e+00
1.092912186431916899e+00
1.008232719212631689e+00
1.029809269506707370e+00
1.006245525853028733e+00
1.047661312825895363e+00
1.018893459031592785e+00
1.042163531776228336e+00
1.046940383772677619e+00
1.022872889618789749e+00
1.003354180524048678e+00
1.095206567319697566e+00
1.088194801595132155e+00
1.041118347238457531e+00
1.020650553726884180e+00
1.053646166052559341e+00
1.034283634758381254e+00
1.079830732739531785e+00
1.091534041417238310e+00
1.020426810876904122e+00
1.069547005801238404e+00
1.074118695581438132e+00
1.064748744704220318e+00
1.046967185032004144e+00
1.093609421029569484e+00
1.054605101606879813e+00
1.026387018680863239e+00
1.095835555016732021e+00
1.074526089430087872e+00
1.066305478495825021e+00
1.015235588730080574e+00
1.029956344910154531e+00
1.017798948241557033e+00
1.058228469766587798e+00
1.098983385262707779e+00
1.081026177802768551e+00
1.088929831981766627e+00
1.006197912164869424e+00
1.071634173723038597e+00
1.080774315051959755e+00
1.023429030146714824e+00
1.062919898969590049e+00
1.007703092406577072e+00
1.072029320462672075e+00
1.065982462239918771e+00
1.001120018976973114e+00
1.058903739799304411e+00
1.011643007053760313e+00
1.060023402916450586e+00
1.024942842058963022e+00
1.046876515179543832e+00
1.037602323397765813e+00
1.043314491621045281e+00
1.090297043749124617e+00
1.034711931958568254e+00
1.084565179678486091e+00
1.082786783363326011e+00
1.066401497460063741e+00
1.046681388801465218e+00
1.079413071294693660e+00
1.039620799862587264e+00
1.023866045553781579e+00
1.071021073229906806e+00
1.097084325121904902e+00
1.061635304049547646e+00
1.004818310341966781e+00
1.068082864632764251e+00
1.020803419336418161e+00
1.036843060983017928e+00
1.024852263529463015e+00
1.065164998096350679e+00
1.013064743667297485e+00
1.042808005278571315e+00
1.046129500979946503e+00
1.078477898270509661e+00
1.070147645586899676e+00
1.019285398920402486e+00
1.059576524291576671e+00
1.004453066597221333e+00
1.067100450948237578e+00
1.057169692842405695e+00
1.034725788419534442e+00
1.040626806827633422e+00
1.079308785869942611e+00
1.013406572435409325e+00
1.018386103193716918e+00
1.077867505938938653e+00
1.028556862401854621e+00
1.022335919894568956e+00
1.001991361354857890e+00
1.007280838784562205e+00
1.009350847300470644e+00
1.075422894578846655e+00
1.080873906495807946e+00
1.060404732993435406e+00
1.015266361401244488e+00
1.049471359294106954e+00
1.020596732625214553e+00
1.086771653974800245e+00
1.036137618700455620e+00
1.059996599442217358e+00
1.008062348994887669e+00
1.030376453989131358e+00
1.059372914109831143e+00
1.094441834397571700e+00
1.006475523148641527e+00
1.047225320322195730e+00
1.072052842002515272e+00
1.087341132218825557e+00
1.048569922728393777e+00
1.089892611417148549e+00
1.066872236988043454e+00
1.091994622450968677e+00
1.014742379561258234e+00
1.062033734543643471e+00
1.060390454736696908e+00
1.070374489018550257e+00
1.019802565518481918e+00
1.035133537898692779e+00
1.001472235223650031e+00
1.095325492799673839e+00
1.067298112022029288e+00
1.054809687248029260e+00
1.068245055967057766e+00
1.041266339281627484e+00
1.078668059708876026e+00
1.028762947165070107e+00
1.070631938909743397e+00
1.024903457974104093e+00
1.080441380612868540e+00
1.012561282113146444e+00
1.059223696049375274e+00
1.078426116252951594e+00
1.006511392719938502e+00
1.081338884608243678e+00
1.083153143665875451e+00
1.048320819871650711e+00
1.085973694004910950e+00
1.009464017000088365e+00
1.021251633844900253e+00
1.000906146884072978e+00
1.075126225953527470e+00
1.046443211287061636e+00
1.066794195013845536e+00
1.066074208402763235e+00
1.040005288953609552e+00
1.099778234742148086e+00
1.042682412801523295e+00
1.082715180548055489e+00
1.020366559336965961e+00
1.047316216064785976e+00
1.018683457521484259e+00
1.055268662510389088e+00
1.007090323637648055e+00
1.015205535278609794e+00
1.005875129695143144e+00
1.039298418007853053e+00
1.035274096401074484e+00
1.072625191650188103e+00
1.011638762863970031e+00
1.017241357249032196e+00
1.048060722055251359e+00
1.027140350280974834e+00
1.098842147998179142e+00
1.060744646077255160e+00
1.034261829107997022e+00
1.092753383113395094e+00
1.013463100396386540e+00
1.009466183343880052e+00
1.019479401173256417e+00
1.088556428933029396e+00
1.001275114591570814e+00
1.083978950535004371e+00
1.039715642374918980e+00
1.024675633033527822e+00
1.074719780656336443e+00
1.060538383121595984e+00
1.022064497757440904e+00
1.016792354776867802e+00
1.010897985467011706e+00
1.040739328659762153e+00
1.036769700254262849e+00
1.009916708436767729e+00
1.041048281951469479e+00
1.058186380580984132e+00
1.003580849067116532e+00
1.055572188412180035e+00
1.089259550390388132e+00
1.048651404937477327e+00
1.043061259133382102e+00
1.021037986970840583e+00
1.034036007415022551e+00
1.040235201000930143e+00
1.016874418892474319e+00
1.013278669690952594e+00
1.068846790186505080e+00
1.066132831112207580e+00
1.032064312744026102e+00
1.002003242437934372e+00
1.049044570779648522e+00
1.069892789287883783e+00
1.042161212528193159e+00
1.070825630627582514e+00
1.006884953953218309e+00
1.001346341688817088e+00
1.090151629728002725e+00
1.044721906310656534e+00
1.070199092767417648e+00
1.018663503492394984e+00
1.001674801635487055e+00
1.003167237501712883e+00
1.047013890988120366e+00
1.086498538349971676e+00
1.029243725146812061e+00
1.036646945155396127e+00
1.079329237149748932e+00
1.001006964675857480e+00
1.023118506170041186e+00
1.068545658259237863e+00
1.085839559392347109e+00
1.098193363418880519e+00
1.049169242543300573e+00
1.098213803481507655e+00
1.040240788042911868e+00
1.000762742201873667e+00
1.039156231686291898e+00
1.058071089750304283e+00
1.014891598342277934e+00
1.081749385161949739e+00
1.083873116494347366e+00
1.075781164600749573e+00
1.059968479704809230e+00
1.065462773900923255e+00
1.039412401084637061e+00
1.071629089617823771e+00
1.027998096942748241e+00
1.084529217847922222e+00
1.026113455582605472e+00
1.055863303689749788e+00
1.032833106629442721e+00
1.076671665178984050e+00
1.031599824000115628e+00
1.046297388703273823e+00
1.023217152822013087e+00
1.063439101531916231e+00
1.076930176819438589e+00
1.047266235708606441e+00
1.088115174180310563e+00
1.081072438313314565e+00
1.093995408834440575e+00
1.082851553766868813e+00
1.042514548448391976e+00
1.027900002496428655e+00
1.098175651309394096e+00
1.016516855365656502e+00
1.031064932339002205e+00
1.027911469689785751e+00
1.056865236511281392e+00
1.092838357946388284e+00
1.028263066890027222e+00
1.019137345048397147e+00
1.071423338297482042e+00
1.035670262625550730e+00
1.030732102487375901e+00
1.036979275574510195e+00
1.089808790443276720e+00
1.041722700043220762e+00
1.060594167578310598e+00
1.027136817317297224e+00
1.042073404279711957e+00
1.030738697418496441e+00
1.026301847462241623e+00
1.094131020651000874e+00
1.057107284622948562e+00
1.005191688098284519e+00
1.061701142766167782e+00
1.042909229805359494e+00
1.072879567439371629e+00
1.061200801594937237e+00
1.051590594463218453e+00
1.000862791484728120e+00
1.014195072723315327e+00
1.096234654011566612e+00
1.055422950751605971e+00
1.036762433043581400e+00
1.062457859770776780e+00
1.092657869925252934e+00
1.013991457977626354e+00
1.056679962070666834e+00
1.004989548493052665e+00
1.064654156169548394e+00
1.014203514866481415e+00
1.078458355973803906e+00
1.072933273628841944e+00
1.047941583435264112e+00
1.086710397584385035e+00
1.013085623260303381e+00
1.088003031701708423e+00
1.093431890000579942e+00
1.019092383412941283e+00
1.076761406913075980e+00
1.014953841061322803e+00
1.085870657846297327e+00
1.047554360145495966e+00
1.025851440181579255e+00
1.098300918415015204e+00
1.011582353230341846e+00
1.015585426730781338e+00
1.018746118261789846e+00
1.009434931206563801e+00
1.027253454665104870e+00
1.081595966817212595e+00
1.062448225826732262e+00
1.098913680884259891e+00
1.031847503891387907e+00
1.088939392599697964e+00
1.009383157658280350e+00
1.054330369999260109e+00
1.074060891891657432e+00
1.035129085806580029e+00
