6.161473966695531213e-02
6.573532564860343208e-02
2.209437950986127205e-02
4.865425116494200009e-02
6.766089395677528373e-02
6.307773159071974889e-02
9.998025989757863830e-02
6.016389457196519297e-02
1.863920454560465470e-02
7.304888421961612532e-02
9.437888367220045871e-02
2.869192408762891514e-02
-2.732231331746541592e-03
5.535032832157153748e-02
4.842798261443742591e-02
2.247713567487855460e-02
1.947741203129589940e-02
4.574904294028107887e-02
8.442736018652595431e-02
8.012712932298597657e-02
5.047990859016336651e-02
6.093364903436239433e-02
9.478619245677423477e-02
7.754138802009587217e-02
9.906403404367629395e-02
8.008939752927633771e-02
5.844806934858280678e-02
9.145354658179750962e-02
4.625274870144074901e-02
-7.609549154562009199e-03
6.342642600169798306e-02
5.332032293562122272e-02
5.758158620765702063e-02
8.029496513515824163e-02
2.647521557762806330e-02
2.440702894077341131e-02
1.302496955171311352e-02
4.578910634459823492e-03
-1.458644383170563767e-02
3.988448006509898169e-02
9.723513435435784946e-02
1.747590946187354416e-03
5.334783468604398227e-02
3.827977225026005237e-02
6.100497327686565940e-02
6.464872734999740911e-02
1.780749769979085920e-02
6.045429950832263699e-02
7.875587379710173586e-02
2.363489926256872112e-02
2.183311550403571957e-02
7.816818904000201462e-02
9.394791668375121474e-02
3.269469489250431682e-02
3.935181886187687217e-02
1.911500491962853446e-02
7.302141139660249525e-02
3.634156957694803514e-02
-1.766975159075597629e-02
5.482041121848085785e-02
8.675685605905854303e-02
7.600326699141304876e-02
4.111228114163563430e-02
3.505328855346175054e-02
9.935025514158882243e-03
8.021150670602340826e-02
8.239640968848258029e-02
5.777503623182131398e-02
9.307888538311680227e-03
-2.170508664396768317e-03
4.348121589514604424e-02
9.527786730618081901e-02
3.398913525867054697e-02
9.705154657076818514e-02
2.112163675422018896e-02
5.954058299706849189e-02
4.965093060909112066e-02
9.802205673654486306e-02
8.431891288258597239e-02
1.352929506611970714e-02
3.679218337274416106e-02
3.230675577009992083e-02
6.052003875336202376e-02
7.198812332204979070e-02
3.557999697431883657e-02
6.923179301574319822e-02
5.279338682711920416e-02
4.290695616333288498e-02
1.446911062197393447e-02
8.654876076741901958e-02
8.592123728498395063e-02
2.955544672350101862e-02
4.557287051597888605e-02
7.603078500064522349e-02
4.749599099830519033e-03
6.419865197153133696e-02
7.748536949160216014e-02
3.363956757878554249e-02
2.754930062527892118e-02
2.854083135059630807e-02
4.093448234044634593e-02
1.284988895482610041e-02
5.823247471450788970e-02
1.015322774983354326e-03
2.310690624683663097e-03
4.286910579146690353e-03
9.196475602165424257e-02
1.565807663662184199e-02
3.849583727726364757e-02
6.843523760265354805e-03
9.794489010862211797e-02
5.683817016797021449e-02
4.173667838118000351e-02
3.324432942095827126e-02
6.732761790295890836e-02
-9.325340751191433381e-03
6.617506705707590364e-02
7.652331252221010460e-02
6.161585750612490198e-02
3.853505051273482807e-02
4.513651525879200377e-02
9.482813260023660595e-02
-5.526324074465883973e-03
3.976626723120826878e-02
7.343147225800586431e-02
4.380937930705001981e-02
2.132776576308278646e-02
1.263513346447859773e-02
1.527251803924146306e-03
6.358859945535035030e-02
2.571115845267861813e-02
2.018185271979539355e-02
2.856691017773377653e-02
6.199556325424713382e-03
-1.433268790448793094e-02
2.332240827182245971e-02
6.588651362507470799e-02
5.037745365607583514e-02
-9.144993583734510947e-03
3.087702689070057419e-02
9.918317343785860996e-02
7.360723251834247471e-03
2.280577455627454467e-02
3.693347912075284345e-02
-9.572168222495775966e-03
8.486815104027944923e-02
6.635210629833467044e-02
-1.651830114043021519e-02
8.447690615683886572e-03
6.095836022683104316e-02
2.424947676803653959e-02
3.537303018531967602e-02
8.017757884871092033e-02
8.922458429576785033e-02
6.840874582626291223e-02
6.069767588042596085e-02
5.694856355993368341e-03
7.225960749798916727e-02
3.750636532055137695e-02
-3.148860527081055738e-04
9.654466898211142012e-02
4.377170416540319964e-02
5.430429258623413469e-02
8.626169810065176247e-02
1.923644588805402400e-03
5.330501252309054194e-02
3.677838120707004055e-02
1.770520415656733418e-02
6.592126468223964697e-02
3.845411395918760245e-02
-1.971328481976134667e-02
5.101479785509867304e-02
7.203989472228841673e-02
7.998741014556762230e-02
-1.126139977268362027e-02
5.884151271353371682e-02
-3.180982866831123107e-03
5.520306032531117901e-02
3.398846845033963449e-02
5.378901435046642976e-02
4.720940560707641287e-02
-1.631083673414739088e-02
5.621681362613387134e-02
1.189555367339795514e-02
8.482554424422901473e-02
8.875569120498527642e-03
9.665455532270499084e-02
5.097842746558821359e-02
1.303661680635188544e-02
4.084175811505016962e-02
2.579993359962919411e-02
2.303316412670409694e-02
-1.851430813454597521e-02
3.162588947787488280e-02
9.299267147693086877e-02
4.158896482859641974e-02
7.789744873100425127e-02
6.213884016612405276e-03
2.535390553187555004e-02
9.927250264725959172e-02
7.429841484956363484e-02
5.345629079609039158e-02
2.428820997235886167e-02
8.377466974375355480e-02
9.579331458668097210e-02
3.830430519282120028e-02
5.200386972445002198e-02
-6.672063714758218536e-03
-8.029162786559131473e-03
7.744047310729061662e-02
8.762843416354600123e-02
3.173056788559650010e-02
9.774869994668948514e-02
1.896746836653711091e-02
1.729973506667766350e-02
-3.285561957287724127e-03
3.912956512013432420e-02
7.012875709010754632e-02
-1.765557959310922603e-02
7.831964999381746395e-02
4.164460636053188280e-02
2.968918977963138153e-02
3.795062851729776032e-02
9.001139196603223647e-02
6.275925671175242027e-02
3.055608995590090513e-02
-4.633197509159046878e-03
-1.770901680579462997e-02
8.277274705512593922e-02
9.398238310675083307e-02
-1.105432246153132542e-03
-1.018970295794879161e-02
7.963578011723210226e-02
3.269921600207805618e-03
3.238579938098336275e-02
4.846046280559100639e-02
6.691589798252924048e-02
7.417380049231310502e-02
6.207178856525032151e-02
3.901325078643816391e-02
-1.041957010977145881e-03
1.806563487745159804e-02
5.057385474791085966e-02
2.210560006142105530e-02
1.356867082569301539e-02
2.797131494044416758e-02
5.352098064591533089e-02
4.173534233709477737e-02
6.337648681153171260e-02
9.597180232563536084e-02
-1.134714922508316993e-02
6.419040139381990140e-02
5.492712188885150171e-02
7.065385754564804111e-02
3.971212998749457102e-02
4.942213916115002770e-02
3.196557529167819156e-02
-1.563341993611720715e-02
9.213963370395318597e-02
7.154129260041590388e-02
9.942798279642095505e-02
-1.216678960043303392e-02
6.951258398939595684e-02
4.936648501322532523e-02
-8.297502868806238760e-03
5.818971885005433387e-02
4.266095623836593798e-02
6.111732658232328641e-02
8.834478665747455550e-02
-1.956811564388676733e-02
5.847681250302660949e-02
3.033709021720698215e-02
1.635697716858268772e-02
-6.816041254645832312e-03
4.983993470817257854e-02
2.774373427350643531e-02
6.990957155244406640e-02
5.101987502002677810e-02
5.156852675604164937e-02
7.162627894352358027e-02
3.299727753822620513e-02
-6.776015159046487601e-04
5.074830617883838157e-02
7.183979516621007144e-02
3.921632713721162622e-02
4.750439876265689920e-02
5.246832913472754267e-02
9.593222735076530061e-02
9.388583546731862906e-02
8.103297845971103863e-02
6.946284272802000226e-04
8.017567903327839363e-02
3.967670511714675718e-02
4.989481549705365032e-03
6.614985654713881336e-02
-1.050738456319969677e-02
2.104823606242555226e-02
3.516208896743450163e-04
7.108401675420562837e-02
8.045719019715061315e-02
6.032984251585973845e-02
2.985955066768065241e-03
5.900324540976967236e-02
6.433953419338900304e-02
-1.691395759490150683e-02
7.341116269177720699e-02
3.461532226272158452e-02
5.065268891121404993e-02
8.847239143227453306e-02
3.320743802452501281e-03
-1.060982210920685849e-02
2.321234700859488645e-02
-1.789659135899007367e-02
5.759225055675465388e-02
5.851440661839472923e-02
1.639247188474456454e-02
7.119777066769701623e-02
9.304235963895995248e-03
9.197057166342240131e-02
2.118595125251477793e-02
4.790031599761299108e-02
3.422513453434422592e-02
2.396626923292665898e-02
1.523105649989418484e-02
6.386116478630964044e-02
-1.401051473412343734e-02
6.982839347341709968e-02
1.770035037939321140e-02
4.407791665638149947e-03
7.938353117583471508e-02
8.779096248849641015e-02
9.946593456556249158e-02
9.105929534214174392e-02
-1.042750055966851046e-02
6.977487124325668089e-02
1.285971077163567539e-03
8.321154870388960956e-02
3.335920730836587633e-02
3.477516618336864290e-03
2.041187274407285993e-02
4.106766397482261577e-02
-1.686855875029612262e-03
8.136060338926978663e-02
-1.701073567619539040e-03
2.738320630746579262e-02
6.707257007080955069e-02
4.028738479819456153e-02
6.500005351903673234e-02
7.796184549320170354e-02
1.737443048303853946e-02
5.407068087034565262e-02
7.008604947896340809e-02
5.514326660014412518e-02
4.195999429444491335e-02
3.671295625769463444e-02
-6.686709830784497502e-03
2.125749224947183144e-02
5.787722940583955866e-02
3.392478363050700774e-02
8.831613303934630899e-02
1.080818465777486428e-02
9.628339632007683335e-02
6.823994819953500823e-02
-6.099400144430403015e-04
5.933701017565493063e-02
-2.734362758476292787e-03
8.298159265270185769e-02
2.084956837310268998e-02
7.845264476779914564e-02
4.334778119958893061e-02
9.212097651044845459e-02
8.299496952656189308e-02
6.960380918541173023e-02
-4.718368115357880060e-03
-1.063907335198602949e-02
-1.465903896111679476e-02
2.574923565105499343e-02
5.061753939368830724e-02
9.527443720948272632e-02
4.473923371999530274e-02
-1.244187176429034300e-02
8.895288194215433819e-02
6.275554652249103194e-02
3.983373650616096884e-02
9.847487922813047412e-02
1.261930266452760199e-02
6.289773688961823594e-02
2.034574572610088616e-03
9.306683850465372054e-02
-8.852053978371507426e-03
7.426302749160677841e-02
-1.857912624303362237e-03
5.786119362864838855e-02
1.936542473732556432e-02
9.766656940529361286e-02
2.491727911089099481e-02
1.881333688205914789e-03
5.700820391027798528e-02
4.229838819552723950e-02
5.419163014847719340e-02
1.931520273935091389e-02
8.115173380672371928e-02
4.650407771091490117e-02
2.367219170604028741e-02
3.965625561223179441e-02
9.437463897355240217e-02
8.046795138908335865e-02
4.920550082273333903e-02
-5.845289097244136395e-03
7.146815005527487608e-02
9.991434681286558150e-02
5.663652120884132835e-02
8.054758640139991765e-02
6.077354982699754993e-03
5.825431706607275828e-02
2.777166410266946814e-02
8.589347822997904502e-02
9.796387655839022823e-02
8.746360490198799853e-02
1.973955837680647571e-02
1.716208877723020623e-02
6.562382163200260188e-02
6.450091239609202776e-02
1.336796360816918869e-02
2.008913029041848805e-02
5.465152748859403165e-02
-5.632304550100573903e-03
1.185302852360277728e-02
7.612281933319638150e-02
2.409197088453004024e-02
-1.119697172798074514e-02
-5.322966079233893907e-03
9.830690728982391380e-02
9.754345276451992230e-02
-1.683960796773431232e-02
5.557214964964762860e-02
5.869937453800290472e-02
4.859063016937935353e-02
2.457483210636709700e-02
-1.769349280639430019e-02
-9.633603798528816986e-03
2.524398724357661272e-04
1.738426948334604108e-02
7.542911751278483234e-03
8.596163807924907252e-02
6.453567479772029380e-02
8.818790293431170990e-02
-1.915367760135876229e-02
6.330085899985565812e-02
5.509199549495351345e-02
2.982851328085456277e-03
7.806906969756632897e-02
-2.454263552151381839e-03
-5.119414810339190797e-03
4.699188703019105406e-02
3.735796080466043112e-02
4.886064920596440431e-02
5.812448623498917000e-02
5.255678102744514024e-02
-1.309384165732612251e-02
-1.587668000974831045e-02
8.438199599770154768e-02
2.042164452834293112e-02
2.212319233152171619e-02
6.404626425573102522e-02
2.970447065961283675e-02
7.992767178908415093e-02
9.778862818206085494e-02
1.901524091565417671e-02
-4.740387499803712726e-03
1.597408696146161364e-02
3.017412296102518418e-02
7.822118793309544571e-02
4.740237480995755648e-02
-1.714095399900536151e-02
6.208257496285701782e-03
2.375872963748422440e-04
3.394953078015038039e-02
3.106006405606913032e-02
8.262656517698435676e-02
6.489930687951744881e-02
6.028246616225790833e-02
4.169679884256298485e-02
6.389493863299068599e-02
-7.164153992812663171e-03
-9.937065590627364858e-03
1.854812711169631992e-02
8.547904146812485005e-02
7.779485759366651376e-02
5.477680017462165096e-02
7.659460591797963291e-02
3.709006005355142133e-02
4.556056051414444918e-03
3.592906275461893451e-02
1.596208586265746021e-03
7.746114701353997573e-03
-1.242923177130539347e-03
3.327310884753136022e-02
2.472840582484836167e-02
3.027815453000405263e-02
