1.084059051977522836e+00
1.052704804038500086e+00
1.008375552620972782e+00
1.074463455612757912e+00
1.018661113776429872e+00
1.001646779230371376e+00
1.017704711806667550e+00
1.064599152378416846e+00
1.040643586154903044e+00
1.094454144062840140e+00
1.077621621784004668e+00
1.069112634008302587e+00
1.028415904652079771e+00
1.067223007116032685e+00
1.076242150299397293e+00
1.016918860661404578e+00
1.019478055749114098e+00
1.044477034494781797e+00
1.000938551462037029e+00
1.033304958856515077e+00
1.045036504604150762e+00
1.078674389532703781e+00
1.055946767912780304e+00
1.088598952717342749e+00
1.046745655264903485e+00
1.096291461853620142e+00
1.044160183956921228e+00
1.024617757211494506e+00
1.053410727322384943e+00
1.053503014402841220e+00
1.050124403065496148e+00
1.014745841783061930e+00
1.084661464529511399e+00
1.030992511562604630e+00
1.029826161874324741e+00
1.088931780162452290e+00
1.057955264391229333e+00
1.028396851251058175e+00
1.002947289151331578e+00
1.005929795684404215e+00
1.069902688400133695e+00
1.022104671909952023e+00
1.014437558903390713e+00
1.043141412382527777e+00
1.000726440015941243e+00
1.093476350527344376e+00
1.056580548067333591e+00
1.052938851666719966e+00
1.090875113349915271e+00
1.026512883063591008e+00
1.044666283856229949e+00
1.073629573573259943e+00
1.036848971561497912e+00
1.023781661564311829e+00
1.009876717818255054e+00
1.093759926243466740e+00
1.098329064890507523e+00
1.043806570380998666e+00
1.058127974985468400e+00
1.088790822095212052e+00
1.094494039567766919e+00
1.043854687903565948e+00
1.016731295360979948e+00
1.060024044138706101e+00
1.034312714934537025e+00
1.094528191348074442e+00
1.094038830812910978e+00
1.035376034439527526e+00
1.092688426695012538e+00
1.037624042298583182e+00
1.043347403663330120e+00
1.006211854369610581e+00
1.055885780860289724e+00
1.096298737922829725e+00
1.053208625665203124e+00
1.067679488451203973e+00
1.074423125364661891e+00
1.044560819711995991e+00
1.065873116454592040e+00
1.024455894173664339e+00
1.037833007218945447e+00
1.049735253853942174e+00
1.006329677140924916e+00
1.086881930703888166e+00
1.082756374283350809e+00
1.070916269784171426e+00
1.082442559784483338e+00
1.087285386136193077e+00
1.066576518754577485e+00
1.047497062463831119e+00
1.086741345613116305e+00
1.067769924606152721e+00
1.090731855215105961e+00
1.012775085800590391e+00
1.043064611140839260e+00
1.056390097153749208e+00
1.078212850006936563e+00
1.020920210682919160e+00
1.023287808215181949e+00
1.022218110377181688e+00
1.032024004600389455e+00
1.029024808684500414e+00
1.082091263028308159e+00
1.003536831791328687e+00
1.009540083844051805e+00
1.067460339896957766e+00
1.065898613797885863e+00
1.036657702753479793e+00
1.018269211771069882e+00
1.048341317594134514e+00
1.082166140840121082e+00
1.003825649336504977e+00
1.043568113591921476e+00
1.074178896718989140e+00
1.041362950286422118e+00
1.063702028230258945e+00
1.091965965567976760e+00
1.010193160429584402e+00
1.072560515172634066e+00
1.032752121177214155e+00
1.090544496776177708e+00
1.004225792978279408e+00
1.093919151678194979e+00
1.008741421607607602e+00
1.079847097079528195e+00
1.036125315645243239e+00
1.026397643518471625e+00
1.030614033881420921e+00
1.010596616283704119e+00
1.055663081319264229e+00
1.020078360570200626e+00
1.081164778490911971e+00
1.051491694944478139e+00
1.080267715088299330e+00
1.079321240033805696e+00
1.060946825570384666e+00
1.042599077137380537e+00
1.049639463042606691e+00
1.092063951075775696e+00
1.010195886733940451e+00
1.047362527909915908e+00
1.060356272278262457e+00
1.095020160476756210e+00
1.060137127796980439e+00
1.002051990300200979e+00
1.003471732251469684e+00
1.080262158095248504e+00
1.098616618712141779e+00
1.039943197214442616e+00
1.027182379652102240e+00
1.000131771397978264e+00
1.074784155160420474e+00
1.077132477685785350e+00
1.051953883731617134e+00
1.096810684390340684e+00
1.009043381217196611e+00
1.037861796925175106e+00
1.041028007682028633e+00
1.029610865414116283e+00
1.054256068181740336e+00
1.026175873517675363e+00
1.017937563360318265e+00
1.035592606020669937e+00
1.029602333374051160e+00
1.068061441056159522e+00
1.085204369119942447e+00
1.052772110174823306e+00
1.048222421930524728e+00
1.040370946332577207e+00
1.079160058663734656e+00
1.059893526072281711e+00
1.074108635688183266e+00
1.062123840115346995e+00
1.026536504518893000e+00
1.079572518999948327e+00
1.046968666955055749e+00
1.055741411776662142e+00
1.049129085900790237e+00
1.063414824027510752e+00
1.012006429020415155e+00
1.013745889398988131e+00
1.043969801461222202e+00
1.087007295568924059e+00
1.033227742733477283e+00
1.043058728300772842e+00
1.072431486414308743e+00
1.032021555427311776e+00
1.090661055169340310e+00
1.090640287039345679e+00
1.060766426140592023e+00
1.005377239433568493e+00
1.016217858931310891e+00
1.028037677631572500e+00
1.030662885272947804e+00
1.020027076159264245e+00
1.090000389091780653e+00
1.046875196010435438e+00
1.048132443486454735e+00
1.086114260059970693e+00
1.062513974431294361e+00
1.010930830678572256e+00
1.009065181914631903e+00
1.026579255270105850e+00
1.097652240885481412e+00
1.051331512211680863e+00
1.057232456774922502e+00
1.091999699480179276e+00
1.081090218587993812e+00
1.085738608909835756e+00
1.000464617841283932e+00
1.098398406886915257e+00
1.074633420616625479e+00
1.059652277869847392e+00
1.045851377479839472e+00
1.010716312381663817e+00
1.056098876491742722e+00
1.077183011975493931e+00
1.021575602172760000e+00
1.096700747977016999e+00
1.053216177969522827e+00
1.002260168673271723e+00
1.041163920352814021e+00
1.064726333148186876e+00
1.071424463919223191e+00
1.094293693761625885e+00
1.002052598318462273e+00
1.000345309011975603e+00
1.045676289697949013e+00
1.006118044898896224e+00
1.045069762937643754e+00
1.039256514163924505e+00
1.051579588280372679e+00
1.058122024643951109e+00
1.081770971842942242e+00
1.088108545219156342e+00
1.001061583199128524e+00
1.047630540313850167e+00
1.048227030285998174e+00
1.048870076581671640e+00
1.089687430185965145e+00
1.019896383295923137e+00
1.018928887091085533e+00
1.025254608437840220e+00
1.071371905200392494e+00
1.019297302783507497e+00
1.003080568879339829e+00
1.072762003395292707e+00
1.086024831101739085e+00
1.092189411603462057e+00
1.034617916352059241e+00
1.005827833602264798e+00
1.036155489034110921e+00
1.013754438897744192e+00
1.082317983975028985e+00
1.023742791472864955e+00
1.022968206719874207e+00
1.095536802732438586e+00
1.019910398292272147e+00
1.051250557730588842e+00
1.088377596022869875e+00
1.001235244552116876e+00
1.078395020251907699e+00
1.083288885987824024e+00
1.037236904539910132e+00
1.043625752036374310e+00
1.067310109196835555e+00
1.054234765645014615e+00
1.054397257137857702e+00
1.093636455947059938e+00
1.017522697850077984e+00
1.020278446534579775e+00
1.027692967086129006e+00
1.028458054437774383e+00
1.061635520244923914e+00
1.081962629515743846e+00
1.040782571983565497e+00
1.064062905997110731e+00
1.052952509862605801e+00
1.011867790712709603e+00
1.068311375348292680e+00
1.002821422040895083e+00
1.096649136900771815e+00
1.056109475647971419e+00
1.015571414634037550e+00
1.002691135771809350e+00
1.043063413894698144e+00
1.049916142207390823e+00
1.034385245374825013e+00
1.008897179958581303e+00
1.095891681883132573e+00
1.025425300042200449e+00
1.037717630252503520e+00
1.090748267910614189e+00
1.057909589417411977e+00
1.064957872696321362e+00
1.037873324595267377e+00
1.098637764393384675e+00
1.000739573367624979e+00
1.071652238749601693e+00
1.073453265648150579e+00
1.060216129669926399e+00
1.062318389749171921e+00
1.064393782202109673e+00
1.019088478324563951e+00
1.048217581606352367e+00
1.011364798139680499e+00
1.061079443763366159e+00
1.022679254524606618e+00
1.044721781887956835e+00
1.033710108864029920e+00
1.046029168805726384e+00
1.096867257589005940e+00
1.097001421945150046e+00
1.062973232947814539e+00
1.028207853976218056e+00
1.081671185885976438e+00
1.054260541762394032e+00
1.038284606125898568e+00
1.096147593800719688e+00
1.004839925898157738e+00
1.098043755615167427e+00
1.055381647571167925e+00
1.016108876429710151e+00
1.071680421652111637e+00
1.063929400193630803e+00
1.004923114316906618e+00
1.048898696565330191e+00
1.008657782915691525e+00
1.083272076538410733e+00
1.089223726768965728e+00
1.006763605000297712e+00
1.074568095392818279e+00
1.013109057922029210e+00
1.054646730904334584e+00
1.047085719240620216e+00
1.083224920276919967e+00
1.031670277489844079e+00
1.084219809611401741e+00
1.074933268917041662e+00
1.065203121135408049e+00
1.088714189394474285e+00
1.011726533603963585e+00
1.000273590664313872e+00
1.037964234446485889e+00
1.061345576161430992e+00
1.012349105893309620e+00
1.042852946937063319e+00
1.014043401131972555e+00
1.049817501709845002e+00
1.046726577464118124e+00
1.094990804320381761e+00
1.018332775804541734e+00
1.038605355534834462e+00
1.093260854144159078e+00
1.037236433171512706e+00
1.059258982480493660e+00
1.023164234464081002e+00
1.089772111205379312e+00
1.005136398695437583e+00
1.024443439313873716e+00
1.097701837790397761e+00
1.075941368692050260e+00
1.066597476079100382e+00
1.004571646339298630e+00
1.067225883060537894e+00
1.070144923657605052e+00
1.092124627497108147e+00
1.070075288401632019e+00
1.046920801610190521e+00
1.098417902325303785e+00
1.080315452734240456e+00
1.097955836955783804e+00
1.056262653325572787e+00
1.027152704158682095e+00
1.085208813390069249e+00
1.094360117291921064e+00
1.064624545681459145e+00
1.003510249068616744e+00
1.056989511360075129e+00
1.022105613479225461e+00
1.060979965971770467e+00
1.014953939419653839e+00
1.003457678095078354e+00
1.092103682593842606e+00
1.069471750431139290e+00
1.019780552251565942e+00
1.052279080521854926e+00
1.015399560997543471e+00
1.004478474709115332e+00
1.066297274375251458e+00
1.037756868299594570e+00
1.006478860490651828e+00
1.083117588802293696e+00
1.044978928611154156e+00
1.035214205980724556e+00
1.051211709420954765e+00
1.066328203928773810e+00
1.044055694568495563e+00
1.042481135994074881e+00
1.030498020284550176e+00
1.069097536791529190e+00
1.050999961447530495e+00
1.056709344536000517e+00
1.072380504399129242e+00
1.033073525368580770e+00
1.027517510855649796e+00
1.066776281337577403e+00
1.051138636224834499e+00
1.076148206284757380e+00
1.029038973051259021e+00
1.060626988980880148e+00
1.028832033731572837e+00
1.010660736785567781e+00
1.072351946187510618e+00
1.006506045010128636e+00
1.022495265673831755e+00
1.003362588960065471e+00
1.009049696422340325e+00
1.078619752013557642e+00
1.088301171309248083e+00
1.061003696542232255e+00
1.032189048143684840e+00
1.028396318429254386e+00
1.025790947847935231e+00
1.076501802308793110e+00
1.027966949635427563e+00
1.056336397239155955e+00
1.017031687701021703e+00
1.079752958125979712e+00
1.007268437282167195e+00
1.076763007497631541e+00
1.007253584962939597e+00
1.002826253617816743e+00
1.074959425190234352e+00
1.064426773357131761e+00
1.030406141257341091e+00
1.094141984670938150e+00
1.023627987358788127e+00
1.030239399575391346e+00
1.067030579074844665e+00
1.024172924289193709e+00
1.088011950423778407e+00
1.017271427751959667e+00
1.008426571425850682e+00
1.013542181165338452e+00
1.006357836880460210e+00
1.006410219692271513e+00
1.019076753821513304e+00
1.094525934119116695e+00
1.099456031844961101e+00
1.064595704851602820e+00
1.040794157251708985e+00
1.072641346188210720e+00
1.000074166947102050e+00
1.017837359678661624e+00
1.054428044307968104e+00
1.012202478588101195e+00
1.017020017635346107e+00
1.010080942243730240e+00
1.028838195645606080e+00
1.056093475825876649e+00
1.062024500818565143e+00
1.060959722905502556e+00
1.047128209895155537e+00
1.046990635241453083e+00
1.077638306951364422e+00
1.008117310990498616e+00
1.053145373554280395e+00
1.085197852188852341e+00
1.080201369971598657e+00
1.017564691953669831e+00
1.082378480451229530e+00
1.037194750895940487e+00
1.061485359000969186e+00
1.042172543294571208e+00
1.071452517496246593e+00
1.076439734813638083e+00
1.086457232236513359e+00
1.097912234800547449e+00
1.085752777821091364e+00
1.087994273118344957e+00
1.090499795761785906e+00
1.007538195466302966e+00
1.092845022889589179e+00
1.062445563540200588e+00
1.076338776220875371e+00
1.023339711100407667e+00
1.058961889492604058e+00
1.064289039276853588e+00
1.078278101239271702e+00
1.044189987049543467e+00
1.027974736636037445e+00
1.066298102157336114e+00
1.036474974971810070e+00
1.066176832898903193e+00
1.085313681824850107e+00
1.058135074703721479e+00
1.089407473263309223e+00
1.068649729260812142e+00
1.080492260995182807e+00
