4.064822196477899108e-02
8.961477473674296645e-02
7.793883593829749323e-02
6.094798348650634634e-03
-1.288851485090070949e-02
8.080674845532247186e-02
9.317843620312520059e-02
8.934303631732226636e-02
8.639249985270308629e-02
8.175779186213556760e-02
7.807461948499962168e-02
-1.064833446048732250e-02
2.994665189593393589e-03
9.159475124211458041e-02
2.369915538950040715e-02
9.412155975840522104e-02
2.489539676226091777e-02
5.640502277883796545e-02
7.880193615048355915e-02
1.923153366886152030e-02
6.404399636622960801e-02
9.539675429949215357e-02
9.034668916677314476e-02
3.094743215512682846e-02
4.793961165816025549e-02
4.871742590374647519e-02
1.407869007066224823e-02
5.634946638335212865e-02
6.997191953305645362e-02
1.177088916303714941e-02
7.610322816548192870e-02
-1.736648111525236626e-02
5.160659987406909788e-02
-1.532917159315178371e-02
7.916990314062374856e-02
8.358579555881036349e-02
9.397407048617360814e-02
2.301690547393389283e-02
7.841325303900008314e-02
5.436525362493027647e-02
-1.354150507852445659e-02
1.142135824754894266e-02
2.006303560139887851e-02
5.031389269770816797e-02
2.998887510515678076e-02
7.669832249398463031e-02
2.718966577693978856e-02
6.614853955513620709e-02
9.711187545724711545e-03
-2.594234235873762312e-03
-6.955451274118090721e-04
1.557635316572708942e-02
5.509065438738422471e-02
8.176418928902930150e-02
-5.389408661678047469e-03
2.391051714038018930e-02
4.909149280993818643e-02
-2.627548327983685733e-03
9.424813780592193602e-02
5.083433822457859852e-02
1.520192424009958118e-02
2.740670583823082498e-02
-1.848489984893396040e-02
3.375869654354851646e-02
7.603243156243132128e-03
4.581264305582730817e-03
7.693699279679905301e-02
-2.722532244417430469e-03
-1.546876158583994527e-02
9.918978435647837766e-02
5.517407644991666194e-03
8.590442668284950511e-02
5.182803831353395563e-02
5.080410848624171416e-02
4.159905350172957150e-02
3.816590633331398696e-02
2.922467887323819055e-02
8.546605341802246403e-02
9.649395043286802809e-02
1.532289004319797171e-03
8.845617862324246794e-02
-2.216972921989451145e-03
5.102995762940633340e-02
4.367689316479621275e-02
6.202001083170195772e-02
6.710905491347539387e-02
-1.176503984764232583e-02
9.222378798044821024e-04
9.709475609148057740e-02
9.991957943828326527e-02
1.536160422971715941e-02
5.950383769169938220e-02
9.156823692897322897e-02
-6.592865908818445683e-03
5.506604505146604767e-02
7.553198872342438419e-02
1.415345071564222748e-02
4.845261216505658552e-02
4.908455631645977646e-02
8.192040484690216173e-03
6.454185470265404179e-02
-1.688120290049302530e-02
4.863217985122358922e-02
6.472534280234842896e-02
8.533535630541171091e-02
8.098331747517426710e-03
-8.431736428756310409e-03
2.532832897263667324e-02
4.540039811569601680e-02
1.261231714592684836e-02
3.449852304714386142e-02
3.515664414013408567e-02
8.005280272338760605e-02
5.027561227724748616e-02
3.063638445525885060e-02
2.745971752611983327e-02
5.364353840094503167e-02
7.399299131435908838e-02
6.445496614632003490e-03
-1.884563703811411445e-02
-8.073111338363209849e-03
1.827996975395432613e-02
6.860576313789973346e-02
2.887057384872318208e-02
9.529721407392434396e-02
-9.319019708005558261e-03
-1.551465418096423937e-02
5.315892802209239154e-02
8.712115990657423592e-03
7.159268482067480954e-02
4.344242396441093390e-02
3.628878904304824737e-02
7.150359157065627747e-02
2.060182155713813704e-02
7.434641982360705448e-02
1.729135599328300230e-02
9.168776941297965277e-02
2.546123956636191232e-03
-8.115846832072420858e-03
7.174428153225363702e-02
2.698159412349128775e-02
2.309982077788826429e-02
4.227607878060064828e-02
3.199391849619075134e-02
8.216720394164130081e-02
4.139256753317926973e-02
5.567948565825930896e-03
5.852224118758080074e-02
-6.313200669846228547e-03
4.650991435946678909e-02
8.119890311282451645e-02
1.497396383173343545e-02
7.102805790974077438e-02
1.397113267946105755e-02
1.826025810421943660e-02
8.292329001037199165e-02
3.609004280123366548e-02
4.212721075044789654e-02
7.241762635223200628e-02
5.599291698829592101e-02
5.253435863280350726e-02
5.085554269077019462e-02
5.686404130761288367e-02
-2.827088463459283274e-03
5.879704138095802335e-02
7.026466549539814310e-02
5.951218963458887456e-02
2.250585668640254014e-02
1.284684705359024834e-02
2.303854551013844246e-02
3.021032243032196682e-02
5.193708330854661381e-02
-4.260896143133127006e-03
3.820192672131676737e-03
5.723867644446090780e-03
9.807433519551544965e-02
2.603307171432105507e-02
2.330227876493949288e-02
8.687277905146480184e-02
4.616442974932531695e-02
9.339725566051776395e-02
1.257620194789743975e-02
3.466703972275711476e-02
-3.365138389066872626e-03
-1.916936867095292429e-04
6.790447274458905058e-02
3.218013951739592815e-02
2.174467684209853077e-02
6.239038456733438098e-02
6.532424753958177011e-02
3.389876336080983876e-02
6.005345088163477341e-02
-1.871590697593816799e-02
-8.203052527746085287e-03
7.250056991853083554e-02
8.106642172572701976e-02
-5.153685529365329213e-03
9.331723081264248210e-02
9.020990896180758334e-02
1.365016742979173817e-02
9.551950633045983019e-02
-1.218641615583532060e-02
4.643788846538239590e-02
2.520813217988402896e-02
5.393794429160361781e-02
3.500348394252318640e-02
9.393887900835025395e-02
4.044860012891414447e-03
6.558285715287855144e-02
6.724925001645203071e-02
5.567715653463677083e-02
1.823067800761036736e-02
1.318251728478850651e-02
7.667345532697295019e-03
1.087556021852362914e-02
3.023576768375774507e-02
3.510038705273461901e-02
-1.786965023573190009e-03
-8.587766632357459948e-03
2.960407489779573117e-02
-1.055122549534816094e-02
-9.587025073922878990e-03
-1.905890752882028957e-02
2.203229603086355112e-02
6.213653481417728830e-02
3.266370149948395751e-02
-1.421304601601157923e-02
-1.727574014760246274e-02
2.618291145106171891e-03
6.471022852233949962e-02
-1.575417884481064221e-02
6.019793809949035290e-02
8.007111666031047070e-02
5.184400107422255932e-02
7.645502201011551702e-02
5.104073167794778709e-02
6.503364671433344013e-02
1.210990989754544625e-02
7.998638762769902377e-02
-8.905168614721906822e-03
-7.457668088866057504e-03
9.566167096157918159e-02
5.098436008814392906e-02
7.931565135159064639e-02
2.491082002752039240e-02
5.788023710780702824e-02
3.612197002715980543e-02
-1.495702466605855832e-02
2.243666656256734435e-02
-1.874373542425659955e-02
-2.840617191046439227e-03
-1.061590010360453223e-02
7.141341538282008905e-02
6.678778260263658340e-02
3.694561510062048526e-02
4.128263167305620818e-02
2.221291981090485826e-02
-1.234034767955873371e-02
5.637287806136354051e-02
8.825098333573411225e-02
8.833165678908014296e-02
7.910160524186689301e-02
-7.547478480324514363e-03
-5.963486859277725843e-03
-1.417029419536131388e-02
6.798321255364808691e-02
5.466480617917678086e-02
9.314890142133035178e-02
-4.798168127102127659e-03
-1.207169109699829553e-02
-8.979116477567678639e-03
7.455383376705922160e-02
9.755986565017857326e-02
9.042762242398334760e-02
3.255387988106473590e-03
7.780216809503290309e-03
-1.464548756820751099e-02
7.846445867728331358e-02
3.677243160465960836e-02
1.580297911174010153e-02
4.045665093121034173e-02
8.147785449155432735e-02
5.567923225224372108e-02
4.377278237971385377e-02
9.051508644392799313e-03
6.791251341558512955e-02
7.941711027617386065e-02
7.295656547971604566e-02
6.655311967616817093e-02
2.415147484797995972e-02
-7.878092155828223322e-03
4.942659288735357093e-02
1.146169045307844983e-02
9.118195395519597402e-02
4.771109612129435795e-02
9.040699331678417328e-02
4.798722566149656032e-02
3.122841449189808424e-02
-1.064326777209929215e-02
6.544747122948516016e-02
7.545533671824079108e-03
8.601380237750468061e-02
1.453987622722599168e-02
1.591844635008761097e-02
7.265297177454001221e-02
8.369551156324789298e-02
7.736452164006363263e-02
3.874143120259733453e-02
-1.742498754546843026e-02
9.852426805429756462e-02
7.941253377255860779e-02
6.534424909541333704e-02
4.948642275241753319e-02
6.783916192381776733e-02
5.005000148438012997e-02
3.226634064102389121e-02
3.019580231906600701e-02
8.341272952314897349e-02
9.044369497896183330e-02
6.200876639769273280e-04
7.959897873722836248e-02
1.647937878659709240e-02
9.560601449515108985e-02
5.141459521494608220e-02
9.487558000855420004e-02
5.957183292870571467e-02
5.963069412822742665e-02
4.655768546065237878e-02
1.019203282570509475e-02
4.099011360687482286e-02
7.467279557274031365e-02
3.021919296339179231e-02
3.878388495569573546e-02
-1.535281915463940564e-02
-1.465781911930296930e-02
8.451108820475129735e-02
2.147601442514906686e-02
-4.063150246994169656e-03
7.873560378294662543e-02
-1.540723065433548256e-03
-1.942965179630409128e-02
2.316432627611195866e-03
1.216440687694977582e-02
9.487396732150921164e-02
2.613948727642052480e-02
9.947225961649400205e-02
7.801118791948219444e-02
3.390296752480313758e-02
4.607591956918730136e-02
-1.555112486519226976e-02
1.759984313501686617e-02
2.788009233853618388e-02
4.616903085268486695e-02
7.032089204189473364e-02
6.002102332966278986e-02
-1.911049318549351561e-03
4.329806250979308102e-02
1.215701680317178221e-02
-8.119532266370414059e-03
9.309078562142900082e-02
8.414176836529195513e-02
8.478420656569479741e-02
9.942142816551977069e-02
-1.810476499629140243e-02
-1.109644132664988625e-02
6.544530024234947174e-02
2.728823524032967032e-02
3.671570627080211757e-02
4.353672510875503110e-02
9.556700201188117472e-02
-1.517249134946566103e-02
7.936439301786521461e-02
8.231928131324252329e-02
-1.933255449362560746e-02
-1.803178089635877265e-02
4.958963967262409317e-03
6.262377659619335069e-02
7.345814500475458808e-04
5.450681255511621859e-02
4.888197352674894525e-02
9.122891440897423765e-03
2.980975864336050593e-02
4.383577630451016005e-02
6.657389538936962781e-02
6.311045541979702633e-02
-2.659298273237121341e-03
3.438930352523977829e-02
4.185370382513389775e-03
7.771722848814416329e-02
5.591006223204912640e-02
-2.712589127665542693e-03
1.123531409463873060e-03
8.681364776090556845e-02
2.663167843344617022e-02
2.228447247050975230e-02
9.818489674183192295e-02
4.128166442380490353e-02
2.869084700609643088e-02
-1.490203931763050063e-02
-1.867960078079855535e-02
6.184875779424618691e-02
7.233381371668297366e-02
2.278677977365448776e-03
9.170071499951897021e-02
3.998168554199121871e-02
2.837441194783387952e-02
6.721298634711789233e-02
3.008999317224501577e-02
5.869057437080638095e-02
-2.476991390526189080e-03
4.902601058226012387e-02
6.824548389255265246e-02
4.202895343708649978e-02
9.565023846256133500e-03
9.005498958231609313e-03
3.428295320208708113e-03
2.026975972526572425e-02
8.723136885636165183e-02
1.533368599782723371e-02
5.920647216907184984e-02
3.171583558700261096e-02
3.137667692584222845e-02
-4.711156298836470524e-03
5.161125237486972883e-02
7.425599542504336681e-02
5.612340570546901775e-02
1.767806013826730624e-02
1.612275936994174777e-02
8.878171769099335586e-02
8.431042327991068730e-02
2.363917808334644113e-02
9.489971789681973802e-02
2.841642897731546866e-02
7.288750295899910914e-02
4.704303712159081663e-02
9.505289398407706924e-02
-1.505502477322278460e-02
5.448781712140812750e-02
8.085139077290130760e-02
5.166858072989562178e-02
8.548300958365706581e-02
5.957943987182877377e-03
6.122391229527160417e-02
8.654563220114852573e-02
3.314412238252410770e-02
8.105190583854129938e-03
3.450947343551327706e-02
9.997003664328023287e-02
7.020690010473951137e-02
5.729800100040448319e-03
-1.029073480211216418e-04
7.342637642470109527e-02
5.913112847364522529e-02
4.768491494776497253e-02
-1.412488370248932493e-02
-4.312475705269516041e-03
6.038533244979728265e-02
5.185009932681010347e-02
5.999077066290986471e-02
1.042416586677292339e-02
6.573488169547778148e-02
4.679043794697297642e-02
6.953563715845574589e-02
6.002564258403524089e-02
3.239359468990737900e-02
9.897850605984739869e-02
3.946014749699269797e-02
2.067626895111611060e-02
5.330570090343979273e-02
8.882908938734825066e-02
8.623288420263371112e-02
-1.018309745263549018e-02
-7.886371685177223645e-03
5.449936193596256750e-02
-1.041792876536240010e-02
6.730983180259521304e-02
6.420058886398907760e-02
9.786285592438311032e-02
-2.309874932984606194e-03
-9.166978581418279079e-03
8.082020321127994511e-02
4.919134347953113551e-02
-5.207392883646133619e-03
1.684695130438050234e-02
3.160782465486612625e-02
7.254666491601217959e-02
-1.601870640661477718e-02
3.483397363266133029e-02
7.217947244635627979e-02
7.836354700769233850e-02
5.029903444452350769e-02
9.386138366920365739e-02
3.505555506298488333e-02
3.116218118810861262e-02
6.464747390263295146e-02
2.587981862761415744e-02
6.165411169642642797e-02
2.370708315409447708e-03
5.058084509434582210e-02
7.866615933963400087e-02
