1.044379327428553328e+00
1.048494367204718225e+00
1.012323646141004785e+00
1.006870510637564831e+00
1.015960744390759452e+00
1.056025896706789702e+00
1.070492210572570713e+00
1.080949394994420443e+00
1.041260254162465371e+00
1.035080965206866432e+00
1.086386806167269681e+00
1.083932693722616136e+00
1.062344882563268644e+00
1.005479418736534569e+00
1.030681385871340616e+00
1.019977723178009166e+00
1.078151429881102352e+00
1.057485307947599651e+00
1.079997568286777732e+00
1.017913869373996416e+00
1.010082526737270170e+00
1.072354129414784696e+00
1.089522294518205925e+00
1.099059543694965280e+00
1.034440124907056946e+00
1.087369499017130758e+00
1.081469049025160611e+00
1.033101652123554981e+00
1.031941359927941004e+00
1.063589150683461160e+00
1.022934698216530158e+00
1.022953049464418784e+00
1.091229409655853022e+00
1.067119955577838342e+00
1.043618376102526613e+00
1.079694895891165851e+00
1.036320195133080935e+00
1.000307012165545961e+00
1.029823810486989455e+00
1.049550297233494023e+00
1.032472866626004571e+00
1.073052652873833335e+00
1.010085901230933114e+00
1.050829440762409694e+00
1.066481708273829820e+00
1.065160099566066165e+00
1.074791966411893007e+00
1.093857352806860472e+00
1.019896646025442388e+00
1.022160853598381491e+00
1.076542535249348065e+00
1.059803111728593539e+00
1.011363833883717200e+00
1.018947281904635904e+00
1.058054789962892928e+00
1.098296691321453356e+00
1.049177411124547099e+00
1.000930915555245049e+00
1.034988888414640762e+00
1.039650764089125490e+00
1.032007846632033043e+00
1.022508863596891082e+00
1.069320185998517969e+00
1.098725062964034827e+00
1.012652370168917626e+00
1.065195969806848497e+00
1.034434822974364732e+00
1.067675502844783297e+00
1.030499234855330348e+00
1.059444508383820205e+00
1.081899203035759705e+00
1.044356260070987696e+00
1.060032380900916893e+00
1.071329763558220183e+00
1.025170436832876453e+00
1.013632952906875717e+00
1.034512336221316886e+00
1.006295765029072031e+00
1.018231814297404947e+00
1.010030554383991364e+00
1.033628111581174291e+00
1.046977236423643154e+00
1.062271366972564524e+00
1.090505092750061911e+00
1.055109041245027912e+00
1.075501634858200939e+00
1.033035039520259435e+00
1.034449845505679200e+00
1.006942203723397045e+00
1.001315309147079669e+00
1.064039606562056539e+00
1.050727681381348200e+00
1.073956490900816352e+00
1.052757555623948349e+00
1.095473638250473503e+00
1.050602425605275503e+00
1.010731553196312138e+00
1.057696803563086263e+00
1.031004879816207032e+00
1.075516997635825867e+00
1.064033375214934241e+00
1.077802790759298857e+00
1.098550184175888678e+00
1.015865526087192938e+00
1.083934459601977984e+00
1.046869562663399034e+00
1.035801313372586741e+00
1.033864784727739572e+00
1.022731739842012155e+00
1.042126109584464055e+00
1.029327512249026855e+00
1.048951150199861626e+00
1.003237457357495144e+00
1.001578617534596427e+00
1.038636318250098389e+00
1.051090713178958413e+00
1.079169433221689900e+00
1.067291851973283912e+00
1.073981404429450004e+00
1.050626086629830258e+00
1.046589700117815713e+00
1.078604006783328906e+00
1.059446569186623499e+00
1.009313738664312288e+00
1.034848353309928415e+00
1.043038249881229840e+00
1.054878980213542539e+00
1.034712638819135000e+00
1.005881284508427509e+00
1.016091678115917496e+00
1.054881034999376244e+00
1.080051814191275605e+00
1.042354134793118448e+00
1.000324618052047976e+00
1.025705444466259664e+00
1.098081676180088007e+00
1.022824507559265905e+00
1.070899347016752712e+00
1.082232118475443094e+00
1.028636322169266260e+00
1.086985546716599416e+00
1.076646757122316611e+00
1.021822105408363157e+00
1.051107497663484214e+00
1.048751386165910349e+00
1.049834352350334843e+00
1.075620377487789714e+00
1.004239492556514124e+00
1.022637494151769300e+00
1.083486925266399448e+00
1.000753803696426081e+00
1.068213094838629695e+00
1.090392070663328772e+00
1.086654753189848499e+00
1.002577712972038348e+00
1.011412816113139934e+00
1.072319082798106615e+00
1.006244264812748090e+00
1.012674095436137955e+00
1.081061864046940046e+00
1.000157158549531689e+00
1.004173877481874255e+00
1.061930831778528539e+00
1.055573129074020233e+00
1.014043807781031425e+00
1.095222069218616756e+00
1.059867671028669855e+00
1.052575595320408786e+00
1.022733199698357742e+00
1.008517522927019794e+00
1.059254784210499123e+00
1.039131722255907997e+00
1.028662206937035029e+00
1.006206545405003983e+00
1.008048425815037730e+00
1.036859056754457553e+00
1.098284863073021089e+00
1.072396278122770719e+00
1.045566307877075163e+00
1.049392747380321511e+00
1.056067459804175268e+00
1.043745375818171839e+00
1.056427651155283698e+00
1.074898100930530065e+00
1.040901955485371566e+00
1.025712234333296280e+00
1.044663202855709461e+00
1.098739614078513727e+00
1.016850919220827265e+00
1.001707070960336621e+00
1.046381352353728644e+00
1.086039962763971634e+00
1.089204050126102663e+00
1.017648763746286100e+00
1.077580240409770518e+00
1.005584553674090387e+00
1.046268594399469176e+00
1.085630077474519783e+00
1.041243760389085393e+00
1.018021968557736301e+00
1.062652476779158528e+00
1.059055646769923698e+00
1.092413154697592814e+00
1.048395482474005158e+00
1.087319933712083797e+00
1.086924967050412638e+00
1.088553584815657782e+00
1.009746338438072044e+00
1.043916351856922775e+00
1.060173916444946851e+00
1.067881334059269882e+00
1.084622511639801612e+00
1.061251955676560277e+00
1.056950197636526312e+00
1.038637726588919064e+00
1.072319823579155340e+00
1.077082490453589614e+00
1.037556533006297910e+00
1.081843832523449400e+00
1.002775130335004539e+00
1.019566148616992241e+00
1.085209332857238529e+00
1.061377590535977467e+00
1.087271245388281571e+00
1.007142093791075776e+00
1.094759422114949476e+00
1.003791863832379061e+00
1.035382276057467577e+00
1.022055560689415943e+00
1.065556928081283994e+00
1.034555009278820048e+00
1.007577137018134339e+00
1.016274097487298356e+00
1.040769824365012752e+00
1.060711379092193818e+00
1.085796695586595861e+00
1.008673191819363435e+00
1.041830875741087237e+00
1.009102336101906028e+00
1.060090289015988452e+00
1.041607724177160188e+00
1.064852187371116754e+00
1.070040460431866958e+00
1.058901950955657867e+00
1.000502552614125573e+00
1.035723697764220130e+00
1.060407343180769901e+00
1.071491581091660095e+00
1.042605789186688225e+00
1.071536939204395633e+00
1.082336223384307239e+00
1.021787822260696643e+00
1.044529719398245238e+00
1.048315747836168432e+00
1.073626379971921674e+00
1.035588563326401701e+00
1.027348158254068222e+00
1.095138769220219466e+00
1.005625333672027333e+00
1.035437367508656115e+00
1.078375518834546742e+00
1.028468606313946543e+00
1.071607541652268569e+00
1.025574192818460517e+00
1.063500234652081655e+00
1.054140786550027853e+00
1.090570851176908995e+00
1.095609493674612800e+00
1.066362368095260305e+00
1.003334200528159359e+00
1.048668777308418898e+00
1.025118942732859750e+00
1.083218898819985343e+00
1.093352454243790683e+00
1.056418393593964389e+00
1.099395137306383052e+00
1.001384941795696593e+00
1.075827721188877373e+00
1.083899191508052473e+00
1.027566970800971369e+00
1.051241380992226526e+00
1.022170466970229175e+00
1.050411584270388277e+00
1.064576468761591510e+00
1.090481715433805787e+00
1.024288711224357939e+00
1.096482231599777535e+00
1.085733229409091116e+00
1.015296940128180170e+00
1.007523006087754247e+00
1.065765801336645779e+00
1.038152613115582046e+00
1.039306826178973742e+00
1.098382501121017762e+00
1.004051505425994195e+00
1.023118233601662652e+00
1.052416658819168571e+00
1.049189655816021638e+00
1.032155371560198320e+00
1.042526163234434033e+00
1.090309559301156472e+00
1.068707603747750312e+00
1.024063189740404223e+00
1.004704823685333315e+00
1.075319134431635515e+00
1.031181633972302114e+00
1.059758165346247782e+00
1.042032439691425338e+00
1.012146693983456025e+00
1.042561458181966216e+00
1.059875692229716115e+00
1.045790386984811748e+00
1.058246411531924336e+00
1.076613014645075195e+00
1.041715981010397307e+00
1.012187512587944482e+00
1.072077949065749047e+00
1.090780735467020479e+00
1.057213375946412626e+00
1.034943079363450202e+00
1.027576144639027467e+00
1.086840584111369967e+00
1.091551611370569663e+00
1.030439791497672397e+00
1.088313641928250641e+00
1.098435221660212013e+00
1.091824997724153201e+00
1.095668980754876287e+00
1.023168079049907808e+00
1.090101607733336753e+00
1.088127512398030516e+00
1.009095135612831262e+00
1.057977968126041501e+00
1.009943868317749072e+00
1.029740463364307024e+00
1.006850809227934684e+00
1.040086424233447771e+00
1.024452262910169997e+00
1.039251263119206348e+00
1.041535477240954854e+00
1.054799704023668516e+00
1.084464594672908344e+00
1.075861769659481215e+00
1.085270584028268370e+00
1.021123793507209276e+00
1.073159201593663736e+00
1.095484296355778042e+00
1.012029744205374504e+00
1.041812918129618293e+00
1.028180819403021973e+00
1.010321344377322239e+00
1.067289666388748781e+00
1.035335927151783242e+00
1.040906738072981286e+00
1.067933430255083138e+00
1.075474048123787663e+00
1.042864384010269596e+00
1.034891811036683817e+00
1.081344186550245778e+00
1.039998434337434885e+00
1.002763364422778913e+00
1.099119673781975504e+00
1.056761279235096440e+00
1.004852500533856663e+00
1.069420134309138737e+00
1.049407954861040215e+00
1.023359189086133991e+00
1.018715137870165544e+00
1.013141075096055221e+00
1.010781549733287488e+00
1.049239613374792990e+00
1.071412083684337935e+00
1.018763595986245551e+00
1.058999378498644672e+00
1.045425096783435093e+00
1.021444080434005031e+00
1.073071442559587307e+00
1.085712095844063585e+00
1.090166009387515844e+00
1.004079491820336179e+00
1.046905877082486613e+00
1.043249781155207945e+00
1.026704835598160281e+00
1.076828324712526541e+00
1.015393965141652588e+00
1.022819500782879309e+00
1.060804851996376863e+00
1.029830989580170275e+00
1.072456221044823410e+00
1.031729861791566671e+00
1.054881652829046779e+00
1.097066228958021306e+00
1.051193640122629613e+00
1.029297523336894171e+00
1.077526791591010724e+00
1.043368037840856077e+00
1.023452909262623889e+00
1.093345305313234039e+00
1.052634492001464528e+00
1.039784421418182836e+00
1.009072071601017972e+00
1.078097852717704086e+00
1.051681274138932753e+00
1.037438367092408109e+00
1.035539962335463526e+00
1.012693754358049425e+00
1.082284859245536968e+00
1.004384762563085953e+00
1.040643052555975334e+00
1.020011463995816658e+00
1.079814233529841072e+00
1.096810996469905541e+00
1.087964385672500089e+00
1.057593651595316153e+00
1.026642780734100979e+00
1.039831856901340057e+00
1.044209280069420265e+00
1.021622073991464541e+00
1.020627041998701356e+00
1.069174995329651878e+00
1.018771720454666241e+00
1.082809777259509554e+00
1.013393846039819080e+00
1.044440731512005671e+00
1.059672526520003100e+00
1.034420427668500286e+00
1.030767264362271396e+00
1.076955566319840463e+00
1.021446113306763159e+00
1.026133798210169923e+00
1.062659424747931070e+00
1.042873918700508051e+00
1.083648925723677214e+00
1.098681908989947109e+00
1.048930110719668463e+00
1.067505804598888552e+00
1.082570102277390367e+00
1.002719859520544876e+00
1.019241127471694597e+00
1.010347509391620768e+00
1.036619642040001343e+00
1.045502850176819987e+00
1.046050984835467768e+00
1.032938336215147856e+00
1.014228045427210789e+00
1.014537562409314697e+00
1.072679052657073751e+00
1.088826663508402071e+00
1.019065177267651556e+00
1.090502558536081024e+00
1.025677318725798592e+00
1.012041631886360982e+00
1.069313412583529299e+00
1.043815080890556857e+00
1.079802107678653034e+00
1.046946150317670021e+00
1.011839511159800642e+00
1.087706335696497550e+00
1.022112539428579714e+00
1.048361416039256921e+00
1.013115494551571460e+00
1.037781678964222021e+00
1.002013474419074512e+00
1.044384514546617515e+00
1.028973328762037953e+00
1.097848509093489078e+00
1.005775969897309885e+00
1.043949259167453292e+00
1.047509919389374211e+00
1.093539307564283636e+00
1.066233045038305294e+00
1.009855308929016315e+00
1.098364989547702564e+00
1.092933921352512217e+00
1.023745222788783105e+00
1.057924825699597893e+00
1.019499755479279957e+00
1.060416169463842984e+00
1.003616234470622981e+00
1.025039157207773499e+00
1.085244066252983197e+00
1.046302001584472174e+00
1.063842835718216140e+00
1.037991644100619615e+00
1.069048168386127040e+00
1.016256863168684355e+00
1.099784142941097720e+00
1.071670264361935798e+00
1.004870698622371217e+00
1.092770927359912658e+00
1.075258857939052737e+00
1.075315072127972726e+00
1.007349350455575054e+00
1.015839283039166041e+00
1.015051023069873493e+00
1.095547952396610292e+00
1.065973394588013656e+00
1.041293684007273290e+00
1.081027846175497631e+00
1.043175522476703865e+00
