6.938135715335472242e-02
1.772814749207742013e-03
5.682589366560901467e-02
3.890064447425442551e-02
1.115430793632576911e-04
-1.682787976459578297e-02
8.790799624723101557e-02
3.379800344760032493e-02
4.383002044352807269e-02
7.309954745082802852e-02
2.630414790938171918e-02
8.734833099439984205e-02
3.538257451947206256e-02
2.422792518168366896e-02
7.505895815830000706e-02
6.402718217716187044e-02
8.136566609867221245e-02
3.330028931690125205e-02
6.019420111149446917e-02
7.295922288521781984e-02
-4.658549931051613954e-03
4.306407464151996989e-02
2.081579452962374968e-02
5.944211736412562119e-02
4.332889750764627734e-02
1.409780479419142640e-03
6.701433938121249823e-02
2.295739148526953002e-02
-1.286702378107488880e-02
2.934837534538236800e-02
8.112710377575431397e-02
7.231209231086614675e-02
2.070273366180646127e-02
6.729196613606475141e-02
2.418816191010452268e-02
-4.599164649641850067e-03
9.152049851548273163e-02
3.544000053985495169e-02
4.244969309462170992e-02
8.204318688985173108e-03
5.470321434811008243e-02
1.168914746641378302e-02
7.971968205179014166e-02
-1.081026518714617475e-02
7.515841807042948630e-02
5.475152432090216181e-02
4.753908567221677706e-02
3.328592471228375427e-02
8.924176101329088506e-02
4.266401771263129972e-02
8.916422013907354671e-02
9.473396059099427335e-02
6.004634031890011825e-02
5.130027810420662027e-02
1.208086531491674512e-02
3.266833856649750678e-02
9.125074424663724704e-02
4.850294811821288798e-02
8.724137069209311757e-03
8.786250754595206769e-02
-1.262652535247405644e-02
9.828873213969424594e-02
-6.064871930273158310e-03
-1.279086767583265810e-02
1.761756411396510000e-02
3.573986647482722823e-02
2.372842544290582403e-02
3.021097217918300090e-02
3.489006707879323266e-02
2.599151165611026174e-02
6.049848722325061601e-02
4.088604953746251269e-02
1.894191950420093598e-02
3.279853445706841508e-02
5.115506462032869128e-02
9.017844449019542241e-02
2.150148322598896197e-02
9.649267697898056273e-02
3.915187334155217913e-02
6.451697801857197989e-02
2.253814726571521515e-03
4.392663405829093370e-02
1.431328072248186020e-02
3.804984536179960297e-02
3.515121799249822099e-03
7.077098772720183395e-02
2.731628706074476498e-03
-1.639343185569671485e-02
3.900710840580762229e-02
6.954893983860098439e-02
1.404036592278778625e-02
1.604796359299517569e-02
6.239912647913148369e-02
2.872650687874835421e-02
5.616510953315757837e-02
3.515266859208429628e-02
1.213853762016165946e-02
6.920387949040057718e-02
9.490872014348451791e-02
9.895398832399884825e-03
4.850491891585731463e-02
8.865178005719873133e-02
8.364631158182192494e-02
9.103557916322642385e-02
1.041538774448378876e-02
7.436167994152684257e-02
-6.784615653878519823e-03
7.850564207680596485e-02
7.086486210558660959e-02
-1.199678695671415642e-02
7.001343205650073509e-02
3.401837513669536683e-02
9.783096005515785898e-02
3.028249034658249059e-02
-1.947418175650859548e-02
3.056026036849298147e-02
-5.237223128247044113e-04
3.708786151588355784e-02
-3.707432019249150973e-03
9.025606466191361810e-02
-1.790341791578718700e-02
7.008656431337265125e-02
9.639404204077492433e-02
2.377024299245628428e-02
-1.699611772363042797e-02
9.874873508943489420e-02
9.747097868249574026e-02
9.429931926832836597e-02
5.620813173785843553e-02
-9.345518919446913278e-03
7.349596553612738892e-02
1.747909115515393005e-02
6.889165083935372413e-02
9.456611314957417969e-02
7.753041260630320897e-02
6.788138323493343729e-02
-1.418399749184225296e-02
1.465488425617733972e-02
3.633484665725099372e-02
9.234490632637912255e-02
-1.382526534019325182e-02
8.271062893403949290e-02
9.663800159598941175e-02
7.844601328195477397e-02
3.331614798333526473e-02
7.803168361145487730e-05
5.579705729122030888e-02
1.949072235894581603e-02
2.070404234659831144e-04
-1.732421999166491172e-02
1.928811989934010526e-02
-1.519307107323697795e-02
4.241594434745737247e-03
2.578684163905527529e-02
3.013463681490434129e-02
4.000788668093775702e-02
-5.652667153911015985e-03
5.828311808543221173e-03
6.580775189399772074e-02
-1.863273571343676202e-02
2.334130318858073858e-02
5.211232574851862309e-02
2.572906764994844012e-02
1.952089390680112127e-02
2.546610169822086447e-02
6.363595006776110591e-03
3.846060351602571814e-02
6.477507406966144521e-02
1.945283777072378054e-02
3.840202126462939625e-02
2.491186042337018361e-02
7.950866691227768956e-02
8.423456330472697123e-03
8.062607181015174485e-02
8.244446128770839544e-02
6.369845586520217484e-02
-1.123859308587994710e-02
5.594919518348488718e-02
4.955811821420001706e-02
6.334665103226788663e-02
9.733960493563299787e-02
1.690175532065949296e-02
5.409550575772280323e-02
9.354199196402704364e-02
6.754234374314770084e-02
8.487140627761359524e-02
5.687693061526864768e-02
9.760657699382199737e-02
2.983436135234801556e-03
-1.949602053022730583e-02
-3.096698649255911345e-03
-1.179903615630148971e-02
-1.908232961809460185e-02
5.035564376532369879e-02
3.857968459634106284e-02
6.173318440250073758e-02
7.096144844680607466e-02
1.379504628319025775e-02
5.203479097543374510e-02
7.066449894118902175e-02
2.949136306488736245e-02
-2.673830256680054251e-03
8.395005253455734007e-02
1.291871123849755096e-02
8.422653295443380261e-02
2.342565072437930926e-02
3.765341241400697869e-02
1.927219993289516417e-02
3.178268685464645527e-02
-7.466686191869612368e-03
6.466361531184097733e-02
8.911166240894544122e-02
8.202506740361484305e-02
6.258654675872360462e-02
2.841969199590925824e-02
4.895502403776914868e-02
4.709083686418161219e-03
9.202154900578668473e-02
7.036168638359617533e-02
5.404979323321874862e-02
5.907250070496258831e-02
-1.490909150480749894e-02
6.699833968245375027e-02
4.479988383252937745e-02
8.356254169222530892e-02
2.825867534595842556e-04
7.771046846646186002e-02
4.339311064334737400e-02
4.306576336261599969e-02
6.009457173474930247e-02
6.137814214128137213e-02
6.573243305356615829e-02
4.422938831821732197e-02
5.877741253969061275e-02
2.252441063558763626e-02
6.238300893283146853e-02
9.007816506129687206e-02
4.412941433216029108e-04
9.084642793838429431e-02
6.743282190993810099e-02
-1.134709100238843853e-02
6.258397941438262335e-02
1.022495001424175015e-03
4.376212770002564645e-02
4.759801025730535373e-02
4.235453382814144407e-02
-1.412712216286764882e-02
9.076704954203815290e-02
6.852931722488947441e-02
-7.438865290596851504e-03
4.203753003761297180e-02
-7.061333314125811667e-03
6.596189727327447794e-02
4.308010870182350793e-02
3.188499436048990165e-02
3.576222316633438647e-03
3.119126562913111453e-02
-7.067702563228278612e-03
6.220615442083447799e-02
9.993539928607515777e-02
6.743573494514956690e-02
-1.835689618498405687e-02
8.989511654683464414e-02
1.811523189016015986e-02
1.243040502631435548e-02
-2.804737009619282656e-03
5.279336498217862550e-02
-1.254775937403428132e-02
-1.630952718698004331e-02
9.481526075549312482e-02
3.472849029150988642e-02
5.039228036528495269e-02
7.259251765448516969e-02
7.422573138672503013e-02
8.175515806509733863e-02
5.072046669994371981e-02
9.884827418799059517e-02
7.620263747236161178e-02
1.548720582190086029e-02
6.839084152999670707e-02
6.286629746796448814e-02
3.264123434238294652e-02
-1.671790763620913112e-02
6.353879461347879121e-02
5.334386129109329466e-02
1.257842355924099556e-02
2.055598648348610710e-02
9.367701555555212056e-02
7.430602153125770437e-04
6.362855677884655947e-02
5.153373983234776912e-02
-1.232069845798355011e-02
3.230883184691653309e-02
7.081048328549646720e-02
8.123987272894543643e-02
2.495240360585938497e-02
2.076158430421656473e-02
7.865246217501145609e-02
-1.727833936966361936e-02
1.848286855263104808e-02
7.303086508355426110e-02
1.630744960582425698e-02
9.046255012044421284e-02
7.888229869018471840e-02
4.507764055053016528e-02
8.883032275290508872e-02
4.062576102701397074e-02
8.865213989461502575e-02
6.412890739593636591e-02
5.844495665303849063e-02
8.892005721766185755e-02
3.734020773727936976e-03
4.257008340415688319e-02
8.139163806721060046e-02
8.925919339490845372e-02
9.699154296982076540e-02
3.938014761047578527e-02
3.520005402298669039e-02
6.744401392741694590e-02
9.408463391533949949e-02
6.612428809695516940e-02
5.919906231037701250e-02
-1.841717752533722496e-02
-6.036691697320559213e-03
9.926621807331395542e-02
6.171217657374650223e-02
-3.410851402361508161e-03
3.373182828778679976e-02
2.269767689894517174e-02
3.914948388483417002e-03
9.993045255868651666e-02
-1.465480084985003838e-02
3.483675195055714602e-02
2.506345693847014319e-02
3.276600477102674380e-02
4.742943444081464122e-02
-3.407463893967913049e-03
-2.179518047568426709e-03
-1.568277844631267223e-02
-5.555346128449233090e-03
3.052083070914197657e-02
-5.958893312524752434e-03
2.251120731405318112e-02
6.676507461606523419e-02
4.675119799355287320e-02
5.974513826922922544e-02
2.148792842380571264e-02
4.270880054672504533e-02
4.593087578700665030e-02
-6.961795490775987347e-03
9.525669645519788120e-02
1.643110947392428106e-03
-1.164589736952642736e-02
8.632696648503956904e-02
6.321298812234564524e-02
9.038083631274571039e-02
1.955388713947124255e-02
7.468118511211696564e-02
5.548148846935530010e-02
8.983254972320604825e-02
1.015907200674599775e-02
-9.670024537014113020e-04
4.611425921870576650e-02
7.321741233704819052e-02
5.046955077949179247e-02
8.686480356939972614e-02
7.483097211837992646e-02
1.460374700202674014e-03
6.713800775344485466e-03
8.237381377176214436e-02
2.860008244816348785e-02
8.390043871043943724e-02
3.084808517703839167e-02
8.788467692633719630e-02
8.994474942118527161e-02
7.700486940713756334e-02
4.848032972754070385e-03
4.245551983613746194e-02
9.256614437718578559e-02
8.335237830139645421e-02
7.676872444141706608e-02
1.675973389418997442e-02
8.476617365419365779e-02
7.318159566206332289e-02
8.831728866488777752e-02
8.667892938544416448e-02
9.888378156323929247e-02
-6.785389294501684501e-03
3.655619244770624832e-02
9.860116268728996713e-02
3.809030467478430326e-02
4.242677434418520854e-02
6.333522323133346232e-02
5.263390263238135192e-02
1.954069839285709625e-03
7.147305323460687032e-02
9.277341537848861341e-02
2.068256287826374454e-02
7.174600438089692722e-02
3.784256778917373387e-02
9.029674407428586735e-02
3.332221704795883255e-02
8.278987804002609086e-02
9.666892722827696849e-02
5.718868844317766265e-02
5.600016277820386856e-02
7.745585744104535597e-02
-5.028587595455142820e-03
3.525597811378020086e-02
3.816712677994518743e-02
7.120166261364222621e-03
1.745976641649131175e-02
1.610635541660880923e-02
6.551177935050771228e-02
-8.496687321358695894e-03
2.819186368258752226e-02
4.353016169219560416e-02
8.495054799857654215e-02
9.633060704445013667e-02
3.461796619044642254e-02
2.845017350495188460e-02
7.776087504357669100e-02
5.183713291878698504e-02
4.294468792718379724e-02
2.342595224206159635e-02
6.353917947408985190e-02
6.211060225544899616e-02
6.023066621806276444e-02
7.849994568494923775e-02
-4.808647817542630043e-03
2.705487024811728189e-02
6.128149788304761147e-03
5.273868401307674203e-02
8.557473744216838318e-02
9.265379124114019038e-02
5.545104161272067234e-02
8.865388377698162070e-02
4.143306419255717021e-02
2.940153000446502421e-02
1.091038925535477155e-02
3.262902908310086336e-02
4.414366187300379496e-02
8.739296131934366774e-02
6.763747632889234584e-02
-1.777221359809872184e-02
7.820050635175794518e-02
2.636446195671396028e-02
-7.182721184452182245e-03
6.596334493961190926e-02
3.131834077289391560e-02
-1.060038981155705592e-02
2.392297541253826307e-02
9.551459537697072621e-03
2.594082976503088098e-02
6.001448575657003515e-02
6.397259099878839506e-02
3.492592196193393395e-02
3.492147204270799193e-03
1.650183740685562742e-02
-1.913159998093295899e-02
8.629770197913447238e-02
8.258701436676207930e-02
-3.465839914165526336e-03
5.587778962824684059e-02
2.987430722309182204e-02
7.360233711294394965e-02
9.440772448078019186e-03
3.317245158064822952e-02
4.116140988584826577e-02
7.148393617153522839e-02
8.231049477194746222e-02
7.011872363194052160e-02
7.941674797362444083e-02
-1.225018336348824774e-02
6.567581275337046331e-02
6.927418137314947377e-02
3.367479473614065633e-02
6.483177888111930909e-02
3.615029901535928014e-02
8.821417785232896214e-02
7.870938873876849595e-02
4.319425809665912441e-02
5.483622183360552932e-03
1.567374369116105240e-02
2.963065351505060965e-02
6.671930561948209715e-02
8.730239330975370082e-02
3.800807690729576804e-02
5.087988468074969295e-02
3.160237705102655892e-02
4.012966500362695477e-02
9.862142032318131635e-02
-1.262924600774909673e-02
9.021055035395864063e-02
5.195422475127979556e-02
3.595111655583305144e-02
1.982999798615052781e-02
2.059980334031020696e-02
5.525020276909105299e-03
3.510471373803603079e-02
