1.085552577631122340e+00
1.031067693071416658e+00
1.074088343790821076e+00
1.026727922147857797e+00
1.068570774466397033e+00
1.056857692352958455e+00
1.041296981273600375e+00
1.034055703253281111e+00
1.002558151721171242e+00
1.007332896480070961e+00
1.087752120727881966e+00
1.087986230744209637e+00
1.064866546891451993e+00
1.070528039255311814e+00
1.053568768904200814e+00
1.069281773303951466e+00
1.033915947735598806e+00
1.058628660678152311e+00
1.043157192972223424e+00
1.082026447540366920e+00
1.018786716761358901e+00
1.079186627129231857e+00
1.052294101885719702e+00
1.012546749633551180e+00
1.086544771711426050e+00
1.025064734254746979e+00
1.088898727855646564e+00
1.048105413792905560e+00
1.014854945438314449e+00
1.051568147030291556e+00
1.082580535089261664e+00
1.036758997632695412e+00
1.072886609501907840e+00
1.020688920560262947e+00
1.087043798233627401e+00
1.054524210133190865e+00
1.047423966898056502e+00
1.027438108063730704e+00
1.001679432518770341e+00
1.083886742107859735e+00
1.098298202827839853e+00
1.087899451766304981e+00
1.045364214183840401e+00
1.029690289035367634e+00
1.025354557184309234e+00
1.004069122149913618e+00
1.065282181079031831e+00
1.054585671235675148e+00
1.032416825107017599e+00
1.069150146500610132e+00
1.050093931018244442e+00
1.037128443567919556e+00
1.025758249200138472e+00
1.038801946439397828e+00
1.099835575227975148e+00
1.058483581981365163e+00
1.056758052701180395e+00
1.050737338101723983e+00
1.093223492915005757e+00
1.087126090661371114e+00
1.034979452496130881e+00
1.067576129207429725e+00
1.067506199069256478e+00
1.002018698359275151e+00
1.092341908156430508e+00
1.087767112993070162e+00
1.050695103196927604e+00
1.038566917866465822e+00
1.007875053433197721e+00
1.022152703868913548e+00
1.041079898082990951e+00
1.060799592135053704e+00
1.015304635739059602e+00
1.032724012717163076e+00
1.075623718846870025e+00
1.000199416223094273e+00
1.024893305475375938e+00
1.022937417397114856e+00
1.058711979675443615e+00
1.008672108403219303e+00
1.074392737417399823e+00
1.033845675356631633e+00
1.082293849228823657e+00
1.009942933136748433e+00
1.001829990598193554e+00
1.088629871901299451e+00
1.076061906933558854e+00
1.090128489426090752e+00
1.014274376382910070e+00
1.032122814753973383e+00
1.070218028241524788e+00
1.035104618263623655e+00
1.083043634506108743e+00
1.069927898832264246e+00
1.033106671969085788e+00
1.009787246658623738e+00
1.068294678445492751e+00
1.017288882224276936e+00
1.060397861041532996e+00
1.045152737086041839e+00
1.035915499326548694e+00
1.072703138940212630e+00
1.099738639460893896e+00
1.073370298243076393e+00
1.042088100998297406e+00
1.063871412796187021e+00
1.060791829112708973e+00
1.034600702045253451e+00
1.090650222866371033e+00
1.015918079227986937e+00
1.082923508889897857e+00
1.044602508212135961e+00
1.078600805835695509e+00
1.010661447539558999e+00
1.067457162146095984e+00
1.079373919382063285e+00
1.086622681978565819e+00
1.064383299823120854e+00
1.034671947896238065e+00
1.069910835823181694e+00
1.029500622135870236e+00
1.080808858424082697e+00
1.034193765436015156e+00
1.090106341896489583e+00
1.099365277919524431e+00
1.047837262515817880e+00
1.052642502672707536e+00
1.076286859747856983e+00
1.052411102194224402e+00
1.046738967452646163e+00
1.062703530642852501e+00
1.018245447377015056e+00
1.066405912128104205e+00
1.042460361339872854e+00
1.034543324320330360e+00
1.000045699978987734e+00
1.096910726008011316e+00
1.084252372750500681e+00
1.086952450040486351e+00
1.055130845183697152e+00
1.031114955572207448e+00
1.056752459759842777e+00
1.005494920617669319e+00
1.061674752556221346e+00
1.049572561773235879e+00
1.050335539261501250e+00
1.018604836099103350e+00
1.012375793117402667e+00
1.083236742203826930e+00
1.065302475873733945e+00
1.074702359165904619e+00
1.054607808978673900e+00
1.059704026636797414e+00
1.010068205627798088e+00
1.074914569612778203e+00
1.016253892588742547e+00
1.033149414070710703e+00
1.012134608683064929e+00
1.061063991732807077e+00
1.082824338706181777e+00
1.086853930603144835e+00
1.045982689324977510e+00
1.075934230657520807e+00
1.014852540778083068e+00
1.008178336739004699e+00
1.035548447558069851e+00
1.054313984848513686e+00
1.013056052538312324e+00
1.070851756840102142e+00
1.081779477365563347e+00
1.082800567431470240e+00
1.012983893382896294e+00
1.066368476448438463e+00
1.039345868977560983e+00
1.094039600555090086e+00
1.089733190240011140e+00
1.038576422184848358e+00
1.010235873583893440e+00
1.083488891831065892e+00
1.038247538636507983e+00
1.002111397505868418e+00
1.092493908904744293e+00
1.067637991295909972e+00
1.005457336038023897e+00
1.040398170179186232e+00
1.058709529922848835e+00
1.069321350882898258e+00
1.055205461192856520e+00
1.027388871237457035e+00
1.058449617608215654e+00
1.030408847421135032e+00
1.050834116608637681e+00
1.037936702896906649e+00
1.076676690505534717e+00
1.019292630216271700e+00
1.008138982988131094e+00
1.008347039629471364e+00
1.031770355020562357e+00
1.077624310471670288e+00
1.029307368904124775e+00
1.050869981975791179e+00
1.040870903842175954e+00
1.077811369611497039e+00
1.055002313965919036e+00
1.056163691752208811e+00
1.008613031824532991e+00
1.067320603403157708e+00
1.016191622945295192e+00
1.074564721040025539e+00
1.087037616398016660e+00
1.025307039112203666e+00
1.066382945836462648e+00
1.056035439571584966e+00
1.081695364972652840e+00
1.072177788596435644e+00
1.012489859714384099e+00
1.035890265656186804e+00
1.079201671123924289e+00
1.055155806062432200e+00
1.022895823310522090e+00
1.058592829483422593e+00
1.050586447775653465e+00
1.031654181527557945e+00
1.054200189413620592e+00
1.058744510648831127e+00
1.029058769231793402e+00
1.069816139986469405e+00
1.007417528672986506e+00
1.002126843184206750e+00
1.089491006076199309e+00
1.055647037416638900e+00
1.037030220739899367e+00
1.072313565828710402e+00
1.075498628792020517e+00
1.050338370327622561e+00
1.010659475031156607e+00
1.037273884090343490e+00
1.043288159022118355e+00
1.043289553155021920e+00
1.063083796848594886e+00
1.047677283255190162e+00
1.064074308801115532e+00
1.087495239682473303e+00
1.090560190089293835e+00
1.031374743965155272e+00
1.026793719380230341e+00
1.086680330298563479e+00
1.002090438501584302e+00
1.098259102569087764e+00
1.026585006365549058e+00
1.094450978136248143e+00
1.041845264556519268e+00
1.013145166286509191e+00
1.006061951237728902e+00
1.033868358560417144e+00
1.050527965593546442e+00
1.001112158318016254e+00
1.007493477290041017e+00
1.037180831694371808e+00
1.075505287855161418e+00
1.088614392208336223e+00
1.022856863965523777e+00
1.011248566641989699e+00
1.054309020234627914e+00
1.051413373806776796e+00
1.072181285491225378e+00
1.000017205256060304e+00
1.077799410759188614e+00
1.086291962269829048e+00
1.022323561660299251e+00
1.037171356237366560e+00
1.012256149506916225e+00
1.059817199391181131e+00
1.000536121764823427e+00
1.090147548679307077e+00
1.078738063568323025e+00
1.078227669935453825e+00
1.067468023196864735e+00
1.003275291814633263e+00
1.066896268943414272e+00
1.011221397565099211e+00
1.012938374171123090e+00
1.074334554455668833e+00
1.030072921618420123e+00
1.058447314187959565e+00
1.067903717138692254e+00
1.066225107606744826e+00
1.007138960343477940e+00
1.047075307065340466e+00
1.084636438521181967e+00
1.061497294155051563e+00
1.068275185186184473e+00
1.065367316897300576e+00
1.019691928436389672e+00
1.027830969957188811e+00
1.036816896182839454e+00
1.041160916190065455e+00
1.050371431524309562e+00
1.099891216165703289e+00
1.022211740830710980e+00
1.038600577225903709e+00
1.075222467060862330e+00
1.056343500604276731e+00
1.037590943777949137e+00
1.070122405969859969e+00
1.048707765458128716e+00
1.020375207888587710e+00
1.035123091853239030e+00
1.008253683093512931e+00
1.057299960304246333e+00
1.095205602731951888e+00
1.015279106688135702e+00
1.030564165618529593e+00
1.029782140115405475e+00
1.099668352511174785e+00
1.061022825544394310e+00
1.060452728597645056e+00
1.036986914389705916e+00
1.055582945110400406e+00
1.071715776400274045e+00
1.044497237484667274e+00
1.095511403178046628e+00
1.015922980674430764e+00
1.029887500499582442e+00
1.020570578893935432e+00
1.098955005892969128e+00
1.041032484904422351e+00
1.062298337550511285e+00
1.092429573966839929e+00
1.047531900345947342e+00
1.009229545166523190e+00
1.061388012255030766e+00
1.080612486336947065e+00
1.081350986878753861e+00
1.055821855961978528e+00
1.030887527828415307e+00
1.073229951317595798e+00
1.067010801685840615e+00
1.051526076270276278e+00
1.024088137933923282e+00
1.078987892057534204e+00
1.036750017563360382e+00
1.058693656263866689e+00
1.004975501400825255e+00
1.077391414814156789e+00
1.035482649329133586e+00
1.089776718165891056e+00
1.017893102485999846e+00
1.035600536341182654e+00
1.086847140919406707e+00
1.057045087161244235e+00
1.051938747832058763e+00
1.044023045233658076e+00
1.076304800255339256e+00
1.088852398866929860e+00
1.014069997987096183e+00
1.097960673626679817e+00
1.062572244141722688e+00
1.043071915225557644e+00
1.033628744183551884e+00
1.069820557917642079e+00
1.045571790128992040e+00
1.036255677361347605e+00
1.046066598619058263e+00
1.074521442181961106e+00
1.039888018099835332e+00
1.015614806978741402e+00
1.019176158097853113e+00
1.003170811205251978e+00
1.069501535370024126e+00
1.058812729560181465e+00
1.003254968296525940e+00
1.092989345066833540e+00
1.091525034976763342e+00
1.007945654282184966e+00
1.023764102494798989e+00
1.054733196675439411e+00
1.053283217320045040e+00
1.039112234891690800e+00
1.019564933227577352e+00
1.008426513443311689e+00
1.097000436673854384e+00
1.076660000547451590e+00
1.033553244026492735e+00
1.006447664043550017e+00
1.055392339450106576e+00
1.064261471093755018e+00
1.055786573552311536e+00
1.042945166184334971e+00
1.004569750295091435e+00
1.009958972746379802e+00
1.014943369310536747e+00
1.099641298341602180e+00
1.077659039920344286e+00
1.096827531290786251e+00
1.094292986313239346e+00
1.084025378736758638e+00
1.046522826896342462e+00
1.005570501674130979e+00
1.089017686853474443e+00
1.003024204017738841e+00
1.077329578182269154e+00
1.013831983943032755e+00
1.008925231525192201e+00
1.057698444903973245e+00
1.043622419187551609e+00
1.025961140587789089e+00
1.025946127286096132e+00
1.027085032316955360e+00
1.059740569700947210e+00
1.092972703046835470e+00
1.020442682139233614e+00
1.059774704196750905e+00
1.083639635271087531e+00
1.045334892855809938e+00
1.006807245759619995e+00
1.052106092176417595e+00
1.024452117354744951e+00
1.005222337991974912e+00
1.048360789025000184e+00
1.018353097925504880e+00
1.064463242935519194e+00
1.015979014395918645e+00
1.070736947021905472e+00
1.077956570976004835e+00
1.038829658540272760e+00
1.020204573612676358e+00
1.018236308240188626e+00
1.010777431964515083e+00
1.037220726957097883e+00
1.049308489751054285e+00
1.044791717947550769e+00
1.017061867149011700e+00
1.057008445757637416e+00
1.062684690364558815e+00
1.016029299731957325e+00
1.049551430260390328e+00
1.003105437364369745e+00
1.014681921274473098e+00
1.002517063823657351e+00
1.090575398133925900e+00
1.001956702062966054e+00
1.064380163174317939e+00
1.014014093066043287e+00
1.004335717829097252e+00
1.000111071127094187e+00
1.038785884596283848e+00
1.001380708892539717e+00
1.067743874182289998e+00
1.036629650606572417e+00
1.073046536804146855e+00
1.047070074701586861e+00
1.062745914739773756e+00
1.073870779279238352e+00
1.012644954125831109e+00
1.018691805468828537e+00
1.004679598686169184e+00
1.097870735119050645e+00
1.099677068472991959e+00
1.096183792175811300e+00
1.017744429908022274e+00
1.012458563362338415e+00
1.065265344431682193e+00
1.079049649661287358e+00
1.041887472322972963e+00
1.029487756322432945e+00
1.035534573362781874e+00
1.069384625402113986e+00
1.010647251909418287e+00
1.038089648582306568e+00
1.083931481682043563e+00
1.074238843736644355e+00
1.095992049321870221e+00
1.088834749759646447e+00
1.053547022016715351e+00
1.037883645804055899e+00
1.056679148763701059e+00
1.060227795458999589e+00
1.058982731429363167e+00
1.098864107654715205e+00
1.028055950924684714e+00
1.000895389422793880e+00
1.068438064800576903e+00
1.068032553952206198e+00
1.086004880635221603e+00
1.099187672629482693e+00
1.087603218004950412e+00
1.079446351111782665e+00
1.033357937454558950e+00
1.052618742653399719e+00
1.091976114342053217e+00
1.096192229452861877e+00
1.071571770084008834e+00
1.093184120147306704e+00
1.029244205285332114e+00
1.068641937899908578e+00
1.007033462090920706e+00
1.060037087388030486e+00
1.009533006111254183e+00
1.067707570293886521e+00
