2.528154344361134218e-02
4.174994143307303451e-02
-1.644588253762900229e-02
1.945894478392581547e-02
3.766101592549264687e-02
5.298664941163784559e-02
5.848322105265358478e-03
8.691657492822368880e-02
4.193596181759734476e-02
4.214005270704472561e-02
-1.587421540953246751e-02
8.704811260835700060e-02
7.440361600423760213e-02
4.022741530200572846e-02
6.600161916675652274e-02
-1.379752363759143008e-02
-8.601789343345895428e-03
-4.333383181074842300e-03
6.029097748335111862e-02
9.369355256918704411e-02
1.732529395724116683e-03
6.138045949286345671e-02
8.816456761868419340e-03
1.692023944059079313e-02
2.961114145659653543e-02
-1.588087761790748023e-02
3.210338049939108485e-02
-1.293601582719320145e-02
-1.548195992748273991e-02
-2.983317165600157805e-03
6.913257278049715626e-02
9.492851400625620939e-02
9.588299463868669992e-02
8.491998584337553946e-02
-1.353165044907397516e-02
4.591136275404600342e-02
7.244122522102372508e-02
3.511555374124157580e-02
6.701984416247683263e-02
4.340347555200269047e-02
-1.035883078272523648e-02
2.259498255400631608e-02
-1.375090985510441302e-02
2.601885053395259703e-02
-1.030822123330323893e-02
5.733113613394018315e-02
2.846082654767497985e-02
9.018413123435438383e-02
4.312235954337101385e-02
-1.889282786117332108e-02
9.801154621436322656e-02
2.659809846042274564e-02
-4.667368429324410956e-03
-1.687091398257378402e-02
7.974932433383449815e-02
4.092157661465865848e-02
3.143361817868373098e-02
-3.672602108732714310e-05
7.682595802208054547e-02
4.619660364170431743e-02
-5.629395582453598085e-03
4.620599896335976509e-02
8.217821355209206646e-02
1.288590925947591045e-02
6.536733747834316821e-02
-1.024959945781903081e-03
6.487898876724415564e-02
6.430268170930085458e-02
-1.460027919684434537e-02
1.188737703435857260e-02
-6.121093250966937530e-03
3.477770883278524794e-02
8.753921958530877512e-03
3.136548740181360068e-03
7.843968389149190423e-02
9.624811905843044801e-02
1.026465531505600659e-02
9.411919780352903664e-02
8.571274739359470429e-02
5.310460248479935419e-02
8.740322051942585324e-02
9.969835404754054387e-02
-1.816023680693441139e-02
-1.892366221131061912e-02
4.982140562321628330e-02
6.571152683412320727e-02
5.665783645428845716e-02
-1.314527171847761425e-02
3.001007216320167661e-02
-1.395199016593904814e-02
2.219962278446635864e-02
8.038957421447358309e-02
2.891940516488960070e-02
9.796808202425745515e-02
1.904716718320480229e-03
-1.788125045169185190e-02
3.566743784516661353e-02
1.635763417720023302e-02
-1.234352041580071696e-02
7.301402806900895992e-02
5.604447012675924100e-02
-1.807740629622963877e-02
9.044949546745152669e-04
6.237144982103412505e-03
3.475803962306001776e-03
2.140360165496781389e-02
8.585659624660257894e-02
-1.044265435312637623e-02
4.580022013638898604e-04
7.795049847779472740e-02
2.075661845956874516e-02
4.569800371121980620e-02
-3.090449664430353072e-03
4.387015350251791124e-02
6.150299481540248692e-02
-1.169132675972146991e-02
7.957764859952513870e-02
7.866334284091391904e-02
5.572287473842876815e-02
6.102524635695764921e-02
4.323629417879938652e-02
7.833064555247659655e-02
-1.442204713934072680e-02
9.493444725150906871e-02
2.818960292648291580e-02
4.691838436620829333e-02
9.000924682575298097e-02
5.538090106823027881e-02
4.886536029668109293e-02
3.384346171233960920e-02
5.007032421900213526e-02
8.963334969641102712e-02
7.370956391888928982e-02
8.264268565384406962e-02
8.256875652729041282e-03
-2.680979600742219859e-03
5.566971556522086473e-02
1.718274403163915290e-02
-1.047428585177440780e-03
1.894853468640190705e-02
9.352479185203177448e-02
-1.106791075797492092e-02
7.736929167000257401e-02
5.643708572814538915e-02
9.585747804065992972e-02
5.968622286940854227e-02
6.130296588723813112e-02
7.824458611975435018e-02
7.047171704127762337e-02
-7.141061361056725079e-03
-1.495945320974901085e-02
8.657726351984988689e-02
-8.681975060645226450e-03
9.565211989437467921e-02
1.516197016039489906e-02
3.000640542496085111e-03
-1.002638564170199066e-02
5.398824071516253320e-02
-7.970161665717227784e-04
7.363622551110877990e-02
5.733752340467523911e-02
4.473714603511499965e-02
1.575768568743388456e-02
5.100628750094711450e-02
7.169860093720373251e-02
8.386592758434179007e-02
7.508212382224424553e-02
7.785202332728252683e-02
4.141167082153385248e-02
2.749050376635057621e-02
-9.924375144900547327e-03
-7.201866732317693809e-03
2.848920776840598371e-02
1.037334024635639187e-02
8.594712311883517808e-02
5.504779129010155259e-02
2.631068969637357854e-02
2.002455131593361762e-02
-1.590876837454105810e-02
7.647383809124640164e-02
4.530858871364483453e-02
2.762024852331157812e-02
9.853964481296420552e-02
3.553925153597201070e-02
-5.213725638745407912e-03
-7.183975983479811908e-03
8.294342139103060008e-02
7.170835375289973113e-02
5.921331450185894629e-02
5.989913477313747042e-03
6.890965310935849575e-02
9.282941914743103595e-02
7.363047376274187150e-02
4.476198811272549816e-02
-1.859974497378913752e-02
4.603986578081979697e-02
-1.640760475393751583e-02
8.596488116463014972e-02
6.810081667088596635e-02
3.920185574470869128e-02
7.454282766954371808e-02
8.777631302317835671e-02
7.886150207237600795e-02
1.960457759829302427e-03
5.109303705740757262e-02
-6.955982010270783666e-03
9.867669965083875061e-02
-6.295478220969248292e-03
5.867602112203159498e-03
6.297755961073462500e-03
-1.678563250329837692e-02
5.825213328472551855e-02
3.528510205429624680e-02
9.915783494360852490e-02
-9.407479831576965115e-03
4.239324905758948270e-02
-6.811685438775265736e-03
8.759496062716724818e-02
8.785503561489524382e-02
6.892974332226947665e-02
1.738574545146066505e-02
2.618321979600209820e-03
6.092116625766337557e-02
2.138717172005651437e-02
8.743898700902086318e-02
6.731669645193438800e-02
6.874243458328173351e-02
1.834234732691596495e-02
2.585931736226073155e-02
-1.380897538904883939e-02
2.590536403079090125e-02
5.950630939759041227e-02
4.449100059682166430e-02
9.082170242089863954e-02
8.772894568510812563e-02
6.936420243726552914e-02
6.403936100835329326e-02
5.421275231364372504e-02
7.280918085134456541e-02
1.171201432779679988e-02
-1.750036107274928476e-03
4.548690831800059065e-02
8.453418478545271508e-02
7.727170100040867129e-02
1.504933774236483918e-03
-1.229880774056037185e-04
5.401641765583323207e-02
9.053301625964940702e-02
7.185795587308441146e-02
6.742829992566999608e-02
6.056864994097785337e-02
3.870201564836972530e-02
2.393667129497601895e-02
9.099460437111567268e-02
6.873941659648062641e-02
1.129265590652572468e-02
6.764780490184781059e-02
6.310173558577464314e-02
2.209498458336232526e-02
-6.059182892262583026e-03
-9.766521731925536035e-03
6.276742259435239002e-02
7.847876252130595032e-02
9.679075571803572031e-02
8.439104356352306047e-02
6.474132518885584997e-02
7.753133045625702768e-02
7.942873946292092202e-02
5.635808874641959343e-02
7.159309301815183768e-02
8.526477933581518009e-02
-1.273487588773391729e-02
4.382748311118107865e-02
6.795067715663436619e-03
2.007672960166737366e-02
1.483319620585756698e-03
-1.286030541170729742e-02
1.386275436908821282e-02
3.582324621009908006e-02
-1.378366926465822428e-02
1.815699753927297114e-02
8.217207825008124300e-02
2.802875419347416672e-02
2.041772437595680903e-02
6.292221263016757604e-02
8.846791926931867750e-03
2.795027505347615418e-02
-2.741756404161081045e-03
4.643917936387771672e-02
9.917855283866801319e-03
2.193000137381805395e-02
7.294675023554435256e-02
8.593672066181885782e-02
4.639479365690979407e-03
3.974776498466617292e-02
7.322930024152921047e-03
4.358240682082463457e-02
9.188808920270895297e-02
9.938655050581426953e-02
3.425467578325420981e-02
-4.873674040213051353e-03
3.864794463525648982e-02
8.980698718568506933e-02
6.754151073830121088e-02
7.065346076705955602e-02
8.405768249794377811e-02
5.799003073655746576e-02
5.982042472571494351e-02
5.968371286699357403e-02
7.766221193027848801e-02
2.859781836576206007e-02
9.211722167278288409e-02
1.354109464280789030e-02
2.715971468111879131e-02
3.658850913199408750e-02
8.549982809365384850e-02
-8.033617319445367569e-03
3.647500529611441555e-02
6.278885970116201976e-02
1.414684882429157256e-02
9.161916432243483177e-02
-1.096727390364275571e-02
-1.699340178512749253e-02
4.403100938082893379e-02
6.477161451163858386e-02
4.500849414977257934e-02
8.842024178903525045e-02
5.830675962161546710e-02
5.765843699657130506e-02
5.371206136484445171e-02
-1.333541438290959669e-03
3.097720891787961520e-02
6.076011041137711899e-02
5.918619331018677709e-02
-1.076610558917913754e-02
5.370958824158657274e-02
3.625008747073403537e-02
7.085649786538211758e-02
2.357079875121927473e-02
-9.707422170512982479e-03
3.911778911486241822e-03
4.983688872174550644e-02
-2.325051149231524561e-03
9.515636529208057470e-02
7.578077860571123814e-02
3.327408881311613720e-02
1.239065460970212654e-02
6.951503843927293869e-02
1.690107464240593257e-02
4.611293991110011758e-02
4.406539435712056307e-02
5.103140880276946234e-02
-6.869720800447728232e-03
4.362693662050663723e-02
1.175906441829168911e-02
5.947373433422387112e-03
4.608774447424431042e-02
-1.868186087496306880e-02
-8.369863272429349868e-03
-1.419160990320616003e-02
9.172208483144700386e-02
1.917552587896253699e-02
2.624057364742242784e-02
-1.656267573986137942e-02
2.558315476608003305e-02
3.304549635583318989e-02
2.682266818743586287e-02
4.183733307086316688e-02
-1.631846695559868721e-02
-4.046875915438844645e-03
-8.737151002115845985e-03
1.654357817553605767e-02
5.114288969393285256e-02
3.427688231175211875e-02
5.715931008050394169e-02
9.882845531753330082e-02
-5.682646342790106594e-03
-1.343358307967063708e-02
4.510279316978102471e-02
3.140730752914586144e-04
3.939631398853050276e-03
8.282493163825223326e-02
1.043475765287339360e-02
4.033085501641149595e-02
1.322218864137251690e-02
3.681778018661092944e-02
8.918447261855932950e-02
4.986091783430560143e-02
7.032586542201560431e-02
-1.075079953186015846e-03
8.592269458034026974e-02
7.767002717462492822e-02
9.171060678665308996e-02
-1.094421283128402082e-02
9.668217411699053798e-02
3.707285141158621344e-02
5.300912499855768567e-02
9.577458950852560382e-02
-4.095801154240623354e-04
-1.078830435459811332e-02
8.461898568027809153e-02
6.906745641931376356e-02
2.732947237175219896e-03
6.980903434583261846e-04
8.314363302284810686e-02
1.474422922242248427e-02
9.254410668573839760e-02
-1.319401559431686820e-02
5.584654986679678246e-02
8.147759430765270927e-02
8.686030358315627309e-02
-2.771340998413970164e-03
6.729665760312047995e-02
1.890780146730778460e-03
7.812078589650263416e-02
8.013792184164987564e-03
2.966050872034636451e-02
5.566535129269473137e-02
1.806453562192224596e-02
5.602259152119513919e-02
3.152765102545647402e-03
8.033834003685144665e-02
5.968006779969413367e-02
7.817930336524116230e-02
1.899553344764896498e-02
2.768138822019346537e-02
2.386317611981208023e-02
6.725859434628493616e-02
4.791461806196894990e-02
7.646063176149454216e-03
5.767912706399661027e-02
1.039407836155785414e-02
5.623913980501552001e-02
3.426219345826786444e-02
2.836607013904566751e-02
7.312305272027157244e-02
-1.318540760518540494e-03
2.231608440638927285e-02
3.883555205214848927e-02
8.396256941443588917e-02
1.223665175499899158e-02
-7.141876238206029681e-03
2.050570286356436303e-02
8.107626064734285709e-02
1.040060063085724781e-02
8.015405995259873573e-02
8.008492239593728579e-02
-9.263057053799860288e-03
7.324856175575368555e-02
7.062624929763552939e-02
1.854567008911263762e-02
-6.628074707809532631e-03
-6.722504508540593990e-03
4.199512332497812306e-02
6.216460729026068721e-02
2.959094654611208255e-02
1.516252776549845485e-02
2.919805467719130063e-02
7.132018529545207375e-02
8.697293615962732594e-02
4.037558030327986769e-04
5.730992816821413316e-02
6.411717946466426871e-03
7.616181651458951707e-02
1.145240011506668334e-02
5.629052592917789533e-02
-6.600270374117317082e-03
9.366988537653425650e-02
-3.186621902590159455e-03
-1.707920270400918594e-03
-1.255226199245619047e-02
-6.209084285047320947e-03
2.219875025972428348e-02
3.612547868699585163e-02
7.202485004977557392e-02
-9.100939933885445268e-03
-1.564462998755045825e-02
2.017226337430556501e-02
3.523187489948545470e-02
-3.898272754313696076e-03
4.857071164672201180e-02
-7.254206275693611192e-03
5.811103002047982025e-02
8.171405128622202807e-02
3.513954828792918705e-02
6.057402084194542236e-02
1.017900312134338570e-02
-8.487729410374535849e-03
5.956530001877505254e-02
2.022103531917527827e-02
7.449364905306656015e-02
5.738064285335239822e-02
1.743782314806440956e-02
1.579199714933396739e-02
5.253345159240974116e-03
-1.505094462199358524e-02
-1.676587612700465579e-02
3.414084579853350621e-04
1.085498323360927983e-02
2.730773276134884978e-02
