1.059597435347454875e+00
1.049100700052372437e+00
1.057898419890190622e+00
1.082880223812386911e+00
1.040619182751305383e+00
1.058844153885027062e+00
1.028530351163720269e+00
1.069912883041205465e+00
1.027278232913702904e+00
1.058381690799047314e+00
1.011645951682821787e+00
1.007877077885368289e+00
1.084926407187360553e+00
1.028385938685011824e+00
1.094860392841536578e+00
1.073806402084182654e+00
1.091430317236979031e+00
1.018532592658567548e+00
1.062866284373782833e+00
1.056709876838579865e+00
1.076924489580281419e+00
1.086054638795328486e+00
1.064836019073750473e+00
1.020089538236361060e+00
1.085295398167484215e+00
1.057556971096628828e+00
1.063289935875655345e+00
1.097876681011691558e+00
1.013374795849698362e+00
1.062352370135901447e+00
1.051934218357677420e+00
1.060717461558865260e+00
1.066630261973034344e+00
1.084341635465722931e+00
1.015793777962150868e+00
1.034553897491333085e+00
1.084222960742462272e+00
1.010130949872661832e+00
1.066940568207614293e+00
1.065939925655277065e+00
1.093509486178000145e+00
1.001900726198232672e+00
1.010810351462267054e+00
1.001527152417147626e+00
1.078456146607050803e+00
1.045144410416264158e+00
1.035727036642821286e+00
1.007802634481108628e+00
1.036465268565539555e+00
1.074516365509801341e+00
1.036818813272012862e+00
1.028419363002668785e+00
1.002018359027345262e+00
1.048538716556800310e+00
1.057854182120539832e+00
1.064396748906540013e+00
1.006230330908342463e+00
1.096573303986388970e+00
1.049776482208688355e+00
1.063540476828094050e+00
1.085089605185795225e+00
1.064102691531467304e+00
1.004943114660934000e+00
1.037488934030539545e+00
1.090469566769779464e+00
1.041371260587421244e+00
1.058674028287001967e+00
1.061461748712609676e+00
1.000541872886607342e+00
1.036883033285114664e+00
1.017845291191330714e+00
1.011537146281519250e+00
1.006460861498494008e+00
1.025592836728816959e+00
1.053696445687063221e+00
1.097967803303059986e+00
1.017819564112826924e+00
1.077420882944141400e+00
1.000557768080076793e+00
1.085487458208913569e+00
1.001625960888531175e+00
1.003327472877765025e+00
1.018792972696531240e+00
1.087973755810608845e+00
1.016436507375885423e+00
1.014984713196051658e+00
1.095875215876771724e+00
1.059358564406538639e+00
1.083719258781564276e+00
1.081734475112511529e+00
1.015303364931496199e+00
1.036299250673467620e+00
1.099976043661410108e+00
1.023204940872897595e+00
1.043120911872634560e+00
1.048009057782690823e+00
1.015139423610588842e+00
1.087605203408596122e+00
1.080567449109431921e+00
1.032295468461873478e+00
1.075276147167634200e+00
1.090850769591876990e+00
1.078414275125036959e+00
1.036755192308324025e+00
1.076475245609444187e+00
1.002503353205842496e+00
1.044993951192427328e+00
1.056867309472876881e+00
1.038912274149258241e+00
1.053794298270976038e+00
1.097390084945909949e+00
1.064166356933741842e+00
1.044958090728038913e+00
1.075543330984217283e+00
1.039931912684961990e+00
1.099824118835861064e+00
1.069789089875264221e+00
1.023876544894233520e+00
1.003525853501453735e+00
1.075271135173494486e+00
1.027847386807168473e+00
1.026754040455220229e+00
1.079837205258084687e+00
1.057392960234457835e+00
1.075341728623242510e+00
1.049273622280592511e+00
1.034810252121201479e+00
1.013673357694397259e+00
1.053859539561330161e+00
1.025689070936681047e+00
1.076877813409323315e+00
1.002422853972484429e+00
1.095232592137018957e+00
1.043036120200198535e+00
1.016888483015509381e+00
1.016821710334625983e+00
1.038206003594271509e+00
1.050745009741347991e+00
1.077011518947050828e+00
1.021635962868959746e+00
1.054791193928009907e+00
1.083467023438069665e+00
1.086502901103033603e+00
1.011047665793950001e+00
1.020547941997245411e+00
1.023804464661573821e+00
1.070177814383767467e+00
1.021089097615700991e+00
1.070138443921887283e+00
1.023509777741516968e+00
1.033430095397402493e+00
1.074092850306013869e+00
1.063432477678316390e+00
1.051249765556673266e+00
1.049592051428811512e+00
1.016815493122223524e+00
1.000252826843907261e+00
1.046763196434813414e+00
1.050278867305345587e+00
1.087759671608012679e+00
1.098119850988847457e+00
1.077426736661701190e+00
1.051428863906708644e+00
1.069333982893197144e+00
1.018022932935435998e+00
1.066507735303558135e+00
1.045528801575902333e+00
1.034054293721470952e+00
1.077750133637783714e+00
1.057654857777654556e+00
1.089233841231075139e+00
1.044271101522602052e+00
1.036852566913351481e+00
1.099368212095541031e+00
1.039192079492073484e+00
1.099047096286942304e+00
1.097678331433370458e+00
1.083281994489664335e+00
1.064744531778828440e+00
1.025226580011710187e+00
1.098691522084438876e+00
1.001946699632907389e+00
1.013064277261937818e+00
1.025568611837552435e+00
1.035345333970383086e+00
1.051052095049200164e+00
1.065559962702561148e+00
1.062815856653483326e+00
1.052616695153253845e+00
1.056827466779890479e+00
1.033941864013329548e+00
1.091866204649760697e+00
1.041056097387142776e+00
1.021003988840416987e+00
1.027603092909886051e+00
1.004149380748633691e+00
1.044653718365427642e+00
1.052582627059936771e+00
1.022549976651652148e+00
1.028101035706201927e+00
1.067848331028125264e+00
1.013451607269377552e+00
1.084099587039990098e+00
1.029974153260970082e+00
1.018202426808148209e+00
1.055197486584980027e+00
1.052246067760235437e+00
1.082055125296635278e+00
1.011573535466851581e+00
1.057071774391875607e+00
1.074797997184984366e+00
1.001348636840325490e+00
1.004644152074821273e+00
1.076233312818164034e+00
1.032561028852371665e+00
1.024574418087009331e+00
1.075968448186404913e+00
1.007076462810778450e+00
1.020053530181859403e+00
1.062264003898941045e+00
1.099253578703984102e+00
1.043889116214015811e+00
1.046803341972177837e+00
1.022127943053098731e+00
1.017882511360336695e+00
1.034657449979430544e+00
1.007323021274347585e+00
1.024728474255600874e+00
1.024361810496700498e+00
1.066745207102420601e+00
1.099398821782488600e+00
1.002105337225602799e+00
1.038935703619572548e+00
1.094120234260173463e+00
1.023585538527509664e+00
1.096016731091485674e+00
1.084436354265128299e+00
1.012063909592530786e+00
1.025304627325706486e+00
1.087545721353892159e+00
1.005725540323320066e+00
1.080494328835570839e+00
1.019860840947956593e+00
1.060939038886490104e+00
1.022730865492633034e+00
1.040974627811693587e+00
1.069089574936155529e+00
1.039286673253301263e+00
1.010562394443920375e+00
1.036178425492901400e+00
1.073948002848828409e+00
1.080647414198367962e+00
1.020559745655454265e+00
1.047443592150491209e+00
1.003385583053106433e+00
1.032986328763708661e+00
1.066139306305797785e+00
1.054227454762438843e+00
1.006322029359143500e+00
1.094477011053225812e+00
1.011180007467561204e+00
1.098730178472670183e+00
1.073288142052895688e+00
1.065954835749717500e+00
1.051362797661372861e+00
1.026675744663850809e+00
1.094158207328091104e+00
1.016941769539544627e+00
1.075151069027771689e+00
1.097590783689050387e+00
1.096906353918104093e+00
1.000056634455497084e+00
1.002923892145066276e+00
1.060438582044233691e+00
1.061649160457368124e+00
1.071146107447667584e+00
1.067463480369680529e+00
1.076499376066415659e+00
1.082921765913053225e+00
1.033600966212257610e+00
1.003667476104426193e+00
1.086178599052348037e+00
1.070638571370754910e+00
1.079795848239784029e+00
1.018017943965819683e+00
1.074171357622824452e+00
1.069536981411897791e+00
1.060673510196539882e+00
1.081535230427426608e+00
1.026313333515910475e+00
1.078748438208099847e+00
1.090027365095209033e+00
1.082380581587045310e+00
1.047565552502782049e+00
1.066393409440399509e+00
1.046177871325605802e+00
1.041527961532317414e+00
1.009344975320357163e+00
1.041591508866792193e+00
1.016456029926512183e+00
1.025159786849388466e+00
1.099406607527244173e+00
1.055957161869564898e+00
1.079927995068008517e+00
1.030056258136730740e+00
1.045404876622212598e+00
1.026742561133157094e+00
1.049165800693994344e+00
1.015888079597399463e+00
1.084828101667524969e+00
1.015839969105434282e+00
1.023341534198738856e+00
1.040153885217859786e+00
1.008304726495504511e+00
1.015962955906228427e+00
1.092444124276061412e+00
1.096024936331291944e+00
1.098474817060433928e+00
1.011623966838709476e+00
1.080069246424122831e+00
1.063197798169581487e+00
1.056705384916373669e+00
1.010525472385323864e+00
1.065442779259898831e+00
1.013851249331211735e+00
1.084780188714809190e+00
1.003620132540905985e+00
1.087635344138818905e+00
1.044354591965658274e+00
1.044898972284367789e+00
1.088105431694450509e+00
1.050179321059261150e+00
1.027862297027631877e+00
1.099439314267226520e+00
1.030803182635103621e+00
1.074656540343984279e+00
1.075186740490686743e+00
1.050657097405430340e+00
1.091403614436670333e+00
1.058591303460907573e+00
1.051843652533176021e+00
1.046485991235816648e+00
1.084715971903829956e+00
1.008063002290956023e+00
1.036975534599756665e+00
1.063685569248325802e+00
1.046863133624014619e+00
1.036294178637916508e+00
1.030453843941855796e+00
1.085644263258480180e+00
1.017806925774473958e+00
1.042966633484374794e+00
1.005129816738038251e+00
1.080183416551641740e+00
1.015017246009005669e+00
1.077423885781648938e+00
1.043608590003036740e+00
1.042693341414132169e+00
1.035248114886039739e+00
1.020635799992249071e+00
1.071434930826015597e+00
1.053837808653964370e+00
1.010623076589852953e+00
1.085161906258512055e+00
1.038535676328480317e+00
1.012380761928913575e+00
1.059993653109006839e+00
1.064016909251087384e+00
1.052967285507963036e+00
1.016108731920430275e+00
1.012893374655140954e+00
1.090928356059657656e+00
1.086779296389698057e+00
1.081168301137665599e+00
1.041627733480091189e+00
1.060829805695678640e+00
1.023091360937556038e+00
1.069293555808690011e+00
1.080135107255267624e+00
1.079257651445203026e+00
1.072743061424745958e+00
1.064558861512040266e+00
1.053922610907823687e+00
1.023576531305224302e+00
1.057085070366258428e+00
1.065571963991104765e+00
1.091754462311706808e+00
1.063159591294164041e+00
1.025300768346065761e+00
1.069011632686483360e+00
1.002817281951746020e+00
1.006761012550477341e+00
1.016128131036161397e+00
1.061540390499589481e+00
1.068309799533318838e+00
1.082634920950912960e+00
1.043803757196119841e+00
1.073984158637165232e+00
1.015088179373790256e+00
1.039817660119677356e+00
1.074870829200193834e+00
1.061079395466242081e+00
1.016065784494574409e+00
1.097869199974614407e+00
1.079174518836281127e+00
1.026041555697595697e+00
1.037453672945689354e+00
1.022944559683371946e+00
1.082085673523935476e+00
1.057432400578702136e+00
1.079964841683725085e+00
1.027454129137726602e+00
1.089550966994760506e+00
1.067053461342056364e+00
1.035085686103840219e+00
1.097689057590140127e+00
1.042915129888721815e+00
1.069957463750486504e+00
1.031189232367713204e+00
1.017576366019703249e+00
1.038942078865620955e+00
1.027083704730571867e+00
1.088459327271305233e+00
1.062194102825534392e+00
1.069848073506108665e+00
1.099383112653057326e+00
1.063624545814727096e+00
1.060588646291775072e+00
1.026758107647570251e+00
1.046660787029948247e+00
1.059020793261296278e+00
1.000875512568252246e+00
1.094530883602248705e+00
1.078951279232423843e+00
1.022268941297429956e+00
1.065075021365490038e+00
1.004638129131831148e+00
1.067629606031917477e+00
1.065141069095830728e+00
1.074523750456837901e+00
1.047132522986536252e+00
1.002298533549683013e+00
1.042742912476329442e+00
1.092478328854603609e+00
1.023051764765693816e+00
1.068561867539866928e+00
1.071220465969569213e+00
1.012586706234730238e+00
1.055863643717912081e+00
1.093628320065544335e+00
1.020921984984243247e+00
1.031800239959190790e+00
1.073822945265324735e+00
1.072106725138435079e+00
1.009283068888481960e+00
1.085404725448152696e+00
1.059476395628250467e+00
1.056842660776931675e+00
1.047892876569078480e+00
1.026511991120513168e+00
1.012264244856907691e+00
1.070458062605866623e+00
1.020222728357765174e+00
1.093534403457203208e+00
1.047024869354794774e+00
1.083680576037858945e+00
1.037297757700030187e+00
1.032608877329075359e+00
1.090313944596511320e+00
1.065574716561969559e+00
1.085923939131224758e+00
1.003708654671717104e+00
1.080177757574338981e+00
1.046285850705352072e+00
1.029154598486850869e+00
1.090281501382553975e+00
1.063331950227098810e+00
1.022282218574518398e+00
1.035937533091028095e+00
1.046593012590214533e+00
1.045174924885584833e+00
1.081171104624571999e+00
1.040723241098692631e+00
1.038569926652637809e+00
1.031270842196805315e+00
1.065880570369404090e+00
1.016846215907466489e+00
1.083180672501591113e+00
1.082453867683999871e+00
1.077575329190195053e+00
1.002317537777111633e+00
1.009314027052497398e+00
1.079369318608654149e+00
1.069584415009420253e+00
1.094396179331071028e+00
1.009948389501837740e+00
1.079369913161813743e+00
1.084478051706795565e+00
1.011824451348283693e+00
1.039926460833578536e+00
