-1.680994310333358555e-02
2.703276731241410422e-02
8.189330974564340559e-02
1.645715631666034087e-02
3.006166033805325252e-02
1.441081782012934923e-02
6.210821801061695846e-02
4.215086715002813733e-02
-1.487417891255570987e-02
7.951492996366142652e-02
4.696309641631926657e-02
7.994713411875163656e-02
9.405561040752519197e-02
9.893509333731942412e-02
-2.297806302022666752e-03
9.439688108835264657e-02
-1.913898122443854349e-03
1.600825363502297871e-03
8.237960291573027949e-02
5.200514362694302894e-02
6.102344481068443238e-02
9.088880480270378204e-02
6.354434450647485078e-02
6.774713287010711293e-02
8.098382074795286434e-02
7.808822746690806393e-02
3.370678859795188387e-02
4.421753341172422747e-02
5.748401967090496778e-02
6.897061416196532957e-02
-1.869083971873201216e-02
4.344392849965461600e-02
3.162342091209771611e-02
-1.487952941810571222e-02
-9.205171732439704213e-03
2.645485364222965527e-02
8.701317394558019669e-02
9.855647243385082246e-02
8.947811357486537553e-02
2.774839637813765122e-02
2.211918524515673126e-02
5.343752310774549374e-02
8.311329054645394399e-02
4.178524103945381596e-02
9.365468080409938834e-02
5.925347303202803395e-02
6.864841367899816860e-02
4.931983983396691362e-02
4.033325538552424983e-02
-1.805709835566212881e-02
1.160041397408151029e-02
9.065055496940313540e-02
6.868071835721273333e-02
1.429136879120372280e-02
-1.660429010934543967e-02
1.867866195147914118e-02
-7.411381085334308935e-03
2.322806789569649075e-02
4.437082963145741465e-02
8.472790986570535865e-02
3.931303077208508912e-02
-1.238425475228577266e-02
9.963297845824536925e-02
8.603737746250558066e-03
-1.773760479186717309e-03
4.918739967928402457e-02
1.832463905512775673e-02
8.202801433822304311e-02
2.301732231812169890e-02
8.798522582286177895e-02
1.475433902379119991e-02
7.114970617244158191e-02
4.190178423791107720e-02
2.947807454224500925e-02
-1.210088906920231584e-02
5.429405302217436835e-02
8.278588299470958367e-02
-1.230606170026641091e-02
4.220370793714484092e-02
8.078422027765236324e-02
7.189739975799299548e-03
-1.376151709400264336e-02
4.255129941039764718e-02
5.009204161508593045e-02
2.520248077890538743e-02
5.223982385854807065e-02
2.485586987215786595e-02
-5.128038770858735912e-03
-1.349684532061672798e-02
-9.080324622918483149e-03
9.305142294194605757e-02
3.005999779288759041e-02
9.184980829737557362e-02
2.265774217688873091e-02
5.853230963630878803e-02
9.753982199444002910e-02
5.319964476513945606e-02
6.238460643670415418e-02
8.958540037574133641e-02
9.254943588709348135e-02
2.454370563814679829e-03
-1.357831665416299807e-02
1.086732520066028412e-03
5.732047479899847475e-02
1.175849324201201293e-02
-6.835082189328439348e-03
3.635767388904997954e-02
1.191347545911309105e-02
4.173136618836251199e-02
8.384921405425597996e-02
4.334697746085466874e-02
7.314060264977309544e-02
9.648555645388119661e-02
1.671959488147118852e-02
7.244986276406703563e-02
4.419817283243723804e-02
-1.392057783918522473e-02
8.503923318814184118e-02
4.436394998394962985e-02
-2.052153462095876457e-03
7.106644845129597710e-02
3.765560803491908859e-02
6.937346813938760626e-02
-1.891487064039013011e-02
3.501640593962050685e-02
3.368332505531285159e-02
5.419835039037970703e-02
3.123484403062712009e-02
8.231054009114595338e-02
7.854076988563857276e-03
7.580001111790476975e-02
8.917171204862514577e-02
2.902288062367143831e-02
4.579508549025304576e-02
2.573141920054987028e-02
8.548455980742318550e-02
6.392885587036767348e-03
-1.451639204914656478e-02
5.081710993793323028e-02
2.196023485174285542e-02
2.761989883576625518e-02
2.515680947960284228e-02
5.661653775770558727e-02
1.937569365304299060e-02
1.440494024375904916e-02
7.469837436755469295e-02
7.267410339379005990e-04
9.121002839616022817e-02
-1.479355914588598511e-02
-1.389271183343949306e-02
-4.679460099122135716e-03
8.253588474158354837e-02
-4.746929784357093590e-03
-6.479417389827357363e-03
8.431241227865149401e-02
7.552713853958707702e-02
3.383713014580434775e-02
-1.640908445963935175e-02
1.968449636938912964e-02
8.797296409694427277e-02
-1.338318554228224745e-02
3.835206063867710458e-03
8.912126642792851661e-02
-1.607527656459547746e-02
2.288197571801035834e-03
-8.685709731472562867e-04
6.742025115655327083e-02
6.675033476582918623e-02
4.135830571135343248e-02
3.633639342941413775e-02
5.221402941817587795e-02
2.476924898632488700e-02
-1.153953408505647982e-02
8.675802157987262675e-02
9.632180065014046833e-02
4.011056368350508772e-02
1.552875410101526785e-02
8.693908766709101954e-02
5.927124688126100827e-02
6.903398313650868645e-02
2.326007525715552762e-02
1.788918207292907250e-02
-6.475005295521984311e-03
8.239062182137650570e-02
5.726976975894190053e-03
5.169296190848651773e-02
-7.080944493824403718e-04
-1.505183935938942535e-02
3.031472079583801688e-03
9.250384327025594489e-03
-1.156448808418198727e-02
-1.315468899331953892e-02
8.288307072805355113e-02
-4.429698264800385754e-04
7.002404312147778032e-02
-1.912489141599211726e-02
1.753327614752645328e-02
5.822065101612730609e-02
8.192743995521295508e-02
7.021105369026513221e-02
9.427249261059116037e-02
4.084810562812513091e-02
-1.027151374654838162e-02
6.070367093486973842e-02
3.615894171575162463e-02
8.085350327571534657e-02
8.488346220440434742e-02
6.049587864425973183e-02
-8.543871267230497904e-03
2.639673995072275639e-02
2.625290330226649413e-02
1.845895260543119545e-02
4.303909366714018386e-03
9.681176623857980224e-02
6.268497401025266424e-02
5.501990837636676346e-02
4.065397800140668760e-02
-1.641023848840423432e-02
2.782829987052646073e-02
1.651497187137164827e-02
7.941766256852281214e-02
3.400252265657272011e-02
5.433336050028863412e-03
7.217192897839269650e-02
6.351753082699086728e-02
7.284186543088479182e-02
6.726080750027932376e-02
7.210839500510124456e-02
6.095428385735922328e-03
4.964134110732383587e-03
2.183460886704562467e-02
6.819891987881020190e-02
4.366947105787986894e-02
4.643697392176297789e-02
6.022991257707005497e-02
7.128145540414694559e-02
8.557930021076370908e-02
4.135894677637680372e-02
4.848220629736275933e-02
9.193572670848684791e-02
8.578543345633589390e-02
2.944527656018921732e-02
6.063173513377460855e-02
2.739852087237976477e-02
6.280539248285174625e-02
2.976476519709007548e-02
4.502375478405826192e-02
7.100067283042761634e-02
5.090883501757510754e-02
9.492589799059079902e-02
4.495611302961723121e-02
5.234470794402655558e-02
1.834494781740729843e-02
9.739728589357475597e-02
6.212165530924786128e-02
8.184878964574189564e-02
1.900424123593534229e-02
7.914945102595481730e-02
5.379871538073059678e-02
7.364583440342238607e-02
8.609412258671830798e-02
-1.635155897327451174e-03
-1.938526119852495080e-02
-1.694298952833929797e-02
8.718232092653817322e-02
2.159538881815594932e-02
4.194056995033763890e-02
-2.984327574196202898e-03
9.863366172184316605e-02
2.458243975484080204e-02
6.073100956699208075e-02
-3.977777750268786383e-03
-1.801175828374058929e-03
6.898541610895637943e-02
-1.785390107240870244e-03
5.480760852874894118e-02
4.623084422938571192e-02
5.561046624107748859e-02
1.031929169765436610e-02
1.771516284981704617e-02
-4.010805210831400180e-04
5.270107318985947642e-02
2.222233380660574784e-02
3.917115066782800303e-02
7.423434824107165431e-02
-1.004055062660271815e-02
5.378286312822933707e-03
6.827414781360309493e-02
8.575686447513565513e-02
9.345610723873956638e-02
3.903693674941356023e-03
9.777066444063879647e-02
2.078878673965814036e-02
9.736756847905223000e-02
4.775807222984208844e-02
6.747629402843806357e-02
2.157460189706872714e-02
7.495385334690894685e-02
7.194092138653021551e-02
1.938091945874472269e-02
-3.593405296563496887e-03
1.427723052346117558e-02
4.480592926165107015e-02
-5.279391378675257415e-03
4.465622561137214119e-02
9.710866890757224867e-02
-5.270071943768578349e-04
-5.949778138129233063e-04
7.660402267041857560e-04
-6.093742263169714402e-04
7.230264304879266413e-02
8.866625585071824522e-02
3.456110025748110326e-02
7.869033038145258063e-02
8.657123469612991451e-02
6.178960541234312931e-02
1.193634562643516514e-02
9.434325334393343920e-02
2.306092678639589874e-02
9.943006361339261356e-02
6.944479486896390497e-02
4.047916408985370584e-02
3.641641369080582391e-02
-1.514910283200229454e-02
1.175160495342077518e-02
8.557649528448958709e-02
3.860112255734159115e-02
2.752504433181695090e-02
6.846431515684739399e-02
7.882192089418139924e-02
2.723314017064805068e-02
3.950384886860940081e-02
2.036431918351780737e-02
9.728750458755801300e-02
7.240503380730381466e-02
3.910419771618200979e-02
9.555859409081639277e-02
1.414896007774365042e-02
4.436606924062118373e-02
-1.237592123805737916e-02
7.851633779564411164e-02
8.095120789029419672e-02
4.022162555678730766e-02
2.462315175512014634e-02
4.886364371609018542e-04
7.517696635988026232e-02
8.656464164017078911e-02
8.428304264943851931e-02
5.378020402204741757e-02
1.631453251523554485e-02
8.242084784333569836e-02
6.736229102025582949e-02
4.075815723665929258e-02
6.843129635656752807e-02
3.097400352904133500e-02
1.804638645325527466e-02
2.854787209473292828e-02
6.776677739763002639e-02
8.054877491660611399e-02
7.496252481147867852e-02
7.565521870705441132e-02
9.043928495955162739e-02
8.196266972000992856e-02
1.923004519605621757e-02
4.748381813196703161e-02
9.850959254106403384e-02
7.966940723150831016e-02
3.899726715468097155e-03
-1.542777059105244000e-02
4.602250074031877247e-02
3.706741267963960251e-02
1.723643212009077011e-02
-1.614789541573394965e-02
5.880706732300662598e-02
-1.948343333829836294e-02
6.439079177633406925e-02
-1.198566168711229923e-02
3.185585753756624283e-02
9.902515146049437056e-02
9.490765354011905519e-02
3.815252798777828136e-02
-8.524926740628860702e-03
4.463340096836364984e-03
-1.443125630890545325e-02
2.961389406961235579e-02
6.461615908535270347e-02
-1.980593875674327431e-02
2.044714476891200741e-02
3.215092596470889297e-02
7.436400229317777222e-02
6.917646363184656866e-02
6.011304801146334642e-02
8.308407781330662267e-02
5.361674970923684114e-02
9.847699744670124211e-02
9.036132151521431011e-02
9.408653935528071832e-02
7.837138013902157641e-02
8.019048141854946687e-02
5.804415672729512643e-02
8.520896347757662970e-02
1.253438223695422377e-03
5.176245436654509924e-02
2.757495912744050912e-02
-1.997055275265054858e-02
1.798044990145434771e-02
-6.048640378927409508e-03
-2.879371454498211996e-03
6.447707499240215578e-04
2.917697561628499262e-02
3.495465740108602559e-02
7.835716969394168618e-02
2.941212843658776860e-03
1.606892801708023275e-02
1.044105557211111313e-02
2.388471595486697449e-02
8.675111993159480284e-02
9.723482033776495448e-02
5.676055221191636524e-02
5.308346770952578064e-02
7.644662425127261851e-02
7.474967456385145370e-02
4.414748616920226298e-02
2.779224852427332124e-02
1.629155746450023853e-02
6.280597622352242226e-02
1.705967361116350958e-02
7.005527406947879843e-02
9.957217037586671426e-02
6.152545561436954802e-02
9.061334938817819373e-02
3.884200511040038217e-02
2.087844806739626649e-02
1.769561329319057838e-02
8.382059576249234478e-02
4.777794119451984900e-02
4.935584461796474476e-02
-1.287406824046872719e-02
-1.478158007421565695e-02
9.919845845715938304e-03
4.062865237845771083e-02
1.107508989823105527e-03
8.901303652416810153e-02
8.802896566278885226e-02
3.098810231702824394e-02
2.827043054672771089e-03
4.380116127747864241e-03
3.718853853780761110e-02
1.533809797381824325e-03
4.330219171131882705e-03
1.340920531034954510e-03
3.760013590322701382e-02
6.907066648273961496e-02
7.730588285431710949e-02
2.333411788416609248e-02
5.588604816909140127e-02
1.740171844277390786e-02
-4.088083058613207338e-03
3.698478781405512006e-02
5.295156837989146992e-02
6.970490108456969813e-02
8.809628005228192782e-02
6.791145512856440469e-02
2.334731913933927802e-02
7.046396982070146642e-02
1.318740845070988724e-02
5.991499257713003845e-02
9.409747656246474079e-02
6.183819270023625109e-03
7.037921875322986076e-02
5.140584037492568203e-02
7.528068203989324303e-02
5.886954132903521320e-02
1.218456328963346894e-02
3.256787363048244122e-02
7.559523876423757116e-02
6.501747001938834591e-02
8.411691752549442513e-02
7.146276430455600348e-02
1.485012092583280416e-02
-2.044710974626950256e-03
7.186062639856166667e-02
6.509909735534559483e-02
1.903940045043173504e-02
-1.517730717427139692e-02
3.993968426125696358e-02
1.277343786815852630e-02
2.106963350440572286e-03
8.654337173417474272e-02
6.355470871270682554e-02
-1.546349406906700509e-02
8.837081024000552343e-02
2.863024492850157685e-02
1.228157421276269631e-02
3.720603792724647141e-02
4.310464588948913212e-02
2.739868784079675310e-02
2.844042159042588572e-02
9.408983328371899046e-02
-1.410255382129073018e-02
5.113302357777188556e-02
8.949835496668938351e-02
-2.515122120133165412e-03
9.154195024320035956e-02
-2.468436802843324007e-04
7.883078253816516723e-02
-1.307080715781518826e-02
1.095830864770295718e-02
-1.751263045129849288e-02
5.998324129332748694e-03
2.746184648560917249e-02
9.525696854331058838e-02
8.877906554704290826e-03
-8.079347858463366977e-03
8.112808748239538903e-02
8.151904969036574689e-04
-8.311650089828277049e-03
2.737397960064181721e-02
-1.337368923991430480e-03
3.967040266027366258e-02
5.827296357089752077e-02
2.482046271288770520e-02
7.053103786404973929e-02
5.529017280913123278e-02
7.839640289567038900e-03
5.246792167843797317e-02
6.014154373350215355e-02
2.297841324663668292e-02
7.232255463842335308e-02
3.191463488459181375e-02
-1.837320860061421313e-03
5.134110739471541007e-02
5.190837591029219544e-02
2.233253788290687214e-03
2.684380258084333518e-02
7.595715458688984123e-02
5.240181337010518803e-02
4.186769662712326590e-02
7.504198885545197706e-02
8.945674421155400124e-02
8.565048504727633405e-02
6.191231329493743218e-02
8.517095428402716994e-02
9.435522243211430515e-02
9.277887126200150270e-02
6.233406177745946797e-02
1.226189014205221126e-02
3.791302184318054436e-02
4.816249934330921190e-02
3.827562540227641419e-02
3.290590665105146140e-02
-5.613566336239069962e-03
-1.024530518423828231e-02
1.575950520213062131e-02
7.839656000168630789e-02
5.256914858107172850e-02
6.600315899988580537e-02
1.370238542712000004e-02
7.896762203528623347e-02
9.991672155746819661e-02
1.444801679906674088e-02
7.679512365149562814e-02
3.046467098624595568e-02
6.077881616516411789e-02
2.076572935079569818e-02
1.764232223801905433e-02
8.035868257272214821e-02
-2.361956071463441192e-03
6.629415023629378623e-02
-1.945942641338820056e-02
9.637424167784008899e-02
-8.858327187753971266e-03
8.989516950027903047e-03
2.785306393218902818e-02
7.014899153760056905e-02
5.286462979704206755e-02
2.991185240964148312e-03
9.393530286398681095e-02
-1.889814550846995525e-02
3.972266235750750163e-02
3.207694309935227306e-02
4.732967262884267556e-02
1.656621212313439187e-02
-1.407870683540580516e-02
5.697502625622526129e-03
4.836606183978249540e-02
7.026936605387243406e-02
9.683164523994133854e-02
-1.550359486898370692e-02
5.098172326740824101e-02
8.093285797026804340e-02
7.170613460814016793e-02
4.495444715760060078e-03
2.161664087207032167e-02
1.724628141853712035e-02
8.817396337707772425e-02
7.627922160207541158e-02
-8.191059422204624227e-03
1.528722666492569188e-03
3.445160347901117526e-02
3.267068296623867885e-02
-1.602248102002983010e-03
3.890011008676663717e-02
4.004105955838453690e-02
-2.372317307612833298e-03
1.440920931500895216e-02
4.721109322295979210e-03
1.051418245211682700e-02
2.110108914529886318e-02
6.763211537075615454e-02
1.993651121767396964e-02
7.460029830132337836e-02
3.385138677815974217e-02
4.949743446838637817e-02
-1.735885368995453842e-02
9.854370212027524500e-02
1.315827410175694420e-02
8.916653415972357333e-02
7.952724198620006457e-02
6.093663428192572229e-02
4.300528162310587876e-02
1.500464294628082312e-03
7.748601744190565521e-02
2.902661706945925194e-02
9.904450015374953453e-02
5.663293254035565993e-02
5.272462926427004537e-02
3.739472388930724367e-02
2.896844622336323602e-02
9.686203069235042873e-02
2.621198397701474461e-02
1.114411709931296957e-04
-1.776267831417235876e-02
7.168512298266854765e-02
8.182200572896067975e-03
9.815543546202201708e-02
1.258443222518874569e-02
2.421858127210914716e-02
3.904690546833061715e-02
7.567539869635774019e-02
9.384525397788072432e-02
9.846326019141381919e-03
7.240477165384351377e-02
9.935217482791368349e-02
4.763135343782406994e-03
8.155944489887254067e-02
4.815641347270264994e-02
1.846887070016773810e-02
-1.124018090163247940e-02
4.076053970251222736e-02
3.914470577291605247e-02
6.892760906094659579e-02
6.874089365066643476e-04
9.378642404314838088e-02
5.608458482367913167e-02
-1.577728832671994319e-02
2.798267374905286445e-02
-9.673549513642321421e-03
8.027644467248783167e-02
-9.557845072912924539e-03
6.535148113355977728e-02
8.767384061521554806e-02
6.457491172639517885e-02
8.313670801523458109e-02
-7.720724940285594168e-03
9.570248829248803601e-02
1.424918482502019260e-02
7.757210507645496966e-02
2.147832427371141814e-02
9.089617819989334602e-02
8.379417021218343170e-03
-1.991203027108390256e-02
3.157736325267020139e-02
2.259217839406113884e-02
7.584487335169706745e-02
-3.302144983615099005e-03
8.129185997718824108e-02
6.331834164752640770e-02
-3.088425217740616013e-04
6.331433300383078333e-02
-9.149576232115212010e-03
1.719087563534257498e-02
-1.091563799654975825e-02
1.187799467374224191e-02
8.195565672566158810e-02
6.742784817214510229e-02
5.588505014859541931e-02
2.968753493963998194e-02
9.260085899060455095e-02
-2.447962350713046853e-03
5.141829496633845697e-03
-5.639002133725824414e-03
7.238427957086776554e-02
8.113974823814219806e-02
5.175446893407670279e-02
8.691485009622734736e-02
7.951630282280641032e-03
7.828029993542016951e-02
4.711075564795200177e-02
1.988517420524193655e-02
-2.797313758404577910e-04
-1.303669544230610933e-02
2.605267099054798738e-02
-1.657959309849203755e-02
3.387152786140476546e-03
8.225995013813083845e-02
3.705108112759361583e-02
3.035000419638326716e-02
4.960125950832103281e-02
5.364990987524159705e-02
1.863784326624616863e-02
9.976852593234750155e-02
9.303991676469916539e-02
2.984065041400189855e-04
8.039430610762364482e-02
2.018425385937934122e-02
-1.183394313317006827e-02
-2.219386181361495541e-03
-1.409527254079797481e-02
5.219307871104282570e-02
-1.079447081783864969e-02
1.643027155340281639e-02
8.014709652230167514e-02
8.128871525022349220e-02
6.794588304825356639e-03
1.255559032034413505e-02
3.581384736760366561e-02
4.288403940394305836e-02
5.271354627337826448e-02
4.812864616740394896e-02
7.000890033855690364e-02
7.593268437390400527e-02
-9.807277296569435338e-03
6.581058826481876733e-02
2.198426863781436855e-02
1.823615462936780188e-02
9.118074818171449658e-02
5.256287944459266115e-03
1.613611238670650469e-02
-1.904465784848954901e-02
7.430886432492736504e-02
3.662920864912713736e-02
8.096811727584399265e-02
2.882678193462892210e-02
-1.851460365632940849e-02
-1.172597497688744952e-02
4.231322162314254953e-03
1.707858724359411981e-02
7.375926670833476972e-02
8.614217777871371884e-02
6.817658506598657520e-02
2.959264504625794615e-02
2.610947325183209100e-03
5.734980233585467574e-03
-7.245948313462634641e-03
9.851711572615666490e-02
-4.077159285036827813e-03
3.639327992785868632e-03
1.782469867839541269e-02
2.061186876055482939e-02
8.710026923197859705e-02
6.231184521224993056e-02
5.306472918008164896e-02
4.782926419896041392e-03
6.905176892690931267e-02
1.491735986318337356e-02
2.526662452459745370e-02
3.940316096914123212e-02
9.565652103458981842e-03
9.114130432557986106e-02
3.671401929423345756e-02
9.593826517849568525e-02
1.721772091320966300e-02
1.544211798045351872e-02
4.940712668273236630e-02
3.447825598666515168e-02
1.778297846359164908e-03
6.266863825876467509e-02
1.526203499487564438e-02
9.924595259111865242e-02
-1.947773904066782066e-02
3.415091212924305231e-02
1.901696783238764413e-02
5.343877488601136982e-02
3.831596985848256809e-03
1.562659969776092686e-02
6.569077558924900362e-02
-1.092353013014000715e-02
5.185699530731906204e-02
4.839411878456591209e-02
7.187328429026600130e-02
2.280023506137570169e-02
5.673820012114134947e-02
9.600865285568298269e-02
6.634459132716771790e-02
6.560719392212460699e-02
8.318499962252746960e-02
7.147048587777320161e-02
3.357724280038681952e-02
8.990116056035560993e-03
3.223943781858155944e-02
-4.118306791363702396e-03
2.903994401067557657e-03
-8.108386441807757458e-03
9.510509378925209589e-02
8.728178344140459510e-02
-8.042304030529469697e-03
6.888691219874354399e-02
3.180404242768612721e-02
5.050386715813524885e-02
8.221258651364464487e-02
3.213016503070900698e-02
5.547901692608268875e-02
6.500983583437169866e-02
1.857074120622552102e-02
7.996218505531077492e-02
-1.594060711568009645e-02
5.034793570286991149e-02
2.404009746047301374e-02
1.351807626839378676e-02
9.787992099376602306e-02
4.986708776814936794e-02
4.654686305185098960e-02
8.487329878595915866e-02
2.625257548985470216e-02
7.650879917239809813e-02
6.623359712007163835e-02
3.847541837875327608e-02
7.917414948440926192e-02
8.820289672369292788e-02
4.856876972130741432e-02
7.704013681693851201e-02
5.927571852411031572e-02
-1.638921218863869517e-03
2.179927288893904538e-02
1.204480033281247683e-02
-4.259764206314343299e-03
5.300601231042945116e-02
-2.852193956988227641e-03
1.384848857021219945e-02
6.367419621697513465e-02
4.122075500790324531e-02
3.588669943422818920e-02
9.588231547844766611e-02
6.350587275885190286e-02
7.366171398776508172e-02
2.755040999962384343e-02
3.627767794635247678e-02
2.277268353977375190e-02
4.162330498557027803e-02
4.992056678655548696e-02
8.378377495239947015e-02
3.315874136359354962e-02
4.717459468907428399e-02
7.639131486090749990e-02
1.035586572886082121e-02
7.121918364480395169e-02
4.920025911472368507e-02
4.517246201962514529e-02
1.202688745150591251e-02
2.726164247535068155e-02
-4.536881935574485492e-04
7.272763569417686758e-02
1.056873429479064305e-02
9.570369014286179976e-02
-1.319254679125224025e-02
9.029296568235690990e-02
-4.371711167894601346e-04
-1.100672062973656780e-02
6.474977506727200294e-02
5.897710348301321570e-02
-1.122508830222294744e-02
4.967052436015938210e-04
7.774315218953931073e-02
6.062629071438785378e-02
-1.936126784227825900e-02
2.037208261838359055e-02
1.461495607268406202e-02
3.039188243578513221e-03
-1.680865040294333979e-03
8.064665582287360024e-02
4.464118133789192477e-02
6.331080383630380282e-02
7.359249794360492314e-02
-1.836542952924737071e-02
8.572175446256601050e-02
3.782784979732288499e-02
-1.374270431977837534e-02
8.258430702993490441e-03
3.921026293958211617e-02
3.118970865540088636e-02
-1.690415696491607417e-02
7.115735822852975456e-02
8.000316950378033587e-02
8.289410664355917335e-02
2.643801779781182817e-02
6.329236307263273742e-02
6.432588863770974386e-02
9.437639326823617919e-03
4.825187621863490095e-02
6.162513215384333998e-02
1.857616927967220208e-02
1.675923727482767425e-02
5.798415608201380744e-02
1.689437715368009851e-03
9.424647745964223611e-02
3.225383462891744102e-02
9.698981594104040538e-02
7.242368988734790985e-03
6.186607935864989194e-02
-1.440444689550136881e-02
1.125768718071141691e-02
4.087913366786477543e-02
2.810465039048695365e-02
1.031736802154871457e-02
5.691637742887081797e-02
6.478916915683496924e-02
5.421742193899910245e-02
4.270498888203064225e-02
-1.437083554245214070e-02
6.085608722231405920e-03
1.317498378385785832e-02
-4.025486442834298739e-03
6.748028002243459944e-02
7.480117738090527602e-02
-2.606554516405974048e-03
-6.108063566931542024e-03
-1.864123156967583197e-02
7.439808735045116972e-02
1.943748007612025250e-02
5.178961894920736109e-02
7.492625704435659784e-02
1.018830587847824320e-03
5.335881490715199682e-02
7.567608772251439853e-02
5.050916863087118180e-02
9.504374082110565725e-02
2.279208057904359361e-02
1.277769925490440314e-02
6.136100139788695784e-02
6.663261284481469815e-02
6.256407050365271616e-02
6.038914567325036342e-02
2.702695651194686813e-02
1.402642131075133511e-02
5.041150256495804949e-02
4.936175352666126448e-02
8.926944572830558533e-02
-1.966550176111841672e-02
3.086960758291771093e-02
1.551802395997102860e-02
1.619844900278870695e-02
4.999047268470917238e-02
4.957066309117508229e-02
1.841774406957395402e-02
8.645360252977102311e-03
4.420867721435237097e-02
-1.950654160035082338e-02
-4.328427211082664511e-03
5.269320899105449374e-02
8.791909095673000607e-02
8.140098259819103510e-02
8.780488473056527465e-03
4.784521970225215359e-02
9.967931272559275857e-02
1.851844505558284878e-02
-1.893995094318369488e-02
9.908463359531909098e-02
-1.873956042157861115e-02
3.306633509571203777e-02
3.765993536570335504e-03
1.146090831375824737e-03
2.972740320354778573e-02
4.115435437107796413e-02
7.381673449851581387e-03
5.436428469692890231e-02
6.696110747693739818e-02
7.739796115599854864e-02
2.825265816544362749e-02
1.384091088316668702e-02
4.237903277876145514e-02
8.687790277445472942e-02
2.492785981119715125e-02
7.315289721331304229e-02
5.060022639405221956e-02
6.431359676781173151e-02
-1.256438543839860297e-02
5.603364951811116990e-02
1.350974920716950176e-02
8.002672860764659113e-02
1.910368190205734631e-02
2.623611922722458509e-02
-1.492644133618972746e-02
5.753042974103626805e-02
6.561030617292301637e-02
6.786728822236356984e-02
-9.300168046001505706e-03
4.946216326405331043e-02
-2.119741245383888195e-03
3.783877102772388590e-02
