1.051008530035245414e+00
1.009103177523524186e+00
1.029775661486653116e+00
1.021713004135312852e+00
1.054661152762977450e+00
1.097517391813580989e+00
1.000610385050002327e+00
1.063255915538993124e+00
1.043174593517700366e+00
1.041308662362700588e+00
1.049477889552401288e+00
1.050635190079057590e+00
1.093032017714946624e+00
1.005280553427137846e+00
1.016599118284189807e+00
1.097130512007024716e+00
1.093434860168850387e+00
1.099162319721704861e+00
1.074643705587286613e+00
1.037398752168478433e+00
1.016895148402712223e+00
1.089950413962953446e+00
1.098154481000109595e+00
1.011753833219405152e+00
1.033717960644989775e+00
1.097097405632434075e+00
1.079510685221948929e+00
1.047507400130305300e+00
1.082583476746173945e+00
1.032936086741371717e+00
1.012066599753753016e+00
1.099242886707168410e+00
1.049900065774878488e+00
1.061864452677086401e+00
1.022576445004741208e+00
1.030359830364458773e+00
1.019633010794839256e+00
1.076589686651733935e+00
1.057776050165641690e+00
1.010032230617461613e+00
1.019796183078936158e+00
1.013208788052106124e+00
1.069588716737552625e+00
1.079993046621371189e+00
1.004652946546759962e+00
1.094893192467421894e+00
1.007698383191177216e+00
1.074442670694370605e+00
1.024675490314104653e+00
1.020383761730090155e+00
1.079285435514500957e+00
1.057273375403990689e+00
1.007784244690649977e+00
1.035777800928621151e+00
1.062071810485747614e+00
1.078518023593164843e+00
1.063570865991112502e+00
1.022780157062616935e+00
1.039478369134902325e+00
1.054764423189103795e+00
1.012616168168203323e+00
1.012364697655562473e+00
1.058513426017934522e+00
1.046128549908513561e+00
1.028777368285460625e+00
1.068638579487844131e+00
1.090413253271629523e+00
1.083244419250331880e+00
1.019455688705719565e+00
1.044342281639487169e+00
1.087242587007725581e+00
1.073354114627590894e+00
1.037927325842510795e+00
1.019882512385152262e+00
1.035878792334750553e+00
1.054167366280990059e+00
1.018089793695783118e+00
1.016534046323387841e+00
1.093239494122734579e+00
1.016353720388693427e+00
1.007763871281539325e+00
1.067567145008558205e+00
1.053639830314275994e+00
1.056837368775985109e+00
1.038022418550486270e+00
1.073778574377647788e+00
1.092545872002394614e+00
1.019658571523149426e+00
1.021833424674893021e+00
1.081886523643857290e+00
1.082288583187528408e+00
1.084450540655681028e+00
1.019177751755333761e+00
1.036147736219493742e+00
1.063987324361342912e+00
1.002050178932848423e+00
1.061909776664091476e+00
1.087180040756587029e+00
1.017110823170457756e+00
1.016708936593217816e+00
1.032575259588901062e+00
1.083927204532592059e+00
1.010646762644200169e+00
1.091846856462973747e+00
1.044156882303490574e+00
1.059447968594784184e+00
1.051944202179444066e+00
1.031591718668338320e+00
1.099804281683224305e+00
1.068527511644117967e+00
1.051979432868321407e+00
1.035878475991881764e+00
1.085352698700034146e+00
1.029829427654391782e+00
1.032950438654211212e+00
1.005749036720182454e+00
1.069448658456263246e+00
1.001306135243466677e+00
1.006875278695122500e+00
1.087253231466530412e+00
1.090716448538457950e+00
1.068755662426034814e+00
1.075285049860927433e+00
1.044960907108217762e+00
1.003582693010405480e+00
1.039750275467034024e+00
1.076271649384686668e+00
1.092957796151461825e+00
1.040963096662919085e+00
1.002959298094382667e+00
1.031121907305532215e+00
1.022289426349030084e+00
1.020022682767474320e+00
1.037018219000537478e+00
1.023897740556247049e+00
1.093662710646508662e+00
1.097331364259459985e+00
1.052173649879108996e+00
1.082265111991907780e+00
1.015481516168511789e+00
1.061224507721863386e+00
1.098451445088620471e+00
1.091145935945895928e+00
1.029004295419241322e+00
1.026679390458465901e+00
1.093603200286119792e+00
1.014900595894743907e+00
1.085658057052982128e+00
1.036016683558534934e+00
1.071633766959596779e+00
1.072391935825831588e+00
1.097099805491411617e+00
1.038154503851634214e+00
1.009329300800229978e+00
1.056602243250016615e+00
1.007851241363418637e+00
1.017986420129708414e+00
1.049879429074600301e+00
1.004709713366266355e+00
1.097247618847918549e+00
1.072547149436740010e+00
1.004094295431790851e+00
1.004756538993311743e+00
1.047914956930248831e+00
1.056597286473819119e+00
1.052721530952675177e+00
1.056104133874851803e+00
1.034589798607310707e+00
1.007568017372585834e+00
1.075455851697375120e+00
1.078838786015892337e+00
1.080950529124781623e+00
1.062442813813047948e+00
1.048609598080192162e+00
1.051635445518070089e+00
1.026391824528809282e+00
1.008683124711111878e+00
1.078242111992905095e+00
1.025793334391910339e+00
1.024351241087500863e+00
1.050011824884181211e+00
1.026207787302575225e+00
1.085063518723605291e+00
1.005161024206822740e+00
1.068257998432548650e+00
1.088912479116400212e+00
1.074619189753682758e+00
1.089400579000680658e+00
1.033077605554463263e+00
1.037076762034828015e+00
1.027552074094681522e+00
1.037577774685008558e+00
1.005697187373414181e+00
1.087531220397481402e+00
1.072127129462897122e+00
1.096915273547704128e+00
1.035133890069553475e+00
1.087547735092026624e+00
1.023327488991970347e+00
1.079363121986637752e+00
1.087195220050848787e+00
1.041273050906092346e+00
1.043690526049501965e+00
1.092654328758061677e+00
1.021894922139646278e+00
1.062180067260267480e+00
1.008848380643608156e+00
1.062055636953950666e+00
1.095371553751053106e+00
1.084713285751196743e+00
1.021601714125295990e+00
1.061194023593420077e+00
1.097463826362698125e+00
1.048970314331699516e+00
1.090791660017354614e+00
1.003152463141557593e+00
1.027260337371038945e+00
1.083467315226952055e+00
1.072764144359936278e+00
1.065994620299167028e+00
1.088387657349325854e+00
1.072514761582326059e+00
1.022666664326843833e+00
1.020850849647995329e+00
1.071382871697145633e+00
1.059683978567948603e+00
1.045551135074728855e+00
1.064520632382922605e+00
1.065809884556061071e+00
1.000137100957695369e+00
1.057261304398085855e+00
1.054159287333944484e+00
1.092905219754528146e+00
1.074858900549374940e+00
1.033997880587194995e+00
1.014523689719563970e+00
1.027565634979351383e+00
1.033430196397475020e+00
1.004447197864351882e+00
1.032788446012464778e+00
1.007333598439312805e+00
1.019798951664155906e+00
1.018194979216950680e+00
1.030272089018917869e+00
1.041763554182121299e+00
1.077122390111213246e+00
1.004546614423605266e+00
1.094207396606868166e+00
1.081684166900404032e+00
1.045488704063767926e+00
1.037415140411737990e+00
1.058209693180236277e+00
1.016652605979188495e+00
1.023281192862283362e+00
1.013413794543991608e+00
1.020901100506464987e+00
1.095632728776666953e+00
1.083792561572626933e+00
1.080107319110019448e+00
1.095092356068243955e+00
1.034755811943827375e+00
1.045573242370695377e+00
1.088332066722108360e+00
1.079738123418441331e+00
1.045580613496563949e+00
1.040001878794029944e+00
1.051331443068237004e+00
1.091708212053882354e+00
1.081832886636016733e+00
1.057967347360377230e+00
1.031541591844305827e+00
1.035262309192763075e+00
1.068530588573763040e+00
1.079479078411536452e+00
1.073055083545670252e+00
1.082920747375951676e+00
1.028380323084180148e+00
1.059869056553686351e+00
1.090724000265300475e+00
1.040921581135872298e+00
1.057684855479759101e+00
1.096281050202518870e+00
1.034491382003658977e+00
1.028702114440605220e+00
1.075659262641404768e+00
1.083909100360565203e+00
1.036603961553507647e+00
1.065599919074009305e+00
1.031939585008408322e+00
1.001625632462243898e+00
1.009014519734773074e+00
1.085219309614217753e+00
1.077587368641295784e+00
1.086118003331357773e+00
1.040508266086474176e+00
1.066317481735684192e+00
1.008552436475770975e+00
1.002308495983283754e+00
1.000790273032842403e+00
1.010693960613017195e+00
1.061344032795988657e+00
1.077525829346889896e+00
1.010573143697942600e+00
1.029738882582773130e+00
1.062386526214196492e+00
1.034183571917280720e+00
1.068684827890926226e+00
1.071360125534198460e+00
1.042985761787665222e+00
1.070993694359206883e+00
1.066461007237970326e+00
1.055639965576608885e+00
1.028575548137318441e+00
1.086706741644112739e+00
1.069617265580171450e+00
1.083359375460818397e+00
1.071198353657016211e+00
1.039129569575519607e+00
1.053520960891587865e+00
1.005262145272171281e+00
1.085857320207295862e+00
1.050199852797108591e+00
1.017979689564050938e+00
1.064107186121270976e+00
1.022611008024975288e+00
1.078271070832619083e+00
1.094963540376716615e+00
1.074386633190478113e+00
1.004698318370649046e+00
1.038791905512522984e+00
1.079761320067292640e+00
1.006612441646509648e+00
1.087631159860197316e+00
1.018839344611882414e+00
1.070521867750381162e+00
1.056206174780555118e+00
1.009662130827283510e+00
1.078881188787639056e+00
1.087940007760482386e+00
1.078779248476263275e+00
1.010213704725801298e+00
1.096807731265764696e+00
1.013580302313688675e+00
1.007687609775797855e+00
1.078868053411327743e+00
1.038410186002073798e+00
1.063686783630731103e+00
1.041758441503775945e+00
1.099702918978026966e+00
1.000935078147104695e+00
1.046708312445823186e+00
1.042486503329979941e+00
1.085681240278272952e+00
1.063983543736931381e+00
1.031151102954084964e+00
1.001386572301090849e+00
1.091204914495117917e+00
1.018067992642609720e+00
1.047575540206166833e+00
1.077469338520615771e+00
1.042771978705803848e+00
1.033384011961177684e+00
1.002277105550573033e+00
1.087314277116566696e+00
1.069728959220276998e+00
1.030686817038396930e+00
1.014578698821348102e+00
1.023235930094807733e+00
1.017985854569369186e+00
1.018842693247206554e+00
1.082261794936442811e+00
1.006651059151298488e+00
1.046939114052834352e+00
1.027224097171414607e+00
1.076488673212488534e+00
1.000717938193067313e+00
1.012984665557471686e+00
1.084201165822075819e+00
1.044279337726454093e+00
1.088324213235850157e+00
1.073934551988486641e+00
1.078503863978055088e+00
1.089580713701969739e+00
1.048239919934569997e+00
1.088165043893533523e+00
1.075129186918811319e+00
1.057901465988984269e+00
1.099870890305337578e+00
1.036696625868612331e+00
1.087957303934840469e+00
1.067576156960820200e+00
1.096427915024224431e+00
1.091295495124335435e+00
1.065101926482904693e+00
1.049111936900678499e+00
1.053567193286723214e+00
1.097602723133089819e+00
1.065867180007729509e+00
1.086740800323121814e+00
1.073067062640585601e+00
1.093834940988370308e+00
1.079625556222345129e+00
1.010251835231529283e+00
1.087540391990378552e+00
1.040437489771266044e+00
1.095267162048613852e+00
1.079439130001171421e+00
1.032745389384516432e+00
1.030191777340460968e+00
1.096685840921274968e+00
1.025695360481529317e+00
1.093000621104250003e+00
1.092783702290132331e+00
1.038748342326346608e+00
1.003913537673740697e+00
1.037834533052236496e+00
1.085392838452544639e+00
1.044801202003713181e+00
1.050004508286388027e+00
1.056354456003014031e+00
1.081519608488724860e+00
1.070557336723077402e+00
1.024776645059244595e+00
1.078229613978516355e+00
1.097000814100834942e+00
1.016809641210582260e+00
1.063717569281758646e+00
1.076603942373070888e+00
1.050101509056139193e+00
1.090801815555842991e+00
1.017241668985321201e+00
1.097881086741886891e+00
1.045887853516412669e+00
1.017772592949764077e+00
1.079164887930359029e+00
1.097226890367621222e+00
1.062466462938449707e+00
1.094738968705968318e+00
1.014336863244087228e+00
1.061885457999231397e+00
1.050932452555556784e+00
1.038989851735905079e+00
1.077693245808418743e+00
1.053672604862713857e+00
1.059615459563108653e+00
1.058346555280307300e+00
1.098712602551213946e+00
1.018464035046873661e+00
1.069670461736336842e+00
1.001134125747670689e+00
1.017547329015319635e+00
1.040974920437538032e+00
1.046837413768907377e+00
1.071775287041234703e+00
1.011991408703322826e+00
1.042698029744951294e+00
1.058937977536673625e+00
1.003293998466978421e+00
1.065735127820945038e+00
1.008912535445501524e+00
1.072137221468075330e+00
1.086679109225023199e+00
1.024107450893297466e+00
1.035885551468871180e+00
1.052666114707125677e+00
1.079539672689059371e+00
1.009337430346785025e+00
1.034572199000233450e+00
1.064802408081267471e+00
1.057079003061198952e+00
1.066813643745824880e+00
1.054163226124800401e+00
1.096450862970030471e+00
1.030131160537973711e+00
1.027154184525752134e+00
1.014862899522418260e+00
1.005137131410919205e+00
1.056062203135688993e+00
1.099360770988105029e+00
1.055877571261570003e+00
1.036258624522021554e+00
1.095486915936901839e+00
1.060190847740731801e+00
1.066870164268831633e+00
1.010560375916433662e+00
1.058841767181269544e+00
1.027453574625745381e+00
1.046621680870082338e+00
1.011507844416589696e+00
1.079709975497677110e+00
1.039912717827075284e+00
1.019198646349929627e+00
1.090477567143598003e+00
1.090774614345364490e+00
1.082122369086519154e+00
1.035677043873525660e+00
1.066481203588276250e+00
1.062844923311597967e+00
1.004411217356651287e+00
1.071731274038272730e+00
1.000008446210274071e+00
1.094394637523745661e+00
1.002034375435369329e+00
1.092632650393903671e+00
1.091166526499651956e+00
1.093801949752776448e+00
1.073887634898110566e+00
1.065549737185774726e+00
1.033661717516568990e+00
1.047686685241282722e+00
1.062150197318774136e+00
1.079682355113265491e+00
1.090174618872842283e+00
1.034223315185501146e+00
1.084667022236112333e+00
1.026177031875600054e+00
1.055652559770489995e+00
1.050129053779468080e+00
1.022112479960442855e+00
1.066049273382209339e+00
1.065323801743718546e+00
1.089017026391930321e+00
1.029695247974212080e+00
1.079257990574859161e+00
1.029626569377882106e+00
1.001486185815156915e+00
1.024449707606090776e+00
1.084296724341463403e+00
1.036750199007364870e+00
1.099568816690145168e+00
1.059959161988800691e+00
1.087260508571350925e+00
1.020348997890960563e+00
1.063484182278528589e+00
1.074637941470092173e+00
1.056883629719022943e+00
1.030612082948862307e+00
1.011819645042373761e+00
1.017835863368924620e+00
1.098920372999969253e+00
1.075050027454353518e+00
1.058931061505403504e+00
1.072437499314718545e+00
1.092676945080945705e+00
1.080254358073846177e+00
1.073726955016451434e+00
1.058472182780847648e+00
1.095208304177512471e+00
1.040114262978231841e+00
1.094807795115569471e+00
1.005326061562246132e+00
1.015413951442478258e+00
1.084657518700920198e+00
1.049381673944033588e+00
1.040460512595088094e+00
1.067121005959231095e+00
1.080214550353461256e+00
1.043400484246674198e+00
1.010191118490571860e+00
1.090799214647374837e+00
1.015262392712525497e+00
1.045868143106027048e+00
1.067811098526163294e+00
1.078380479469977615e+00
1.096459051917765049e+00
1.025909027933932016e+00
1.016681702554318223e+00
1.023499073354339428e+00
1.029316128934196772e+00
1.074555487115288477e+00
1.061397107498165848e+00
1.082988488376980474e+00
1.025694731055814879e+00
1.045127657387389553e+00
1.007256867157146019e+00
1.006271249920168032e+00
1.071289589470812320e+00
1.047678804134129837e+00
1.078316208932667886e+00
1.010435409403002804e+00
1.009907894086524704e+00
1.030189233394941395e+00
1.062057184256422149e+00
1.081824582290500381e+00
1.072807921542130893e+00
1.073470854373738348e+00
1.008495778496728335e+00
1.003108445210178390e+00
1.099953443973125555e+00
1.067448049718852321e+00
1.092115790957621346e+00
1.071801057223786824e+00
1.049299221736297971e+00
1.089459539399424637e+00
1.003978811795080528e+00
1.098619654571612037e+00
1.067736224841399073e+00
1.071192948523870703e+00
1.038597820613711864e+00
1.039025903706594089e+00
1.018323577358824394e+00
1.016559534194448666e+00
1.050616972438065400e+00
1.062787706236842267e+00
1.016313220839393017e+00
1.020892719818946581e+00
1.024814839366294361e+00
1.038701310508162612e+00
1.063557860691175305e+00
1.093379959186386641e+00
1.024433468740811426e+00
1.089495411440675854e+00
1.035111055014879877e+00
1.047316921875421913e+00
1.090292730433090052e+00
1.006092767805653043e+00
1.052909959890723668e+00
1.040555440663623932e+00
1.020673896847856144e+00
1.095284780703730920e+00
1.000944084164885561e+00
1.013310993514725533e+00
1.052793102358874799e+00
1.025952019326631159e+00
1.069143862873437101e+00
1.085906637153649434e+00
1.004340312157442350e+00
1.044511764227161077e+00
1.012720388190757603e+00
1.057861747263647345e+00
1.007098789003201711e+00
1.019670696971514579e+00
1.040675974221400901e+00
1.021574597542634244e+00
1.067735566452658658e+00
1.011180359055485978e+00
1.049061368285091556e+00
1.056380857536433959e+00
1.001107071941344184e+00
1.034140085036242107e+00
1.002108417904987503e+00
1.013935858145009750e+00
1.040024375407744284e+00
1.066119865113513976e+00
1.097882061679966492e+00
1.039583475911797450e+00
1.085788421342564813e+00
1.052381490300327238e+00
1.040575275985815562e+00
1.062275179686827720e+00
1.057883614111100989e+00
1.021903108482209444e+00
1.018135369191643269e+00
1.065626226473794791e+00
1.000830660995543298e+00
1.022226416955588357e+00
1.033353567885675339e+00
1.086220589123685132e+00
1.025346155383564772e+00
1.050489965240062551e+00
1.044148320030253707e+00
1.055230809938049408e+00
1.008241316595906767e+00
1.025695546152672000e+00
1.025962415744765766e+00
1.075162261562847998e+00
1.075171412391902503e+00
1.050983882921237456e+00
1.046452940894296191e+00
1.026137086334748094e+00
1.098419332134828119e+00
1.006330378337467080e+00
1.085916597230327962e+00
1.047736418564715555e+00
1.047070518595634603e+00
1.048203785770755569e+00
1.090339565320187054e+00
1.032061794621912609e+00
1.003921719240937316e+00
1.021871541956887341e+00
1.010922405875525731e+00
1.070883178226805121e+00
1.064140591574856076e+00
1.007844021381616439e+00
1.026458542167298260e+00
1.010025067723531844e+00
1.011751664858768551e+00
1.085797479815637123e+00
1.099442991344845355e+00
1.074577606511686545e+00
1.049202629820284560e+00
1.001825968919517029e+00
1.086342397946999272e+00
1.022638674537064363e+00
1.052894673162859229e+00
1.006065035808699104e+00
1.017073308408253718e+00
1.060800246009571124e+00
1.031063212036021248e+00
1.041624735491341047e+00
1.036408899071070699e+00
1.064201982583835582e+00
1.058325292779449978e+00
1.059114127391754812e+00
1.075898927116991866e+00
1.017366616438633464e+00
1.041478172491956178e+00
1.062770899904027067e+00
1.069639037142833038e+00
1.006378876821255375e+00
1.070896710336199043e+00
1.020430307684928373e+00
1.062657678262744154e+00
1.083468190898836392e+00
1.094174028076911220e+00
1.087325631033159379e+00
1.057605366790110191e+00
1.080230591105779014e+00
1.085636282734861568e+00
1.037278465952300888e+00
1.049570778653864833e+00
1.024249196358521186e+00
1.064647132824061204e+00
1.095073651033866557e+00
1.051080617434295483e+00
1.032156250281937249e+00
1.026891421886380718e+00
1.056057420770839084e+00
1.011617968763649733e+00
1.034439071381504149e+00
1.076648130490077016e+00
1.028299645720752276e+00
1.047611442414502880e+00
1.057317853629667681e+00
1.071785174645883520e+00
1.012613616489686397e+00
1.055703460520358350e+00
1.083564839386976342e+00
1.054784491306294703e+00
1.004864153543906680e+00
1.095346464097621597e+00
1.061954655362205235e+00
1.034247802977478647e+00
1.006529474363440979e+00
1.024945529879158768e+00
1.074297929313518640e+00
1.040123931298014837e+00
1.056115153125357420e+00
1.022670629906312412e+00
1.032111049233466415e+00
1.071050581517580813e+00
1.068510889627093396e+00
1.018001521953786570e+00
1.011319067343250167e+00
1.078066671039633384e+00
1.024926383474978220e+00
1.048012592476087246e+00
1.094224784098260850e+00
1.013039907258641792e+00
1.023120461240981216e+00
1.092659029754386779e+00
1.096648610925520684e+00
1.033016291851242441e+00
1.028544134150302547e+00
1.044741904348321260e+00
1.070873645727456136e+00
1.037393672550181556e+00
1.018584092034524602e+00
1.034506359990184921e+00
1.065331605522426006e+00
1.087632681623094788e+00
1.066933571492863386e+00
1.015732811904708655e+00
1.031092911307854632e+00
1.076674932964759357e+00
1.052446494492285334e+00
1.026734192006887980e+00
1.057751751615584102e+00
1.003387673531162427e+00
1.078722822487375055e+00
1.011323023624751904e+00
1.057700703682922461e+00
1.075727282413882824e+00
1.096611636413944879e+00
1.034999461810284904e+00
1.022800497919647666e+00
1.064888928072756480e+00
1.049725318380746009e+00
1.034046577621495766e+00
1.022692890899639329e+00
1.056332170488854638e+00
1.058664717933572641e+00
1.046612602027766847e+00
1.061717759125252680e+00
1.081784079739571247e+00
1.011636619458886832e+00
1.036886169448022921e+00
1.084530067019456423e+00
1.041652625929571974e+00
1.050889589645241484e+00
1.050836293757172690e+00
1.017151201634603375e+00
1.023450530983645024e+00
1.075054446795392415e+00
1.010362136147182621e+00
1.061656328463449483e+00
1.042033735943632022e+00
1.029596848474002346e+00
1.065858616374348644e+00
1.076791142433748849e+00
1.030258632614306835e+00
1.068364816839222353e+00
1.037102254513729616e+00
1.043311532547007037e+00
1.028169010024596153e+00
1.009174207000898660e+00
1.083158112010691676e+00
1.066567392997397334e+00
1.077668014517048967e+00
1.011843768555028555e+00
1.007595573126191413e+00
1.099603004771640302e+00
1.024152090495398681e+00
1.047720675298907889e+00
1.062425503254560644e+00
1.022566912527411720e+00
1.004740860568852590e+00
1.023224269225629923e+00
1.030878663462333478e+00
1.049716283687672114e+00
1.058325782079718502e+00
1.005077334987131366e+00
1.026686704720009891e+00
1.046097316197879712e+00
1.086282218548006329e+00
1.029667074795005410e+00
1.035621442607084441e+00
1.001612429552824590e+00
1.066322488411304281e+00
1.049186680525629800e+00
1.081277705108578679e+00
1.060713644190883986e+00
1.000972229496144505e+00
1.093635466844082194e+00
1.013543587991172279e+00
1.067646448826479633e+00
1.092395315762119345e+00
1.094899090933077135e+00
1.059485813690238976e+00
1.013412513974454754e+00
1.002781151589699160e+00
1.081827587323795248e+00
1.073983245905395290e+00
1.008758733410328068e+00
1.092682921222276615e+00
1.072736020761804188e+00
1.067292671919363389e+00
1.053164816047805763e+00
1.027442791123382548e+00
1.032607846797970907e+00
1.019481342998781459e+00
1.090031088463557341e+00
1.049302639532010417e+00
1.018336162162655878e+00
1.028414074239895504e+00
1.005946439594258113e+00
1.063336448874041107e+00
1.096219915903726472e+00
1.078041200874372274e+00
1.036429931377000235e+00
1.098413365048622969e+00
1.079782290159975844e+00
1.036456184908458145e+00
1.047828604369956951e+00
1.004300324404003186e+00
1.008895332208429529e+00
1.038241035814539526e+00
1.050777658345148469e+00
1.032655438088608824e+00
1.061082824383411616e+00
1.049416210343587119e+00
1.049553259776603298e+00
1.033887073476013496e+00
1.056320305817681549e+00
1.024334470209985026e+00
1.004758199180000089e+00
1.007583973564026625e+00
1.075090531451702303e+00
1.005353580227264620e+00
1.031530338435534766e+00
1.042435688124887960e+00
1.077732490712326685e+00
1.055306357427390651e+00
1.056779186740216980e+00
1.034617413993079271e+00
1.026307562720807365e+00
1.064504740080319811e+00
1.040932811009079639e+00
1.061735782171246978e+00
1.073766127242619550e+00
1.032785734129937127e+00
1.030807114025563243e+00
1.086413885123769019e+00
1.015721200370992783e+00
1.031128971614682754e+00
1.032128464896908016e+00
1.028487604453691695e+00
1.010297168662365186e+00
1.047866820390154219e+00
1.090224880741349711e+00
1.082666990240935156e+00
1.092103258426567303e+00
1.094079462761520682e+00
1.025646142993593024e+00
1.050903679367512833e+00
1.016637281145084559e+00
1.022320971182943738e+00
1.025082289189052975e+00
1.053224388276097878e+00
1.084121251114356532e+00
1.041448234216622915e+00
1.015044810404429843e+00
1.050670121913272581e+00
1.095908824679303839e+00
1.011921121077322461e+00
1.007613495453553831e+00
1.043225948379742141e+00
1.039114525240709019e+00
1.006029423463377315e+00
1.076820786410742858e+00
1.015009043427652857e+00
1.000763659056136401e+00
1.082215252691590468e+00
1.006356520650823594e+00
1.025139517481352014e+00
1.092167178372132952e+00
1.063615909033510887e+00
1.099060848421079095e+00
1.027787641951762421e+00
1.070945563999583294e+00
1.065779612952609146e+00
1.090326590535972473e+00
1.038328845925094557e+00
1.091669990484182229e+00
1.055678961043958752e+00
1.061247645408552653e+00
1.068818919504625820e+00
1.094406894655541640e+00
1.062333135305226772e+00
1.003705013087601738e+00
1.017725091072081867e+00
1.085245072642224695e+00
1.088635896832429895e+00
1.020062698660830103e+00
1.064248608537259555e+00
1.030373388430770420e+00
1.085731733909332863e+00
1.041257017243061300e+00
1.038199105780491571e+00
1.039094807304814960e+00
1.097187655603288681e+00
1.085522280743368650e+00
1.035440203817819427e+00
1.075216168920605453e+00
1.027292318548067351e+00
1.091128819391976368e+00
1.023670585122426813e+00
1.041081783726618415e+00
1.073740124479227065e+00
1.041315242703434230e+00
1.007486531730870993e+00
1.051847383313007755e+00
1.043767447630902012e+00
1.062043917176412666e+00
1.090751667618910847e+00
1.076220129997619956e+00
1.010347398285807774e+00
1.032815331891620891e+00
1.002729554829326020e+00
1.011537871967188806e+00
1.048880554400484888e+00
1.005705992688248118e+00
1.002771945837318102e+00
1.080608191250840733e+00
1.082700799138277770e+00
1.010008246990422354e+00
1.041245515619277251e+00
1.090934280112386245e+00
1.025750606886248084e+00
1.048114091480261800e+00
1.043569667634321130e+00
1.038472462552832987e+00
1.014206495386051676e+00
1.037991084736759051e+00
1.003855395566348507e+00
1.020393792808954592e+00
1.084542502846178147e+00
1.034023262746737837e+00
1.035485503569023802e+00
1.015111678008319585e+00
