7.274825634316588185e-02
7.984799968745653898e-02
3.020575596227059387e-02
4.228756487324885488e-03
9.076083655927365268e-02
3.611039717677125283e-02
5.520555298200131855e-02
4.738922905819532849e-02
2.677846140739391020e-02
1.713095406148558084e-02
3.795510443809384238e-02
2.732753268396536858e-02
3.155665725022672313e-03
4.423366881462692524e-02
1.250065588309937081e-03
5.403914803300425423e-03
9.283480139725965030e-02
3.604975124258605335e-02
2.489102738575936502e-03
7.337018775723509745e-02
1.122060508170776710e-02
9.092717340074822630e-02
3.864312986571716291e-02
5.303828710000896285e-02
2.522749301513537920e-02
-4.934995301381651586e-03
3.325173828378739926e-02
3.241400062828203588e-02
6.992624404983242836e-02
9.277145791541029085e-02
2.414975399933392761e-02
1.630673796743758661e-02
5.434403843590802918e-02
5.652909893526732177e-02
9.124782795531113933e-02
-1.056708156497932274e-02
-1.159191985295158177e-02
3.228590137079805772e-03
-1.831113413449186877e-03
-1.169908599786882719e-02
9.918207208968222999e-02
7.638990898726996659e-02
7.275412645983073134e-02
9.637938220032589431e-02
7.565959595355509215e-02
4.333796461789288235e-03
7.299467590534042261e-02
6.117538254479630566e-02
4.408153770668643556e-02
-1.878371926813752341e-02
5.055879942325557097e-02
4.006790013120149763e-02
-9.433559416135625306e-03
2.144494140457501100e-02
7.242415936784947494e-02
5.913462360453639044e-02
-1.500862121393268384e-02
-1.125749201702432034e-02
9.108697678098602590e-02
6.047494552205490148e-02
4.435481094080322151e-02
6.907354752159627909e-02
2.449706538759085714e-02
1.771053393604716739e-02
-1.351137416737716035e-03
3.832704769000438993e-03
-1.097568802054103496e-02
1.821756929222983698e-02
2.893458417048620432e-02
-5.239789228654836289e-03
9.654342094741417968e-02
2.106341693379920957e-02
1.810812939411999764e-02
-7.308970576374576242e-03
4.289656248632071900e-02
9.191869204207463173e-02
7.194504784780061946e-02
9.978668031158381690e-02
1.915118570233391090e-02
7.143084483789258199e-02
2.802531824470946495e-02
5.787483706447249521e-02
6.328461328662347840e-02
-6.028312758829521001e-03
7.067332574557506908e-02
-6.676017823657324005e-03
9.896333027098273838e-02
3.976004521704204486e-02
3.397702313742759217e-02
2.858880778062000347e-02
1.735236002696722776e-02
4.531478472042298200e-02
6.845153203479785453e-02
6.908320015848387619e-02
9.176342190541340871e-02
6.173784784275983262e-02
-1.416100024044051817e-02
1.614001605701136446e-02
-8.525136215177234536e-03
5.270922201923804173e-02
2.225294169551813792e-02
3.465961278548378155e-02
6.032800231116125511e-02
4.740785373949654713e-02
2.798486558893062068e-02
1.324656216571158326e-02
2.873793967282258985e-02
4.056708752616945690e-02
5.577952796153715087e-02
-3.878567373372634325e-03
9.065533634797896811e-02
9.542329448996297869e-02
6.846936405650683177e-02
-1.701763072251111578e-02
1.343340453049410646e-02
3.926538132527493397e-02
2.610498517681258263e-03
8.471520793114394043e-02
8.204923905212863078e-02
3.659697201168692071e-02
2.289772852472793038e-02
4.359523922375477256e-02
8.147586128329249722e-02
2.586088624654583543e-02
7.761366359815875804e-02
-1.314441956852189369e-02
4.249311787797270534e-02
1.552698536974828417e-02
7.960235721366940020e-02
5.212187275180898971e-02
5.342488656989639872e-02
2.458094643733439374e-02
-1.647282739739080321e-02
5.557551794182932769e-02
7.920823127935495978e-02
9.909291174279957759e-02
-6.896595584549814958e-03
7.638955013093813584e-03
8.550225190447685586e-02
4.445573935806071408e-02
1.847561428676855119e-02
7.819102420128432041e-02
-9.164239834883528002e-04
1.838601873894547475e-02
9.795942825305403723e-02
9.397959393861203548e-02
5.397039563181771360e-02
8.400889484136576241e-03
2.892213182260764195e-02
7.917317817415112091e-02
9.797884738823629813e-02
9.443692628285038637e-02
4.471384358034176387e-02
9.417773128818721085e-02
-1.129793844327473505e-02
8.298605071831562097e-03
7.066365521372033887e-02
-6.661538470158618469e-03
7.642048371895898001e-03
5.702059003336917842e-02
2.905260901086129458e-02
1.737916903109253466e-02
1.449577213343232127e-02
-1.445553734580408423e-02
9.308626663193231288e-02
6.789887611461932482e-02
4.957587520886160004e-02
5.931796341170360309e-02
5.087275102548251271e-02
8.403830898303864261e-02
3.166723785071523523e-02
-1.798770835466001125e-02
3.483416366074355841e-02
1.899900117874251879e-02
4.896389781005176800e-02
8.201347631545954919e-02
3.055169720122139290e-02
4.387277452619764428e-02
8.031044884259355698e-02
6.774439034398338499e-03
4.795925856741325988e-02
-9.402119235207982012e-03
2.714958213982627752e-02
-5.234019232518923731e-03
9.263495964634861635e-04
2.397744002907575486e-02
6.588161688824514806e-02
-6.866646602556930254e-03
1.567683998939335341e-02
7.092727287056357910e-02
8.002756227337333439e-02
7.158944240025116867e-02
-1.530411256217066238e-02
5.310125814112005849e-03
-5.128198429504132391e-03
7.225385400920947276e-02
3.569390974008110340e-02
9.093934446813912997e-02
-1.761460938097706569e-03
-5.444893955786879458e-03
6.855455243870710313e-02
1.887141828425517240e-02
-1.158478018040303564e-02
9.800868903485117356e-04
5.475206672164407984e-02
1.783937819513494241e-02
9.405560853327675497e-02
6.176643474754885121e-02
-3.549599034939912579e-03
9.385883565944293239e-02
8.956065832618290146e-02
1.583022914264006417e-02
7.179112547304465630e-02
-1.139830910797120719e-02
-1.163147725441029436e-02
2.065628126325895139e-02
1.712858172229691014e-02
8.268163555367274986e-02
1.979214428318286020e-02
2.518525091757421730e-03
8.295888919065159961e-02
-7.235622307181117929e-04
9.218174163210622607e-02
9.243070769963356026e-02
-8.657212626373977926e-03
9.265171655348170693e-03
5.022713813122453574e-02
9.104473740257135184e-02
-4.078964205078548788e-03
1.071655183030831987e-02
3.436198007156385237e-02
5.748223347966406604e-02
6.952370200705909609e-02
9.373868129014104045e-02
-1.759913596189783755e-02
9.661102611044639077e-02
6.785370972218968122e-02
7.666483432130057063e-02
-6.383546442267275245e-03
3.556178250809639840e-02
9.304409082816859911e-02
-1.738429668119870902e-02
9.758100938675560998e-02
8.178021952321594401e-02
3.579763327906503034e-02
5.500515452072361755e-02
3.477456217165221519e-02
4.142090901902931860e-03
5.694244897471149869e-02
4.860531082485965160e-02
-6.426739192666732284e-03
-1.254317390751524472e-02
8.363026399168126124e-02
9.844088948570507702e-02
-8.273716100227321638e-03
7.990966226147484808e-02
-1.170867151223966424e-03
2.910958560587243241e-02
1.095409748387409649e-03
5.373226208117883040e-02
8.839715346670444507e-02
3.958880777925109784e-02
8.555851501798706488e-03
8.192709479774634707e-02
8.272967611757607587e-02
3.550729195639727720e-02
-4.156291119213121471e-03
8.902782656503710479e-02
8.090032787963379046e-02
5.355125003286534402e-02
-8.718734168232291498e-03
3.411404070194146154e-02
1.048958610829361232e-02
9.772714322278534815e-02
-1.000820302832914309e-02
6.969688112994397444e-02
8.733979012056490576e-03
8.132358922953335234e-02
2.973137463886197165e-02
1.264210770732307823e-02
2.168978217405796369e-02
5.199482225870190322e-02
4.464723627584010757e-02
-5.079480868342475114e-03
1.458329835864833127e-02
5.511265826419663172e-02
8.061571915317369830e-02
5.671163557244011943e-02
1.309203113421298845e-02
3.972175429892005338e-02
9.842885691115996205e-02
7.801331652051748944e-02
1.140345097589097467e-03
2.728306712399698394e-02
-1.942219481792409677e-02
9.950042446816229069e-03
7.024550353642790290e-02
9.216529981854661158e-02
6.936521117587357566e-02
2.761917692926671788e-02
4.172807851255264100e-02
4.109222311527251092e-02
9.933142088122200175e-02
6.971029074901413658e-02
-1.320253310184982265e-04
9.355459123923333398e-02
8.762005727688877699e-02
3.725675229037223035e-02
6.656935908048185191e-02
6.115273060376050229e-02
-1.906517601918928176e-02
1.391071780700259622e-02
8.109740959753201917e-02
8.503063866148830030e-02
4.521106691386607423e-02
1.826129318249660252e-02
9.000675126412852056e-02
2.928333486749154155e-02
1.081987948487242099e-02
3.409140850218239649e-02
3.529445710619408261e-02
6.473449520075320873e-02
-1.040807650399207772e-02
-1.882620834890900291e-02
1.551273840248422117e-02
4.193357803066766198e-02
7.552415000782439214e-02
3.375809001831237000e-02
2.210194001341480793e-02
7.652710132018933353e-02
5.070805050113687262e-02
2.832780541256341850e-03
3.498803299348163254e-02
1.289447292684769639e-02
-2.818844609427384462e-03
6.172713444536932770e-02
5.393434118587912829e-02
2.821825095810546677e-02
8.930096090233308193e-02
7.479910367917692871e-02
-1.399088098399993429e-02
9.776536643290885398e-02
2.358925196549183437e-02
-1.917208404760022480e-02
4.856102668502455810e-02
9.879739821605452305e-03
7.065601524800142752e-02
-1.286458088891026530e-02
4.013940895892628702e-02
-7.708680368588155529e-03
7.096123516566996137e-02
4.847914313039501655e-02
9.537821566156723385e-02
8.177079087150233849e-02
7.443978553257242503e-02
7.541567777341842693e-02
3.378392741251391718e-02
7.527034570851180717e-02
5.582297746913897352e-02
3.889450008994960184e-02
1.561959313045646613e-03
6.768188435412179904e-02
4.196024527209395172e-02
5.949623592073023659e-02
8.270658050130701155e-02
4.597500009544150390e-02
8.530515814918329665e-03
7.880978076612597805e-02
3.919032038752337521e-02
6.588743142059536040e-02
-1.190438751248808387e-02
8.647476278547190642e-02
-1.466191578450945499e-03
-1.816324659169536726e-02
6.453661271030525226e-02
9.897247114964861925e-02
3.444671457049428009e-02
4.518588390151576095e-02
3.269080707509408601e-02
2.918748083070843782e-02
4.644577154646913064e-02
-1.833556418298232932e-03
7.152911457953795016e-02
6.018409289887295677e-02
7.220983370242896326e-02
6.791629260691223191e-02
8.356559312861593786e-03
4.682369138817865650e-02
-4.006414463750163080e-03
3.714695849411503437e-02
3.690473650580565479e-02
9.843350303809537960e-02
6.872431479427119905e-02
3.860059598660819935e-02
3.805781970869186182e-02
9.497234162015566472e-02
2.688985910153305833e-02
-3.022292148368500853e-03
7.831577682249790673e-02
-1.397079856559247692e-02
8.051640244377941680e-02
5.714207136756725702e-02
9.789276976923233509e-02
9.873781132859589527e-03
-1.567791713586328545e-02
2.191491212810333863e-02
9.311509703903360358e-02
7.670020017358566977e-02
2.656783760835111294e-02
-4.281809955520736455e-03
-8.309883312776964598e-03
8.723105530101499250e-02
6.123148445356800529e-02
1.528964782106253736e-02
5.701462794753030250e-02
4.337866386957285603e-02
7.809616003234286230e-02
5.166996761977632469e-02
-1.005238920424820701e-02
5.326861466555688623e-03
4.071528928693070315e-02
4.896801766359572261e-02
-1.064661294109363159e-02
9.930857591979953825e-02
9.778062455666253205e-02
3.910751123307927568e-02
8.451126893389236672e-02
7.126400765981336094e-02
-2.184481733269703907e-03
6.745796709380302847e-02
2.066155444304300717e-02
9.135243203168139092e-02
6.730804943408909280e-02
6.813067611384572564e-02
7.883221835104466113e-02
-4.791300136111419083e-03
8.417801780150252489e-02
2.921785982483448771e-02
7.313684241223497584e-02
2.354973567248249897e-02
2.828754443010566069e-02
-3.229274498083665318e-03
1.645693041869996168e-02
9.952880744514339129e-02
1.481356344299416747e-02
-4.141774855219437779e-04
-9.641200628934826905e-03
3.972449980343456533e-02
1.739286458070560606e-02
5.475312701677946536e-02
7.818786708019094533e-02
6.705063504923598761e-02
4.685269987564848193e-02
3.328275801061632289e-02
4.967060683048661607e-02
5.055845511518558544e-02
1.518223575968008499e-03
3.905391091881638133e-02
2.401173498718469843e-02
8.902529892776728238e-02
7.899491247830081608e-02
6.376087510152327054e-02
9.992289802082642003e-02
1.449635561800581909e-02
5.830014004395522864e-02
3.985215036419839651e-02
-1.109114163383335613e-02
-9.181603803074884357e-03
2.789878959855269028e-02
5.562193512581629917e-02
3.444871092220273823e-02
5.134569339100164553e-02
3.830339487138517685e-02
4.164544689696778046e-03
8.081991443616472204e-02
9.621196393474124031e-02
2.599349932718432801e-02
3.935222924960475599e-02
2.321233477619492544e-02
2.060604855918666753e-02
2.371713667138796930e-02
5.668717241382957572e-02
4.769495488323689109e-03
7.455176147338743453e-02
1.939012710623463226e-03
-8.780451631357374248e-03
1.819855630887778561e-02
-6.866094730714466035e-03
-1.970488009599343643e-02
-3.331426534022786240e-03
2.048712902088360363e-02
5.934615656251562843e-02
4.339640630336667748e-02
-1.832279174823005577e-02
-1.556595995163835566e-02
-1.434466487946797243e-02
4.474131050140203736e-02
6.955719014422551139e-02
7.847273344117311478e-02
1.056987314278711246e-02
4.615036371805257553e-02
3.310845819575905513e-02
7.930823946904040633e-02
8.245742139852528518e-02
2.079904853042531185e-02
9.397373134533225369e-03
-1.976017806588539760e-02
4.399134881401062236e-02
7.094712895701282829e-02
2.115123991777933046e-02
5.787823221043594812e-02
4.471769947685730329e-02
6.518475509031140813e-02
3.799404343226125969e-02
6.339336800226577640e-02
6.059789348217978211e-02
4.739088491467979836e-02
4.913190843691819798e-02
-1.999846736148863657e-04
2.352054376456701873e-03
5.681393249760958997e-02
8.553793923496308405e-02
-1.046419359841562965e-02
9.102047015820469156e-02
2.426035814401527810e-02
1.118446807922136160e-02
6.226984300959913232e-02
6.538270240605885408e-02
4.892917145090087960e-02
5.576857044757888016e-02
-3.849609951664015317e-03
9.730914983719023137e-03
4.842369133211062160e-02
9.468837179117370328e-02
4.813489983118929283e-02
4.849610091388412147e-02
6.202563566172396292e-02
5.301035873624346251e-02
9.953763928056365284e-02
4.317672558597712706e-02
9.054672790365339563e-02
5.038121128793204839e-02
2.567185739413023124e-02
-6.167989895547622628e-03
4.559562615960074949e-02
5.020031435900501604e-02
5.819630044842635797e-02
2.031621059988042780e-02
3.841759283811112258e-02
-7.657408313533590680e-03
9.013629822428832761e-02
-5.406856366483626247e-03
1.188906747254335136e-02
2.189307132679247855e-02
7.092613272439707295e-04
6.720323988410676491e-03
3.846887917455788647e-03
5.285295755149531371e-02
5.542733280292279352e-02
5.074612287284357981e-02
7.194639726232940347e-02
1.283908720757198293e-02
-9.391616517888662710e-03
3.061579836082336040e-02
1.644597210851712552e-02
2.423499856857938908e-02
4.391360894042843632e-02
-1.737994336543326537e-02
1.710288299952436933e-02
3.626030038938712896e-02
7.591451325510149839e-02
6.680682191437296857e-02
6.718930906760973987e-02
6.521769667808990922e-02
-1.706217305959327468e-02
8.277095181023630399e-02
6.216304575663390841e-02
-1.588346396400909868e-02
6.102385931010764764e-02
7.458565667842712021e-02
3.408361752211218343e-02
2.260779095204337383e-02
1.120817294701201977e-02
2.016575021624797057e-02
5.283519888852802882e-02
3.085987024908174933e-02
-1.854681741491049154e-02
9.812828582504036501e-02
2.530677515310323158e-02
9.796764833758955793e-02
6.215623312651026577e-02
4.535287766439977108e-02
-5.390688791985351683e-03
9.779434877421953887e-02
2.563429482555262470e-02
7.572646414821516958e-02
5.404961835486884331e-03
-1.661516855683736055e-02
8.164100171916818804e-02
1.116445412453389088e-02
9.284927213623626885e-02
8.463508734738584005e-04
2.824431753590908242e-02
4.349740475808291928e-02
-9.545179294597087166e-03
2.567395797176966893e-03
6.111572519673577619e-02
8.971852656568490847e-02
6.239019092509590081e-02
6.990935987476931679e-02
2.895312741384981764e-03
8.006488691095547949e-02
6.759768538601526600e-02
-1.217978818081898694e-02
7.402507498463431479e-02
6.831445179414490088e-02
7.523521071180451492e-02
8.036442313908161161e-02
8.899052931959157420e-02
7.555687143047415399e-02
6.571488339339728868e-02
1.090833039632269769e-02
7.126082066706995732e-02
1.549311087382950966e-02
8.586287174473705708e-02
4.822928751583567542e-02
1.296154956094923080e-02
1.051202665716960416e-02
1.346541610884465986e-02
4.102517413052057804e-02
5.676662738066591551e-02
7.899799380878981536e-02
9.611911178805672418e-02
-2.625073794953362155e-03
8.010126034837307396e-02
7.986297841953356180e-02
9.991592695861253870e-02
6.797477631075651838e-02
4.658233305853418105e-02
3.782137345858788136e-02
-1.870788964488867903e-02
6.606060135538180389e-02
-1.708456482852808295e-02
8.322732473970155531e-02
3.012961104675330667e-02
3.446125057241546108e-02
1.073222978857073240e-02
9.475951476841312782e-02
7.995731474407716255e-02
-4.562826518911307014e-03
3.699531316192425368e-02
2.852104522556534252e-02
5.332357433544122893e-02
5.919887109252847113e-02
5.093560277422817806e-02
6.823890017579375966e-02
1.943146394138577440e-02
1.749794419939832910e-02
1.035695190437332242e-03
6.749686584471319140e-02
9.340300467682656482e-02
-1.237115665856493990e-02
5.006439412438916381e-02
6.924993096299440765e-02
-1.314639500706447917e-02
9.564328798980398227e-02
3.580553846657280603e-02
2.456615452896655435e-02
6.453884951172655926e-02
8.922218835895850964e-02
8.495028393002315714e-02
9.925590988700294659e-02
1.375777887000625629e-02
2.575245602500018591e-02
8.987587220761027174e-02
1.343516038205684951e-02
4.408819077047622381e-02
8.726920278844176038e-02
2.124542078014268406e-02
7.514942206451395712e-02
3.586649201123985609e-02
9.211501391615406487e-02
4.458501493093963708e-02
3.336574668927017040e-02
6.715815652607348696e-02
7.332098095084833844e-02
2.061125512966836132e-03
3.907869710545793657e-03
9.721756366477343758e-02
5.300044552156828181e-02
3.602778321720882804e-02
9.571973104505915320e-02
-4.245585322846533866e-03
7.606217762707538632e-02
9.530369519563759717e-02
3.091096329029710890e-02
7.812447477796159723e-02
-1.242462693356055289e-02
3.701829934557725188e-02
8.107301072227428296e-02
3.861172837114401624e-02
1.987553919231846086e-02
2.142406602458158879e-02
9.603660559052502876e-02
8.420321692115774470e-02
-2.158977807362124496e-03
-1.386437271174107908e-02
1.908082389734251302e-02
6.323841798583526574e-02
3.835815044380982974e-02
6.074520424019914933e-02
5.677325283337027184e-02
-1.041773633634085656e-02
5.012107818746187882e-02
8.550546394626809543e-02
9.069282105753263823e-02
6.528849884580469054e-02
3.946329333560273656e-02
7.737847339675162084e-02
3.924592940660195928e-02
8.797517127438703177e-02
9.286533159469870236e-02
4.533081225230355116e-02
4.756471629388420164e-02
9.634565951425128061e-02
6.632143095322482612e-03
3.884158072698506992e-02
4.344145058865765685e-02
6.997561497317171531e-02
3.230458949930275353e-03
6.946275882975132265e-02
6.844166878836081824e-02
-4.933982102952108595e-05
7.454096314334796025e-02
3.782657978324822923e-02
3.599342929164410509e-02
-1.810310232117636267e-02
8.961550556042603699e-02
-8.154973039604754628e-03
7.902835503644459192e-02
4.903052862342884011e-02
2.114336340833671349e-02
1.105024826119201109e-02
8.726608253076072186e-02
9.405582905259460280e-02
9.467492050288099648e-02
5.481740857253926402e-02
1.209945477951791457e-02
2.931287005016930750e-02
1.970133935456354693e-02
8.327263990573047225e-02
8.338806376848453827e-02
-1.356814372868676843e-02
-8.273859929481749975e-04
6.921861929978383177e-02
6.938480848245201504e-02
-1.796688489403112932e-02
8.534205844360477633e-02
5.909254685001981422e-02
6.592982425968371696e-02
2.226986549929795348e-02
6.356237428775579623e-02
2.642679901824220370e-02
2.879662351607880852e-02
6.779623607201425151e-02
5.942780940329994710e-02
-7.372752870933627078e-03
5.359330370479451627e-03
-1.261183514014628526e-03
5.956703438048596699e-02
5.734394215697544150e-02
-8.297095104437620869e-03
4.018783142398231478e-02
-1.532917177423497729e-03
3.531620251813645528e-03
6.857863283896374618e-02
4.280209062037054757e-02
4.820651143767459845e-02
3.688156702615282001e-02
1.007186623569882380e-02
1.822475429382641385e-02
9.020006787136061743e-02
7.979446499317660590e-02
9.800030868177986298e-02
4.669745714895043309e-02
5.045571131719321645e-02
5.141392630462196522e-02
-1.476204465470571173e-02
-6.559359545675214065e-03
-1.947057218928634550e-02
3.352702480170714761e-02
9.191911648722826678e-02
4.677854015831177381e-02
1.309891829389370557e-02
6.743923387470841802e-02
-1.486305117719546875e-02
7.835539743444387695e-02
1.041728458165726984e-02
1.067397604431759295e-03
5.577424352137574926e-02
3.450790522620367229e-02
9.845133835385626309e-02
9.012131016789609594e-02
3.029428240019996568e-02
2.186084932550160995e-02
7.895466786787880276e-02
7.567506827199647207e-03
-1.220861835107657500e-02
3.448705925017632457e-02
-1.776079967745470070e-02
6.189533782045546217e-02
4.292495753370602352e-02
8.596846204604481623e-02
9.690572157850503576e-02
8.036900300947273645e-02
6.361713957377104767e-02
2.060960233954998652e-02
9.612446468875129879e-03
6.907459082427641617e-02
7.439288987474414194e-02
5.175454865812531557e-02
4.440547388246143118e-03
5.595204204877163301e-02
9.651757480692212121e-02
3.099652215668747060e-02
-1.905368804381332715e-02
3.905263444153569963e-02
7.812593814703414075e-02
4.135608578066142516e-02
6.191727918158262955e-02
6.652609132999377783e-02
4.337662325247372552e-02
7.505358065582741489e-02
3.491440520344417375e-02
3.398830365415221599e-02
6.819475739520160229e-02
3.312513301084982209e-02
1.954143444623999623e-02
2.409010635041819101e-02
-1.448368842858616459e-02
9.217909344740923827e-02
-5.058287232572664105e-04
4.637753767520283454e-02
9.953904366971952355e-02
1.222982716407118933e-02
9.805512659376933171e-02
-1.430093948968782017e-02
4.977090253792028351e-02
9.410645981469717425e-02
7.545074002331855767e-02
6.937436387658064973e-02
4.863704619807897311e-02
9.922876794700433156e-02
7.195809297140737248e-02
3.055728421895398048e-02
1.884012417932541192e-02
2.872862123778359769e-02
1.205104305758173885e-02
8.309582779947569109e-02
2.729022429328285468e-02
6.587235554766335266e-02
-1.717268751263626575e-02
-2.200018214614952311e-03
3.372945692425013964e-02
-1.264883946763351030e-02
9.916318290086098552e-02
7.165875166746044078e-02
6.790463958525859434e-02
2.828281762831607801e-02
5.186800690511092493e-02
3.029936213774432271e-02
2.797372109492338513e-02
-1.917344937207361016e-02
-1.590618073929517956e-02
9.000954759445609077e-02
1.528538131378934586e-02
-8.608672117541344218e-03
-1.310136224767004080e-02
8.323987581141685521e-02
3.281187819907295522e-02
9.604851535364952730e-02
1.113907220908442325e-02
6.670383993250188215e-02
9.136464135034914891e-02
7.489116469139099619e-03
2.299824396836150711e-02
2.505659161703866281e-02
-9.374376741752432282e-03
-1.953973735943937903e-02
6.765246756317783161e-02
-1.519610159361501137e-02
1.489989349744553701e-02
4.582688380778549009e-02
1.370343981557322829e-02
9.484278274342666792e-02
3.464661586804262949e-02
5.079593788823986988e-02
-1.267379658161824074e-02
1.676941431780311700e-02
-1.733942780071611248e-02
7.221208352937662223e-02
2.028042143892686347e-02
6.588064354069732287e-02
-1.993266136843590414e-02
5.797629826531780495e-02
4.039138916522636014e-02
7.158565705314062777e-02
3.968387557857583348e-02
-1.821887823556708058e-02
6.185759989726950792e-02
-1.125947769472416052e-02
8.139301815039480525e-02
1.862111846013646613e-02
3.984596924098579573e-02
8.931045826763467366e-02
9.832226287737515225e-02
2.300950693677465339e-02
9.320519689767771399e-02
8.391832420189970776e-02
-8.097022273384348739e-03
-2.299328208953718700e-03
3.567560856467714980e-02
6.856412627305055740e-02
9.186086957657889351e-02
-1.019800255432515117e-02
5.311188626377054411e-02
7.008223233839289135e-02
-1.827753984136916421e-02
2.724747760729450199e-02
5.302765464400660544e-02
9.018472305781945197e-02
5.642777520399068492e-02
3.691744092218340878e-02
2.717512473138200893e-02
9.861593096353919730e-02
5.826414760140515015e-02
1.722421965367469318e-02
-1.070202511445258152e-02
6.887822972706196534e-02
9.992367862647745513e-02
-1.392722521860500183e-02
-1.650404659388493567e-02
2.263967774464948832e-02
9.550500604816258843e-02
9.170442132628738030e-02
4.798610327514184204e-03
5.568223166766432530e-02
8.607623840672096183e-03
3.166565823700968896e-02
4.324868598356773619e-02
6.140686890948893195e-02
1.403890602640455246e-02
-4.765128688079637090e-03
8.338676772811866311e-02
7.596529741588385620e-02
7.993220506481793497e-02
2.582459058135399763e-02
9.222461396546903500e-02
8.878815196667626253e-02
1.952555981196322718e-02
7.096423798495465896e-02
8.898446132108990547e-02
5.170691249828739122e-03
3.747002801461504773e-02
6.294683834990774662e-02
-4.962695587112006188e-03
-2.757323869483765261e-03
2.061182472588963741e-02
4.138954946133029805e-03
4.314832531268684990e-02
1.716963694562180856e-02
3.388710070610245761e-02
4.294054695839848168e-02
5.914582855030879605e-02
5.533072556436731404e-02
-7.264075532196500457e-03
8.390977475847424816e-02
9.764454851279130709e-02
-1.880999635900937328e-04
7.759576001861875905e-02
3.082294101581691328e-02
8.645386669747555375e-02
4.373453745182996621e-02
9.514227379067004275e-02
1.495123771776335139e-02
4.421448467611696631e-02
3.293060407128055311e-02
3.247069990695225505e-02
7.998244332358495079e-02
-1.434998395277469960e-02
8.501519438291361974e-02
8.890760519513725424e-02
4.261570440527541470e-02
1.271450711502298062e-02
6.020244363213836380e-02
1.443762945817557083e-02
6.315772451294811296e-02
5.837848263467239340e-02
7.818868238704153317e-02
4.441624039198989460e-02
