1.035785490893487149e+00
1.005789154920866402e+00
1.016912300765770993e+00
1.044068101445902785e+00
1.095945429055479758e+00
1.093199268303514105e+00
1.017047078873453136e+00
1.022496231608177597e+00
1.045546488048254119e+00
1.014546105552163846e+00
1.055760709642679762e+00
1.003269429884643182e+00
1.013376988916285359e+00
1.021169746131004308e+00
1.019829685182149337e+00
1.006859154120754329e+00
1.007838981275108736e+00
1.077647192201717230e+00
1.095460239737041874e+00
1.055041757048995610e+00
1.087817001360568359e+00
1.067112144555456998e+00
1.040093772078457546e+00
1.082598330762801320e+00
1.006375519744669100e+00
1.059366482486103545e+00
1.045944591874237606e+00
1.015284854785480251e+00
1.069630813514204304e+00
1.052902785634273863e+00
1.029053875397242468e+00
1.025113843718396645e+00
1.068919296677301567e+00
1.004553318574198162e+00
1.001718036170162751e+00
1.081460668310888495e+00
1.002588728829605147e+00
1.045731201434652258e+00
1.055038781961850525e+00
1.012732919041829716e+00
1.050418529489222319e+00
1.034782879376844544e+00
1.019215402548677485e+00
1.010736711816711209e+00
1.050190016023734074e+00
1.020165605322969293e+00
1.065323764992777811e+00
1.060565769077502773e+00
1.032007550807975571e+00
1.078452947449228150e+00
1.086212136799064254e+00
1.031759423060222502e+00
1.001118791265472208e+00
1.011567681399695884e+00
1.020473730855798955e+00
1.078061119303174609e+00
1.082765621850319882e+00
1.044688532314088203e+00
1.005999927226028046e+00
1.031427458969173427e+00
1.076562221001649000e+00
1.028551904677443618e+00
1.092480682523335078e+00
1.041533554082672453e+00
1.049065720412577951e+00
1.002186337370472913e+00
1.006464879201020679e+00
1.062812599473656361e+00
1.088070401473982596e+00
1.011713576905157508e+00
1.075117743658282832e+00
1.088874788037073049e+00
1.001194620389131096e+00
1.070589395042113923e+00
1.061761447747374465e+00
1.046537224469454186e+00
1.010246862572551141e+00
1.021424704351120205e+00
1.043531039832436225e+00
1.056542933395204775e+00
1.012923941024983954e+00
1.077807173033516586e+00
1.088332073485674734e+00
1.063276181542938126e+00
1.007742354254630879e+00
1.029900879757243093e+00
1.045951279400711309e+00
1.071501192576886474e+00
1.025426587776064657e+00
1.037776520250671464e+00
1.001560887057909577e+00
1.041731603539681972e+00
1.035796711713732110e+00
1.030335029341999498e+00
1.078812734265794715e+00
1.031969171439479860e+00
1.096277724712747759e+00
1.000963483226689599e+00
1.097737751559764385e+00
1.020100450176003370e+00
1.021287228527829161e+00
1.059477703138896221e+00
1.028116738729492274e+00
1.027195646448000543e+00
1.076840460201364147e+00
1.047812374497154808e+00
1.037567029367554294e+00
1.069695816025205692e+00
1.030885703888779314e+00
1.090401333467221123e+00
1.000704447906207273e+00
1.034436415849567137e+00
1.098022307993946400e+00
1.006927747366392456e+00
1.096874389539964634e+00
1.008180854825020178e+00
1.097542585630923107e+00
1.006951127800161938e+00
1.086757114764979271e+00
1.095596021692271327e+00
1.084629322357659076e+00
1.078424031688347995e+00
1.039876558756575475e+00
1.086020141195456423e+00
1.071742149038125369e+00
1.098857266963264134e+00
1.042122458434351584e+00
1.013811926542262265e+00
1.078774860045465633e+00
1.043618782783088728e+00
1.096583570054753709e+00
1.048313315304031823e+00
1.041414533083426130e+00
1.026160677847673952e+00
1.034329404209691328e+00
1.043789645422259493e+00
1.040303953110321977e+00
1.031437420652828951e+00
1.039376367966573067e+00
1.086268121621886795e+00
1.055444116714956859e+00
1.035907237214113152e+00
1.097554590340042546e+00
1.006741738891982818e+00
1.034158282428501829e+00
1.034339664482887500e+00
1.068586101472029481e+00
1.054684087843555274e+00
1.065203901224694105e+00
1.013744675425197750e+00
1.079277275487052767e+00
1.049547270176426794e+00
1.056734454235067844e+00
1.004451049824153230e+00
1.055381493867078024e+00
1.004229187054130001e+00
1.006696925638056239e+00
1.051805756828912530e+00
1.037614002498324917e+00
1.094242210045857533e+00
1.095557889652778227e+00
1.091542152182674918e+00
1.092646196877087528e+00
1.068629870651028435e+00
1.044617119150697659e+00
1.061155571741103198e+00
1.017230960325425260e+00
1.013251849170565766e+00
1.045587100321045959e+00
1.092004009829996347e+00
1.021197638332659974e+00
1.019798439468344142e+00
1.093054290856402933e+00
1.050197299646860705e+00
1.040407875316569530e+00
1.094592454811854632e+00
1.001516515385632466e+00
1.087897913041643738e+00
1.016183695444619728e+00
1.097128069275168150e+00
1.011630631075893350e+00
1.020193833319533727e+00
1.071609721163688800e+00
1.093056221472173295e+00
1.060946174809697995e+00
1.082543808416079223e+00
1.068008297211469948e+00
1.097605550983226097e+00
1.061145178908877273e+00
1.027374410974127183e+00
1.070081779306003567e+00
1.044518229152143096e+00
1.031366167261338562e+00
1.072599604431337061e+00
1.080775567596806708e+00
1.020137308166877865e+00
1.011954539805300701e+00
1.077373388426742240e+00
1.050633409581002820e+00
1.092532893185245602e+00
1.052844905758600014e+00
1.073665833949521309e+00
1.061739691890944748e+00
1.019796480806028249e+00
1.062664301634359321e+00
1.011392354895221279e+00
1.072169726464232475e+00
1.053874276745824234e+00
1.040906459661107286e+00
1.024515573016364645e+00
1.014793920102291747e+00
1.040635205991626622e+00
1.034934782710115186e+00
1.057454022182700459e+00
1.013124067778701010e+00
1.011269671253208990e+00
1.005739053485317447e+00
1.011983818458102480e+00
1.029665719405662427e+00
1.072459184192500636e+00
1.019986116190484182e+00
1.021584619946277250e+00
1.066529530087521049e+00
1.004789284468277533e+00
1.083597407416135638e+00
1.001242575623637832e+00
1.055139350564309630e+00
1.025999930817206307e+00
1.039207866533311764e+00
1.068052832965955323e+00
1.041191185152934517e+00
1.085133532050118088e+00
1.039923780194550895e+00
1.086943733428450853e+00
1.092326339317750694e+00
1.068150166257161748e+00
1.042871509434707633e+00
1.055708435289073099e+00
1.080865629598065869e+00
1.000479882353745076e+00
1.015934811896870293e+00
1.022142552543109373e+00
1.041196198326172384e+00
1.052219820808657280e+00
1.058317629643056312e+00
1.066094555381350117e+00
1.001416001420860846e+00
1.047077107144245289e+00
1.015210715277210518e+00
1.034278151902845222e+00
1.009976168951471687e+00
1.014431267976360074e+00
1.030098161792941225e+00
1.086556552066369585e+00
1.042998137923721202e+00
1.035988526162166190e+00
1.042011885863600273e+00
1.098455004055740591e+00
1.019111881903505878e+00
1.006932881036662897e+00
1.063681176340319112e+00
1.085003568373662297e+00
1.005638118323155306e+00
1.090255389094641369e+00
1.013443017640521360e+00
1.038961029186641127e+00
1.080779634999981198e+00
1.093801954920466946e+00
1.026272772546472867e+00
1.008183952601413358e+00
1.080337043244404382e+00
1.060161722547731777e+00
1.009414797133735497e+00
1.028999957404272525e+00
1.002850956010433503e+00
1.078114490589010543e+00
1.055635755397841047e+00
1.080593684403280186e+00
1.070049160006932398e+00
1.079412413893087175e+00
1.008023078745156731e+00
1.011101148459203847e+00
1.037341682415168442e+00
1.088463717655297369e+00
1.036470939917434109e+00
1.089748512641900424e+00
1.051240517403108088e+00
1.067992331852383181e+00
1.083634752221505737e+00
1.057828435686213986e+00
1.085133830711333625e+00
1.053475244664154653e+00
1.036608710660478883e+00
1.009558852209603730e+00
1.057118879802269706e+00
1.041423385124454981e+00
1.031818732657267645e+00
1.004352882975354300e+00
1.087189707235244107e+00
1.061703484932349451e+00
1.025117640551332698e+00
1.081558134040321528e+00
1.036075944417339079e+00
1.078867953953699166e+00
1.016776405273077888e+00
1.046241151862151719e+00
1.038969372813614456e+00
1.042458559872719848e+00
1.054285160021254386e+00
1.024920936323215459e+00
1.004329593203394877e+00
1.058894978419716582e+00
1.089099181845305075e+00
1.034128285541053849e+00
1.052536070983713490e+00
1.015916240462286790e+00
1.017683428400003809e+00
1.061017686749688771e+00
1.036873074738740463e+00
1.009430548806165673e+00
1.029594958457670240e+00
1.069537036360162618e+00
1.037586269382434478e+00
1.029565439270695881e+00
1.063277948970220210e+00
1.009845920572984612e+00
1.040710200919737094e+00
1.075975593927287033e+00
1.023437241722867208e+00
1.043032361538892561e+00
1.050874391469881486e+00
1.087290136287315967e+00
1.016356825656850926e+00
1.064157776191909655e+00
1.089869095117132369e+00
1.033596084308625374e+00
1.078941298359565648e+00
1.067389456812844806e+00
1.092623635232324419e+00
1.069978828602632381e+00
1.095369607475524809e+00
1.004361726079156414e+00
1.008504723680574866e+00
1.005444070980556326e+00
1.045440771264976032e+00
1.063345329200388267e+00
1.030137244654517170e+00
1.064769224220061705e+00
1.002640066545330777e+00
1.032190438887190309e+00
1.096442309395624815e+00
1.002829558155443390e+00
1.004743617147562107e+00
1.094709859010290831e+00
1.089064163013735875e+00
1.070662694903816714e+00
1.068382355251909610e+00
1.080234187329328632e+00
1.091391787548875447e+00
1.003763753607228804e+00
1.078209128851723708e+00
1.075550501260295500e+00
1.032119372365014831e+00
1.036310191142847836e+00
1.064203271466131584e+00
1.002024492116542875e+00
1.053920082184561791e+00
1.058175569430173768e+00
1.091539213683615728e+00
1.042803372916834892e+00
1.014084220881505516e+00
1.026240129487558272e+00
1.022216077345121876e+00
1.080705139670363746e+00
1.037189670064552871e+00
1.012255243533400906e+00
1.052524918363199058e+00
1.065028740589303080e+00
1.065275058270304109e+00
1.045351446475413004e+00
1.086945033816220318e+00
1.005348579172716805e+00
1.095640737413139165e+00
1.015192085166711111e+00
1.036764233088231624e+00
1.001462464128761054e+00
1.021335932115008394e+00
1.029205181122664348e+00
1.009689670038303566e+00
1.028438412400865642e+00
1.073751305725850980e+00
1.005303780777738520e+00
1.089907452465907811e+00
1.034443525739510816e+00
1.070812327502960626e+00
1.022756602094337719e+00
1.023908625052756038e+00
1.011438174486054331e+00
1.009529845050847863e+00
1.042622245385173674e+00
1.042080870380074575e+00
1.084045387672622596e+00
1.036992631114307395e+00
1.070332821146757762e+00
1.050470224949727527e+00
1.022775107093279789e+00
1.000344567098226722e+00
1.075765779060394944e+00
1.059526590256110623e+00
1.011097247813285138e+00
1.036909226624600056e+00
1.023447140687600454e+00
1.013932068240325668e+00
1.069907560236647459e+00
1.023202247405412546e+00
1.043792845941622360e+00
1.038562785423361001e+00
1.055432998168521541e+00
1.016966162040567889e+00
1.008505970608367219e+00
1.070172990866655516e+00
1.009943856079444258e+00
1.016471176888198436e+00
1.036725949171469985e+00
1.093335939587393391e+00
1.079426542900453034e+00
1.008805053101379690e+00
1.098375506858779049e+00
1.092905327797538684e+00
1.013529172067662021e+00
1.037147606900821195e+00
1.012129648443107710e+00
1.080273824635468172e+00
1.084235113875490653e+00
1.011936403716166888e+00
1.084824724124271000e+00
1.024243708856347190e+00
1.099075441465878544e+00
1.033496338147930071e+00
1.026054034309685337e+00
1.047851059844420618e+00
1.048528023160873568e+00
1.071204931397309101e+00
1.095766295162138526e+00
1.055207724792302404e+00
1.041703589003849961e+00
1.028622030524320552e+00
1.009524037879719449e+00
1.094288988786794148e+00
1.077921155248097174e+00
1.088564999346283590e+00
1.097697977965741423e+00
1.074810502724272476e+00
1.049926850686302426e+00
1.027506698623680714e+00
1.005927910962804761e+00
1.054704516702607009e+00
1.053926976283448225e+00
1.033100125377650613e+00
1.084143960560943976e+00
1.054177232759337723e+00
1.062044878238896928e+00
1.058898301468610859e+00
1.070859628283863385e+00
1.010910676950517839e+00
1.011727684203017397e+00
1.087901829355307548e+00
1.064092674317522302e+00
1.091111538966106353e+00
1.036902042875639252e+00
1.035544029235900165e+00
1.046890498406375603e+00
1.060771270936050170e+00
1.052491516221652823e+00
1.060566584770907150e+00
1.053032223612625717e+00
1.052944161067304929e+00
1.085005652811406041e+00
1.064837874898275194e+00
1.022446783076050858e+00
1.061211673044174297e+00
1.050559608921901589e+00
1.006450357468578138e+00
1.009410231011067749e+00
1.058961782194540291e+00
1.083192913236461941e+00
1.072744722365053027e+00
1.071058915070453477e+00
1.040790063024418455e+00
1.084366218401931592e+00
1.033430972886677957e+00
1.086352203982651199e+00
1.036009131820685214e+00
1.011359450326433373e+00
1.072762825532213027e+00
1.052313953427482796e+00
1.062066183567695887e+00
1.047196791920346648e+00
1.001600721860879117e+00
1.013687624215199756e+00
1.034472076484185710e+00
1.050111256178092090e+00
1.021841735487117653e+00
1.053166596404057964e+00
1.073707062134172663e+00
1.049212178579033816e+00
1.071143413236506747e+00
1.076210566662253676e+00
1.048011967675882561e+00
1.070585844812529608e+00
1.055079285183411653e+00
1.069842423212213012e+00
1.098486529430131808e+00
1.009851714046512861e+00
1.002877807605521365e+00
1.009668296965367862e+00
1.007910838592212421e+00
1.090622017104004193e+00
1.062429092767945171e+00
1.048568318939083532e+00
1.075936206307871679e+00
1.060159599668928587e+00
1.050858706546077936e+00
1.023152020573865117e+00
1.099183822454876447e+00
1.083771431986866540e+00
1.049881957011238764e+00
1.007264096355671379e+00
1.073223544746783498e+00
1.008309942681510973e+00
1.017319245139836958e+00
1.074116995496983140e+00
1.046617255642615651e+00
1.027596115987191805e+00
1.023576250509520280e+00
1.047003070216219411e+00
1.093107850958118021e+00
1.083233647454806992e+00
1.054211044692802801e+00
1.062635667586394828e+00
1.052355151274338763e+00
1.075612759029855425e+00
1.039132302657411078e+00
1.096296320387185830e+00
1.025180708743777647e+00
1.041239647597863582e+00
1.070431768236263848e+00
1.091571799072898807e+00
1.087897757838556467e+00
1.096807603737777859e+00
1.071166710333876226e+00
1.093003546752480348e+00
1.074260006435384884e+00
1.063620814214120358e+00
1.052653402317120790e+00
1.078783551688118569e+00
1.078097908298703000e+00
1.073714534574476298e+00
1.057806132703793978e+00
1.061748813999178864e+00
1.080322453616716194e+00
1.051772781441972393e+00
1.089590814491701254e+00
1.040587141047892628e+00
1.099023927773233877e+00
1.003557695169366992e+00
1.050194247965396288e+00
1.070983549639259902e+00
1.097898779311357265e+00
1.081057732370416025e+00
1.060633157380303393e+00
1.075851785561708462e+00
1.032527198513975675e+00
1.003597946543787200e+00
1.007248304401495043e+00
1.095355291303912848e+00
1.067423435006406240e+00
1.086417076643368285e+00
1.065649152565892877e+00
1.092222866075235332e+00
1.082534988085439576e+00
1.080387719322231321e+00
1.097441183745082371e+00
1.035109460318402341e+00
1.048668195491972988e+00
1.068788377230705189e+00
1.054771346890876815e+00
1.042934111721035118e+00
1.053524144346072777e+00
1.080650449258723000e+00
1.005317598929738487e+00
1.040100429687904837e+00
1.008601051398498871e+00
1.085556651710589016e+00
1.077481986301296768e+00
1.081151586052224278e+00
1.095787005422571792e+00
1.052871529060670941e+00
1.067801237719270713e+00
1.054572317471142551e+00
1.053518703957103897e+00
1.047871774185265004e+00
1.065663774426952148e+00
1.087999932446077844e+00
1.024751682550841592e+00
1.093268380735286094e+00
1.023219758142144720e+00
1.022350672408229855e+00
1.040535463377055603e+00
1.015431893823133480e+00
1.081971483668731082e+00
1.044093568180886944e+00
1.033539664186577944e+00
1.079481600539165420e+00
1.032047113254388915e+00
1.065786997847237849e+00
1.091309827251436548e+00
1.040528270708906744e+00
1.076340074210248021e+00
1.006925648437317466e+00
1.018387421661582914e+00
1.022065687066422202e+00
1.029115602372662419e+00
1.061856425795140613e+00
1.010993920153934633e+00
1.034336474784372184e+00
1.088845923632095980e+00
1.061681016194403249e+00
1.070783044842180676e+00
1.053539982641134243e+00
1.063761956420282040e+00
1.044798468316071149e+00
1.020217194372168068e+00
1.037995659944744631e+00
1.003237178872513402e+00
1.030711134953789632e+00
1.014458865981329616e+00
1.034678883043286923e+00
1.025958004127706324e+00
1.050944041969960718e+00
1.088465372193172964e+00
1.036708449535790555e+00
1.037590966321188191e+00
1.032382892726710022e+00
1.080362662640299787e+00
1.086703797266327820e+00
1.096097171803576353e+00
1.093764935902668878e+00
1.017409306786220879e+00
1.010528604865160496e+00
1.061804223012959625e+00
1.089091395843691634e+00
1.092798443305362133e+00
1.098238353237632969e+00
1.070855303956074867e+00
1.020147909507169492e+00
1.052365133872492198e+00
1.038157205600847677e+00
1.062323717451421512e+00
1.061686595278287015e+00
1.015135551441153305e+00
1.024486155975260715e+00
1.088398774196675411e+00
1.010345246347115866e+00
1.074123803578447500e+00
1.061393480020405899e+00
1.055004075822739029e+00
1.019115496653526964e+00
1.093713770491613335e+00
1.074904848396793344e+00
1.015145880304333614e+00
1.010478694163980506e+00
1.071679489793801787e+00
1.065729764727963325e+00
1.064722751672379841e+00
1.088545131748853256e+00
1.022905591844863737e+00
1.090156972558235626e+00
1.048226839287021983e+00
1.041515719148033536e+00
1.060560163754651786e+00
1.074409730527523754e+00
1.097024557837029457e+00
1.066699689617144564e+00
1.015261940870717305e+00
1.000413094393358016e+00
1.056673526042136269e+00
1.023205283904761398e+00
1.048077600041359858e+00
1.014307940233902805e+00
1.061918508637665903e+00
1.046454027616433580e+00
1.090023576944010530e+00
1.085043898183955413e+00
1.061861308806562265e+00
1.092081770178088496e+00
1.039152177067846239e+00
1.090588964484180634e+00
1.085934421397998229e+00
1.017372404245483919e+00
1.003959424042655479e+00
1.093740196449376256e+00
1.062001113890875370e+00
1.001697020968016050e+00
1.004148988424216071e+00
1.097103783575597014e+00
1.002864160471479638e+00
1.098073079183872869e+00
1.079874090929122676e+00
1.007405040319118816e+00
1.078926700180953047e+00
1.034320724692324500e+00
1.027149087236878700e+00
1.007237058687515008e+00
1.046822777422657502e+00
1.031493937635965086e+00
1.045731012326204468e+00
1.026018796203191474e+00
1.010562369028858765e+00
1.087604876181955005e+00
1.052498059396578922e+00
1.053609561683327200e+00
1.078675063627512420e+00
1.070955394745703781e+00
1.063100436266579463e+00
1.088013985162935349e+00
1.039086888902602590e+00
1.084145179926174762e+00
1.066814293969373439e+00
1.051538296884998225e+00
1.053767612142084253e+00
1.060627710610795527e+00
1.088801275129634316e+00
1.007336184347321417e+00
1.082711031719584271e+00
1.050308703155943046e+00
1.003140329906619499e+00
1.010180755414801679e+00
1.060736753908440466e+00
1.012653314473468180e+00
1.001330554815758944e+00
1.011396331435420182e+00
1.051286580772793133e+00
1.023874003134660038e+00
1.094774498530193263e+00
1.029882931876732410e+00
1.080702007300497591e+00
1.098493175837808700e+00
1.047163913185061412e+00
1.057381913531229678e+00
1.017575259666431586e+00
1.054125116390646655e+00
1.056695924238647777e+00
1.057225937285181772e+00
1.033408231368002861e+00
1.008580006591770939e+00
1.094593121616455278e+00
1.022112004844063282e+00
1.052586726277913831e+00
1.019975898774771350e+00
1.055897087953457936e+00
1.038697236410507818e+00
1.037246777834361700e+00
1.060738036650650029e+00
1.098098405256010324e+00
1.009568402368956841e+00
1.080246314715437750e+00
1.026139432965411435e+00
1.097316261956070571e+00
1.044333778772726484e+00
1.081552486818130765e+00
1.013596967356181100e+00
1.060912035354031113e+00
1.053170366637074640e+00
1.075215474303899965e+00
1.024507664907744919e+00
1.080476517471352871e+00
1.049553399976627110e+00
1.071508270513851890e+00
1.007684096969892140e+00
1.077534940601472924e+00
1.034776140653530963e+00
1.039022984692695051e+00
1.091218711376111816e+00
1.091310611164599598e+00
1.087957739965608406e+00
1.084380618364881421e+00
1.012187943049767780e+00
1.005271642396931453e+00
1.021215444708231113e+00
1.003817812910081431e+00
1.078905033499105715e+00
1.081211106527872445e+00
1.097840134282922708e+00
1.046158435145794430e+00
1.095936835650440866e+00
1.057023086548901425e+00
1.055186079919365083e+00
1.034121027155991968e+00
1.023670801048472523e+00
1.095048904349433805e+00
1.042389978110805693e+00
1.003542340551873302e+00
1.022594449703392083e+00
1.087772175371873429e+00
1.031994854352773938e+00
1.000910963623006911e+00
1.063243655672334809e+00
1.061141618274286325e+00
1.070456254806911645e+00
1.053296693370105341e+00
1.067963069026020229e+00
1.000468241124487845e+00
1.000471802360587414e+00
1.037189114547252045e+00
1.091165543517168102e+00
1.033380596414702257e+00
1.018530525589563807e+00
1.054257754955940651e+00
1.036554611243528212e+00
1.097078656249373729e+00
1.083528619951203087e+00
1.032464842015418993e+00
1.073877681918104177e+00
1.087433699977657264e+00
1.055016109205754837e+00
1.091413828829474797e+00
1.079767510195934976e+00
1.095483419515199675e+00
1.053287403601457894e+00
1.052459972892773266e+00
1.065517653229375750e+00
1.072147659754523863e+00
1.035707218811591668e+00
1.017453408677008619e+00
1.016577370645374456e+00
1.097018495528006454e+00
1.030565766898246860e+00
1.097052226489220850e+00
1.017937855336572994e+00
1.050393555119998545e+00
1.085784853060594246e+00
1.072944065272647407e+00
1.068954129096636230e+00
1.056476382966371919e+00
1.032697910929971430e+00
1.021381706331647710e+00
1.072731452759456694e+00
1.057631480740840235e+00
1.052031847412982168e+00
1.000258255074265357e+00
1.085587352226813795e+00
1.056722898243265485e+00
1.071736671201489965e+00
1.086101702770348343e+00
1.052258496413586597e+00
1.055091316039392435e+00
1.022492317749296165e+00
1.053876294568838246e+00
1.097420003739848493e+00
1.089367106860923862e+00
1.096618938928554998e+00
1.099450674684618434e+00
1.081915925234985254e+00
1.099795696534405565e+00
1.027885625711034923e+00
1.054969795907953811e+00
1.055337810124147513e+00
1.014585524463879507e+00
1.083778140789079192e+00
1.025563712599199651e+00
1.020386974287204263e+00
1.037289767061209567e+00
1.024451064164552339e+00
1.041957512331312063e+00
1.053316783253373190e+00
1.065289745979310254e+00
1.039824290281242236e+00
1.079594783778253575e+00
1.055178132302651006e+00
1.002427711765733642e+00
1.022130272985066535e+00
1.021035772190136193e+00
1.081529377008163761e+00
1.081651983678379114e+00
1.045253252414103384e+00
1.068103854744008041e+00
1.043999862624133801e+00
1.029769169297759968e+00
1.071966425150876479e+00
1.056782895494167596e+00
1.018178457800468228e+00
1.084970199357990550e+00
1.037581884922707420e+00
1.045872848476141925e+00
1.077961485835033928e+00
1.082463657217823894e+00
1.015159009386561451e+00
1.073181912362473955e+00
1.004797343679503685e+00
1.095698264376454567e+00
1.063976877476697558e+00
1.035864898589511363e+00
1.093264570832672034e+00
1.024647825314855654e+00
1.081318694741020714e+00
1.030025902545618877e+00
1.021894325061025954e+00
1.011684415016061545e+00
1.049966449974305327e+00
1.077690962646575823e+00
1.053684396676382251e+00
1.070084474249181739e+00
1.068618123492420802e+00
1.099415376292477431e+00
1.012039745946274438e+00
1.011571553906000398e+00
1.092832932228509080e+00
1.067343878665874657e+00
1.091715841591369252e+00
1.019449647562734595e+00
1.087199792208156213e+00
1.037754324047862831e+00
1.033249718613988399e+00
1.050250414534987353e+00
1.016100666253729967e+00
1.075640756014762500e+00
1.035339616452528588e+00
1.081779778951591720e+00
1.024665626795226769e+00
1.090704334828245470e+00
1.016381973723851528e+00
1.009640174885015007e+00
1.049235629414414728e+00
1.050990874874321968e+00
1.009572067347534130e+00
1.092044187357370522e+00
1.013942730444754359e+00
1.035833502412217833e+00
1.047729065285472494e+00
1.073583547044639097e+00
1.099922413437308899e+00
1.004396495496581831e+00
1.069920721739457514e+00
1.077317635050796252e+00
1.057299745359711496e+00
1.032967056676356021e+00
1.075385760817159309e+00
1.090811026645041704e+00
1.026628058582458314e+00
1.025345435897561108e+00
1.002078055334273854e+00
1.016346877482242839e+00
1.051327584331243292e+00
1.014307424565577653e+00
1.091243089027281066e+00
1.093160837862979351e+00
1.000348496166405754e+00
1.038092360502564704e+00
1.058182415138210430e+00
1.070634274115882301e+00
1.087955811545131768e+00
1.030863508772439818e+00
1.082922287024603358e+00
1.099358770872321589e+00
1.026971249361635863e+00
1.047195562198142582e+00
1.089679002632789828e+00
1.037514656341277153e+00
1.039964603436248414e+00
1.066472059257192351e+00
1.091952324553317144e+00
1.053439212815572290e+00
1.061736469680266026e+00
1.091120416030650908e+00
1.066345636602368252e+00
1.095444891460495507e+00
1.032934629129613757e+00
1.009104509694963347e+00
1.079899928360292360e+00
1.054395821514519271e+00
1.013746773424224701e+00
1.015084163900608516e+00
1.009520951506205577e+00
1.051175063006000832e+00
1.053326528628516723e+00
1.062745319539015298e+00
1.002130248522438594e+00
1.082361999164055621e+00
1.034956361491406129e+00
1.091546909055268522e+00
1.035230877106378067e+00
1.094520928964062723e+00
1.095957757289256485e+00
1.013139734351790278e+00
1.065866246057051603e+00
1.074774735900236644e+00
1.086374077292158180e+00
1.031508048541820211e+00
1.084351619611033657e+00
