8.213754973293420358e-02
5.449428763539683473e-02
3.947549747908955797e-02
9.101128360279018420e-03
5.306159581487888965e-02
5.590713276543174404e-02
4.076550227053139797e-02
3.569046333744260724e-02
8.429473765325085077e-02
-1.501513906782895452e-02
5.437691308185060857e-02
4.688463257248233484e-02
7.547454454949047153e-02
-1.976649715355770914e-02
6.223242314903044969e-02
-1.262917948557302356e-02
8.902592566888373193e-02
3.689529584687149810e-02
4.542633551726522889e-02
5.724513290709967728e-02
-9.139178547343846867e-03
2.447982268245195089e-02
7.181405012434179114e-02
1.612268739290960082e-02
8.635968058722906515e-02
-1.909117188724131914e-02
-8.075869753221418673e-03
6.401574369462516290e-02
2.186919156198265102e-04
-1.416586127354779734e-02
4.941597715145011616e-02
9.730333151315768980e-02
-9.244463991773801612e-03
3.772082696802524227e-02
3.640901126249095066e-02
2.932300087071110575e-02
1.235257589982452844e-02
1.342066634034379605e-02
-1.524079110358748240e-02
-1.774048632322584515e-02
-7.524902845942559038e-04
5.694468772689809111e-03
8.471476027987007162e-02
3.251556521454607163e-02
8.018804629922629545e-02
8.860097149389907500e-02
8.679175477217383750e-02
2.022638030814328039e-02
9.442492636109623555e-03
1.762494560389614787e-02
2.913331909016764545e-02
8.942148471260664977e-02
1.468075535339686058e-02
-1.250812828633088986e-02
8.306557963719082838e-02
3.879739537676125949e-03
9.252134976752775242e-02
9.753836080410553666e-02
9.267315848709176129e-02
1.372323199327481549e-02
3.876415872888989977e-02
5.895125864909660229e-02
-6.524327165199723597e-03
5.465275965268275027e-02
1.456066318257600786e-02
4.587107277784427395e-04
7.308688495822954212e-02
8.085918100666138197e-02
5.857757878974588495e-02
5.959543932889949103e-02
3.610779436807604048e-02
-1.082947758814666039e-02
8.637500072054879463e-02
4.969252575745204681e-02
-6.369549766516978753e-03
1.509352891819934137e-02
2.423248501011967745e-02
-1.815458229463524573e-02
9.356041688562910519e-02
4.744921390753149837e-02
4.255139177587030641e-02
5.214733129696745573e-03
7.591428222959843708e-02
9.223181913411497568e-02
8.022768199674235046e-02
-1.770867894549626315e-02
6.713396232503204830e-02
4.454530703302123085e-02
6.101913014609128272e-02
6.640903973264773719e-02
7.655567349790458331e-02
-1.038776753318884465e-02
2.317901146733601647e-04
7.797456129673335790e-02
-1.351861662033098863e-02
1.650770388994812418e-02
8.418168045498967966e-02
1.610331361758332927e-02
1.495919517809340613e-02
-9.995634425784216681e-03
8.653663307474077082e-02
2.222395188613173964e-02
2.472882430278814173e-02
7.986213943326748999e-02
2.668720660190819147e-02
-7.483927737419380360e-03
1.721821462053728033e-02
5.565685728112938768e-02
5.820478369795727136e-02
8.679345901732302138e-02
3.529939146777913428e-02
8.623913688606874017e-02
2.317233787622564531e-02
2.284398427484942914e-02
6.294295336934335738e-02
6.356672680272887344e-03
5.305918475752338659e-02
-8.167759952025578293e-03
6.292693477448074724e-02
1.127703608861730863e-02
2.749803932163675732e-02
-9.689800779477163520e-03
8.345081538607991567e-02
6.014892237994211299e-02
3.809252082792861926e-02
8.323232527207467812e-02
2.962229372839286431e-02
4.458107291691054686e-02
2.238645965698304527e-02
9.756970071324955196e-02
-1.640097170924246714e-02
2.087372124876618953e-02
-9.124779848257954726e-03
4.547155902500960023e-02
9.907531039574503373e-02
2.965304577972197389e-02
9.167078395711261707e-02
7.620734877964957521e-02
-8.188065159011048699e-03
7.198841385031737317e-02
2.460829544213090012e-02
2.117062260279823846e-02
7.158150170406163415e-02
5.692725138081314307e-02
2.377568444923816235e-02
5.555920031431844930e-02
5.725229962725565669e-02
5.121238391437371584e-02
6.555597971052881667e-02
5.482331921830174704e-02
9.234027244039746951e-02
5.901414787985737043e-02
7.213546737333226266e-02
-3.124606911482235433e-03
8.360623768370997744e-02
5.912188659395317680e-02
2.084431748545996846e-02
7.004165690266625499e-02
2.515098361753762696e-03
3.304836893380592999e-02
3.067461281591275443e-02
-1.131137981549418074e-02
7.969378779153581116e-03
7.123159511428675539e-02
8.270400326786044032e-02
4.389425272337466044e-02
5.452723053503642781e-02
3.091985453074300519e-02
-1.096396935614913845e-02
1.158013250936755847e-02
7.580647365637545321e-02
9.926955008791546464e-02
8.570149904379348316e-02
9.548018285855672249e-02
9.731812743897572116e-02
9.345836412108704527e-02
3.761575518558368803e-02
-1.317825769849286996e-02
-1.420583454041348705e-02
-1.067929029596599230e-02
8.569443870966660104e-02
8.983569741032311484e-02
-8.538657071121761102e-03
9.952639282100282647e-02
-6.732927445063889918e-03
7.056473033627599922e-02
5.136133096999524750e-02
5.722441755883360404e-02
9.495392042473416172e-02
5.445986207329935047e-02
9.074761881852362599e-03
8.327116158632488774e-02
4.772411660764432073e-02
-2.811712341800262638e-04
7.511310058559490799e-02
6.106356891576773804e-02
7.699058374296544049e-02
9.216840895910151377e-02
6.619409555571538484e-02
-5.092211833105486640e-03
7.821218347896262413e-02
6.426485897274036851e-02
-1.695081877736913378e-02
4.292861544294049314e-02
-2.600886444817374077e-03
4.085631080235334334e-02
-1.274020194396228642e-02
4.449335210967125809e-02
7.970601326645398998e-02
9.658368774390226064e-02
5.308082360559443491e-02
8.738322243084756941e-03
-1.896169967122001560e-02
8.742854961708876327e-02
8.805887139487036941e-02
9.899624049642058443e-02
5.444762570207198338e-02
4.497160908666035517e-02
1.844254957042140014e-03
4.964061069328655484e-02
1.087084118975633132e-02
4.033673452170756513e-02
8.285268599918872712e-02
9.076361591012094276e-02
1.534526583104243655e-02
1.533328961768268620e-02
3.595847513006641960e-02
1.005067685782288014e-02
1.882661708526166613e-02
9.566240631907327319e-02
-1.075733226911639202e-02
8.173748737016224564e-02
8.959085355557887265e-02
7.266395251122523269e-02
4.964319721124972606e-02
-1.725426151529245791e-02
-1.732915628408493447e-02
8.778970039885940213e-02
7.068196500463089227e-02
2.246958144105684271e-02
2.085673906912456285e-02
1.558166080927613287e-02
4.751449953784485369e-02
6.620551307990728274e-02
2.408717611443482801e-02
7.748456001361363199e-02
5.228080094998019400e-02
9.587048761142027975e-02
-1.836538303067722366e-03
2.963644576723703170e-02
9.189442440454596850e-02
4.151101800797370178e-02
-1.753252610158703359e-02
8.878948148479341718e-02
9.207275673181501696e-02
1.791313285653315171e-02
8.902237756515708755e-02
4.966575084012614383e-02
8.089734858949319818e-02
3.741518289864496222e-03
-8.923684276629052434e-03
5.788480847564979326e-02
3.767894327735073212e-02
7.225427058174232336e-03
8.241159849560159012e-02
3.624721030744496031e-02
-1.743100936432852299e-02
7.857298910414660387e-02
8.114995979066277898e-02
1.282948505370449382e-03
-1.926454269725766735e-02
7.053620004215145622e-02
2.302441426838761421e-02
7.193372544862941531e-02
9.438721824777419889e-02
3.410570333942791743e-04
2.269709204156955193e-02
-1.530636023172604609e-02
1.157239059238061515e-02
1.652487339577345463e-02
3.035898588562324293e-02
5.494473471502181461e-02
5.040264519102551077e-02
2.487098870693152039e-02
-2.267993745522538934e-03
4.593275010908648426e-02
5.510036641484877817e-02
7.790199941800808603e-04
8.552217606576838216e-03
9.231996489809446427e-02
5.226137049551687896e-02
3.169808247106123411e-03
6.373783012738037934e-02
3.658179592823632142e-02
3.361770289870072426e-02
-8.733883471140485577e-04
-1.072967455590759928e-02
2.999133411713467492e-02
8.713657018705485424e-02
9.504197175363518491e-02
-1.129682203819880326e-02
7.291263098595564263e-02
9.154071850644967395e-03
-6.602432747887613043e-03
3.198295986547775027e-02
6.472007725238396181e-02
6.413351701389925774e-02
8.296948903274777021e-02
2.782468228179163852e-02
-1.882418913707247995e-02
5.787527349388592313e-02
5.003029579819153611e-03
8.129721210587692592e-02
-6.504716638377221541e-03
5.260322023081413778e-02
5.472317923481613555e-02
2.519007838197614632e-02
4.437999925948322988e-02
9.620173401589091067e-03
-1.843923868573226627e-02
4.159213962687607902e-02
7.029390991954621859e-02
3.307598242683235101e-02
-5.193663851807682821e-03
1.368331700899927741e-02
-6.322332492142432661e-03
6.222406982211622917e-02
3.829699760299333511e-02
1.412718195730399209e-02
1.742044400942598451e-02
9.718039383450212398e-02
1.228108837038531173e-02
9.688821463074409612e-02
1.395645541769123185e-02
6.347311376178305098e-02
-1.718259268872273163e-02
4.142572591153796668e-02
9.685613424171593544e-02
2.647441353354817659e-02
-4.721740694248572137e-03
9.598980282442479139e-03
-6.659149871925586911e-03
1.097202521031587566e-02
2.075194752188186040e-02
3.397069612695303997e-02
5.937212029991237316e-02
-1.746317300083624971e-02
-1.564938593405018966e-02
3.859109620541111008e-02
1.582771772307922653e-03
-9.815257707506023360e-03
5.789779912539919082e-02
9.743934710641756480e-02
5.162417678606756599e-03
2.039938068218002248e-03
2.121075896796073904e-02
7.932509528879573557e-02
-6.146206926074121446e-03
9.905971245865957675e-02
-3.069974399268204923e-05
4.713696319551395619e-03
1.383311287263994452e-02
9.872523438966691878e-02
1.204889621413645154e-02
-1.144407366366157960e-02
9.583066755211262777e-02
3.592074787290905347e-02
8.037887643292525308e-02
9.327050630800720610e-02
5.140682218520599422e-02
6.486405808409102802e-02
1.127412927142547663e-02
6.518610438591165845e-02
-9.608568350434327013e-03
-7.276511099192769713e-03
1.584742774791643785e-02
7.572382588574518014e-03
6.608837739833559044e-02
3.584910977259294501e-03
8.729618587448001454e-03
6.888534682801503162e-02
8.295331472309740162e-02
5.352417588853669583e-02
4.040656229119093945e-02
1.574733437184001536e-02
4.274457654522827166e-02
-9.752367492316813685e-03
5.690180252551101103e-02
4.038274086902580301e-03
1.384150297686674580e-03
7.518823136013609576e-02
7.715576917915566157e-02
8.378220642151731901e-02
1.960242725751206241e-02
2.921771420428312740e-02
-1.049162854811346544e-02
3.401531264260973519e-02
4.755885537529119800e-02
8.700197099535285361e-02
-1.528382479485917642e-02
9.823174840389281570e-02
-1.004277426968622211e-02
3.738551220492276894e-04
5.962955527778224241e-02
5.343087228201688632e-02
-1.937471931953808207e-02
4.552244709855528260e-02
9.390888091911596403e-02
3.397776530996772515e-03
8.110950078535643371e-02
3.714170397953801134e-03
3.304500562271910080e-02
7.894575726286318096e-02
3.893510990259972659e-02
3.100032881510829744e-02
4.004086043681105711e-02
4.487369142645496189e-02
-4.916976610502183515e-03
9.297186658011362403e-02
1.341817396976057938e-02
1.071216874464110333e-02
2.250551298031096270e-03
-1.946415555785256657e-02
5.225323025791113463e-02
1.435972150458367583e-02
4.972147352096133177e-02
7.094195084102597471e-02
4.742823711358357813e-03
1.839514264367438437e-02
6.180118300449198576e-02
4.228306351062127710e-02
2.539346260812979858e-02
-4.017026179511593020e-04
3.921958498627980960e-02
3.732706064123875178e-04
5.522878599844115166e-02
-8.561762330428357090e-03
2.828397335477185817e-02
6.122844197408872785e-03
6.806759885064755933e-02
4.925728997926193814e-03
3.753333920956550274e-02
8.830042385062016053e-02
8.006083579925951654e-02
5.614471547485316849e-03
-1.458177016145480176e-02
3.818313437525894249e-02
-9.684480028653540129e-04
2.451166133785900522e-02
3.926507518647898154e-03
7.640829544569738285e-02
7.439971661659292024e-02
-1.124404527048207536e-02
8.365531846121952719e-02
9.663797613324841274e-02
6.010837097214118130e-02
-8.680041406112571842e-03
8.071906664267226861e-02
8.982406445330635980e-02
9.054758686425716518e-02
3.130718548847626070e-02
6.980093101819645485e-02
1.231287223479893625e-02
6.177327521211725680e-02
9.713975934377776233e-02
6.904301878883539745e-02
3.875953871954838925e-02
3.808544260821329630e-02
-1.792448646881198218e-02
1.259158088137335083e-02
-1.855620353481011314e-02
4.990888687994973760e-02
3.817164840533478209e-02
8.216915874386457319e-02
4.925121573233651184e-02
4.937127066218005567e-02
4.190009479462422637e-02
3.862594355989354411e-02
6.773318797457888313e-03
7.347933782837208494e-02
7.736754808568209463e-02
7.012747451294629869e-03
-1.938732625752228461e-02
6.151276265890792683e-02
9.107407249039142783e-02
2.204871127515940429e-02
2.736215013302418023e-02
3.188692498942620468e-02
7.761616250881165496e-03
7.941371750017334197e-02
3.548074231310938131e-02
5.014467019215383681e-02
-8.088464027365578624e-04
7.019782902591290008e-02
1.506715552367829045e-02
1.603860264861551796e-02
7.635344533018610658e-03
2.908519181364616069e-03
4.816675633397889122e-02
1.379701658028112746e-02
