1.028798126171273974e+00
1.028632298406942480e+00
1.047815857036586973e+00
1.099799784065694785e+00
1.072374828503044997e+00
1.022325665299723241e+00
1.042280547534520263e+00
1.009958168494893727e+00
1.092658518736858486e+00
1.042583753969152260e+00
1.072136309384073671e+00
1.026267081598620567e+00
1.061519250571055117e+00
1.014348801645333475e+00
1.055187386425088691e+00
1.040652109620558319e+00
1.000626210261631677e+00
1.041915152558289703e+00
1.032845571915796734e+00
1.093920431652494640e+00
1.047019247289252553e+00
1.089224551331867685e+00
1.000138195215621195e+00
1.006773251479485598e+00
1.066466186984490694e+00
1.058429013732846258e+00
1.042131599857829549e+00
1.092872988677910939e+00
1.038573744337582205e+00
1.097636982844891529e+00
1.080913932547205913e+00
1.091844610111792457e+00
1.053794928109859974e+00
1.004850986572215943e+00
1.064778420274101967e+00
1.047367297996166347e+00
1.099482155950525231e+00
1.045589433820240277e+00
1.067720095706438554e+00
1.061996049798803687e+00
1.089959436457854869e+00
1.091365022851154443e+00
1.051198631525619209e+00
1.090852756367745258e+00
1.052544487659299532e+00
1.001035270654088372e+00
1.000026088573504834e+00
1.005582047689052683e+00
1.015394538578327399e+00
1.092906640116982020e+00
1.066766080171773545e+00
1.085838187545853151e+00
1.021489876068056191e+00
1.088698873622372165e+00
1.018402641077439386e+00
1.039184706020173765e+00
1.040417933471539103e+00
1.019424689521527760e+00
1.022653921674985700e+00
1.083858655154595896e+00
1.052527679152124529e+00
1.044539714269293373e+00
1.095527038256339791e+00
1.021351996777433158e+00
1.049187796406901407e+00
1.027457637510619026e+00
1.046878401694772087e+00
1.098732785721825200e+00
1.010260074699655730e+00
1.052440003397844270e+00
1.003624001529579202e+00
1.001480408158228474e+00
1.045656303270505516e+00
1.040574186708371540e+00
1.024693602205352994e+00
1.063509365656416961e+00
1.038278951939094252e+00
1.029689899924144836e+00
1.013901670030966873e+00
1.046828223607009445e+00
1.055312120905545381e+00
1.098253297034724962e+00
1.056503784681658953e+00
1.087656014206182187e+00
1.065526397760492294e+00
1.037051151788903391e+00
1.095690447734990469e+00
1.067657251133126817e+00
1.033327232755464120e+00
1.033895410144427318e+00
1.017419870334332455e+00
1.044852598282417278e+00
1.060261980306279161e+00
1.026189094091662701e+00
1.035065359771466964e+00
1.067668736598570423e+00
1.024221211434160672e+00
1.042944314603014178e+00
1.013695060433028372e+00
1.004894511355503450e+00
1.014114392146269861e+00
1.030229691044880713e+00
1.062469696262774432e+00
1.025867717213879926e+00
1.016392674358657322e+00
1.044818541440019510e+00
1.001979656361754456e+00
1.012589739101253494e+00
1.073003413580264187e+00
1.001455080654826135e+00
1.080015765515270232e+00
1.009486810667481027e+00
1.017239149988220959e+00
1.098348745933500625e+00
1.094925384956182857e+00
1.097237064359692038e+00
1.005356423379022646e+00
1.026221745907313299e+00
1.034406635746384806e+00
1.055313483620277104e+00
1.059233320656049360e+00
1.037358059633990859e+00
1.043349492957857061e+00
1.003486202376787206e+00
1.097250442659609915e+00
1.049619416818445838e+00
1.042945817977850798e+00
1.034605383605051943e+00
1.039699486305996956e+00
1.032619501769890036e+00
1.047701118534329012e+00
1.052421404436495012e+00
1.063179170649465544e+00
1.095596341010902419e+00
1.013576103839861853e+00
1.002988406026671164e+00
1.071860414028408925e+00
1.053035904119991706e+00
1.042316668009346747e+00
1.089805509693266838e+00
1.073848033354095177e+00
1.009075946929313794e+00
1.062039202515708380e+00
1.064785703265371142e+00
1.012767019752016662e+00
1.081804366621850644e+00
1.092225288644793846e+00
1.067937051579016527e+00
1.025199605988924345e+00
1.016349778066744758e+00
1.020216572148204603e+00
1.068250817060671265e+00
1.029268386577849359e+00
1.074745490288120386e+00
1.074974130722796684e+00
1.079229006985280792e+00
1.018398112185680215e+00
1.004032933811531914e+00
1.084895968328713156e+00
1.062414951878590808e+00
1.065304423242760867e+00
1.047583783646172551e+00
1.067732641330040755e+00
1.070961044983530064e+00
1.067397226741019445e+00
1.074037433057409396e+00
1.066095831754036327e+00
1.001387580613116945e+00
1.062817469920237068e+00
1.042781009913742452e+00
1.015556394119105699e+00
1.060808463385435774e+00
1.097819136594378797e+00
1.048210114612651012e+00
1.006067137275004963e+00
1.072117100411940083e+00
1.060482938983356993e+00
1.013807774150219831e+00
1.085620373316919407e+00
1.033731257917682722e+00
1.004384316274284261e+00
1.069423757148201481e+00
1.037585011600991258e+00
1.079428949929604586e+00
1.052411475086097559e+00
1.022177648160973229e+00
1.060978521147897036e+00
1.029566189344756078e+00
1.096897192887641648e+00
1.021826583193528704e+00
1.019058764079095347e+00
1.043390228553705779e+00
1.055144700829706794e+00
1.041416340040527411e+00
1.052472307038285537e+00
1.078628335437224806e+00
1.056806406381072705e+00
1.097609248345674304e+00
1.003202614929324277e+00
1.079333411412293220e+00
1.051321120708485379e+00
1.088099592301743579e+00
1.021130487351370908e+00
1.086799860799039452e+00
1.073943868315450967e+00
1.068302296299903587e+00
1.024616881073316943e+00
1.036227674227170770e+00
1.084073568293550283e+00
1.083041912607937585e+00
1.088078840502424427e+00
1.003021879910791059e+00
1.063419194398594891e+00
1.076577571964353996e+00
1.048813042452029887e+00
1.055338216384971606e+00
1.074757287717933218e+00
1.087584542267163723e+00
1.059810414555049540e+00
1.022455537044683060e+00
1.019731518663203884e+00
1.024232234169977884e+00
1.064248620479531615e+00
1.058575364382686956e+00
1.002974176108986315e+00
1.083064043771460483e+00
1.024154274126338970e+00
1.078114863741802543e+00
1.015633641510286678e+00
1.050181806416131014e+00
1.039297652579999953e+00
1.059520439510027501e+00
1.029127240958329637e+00
1.014774033170744216e+00
1.056618403139256257e+00
1.073867151003326637e+00
1.002137919107341180e+00
1.055542591166419131e+00
1.071393636343609401e+00
1.070041402024667798e+00
1.062419887196842883e+00
1.035386091771819173e+00
1.005656974453793318e+00
1.034333017141309430e+00
1.066567710937166513e+00
1.006435098101505554e+00
1.062924692619942491e+00
1.065016845887669650e+00
1.049752344344465849e+00
1.075993984470986486e+00
1.035898314595591119e+00
1.036934810578340471e+00
1.055791051041944595e+00
1.077052848379631333e+00
1.066357987426501008e+00
1.087986924295367253e+00
1.084337718901837722e+00
1.082632789160320463e+00
1.064291127341641552e+00
1.088406394901898944e+00
1.029756365953133690e+00
1.044020804595828578e+00
1.083439527947217318e+00
1.096316037833757973e+00
1.057565981824800216e+00
1.017408549719033495e+00
1.075517440243539902e+00
1.028205790654012963e+00
1.087047185234712332e+00
1.001482223015608852e+00
1.075254239566939329e+00
1.085509054079755620e+00
1.064512948609589449e+00
1.073804901259222566e+00
1.064085752022816411e+00
1.068811970975958925e+00
1.063719710520139694e+00
1.085650205822362269e+00
1.079418514647912275e+00
1.004133680925094696e+00
1.097806575004575347e+00
1.054053716668895024e+00
1.074347578448536344e+00
1.055712404580634090e+00
1.002675585662108348e+00
1.040017220908739048e+00
1.039748874877829632e+00
1.000576330541757653e+00
1.091538423070642638e+00
1.049507272588170226e+00
1.058238277218136014e+00
1.049661415996808955e+00
1.046847304132939582e+00
1.043231523281015871e+00
1.003500280892278385e+00
1.022989317511274088e+00
1.088135141588074895e+00
1.078044411131292568e+00
1.001250820575263711e+00
1.043527480611471381e+00
1.054654666296710674e+00
1.005010096155816157e+00
1.018475397658805459e+00
1.091541814900776286e+00
1.032005897915226456e+00
1.033622146059649305e+00
1.089987788817843750e+00
1.016239329078004072e+00
1.061241645823530089e+00
1.091530054945939243e+00
1.073341462748323760e+00
1.085634548342351957e+00
1.069058908134568942e+00
1.053491687174098246e+00
1.075248983316699380e+00
1.026559454453281006e+00
1.082072539833291103e+00
1.035833889684124820e+00
1.075586364331458933e+00
1.023746148791102151e+00
1.015185409049542020e+00
1.090995485419770761e+00
1.011505034073946874e+00
1.093473070655873070e+00
1.018955739468534905e+00
1.006031662931067494e+00
1.019858102773763875e+00
1.077130094340954969e+00
1.020505514750115639e+00
1.078926252639889061e+00
1.002524646725348800e+00
1.061748564710867537e+00
1.017373825211332239e+00
1.025383915033615478e+00
1.070719531039740380e+00
1.059880910073480731e+00
1.042478227616128628e+00
1.088668156321918934e+00
1.088966841158087950e+00
1.053683744660733446e+00
1.041331860078588578e+00
1.077571311823025013e+00
1.030520131175223009e+00
1.028642064487439889e+00
1.016006509168012828e+00
1.078491296583941716e+00
1.086041667463602645e+00
1.024260044731560626e+00
1.099866781215577349e+00
1.008229257497122333e+00
1.072905661213709116e+00
1.034795137025831924e+00
1.067574173715096109e+00
1.070466180017254354e+00
1.080221673610796129e+00
1.049951413504266240e+00
1.043349746858346583e+00
1.081087928866617753e+00
1.061674264913654797e+00
1.072515063844454053e+00
1.083805676932251494e+00
1.025555371217317990e+00
1.042856898271816712e+00
1.087733282444319993e+00
1.092917345480080460e+00
1.071831400827085057e+00
1.047530626419858946e+00
1.069090803620111663e+00
1.009886017461097518e+00
1.059498419708256645e+00
1.007033736790422518e+00
1.042745267447421798e+00
1.082446759596016772e+00
1.098604366489308592e+00
1.001656723408604899e+00
1.070821487156883300e+00
1.013321718457619092e+00
1.004988667221795806e+00
1.020282479396664055e+00
1.086454021883241472e+00
1.018142315630051975e+00
1.054850449902851262e+00
1.083778021423076776e+00
1.082344177142335884e+00
1.007014093614760242e+00
1.047478921205572622e+00
1.048716897518978453e+00
1.074006600977599479e+00
1.085616980024313616e+00
1.076931836051056912e+00
1.047258930563402579e+00
1.058920202396664623e+00
1.003794868989860811e+00
1.043192013587195266e+00
1.089894910192063859e+00
1.030391661699594064e+00
1.019898588902497405e+00
1.073225842177744527e+00
1.026131713868568385e+00
1.090273597351248958e+00
1.030688417684141323e+00
1.017580479488283229e+00
1.094889789023091531e+00
1.059869307889126588e+00
1.022673027067283913e+00
1.029634280137844193e+00
1.017634122991785572e+00
1.009021415003673150e+00
1.074813614486652691e+00
1.074358218636043194e+00
1.065622771895444965e+00
1.069225264929242858e+00
1.046345420973296747e+00
1.020774861919319987e+00
1.073641188942487723e+00
1.040537551183418286e+00
1.077182380388083782e+00
1.057757140130583196e+00
1.080393557915733993e+00
1.078067462684358713e+00
1.096345632568677342e+00
1.054618042563641112e+00
1.088495046424506230e+00
1.029226014364175823e+00
1.094918954933028488e+00
1.044024437978357200e+00
1.051383293019977794e+00
1.048212153376667288e+00
1.076601225948599971e+00
1.027995376850665554e+00
1.028405556186083203e+00
1.014911838769156471e+00
1.030212648200147463e+00
1.058564090315275097e+00
1.054691244305626441e+00
1.035647061547105618e+00
1.016864636527176735e+00
1.005580391015066466e+00
1.047036797172666400e+00
1.079572748662429582e+00
1.015911960022492844e+00
1.038505045672306171e+00
1.068880726506314272e+00
1.010757387484803038e+00
1.091164847383186975e+00
1.028868877690315653e+00
1.021451501398492612e+00
1.037696511632082430e+00
1.016966881040368476e+00
1.099695917771426945e+00
1.032866144024584099e+00
1.073296973038003532e+00
1.077051889262974349e+00
1.090026230871651514e+00
1.086101395758362953e+00
1.000689388031618332e+00
1.010308268074718407e+00
1.080072292586436333e+00
1.008517467312021632e+00
1.011902953980382769e+00
1.045871123747771358e+00
1.063833982784873289e+00
1.013569310162908854e+00
1.045132646876916427e+00
1.061407169790146376e+00
1.093201788757325099e+00
1.096922542852509119e+00
1.093297877446301580e+00
1.034433835566452853e+00
1.082180328441352035e+00
1.048416486675910697e+00
1.024211150113655711e+00
1.096959527869829421e+00
1.015267562815333147e+00
1.074243946392441140e+00
1.011729146904628784e+00
1.010062844932192672e+00
1.094065232718901992e+00
1.076499213336530314e+00
1.090751740797615499e+00
1.066784436450569862e+00
1.097102749827860935e+00
1.028304375171648521e+00
1.028062999565901192e+00
1.062298788977404929e+00
1.013141667496640697e+00
1.075815189205258759e+00
1.071854370519467192e+00
1.066383233240085548e+00
1.092518127933325811e+00
1.062081014385491073e+00
1.036410015071624002e+00
1.060448247224187179e+00
1.083937466514847570e+00
1.057391684605041737e+00
1.071727782880331770e+00
1.079286331717169922e+00
1.071447643576639575e+00
1.081340599647163225e+00
1.022620805073164219e+00
