2.492483422708747717e-02
2.884770563872125423e-02
7.097702647626467909e-02
2.199226959677430884e-02
-1.682507427145708834e-02
6.674613829760733807e-02
9.902922462431719419e-02
4.347156430174556330e-02
9.494257919611108487e-02
2.737418991978833246e-02
7.464881410569416953e-02
-1.005704081276070049e-02
9.498243243503530497e-02
9.522442117038261433e-02
-1.303845925039862422e-02
5.918123255798672655e-02
4.079430073870293771e-04
6.118173703832645305e-02
8.826901511091857222e-02
-1.027077145552745228e-02
-1.375928405238110996e-02
7.146521022322392669e-02
-6.898130371771435398e-03
3.177671619307856354e-02
9.662861247714104457e-03
8.882432551134990251e-02
1.899114919840938151e-02
7.650086787448215353e-02
1.236191437364791632e-02
3.038059096863202427e-02
7.394793051047794663e-04
3.583355393101265995e-02
6.474828380425165508e-02
7.873307684654984318e-02
7.237977190332176708e-03
3.460987153091601987e-02
2.323751027510025449e-02
8.349306174927562801e-03
2.666998832799812036e-03
5.239867234694718656e-02
-9.422296959341070269e-03
5.736044423827556249e-02
9.254376402828332071e-02
6.354406760403959187e-02
8.412228488646689151e-02
-3.376257952358373282e-03
-1.504768906860576641e-02
5.463372490974940932e-02
4.238910681650708001e-02
4.774925162469186024e-02
8.862037656956027465e-02
-7.392043386574002894e-03
7.079711055662435415e-02
5.439089938171176586e-02
5.676972730747349705e-02
7.187049472044390597e-02
2.719871150380247585e-02
7.128438632854958157e-02
1.040594394315127319e-02
6.452196435002593988e-02
7.749201376479590564e-02
6.405320168835722250e-02
6.806170536387427805e-02
6.380773682997516183e-02
-1.644491121355833030e-03
-6.222501363348781692e-03
2.019446197235125542e-02
5.061457470125330094e-02
7.566516295507828838e-02
1.576653581440217236e-02
9.070696561477993580e-02
1.142329863977390586e-03
7.922507796480128539e-02
9.832900521126719529e-02
7.482260192423977052e-02
3.467262365612046315e-02
6.130449168267076976e-02
1.135693053601292621e-02
3.733004396574118866e-02
6.936960656448332152e-02
1.682211353804701284e-02
9.831165596693260122e-02
-1.618585501763517356e-02
-1.847968006398187715e-02
1.369717886019878803e-02
1.186969965531354046e-02
5.474978429924556855e-02
4.043025703620505007e-02
3.276653765068528179e-02
3.494208864026457362e-02
7.957879769342492138e-02
3.302520359030056141e-02
3.823421730252299366e-02
1.784666871086845741e-03
7.135065237228349622e-02
6.042523492813575703e-03
3.196818956856312122e-02
7.634242765857116031e-02
2.449467445336736202e-02
1.379193989615441415e-02
9.842420928425187066e-02
8.170098647558286797e-02
9.690360994460574945e-03
7.738501675349486464e-03
3.619950937482835363e-02
7.317001850226648174e-02
5.023613549521312172e-02
1.713645871175434668e-02
1.974142258993817969e-02
5.320149027887498272e-02
-6.955954271415145870e-03
1.565909969506604216e-03
1.384586383067606605e-02
5.023327818318933102e-02
2.316090059757751687e-02
7.864155767272885955e-02
3.615682899238140124e-02
-1.903464146924063044e-02
4.624768236041901237e-02
8.464125761380653090e-02
8.775048488173116390e-02
-1.687133831756070651e-02
7.300651493004389758e-02
8.461728668647711116e-02
2.342057233157645788e-02
-1.512518454718688940e-02
1.282023551185689295e-02
1.674360794237875552e-02
6.883930478058675195e-02
5.008945802266516478e-02
9.611620182881211449e-02
8.734005517098336613e-02
-2.501694331402321003e-03
2.104667055461919081e-02
4.774646482211160337e-04
3.260113016354967974e-02
5.973501466565792062e-02
3.774171765153405689e-02
1.749631817711982604e-02
-1.422981578308443393e-02
1.439302484299898391e-02
-1.438672518393208435e-02
2.212944434704010310e-03
8.792399546327175908e-02
4.716110829623341300e-03
-9.144086401195433700e-03
8.740205355703296874e-02
4.852439592744787339e-03
6.724053421052654522e-02
8.113306603475183010e-02
-6.577811732572018052e-03
6.352193747405750907e-03
6.934091125762263663e-02
6.044350791462860945e-03
3.198094276144020087e-02
1.758502190819460562e-02
2.459079783880737877e-02
6.148186785290822576e-02
2.006458024387216058e-02
1.406129691030122766e-02
2.250146937598752547e-02
-1.511365098367873500e-03
4.895786470079085961e-03
1.354719650276748830e-02
-2.522519037197013675e-03
3.280517005213960668e-02
9.107318827909154091e-03
6.265867978128623894e-02
-8.878496100200559266e-03
2.184973683731678343e-02
7.777420322216913040e-03
7.293188085745788696e-02
7.371008766021133751e-02
5.285973600756928292e-02
8.209323749766867656e-03
-1.483549290906632789e-03
6.777471453212957631e-02
-7.611070202960710032e-03
8.637480006162463753e-02
9.286898334513428444e-02
2.998229088197369371e-02
4.569620241132955896e-02
2.400481054523004656e-02
5.112307613320395128e-02
5.801503726897011548e-02
1.692998441552187941e-02
-1.716969373999070736e-02
8.587566724714587596e-02
8.533855691788422293e-02
4.173917578559407926e-04
6.738586568109714015e-02
2.670921022260471997e-02
5.421153794351862842e-02
7.298371155868360605e-02
4.348965422577738549e-02
5.769916153057597086e-02
8.348877974494416099e-02
-8.380940573391932810e-03
9.397588348161023397e-02
3.934508189216835705e-02
2.019471123641914875e-02
7.467370981141396857e-02
4.113541698373877897e-02
9.514692754039041911e-02
6.854601820381962807e-02
5.285384526149587703e-02
5.858659111497177552e-02
7.332970163245594586e-02
8.815350663806287290e-02
8.583177715140902220e-02
6.381845873661695645e-03
8.483060664282858487e-02
2.600068947390331633e-02
-4.356931402210762611e-03
3.481468697569370385e-02
8.341135561965826173e-02
6.156775266652193823e-02
5.236953921244005827e-02
7.223035215169418266e-02
4.392081660309994640e-02
4.040413806207722447e-02
1.789952716002829111e-02
5.001140356770326922e-02
4.557146643849688261e-02
5.314317142357920243e-02
8.962579903544515281e-02
1.178433583371059357e-03
9.113507504255140973e-03
4.211071799606221078e-02
8.909521234006211043e-02
3.313823654757518111e-02
3.405859590588269925e-03
5.587404274699660223e-02
6.017950077796548058e-02
7.955184028242190397e-02
7.492824114485317766e-02
8.922883501684059082e-02
3.300650836001135791e-02
9.853967061105046998e-02
8.106816991236578951e-02
2.138381796280625427e-02
3.397459114048811957e-02
7.202095816899709013e-02
-1.485121581309921911e-02
4.882468928783102735e-02
4.950465861870094464e-02
5.776835478790579015e-02
4.132969633740793403e-02
3.371049641352888426e-03
5.848340741453916802e-02
4.385897316624935705e-02
9.267349556055048954e-02
5.183820180192233451e-02
4.969579428293495471e-02
6.870202870975096465e-02
8.012421336369754399e-02
2.038833681816816165e-02
6.714513718510430051e-02
2.347061698746355854e-02
8.158257516447435520e-02
8.381770774112398681e-02
2.235378166281962523e-02
3.608099489865650156e-02
2.069432364134768040e-02
2.171090643057152839e-02
5.401009124327982303e-02
4.068517581106356751e-02
8.875955201201667782e-03
8.500482072037671144e-05
3.368854851022511088e-02
7.133043631835724041e-02
2.992169927313622149e-02
-1.089230194068695028e-02
6.846225231242679399e-02
9.157697606189635353e-02
-1.121252527027901368e-02
9.201035698469353652e-02
6.621691301633153559e-02
-1.448721943201879657e-02
5.478238160591739070e-02
5.460623811647882797e-02
8.019729691481423950e-02
8.584755067860501410e-02
-5.947437554048229033e-03
8.215881359087928715e-02
5.385489941333740371e-02
4.092200845035255663e-02
4.657740081845400393e-02
6.446792920468770449e-02
2.586417124333276543e-02
-7.532574818521462628e-03
7.507345827315896336e-02
3.531320008756683171e-02
6.005941683019591637e-02
9.849846537607814811e-02
9.867414965944518168e-02
2.543480829624536130e-02
-1.184868792228828578e-02
5.786468694176885585e-02
2.963032364016116374e-02
4.354090201441500330e-03
2.791047429712627953e-03
2.058905596391400958e-02
4.349168784483700700e-02
2.250389047200880219e-02
5.265791883702916620e-02
6.940751441850023795e-02
7.576889507398393286e-02
3.987795653192922202e-03
3.386924465417673336e-02
1.089029817259695720e-02
1.747629332793173770e-02
5.159833593214609160e-02
1.169403330548562589e-02
1.433405453087904444e-02
4.626285221854289920e-02
7.074964023984174621e-02
3.277393436215544908e-02
5.026403104034353475e-02
2.868861938091564825e-02
3.882038694876474572e-02
1.993292621938539191e-02
5.767718389294607118e-02
6.282080681790205845e-02
-3.541037905306354538e-03
3.007693316865672414e-02
7.328662134315100385e-02
-7.012401543617147529e-03
8.731849769725362476e-02
5.936970342767561304e-02
-1.979956894301123857e-02
9.580754146479220079e-02
-2.706901884029857402e-03
5.439510166087470344e-02
8.379204576942164695e-02
2.946486875899624255e-02
7.210254305934414576e-02
4.965939708076891335e-02
5.804759521843155801e-02
-1.042775351869664781e-02
7.415818044299894718e-02
3.896824574562748889e-02
-6.537565809709121323e-03
2.701504809129251158e-02
6.604218718721104053e-02
8.918102982844684778e-02
3.964714337276722955e-02
-9.211276362002911167e-04
-1.389645709738055249e-02
2.620920760608803565e-02
1.417749753280280953e-02
4.700414186952565909e-02
9.147313670893089665e-02
-4.476912607454369350e-03
7.428916658084820657e-02
5.840811633497589028e-03
-1.569223826065063027e-02
7.477776801222615899e-02
6.442564888724246208e-02
8.103621912595733445e-03
5.354569131544298366e-02
8.502040073312155943e-02
2.158878276420104700e-02
3.741586049551839932e-03
5.183288793682930273e-02
5.251489719292520841e-02
4.485992472326072456e-02
6.879076874042390488e-02
-1.781342591521149418e-02
-2.680808120732108141e-03
7.044905782855377663e-02
4.112617394270084992e-02
1.390175715412432164e-02
6.525856368017292353e-02
9.785668709911241048e-02
8.093450123023886167e-02
6.120561939657628847e-02
5.326922865850931832e-02
8.146859178187016576e-03
4.748589184895811444e-02
-1.431541806501955560e-02
4.085357026795115309e-02
-1.705430480046896125e-02
2.328228556250571193e-02
-1.960719724284206919e-02
8.252153628260790186e-02
8.426691340144011610e-02
-8.091362300785930398e-03
4.930947885962180810e-02
-5.006365860343859123e-03
3.086253670313012301e-02
6.281679114697413802e-02
8.829680454659855071e-02
4.387975040091163237e-02
-1.852808057777568379e-03
5.080275639560906387e-02
1.716968365570741353e-02
5.984340213321667074e-03
8.763878926263243829e-02
3.578183085765522520e-02
3.049201696170355733e-02
2.774847774688960281e-02
5.646062319306942301e-02
3.656532964664754859e-02
9.340081270087333132e-02
4.038351874610375536e-02
-1.895887448496680686e-02
3.153507272798619643e-02
-9.239703769041169440e-03
8.753885151019370758e-02
1.568698125067939306e-02
7.076008986889574526e-02
9.838409208301823056e-03
-1.633458677558733557e-02
4.712306728818112245e-02
3.715208926492945263e-02
1.269874927350221269e-02
4.185423647648815748e-02
4.776079944542400979e-02
-1.438800363136719801e-02
1.439883597512794586e-02
2.801743472546669098e-02
2.554023921574358549e-02
-1.861937595647004950e-02
9.926495874656560137e-02
1.861433156717574519e-02
4.995703636930831637e-02
7.046442286613448236e-02
1.193177548338910168e-02
8.583258641724463012e-02
4.764849037097378115e-02
9.639315589643077109e-02
4.360457760861770338e-02
1.208967866018209950e-02
2.822972494484054726e-02
-7.074147565537119986e-03
2.637552399836648812e-02
3.093613382285934424e-02
1.097634162350447432e-02
-1.019614951536624778e-02
1.756589200927719321e-02
7.969619540990240114e-02
2.286921979349694142e-02
1.249907245199838660e-02
-1.518565115479795190e-02
9.549542858625924280e-02
3.855226982587278695e-02
6.833939046629691760e-02
1.397119766276004940e-02
3.773341868945043198e-02
3.541613345578868699e-02
-1.848271012696890356e-02
3.955816780701394697e-02
7.721840969487757389e-02
2.538974247187941388e-02
3.917543581403463981e-02
2.428101793898762226e-02
6.573682377802184118e-02
7.859906268933847251e-02
3.428270917997951195e-02
7.648470714353584193e-03
-1.710945057893963062e-02
-8.077289143910747551e-03
2.413635282896872333e-02
-5.312012095610198215e-03
9.203722179633933020e-02
8.544631181243450557e-02
3.843176778632251267e-02
6.870339475578519928e-02
6.392094657023345006e-02
-8.527600923929181190e-03
8.219439491476603077e-02
-1.140692874311028532e-02
-3.876245313206030940e-03
8.630340497439453751e-02
4.019037441378651987e-02
8.645341799971176244e-02
2.949291168381724948e-03
4.899762687045290666e-02
2.913153614637785035e-02
-3.860491115149727176e-03
5.864813820867631478e-02
2.279908438452317096e-02
2.336217184487173956e-02
4.103901027095342713e-02
-1.785340344228983356e-02
9.485992556446432716e-03
3.934967474947062560e-02
8.754877996743228030e-02
5.037453538121201835e-02
1.057323326733243529e-02
9.260207957413946200e-03
8.251533310941314148e-02
9.927975707451276721e-03
7.532702706064496601e-02
6.992445258492448190e-02
-1.415340243727194504e-02
8.923318706877014783e-02
4.597834833535340004e-02
1.484474051588302937e-02
1.592400204716415066e-02
-7.299519340662254455e-03
4.667028586976885995e-02
2.175729829590566586e-02
4.027197947020054458e-02
7.831455196263546747e-02
-3.852072511222819073e-03
1.853831687368716688e-02
2.797494513653977707e-02
1.833006785761339547e-03
8.232649275457366855e-03
9.433799924202148496e-03
6.019275207978619369e-02
7.660571575977360992e-02
-1.176520965682899787e-02
2.710456083520949508e-02
9.284609755729916758e-02
2.758077657516047956e-02
-1.311416704553617502e-02
6.552955483936619141e-03
4.503072240741118337e-02
4.829566077478562175e-03
7.470873077698576836e-02
1.793485114945818706e-02
6.672985587708969712e-02
3.781452908432873794e-02
9.730125273932685448e-02
-7.156645356164989535e-03
-1.632872889648739889e-02
9.130280709593220634e-02
6.342868996708730944e-03
5.606009521834619258e-02
7.469365836725297414e-02
4.187888453373105058e-02
-1.181209353140355058e-02
1.835341255585227691e-02
4.704022115473771581e-03
2.921032260690958893e-04
-4.317673959449663118e-03
8.022353184079826505e-02
-7.334118653577866020e-03
8.580965487223139732e-02
4.113217170330943362e-02
5.087914014449769484e-02
7.671830896984561943e-02
9.920788495903588855e-02
-6.190269704274248275e-03
7.313812076277247803e-03
5.507620762184316232e-02
-7.495116534010918402e-03
9.733765627514154306e-02
5.270212503067112086e-02
4.843763726045023643e-02
6.296996745915126037e-02
1.033454473076829763e-02
7.955677299184731044e-02
4.955242202989623701e-02
2.097802628219818180e-02
2.817395621291930372e-02
7.783770015231748773e-03
6.990816777232017332e-02
4.185041259470823061e-02
-3.978738655072752012e-03
1.002013419393543020e-02
7.100424708278640917e-02
8.776925293062805278e-02
1.407883391945761661e-02
4.833784808685799572e-02
9.219702703704572844e-02
-1.618671425722282772e-02
3.584178124568970780e-02
9.846324557558367579e-03
2.196993378431704239e-02
-8.973628392682416952e-03
4.491517826261716417e-02
6.895343443551467388e-02
3.055351302910282521e-02
8.404580689178578479e-02
6.036961639375253152e-02
1.857561013064821728e-02
7.019285444288909936e-02
1.037297132875565631e-02
1.562901776447178995e-02
2.969835071054574213e-02
5.428271758077329867e-02
7.461197089507817098e-03
-1.733882512115965044e-02
5.027699281528620612e-02
9.739248949459392013e-02
1.755525301415017045e-02
5.845281809231005210e-02
-1.435632485258491950e-02
8.453060817199958832e-02
8.475239847451293551e-02
9.808462718621950571e-02
-7.828271291296462139e-03
8.401735223695628446e-03
5.675828584588719916e-02
8.137527512487087444e-02
6.914129688550228747e-02
3.742420162132377437e-02
4.144044041424779778e-02
9.546430784644546752e-02
8.768407700918906533e-02
-8.202743904482674708e-03
9.413579815577423349e-02
6.783147640846047544e-02
-1.318474444457592293e-03
7.612995991285331776e-02
-1.220952071398688846e-02
1.661165587112570577e-02
4.602376717265099781e-02
7.747903125295609039e-02
5.238384736384570084e-03
9.419795749444782873e-02
1.172289256690285317e-02
-1.672134171737866756e-02
7.302422187596674386e-02
3.264224777787506915e-02
-8.592341748143174016e-03
2.949115526386134750e-03
2.283915652234878163e-03
2.941014387315319181e-02
8.485126599925783830e-02
4.546441420077271256e-02
-1.037617708985638654e-02
3.747048920850219733e-02
-5.090835845560186257e-04
6.309376421207996133e-02
5.193046303300639932e-02
2.412844650398758908e-02
4.233064217797874451e-02
3.839962311172263887e-02
1.616560087410329541e-02
-5.248037113785070443e-03
8.103872784570800847e-02
3.901373452295349431e-02
-4.552799032640421351e-03
-1.258647571182601455e-02
3.681791646674828500e-02
5.216589245190035584e-03
2.569310067132303879e-02
3.842241634296475472e-02
-7.246556182128292833e-04
7.835310026763239732e-02
9.987581147542151649e-02
3.312448541240790856e-02
5.974820850014155027e-04
8.807976172163725637e-02
9.335964995376370285e-03
9.238581121703283439e-02
-1.429606081182594954e-02
9.283153631727654453e-02
-9.190696280995837644e-03
5.577651515194220755e-02
8.341477366312124997e-02
2.500549555578083019e-02
7.770364271613254548e-02
7.724343142146311569e-02
-1.815213523981508426e-02
8.258287540686766459e-02
9.995693871377375750e-02
5.506884448730017811e-02
6.646509413076447104e-02
3.485193871449492053e-02
9.911355677291253108e-02
1.120282277570203849e-02
6.827323195534600042e-02
6.135433639976953235e-02
2.339810145234748687e-02
-1.837607336590194734e-02
8.156506803308473386e-02
5.736379844924924254e-02
-1.769090591782298411e-02
7.258257144284810392e-02
4.503520732494260825e-02
6.005341716519015105e-02
5.128207458463519830e-02
6.255353630228945028e-02
-1.200402578733011233e-02
8.297707942854615215e-02
9.238928622277788050e-02
8.555567258577385231e-03
-9.972309934986021279e-03
6.542266498405388542e-02
8.836590511540047543e-02
6.691005020837149930e-02
8.563265156527068156e-02
5.589332195670751458e-02
5.276288409029224191e-04
1.644979617071650954e-02
7.082093882836466847e-02
1.022321116064396629e-02
-8.577534324354093437e-03
2.880394416353896855e-02
4.072782581453369966e-02
6.382591177568473773e-02
9.586898480392795630e-02
1.019694691696087716e-02
2.747130275699635402e-02
-1.467591609985655424e-02
5.656030857279158164e-02
-7.809809815240148848e-03
8.505616537919906406e-02
2.653465698683791021e-02
6.169568686277882019e-02
-1.951070610244621389e-03
7.363784721078385498e-02
4.391952830414221076e-02
1.057414967716771917e-02
1.710336380042570478e-02
7.678237191188391764e-02
9.384834127182002661e-02
8.714816953165448188e-02
8.145478261881745896e-02
-6.989447470873580773e-03
-1.756584895411337707e-02
2.842852400739629901e-02
8.842447622373862670e-02
3.199934376711399686e-03
3.780927916091575414e-02
6.822711811388548764e-02
8.870942352639034356e-02
-1.141357088697996132e-02
6.784665238619161376e-02
7.955500737554108137e-02
6.777999104322141033e-02
8.846922815140878527e-02
8.328114584583888591e-02
3.268021799736120503e-03
-1.804304124726871517e-02
7.004899223542794540e-02
-9.629278776602832185e-03
2.418751366920055337e-02
9.705394784952403597e-02
-5.867672514409311146e-03
7.922112785623627862e-02
2.681768060998845557e-02
8.534181356710081323e-02
-1.176649384910205369e-02
3.170159747017873425e-03
4.126055828026288508e-02
9.109596335475486639e-02
4.023677567653510811e-02
-1.014338628358450560e-02
3.019102175918321126e-02
9.163923758380972118e-02
5.376160543141580983e-02
1.038774646357960851e-02
-2.973489668095647548e-03
3.201493579801262257e-02
5.606019971069453600e-02
1.213671906400317149e-02
2.295481332825459811e-02
3.147890773837075384e-02
1.946115527437660211e-02
4.095826404682006983e-02
6.949389677505547758e-02
-1.088296381237190309e-02
7.696334549821727544e-02
6.424313692772704032e-02
4.268739398604268209e-02
4.475284406177698626e-02
3.702486666742398069e-02
2.632161633908656692e-02
5.915792129962298140e-02
1.145729255712257463e-02
5.370207627313157428e-02
9.608419812347904210e-03
9.395914088658566254e-02
6.543714491665686417e-02
3.583398418532193763e-02
5.769509320907310890e-02
7.142469728294892350e-02
-5.297083809474094698e-03
4.453343485849373118e-02
9.044286196960603375e-02
5.203122508149359005e-02
2.386651635406099661e-02
2.805486346494405134e-02
4.416120108849834469e-02
8.467213785619503996e-02
3.367720435167008419e-02
9.762996760960720999e-02
2.413885022779389475e-02
3.133588188809414976e-02
9.719679604726945421e-02
8.867366052869987691e-03
5.654300530711317552e-02
3.557929575540585976e-02
7.333599232430920711e-02
3.241709545300487660e-02
1.001397374712447233e-02
6.528771598643262619e-02
6.694902459003873596e-02
6.634024669504266780e-02
8.762157664666346546e-02
1.374099577647948725e-02
6.009474136381937059e-02
8.002073091500253033e-02
-1.345746979322437129e-02
7.044118452064314362e-02
-1.451145940807002307e-02
4.994299773416810417e-02
5.057480345669208843e-02
1.707732678324096545e-02
6.946237545112990408e-02
9.789455025074171590e-02
2.824607428749488156e-02
8.976922054076182100e-02
5.625532633676755268e-02
5.603895601534827908e-02
8.866878561345500898e-02
4.612295761966890562e-02
3.820368476260165014e-02
7.254951833451345200e-02
8.935815339753654107e-02
1.747392339758572360e-03
8.950764533945373969e-02
4.775091782333805435e-02
-1.321177342000407623e-02
-5.363254168080774584e-03
9.164352639467347739e-02
3.892528580636313296e-02
-1.598140842753725463e-02
9.174313088521068860e-02
7.311827197628799346e-02
8.305966124616470658e-02
9.534332666023706548e-02
-6.888897269128654854e-03
4.481904303894633512e-02
9.030863513105742701e-02
8.536678365619229658e-02
1.411180222428326872e-02
1.570839214219798066e-02
-1.920066722074672758e-02
3.030628752497878040e-02
3.267414074644341138e-02
5.809980678192681880e-03
3.544644471112814998e-03
4.021318744709857784e-02
3.116143760740517840e-02
-9.018913403619217839e-03
9.738939997555498551e-02
2.975312445642557327e-02
-1.816693678559833450e-02
3.519977134283000519e-02
1.268888313582934232e-02
-8.973053592981500640e-03
-1.479333436476311034e-02
6.285521728154290499e-02
9.861732644222084843e-02
1.441166222711235192e-02
4.239190856423573350e-02
9.347909114000993447e-02
5.610204195683798911e-02
4.127393819774606565e-02
1.133289093776584586e-02
7.790349574216956507e-02
2.556444517394982491e-03
-1.595820695445156895e-02
4.116352942826241590e-02
5.594475983883810677e-02
5.076916360594374567e-02
7.299993093217767293e-02
3.433815653287569658e-02
4.166969887687217711e-02
3.201435951877551478e-02
6.193789134164695565e-02
4.103559700562489643e-03
7.838233683949762109e-02
-1.212147583207119281e-02
4.244667796269024906e-02
8.843841283758360761e-02
8.815603120913111101e-04
7.245584859822505608e-02
9.758431099282635635e-02
5.037457409660227314e-02
8.195932069474289039e-02
3.260653016560872974e-02
2.283512308165727353e-02
5.564793600245636351e-03
7.120104736573626414e-02
3.054725116113492581e-02
7.408484685413581350e-02
-5.331160091055674871e-03
4.627579266963727234e-02
-1.397310458218562271e-02
1.319713866237024261e-02
-3.158427603291165398e-03
5.592401701453117435e-02
2.389625788284512400e-02
6.156375394623588015e-02
4.807628327992342909e-02
8.778416670706952474e-02
6.604494675422681316e-02
7.785247820383093403e-03
9.132394142694517936e-02
8.826767949003995473e-02
5.290893791303878657e-02
1.163054211415782621e-02
6.304938751195278412e-02
9.409890210015237066e-02
4.085361635948286940e-02
6.291493780627170629e-02
8.493568111988031299e-02
-7.545759807849390655e-03
1.138298650332137188e-02
5.930473493438381816e-02
3.382160274905536557e-02
1.088388334345019234e-02
1.164927577975124681e-02
6.104437808171064850e-02
9.260534782903236117e-02
-1.859681721312579292e-02
3.873414500506601466e-02
7.596447234308738305e-02
3.514650967703462914e-02
5.071344071607916670e-02
1.920092843827672993e-02
9.921917310673558643e-03
6.039650961869540147e-02
7.377030281266341860e-02
7.981057271113167761e-02
-1.103995337791277044e-02
6.022469807269344166e-04
9.604306638522457085e-02
5.800364330413493308e-02
7.876270701118044670e-02
7.578071183221041229e-02
5.644943083584784416e-02
-1.791563912547284795e-02
8.092375891633173113e-02
7.119011358135854395e-02
9.191162328128242576e-02
4.822337959954131614e-02
-7.399052195215784222e-03
8.968720335341878735e-03
3.131427246689738597e-02
8.506424747682382603e-02
-1.079424739801701505e-03
4.181575128651839057e-02
7.025875258017653946e-02
3.450349687627637940e-02
8.058715013751385770e-02
7.128660404105777171e-02
3.408663107460953301e-02
-1.057760479278936107e-02
6.147127934122513515e-02
-1.102319723752830626e-02
4.168834281774684569e-02
-1.716458143909051909e-02
6.895785076692378945e-02
9.430132195815607576e-02
8.412246381860159772e-02
3.902657767218918605e-02
4.287595802195839911e-02
8.967138895919360420e-02
3.414464926413068868e-02
-1.199727165251225289e-02
5.484098332386504182e-02
8.993934994586151588e-02
6.644669211322787317e-02
7.608196881963529001e-02
2.522583140988652120e-02
4.400588382356483697e-02
6.167685776094149197e-02
2.609237898815731579e-02
9.739339818227628343e-02
-1.704909625197853149e-02
3.511667283852341892e-02
-1.218285341699296837e-03
-1.831830501762338539e-02
2.273321961781098535e-02
2.806447683002994201e-02
-9.376512356815224977e-03
3.425844572375556785e-02
2.742220069624604767e-03
3.885879092934568096e-03
5.659346197403167245e-02
2.833640081331490965e-02
9.139095046190762184e-02
-1.673366408405420683e-02
6.020918751297230087e-02
2.211506649867643962e-02
6.633331014489796118e-02
-4.888748437668465757e-03
6.006633252464851913e-02
6.684834984740477271e-03
4.350130201954800768e-02
6.224031165249993558e-02
9.400037815429623800e-02
1.871053347355282684e-02
8.495336848990632517e-02
-1.024869005979819024e-02
5.669052028577876989e-02
1.618337706999853701e-02
9.644371703114527905e-02
4.033697920217399480e-02
7.340847718713849890e-02
