1.024851383586097953e+00
1.093221757819518469e+00
1.080733653573169750e+00
1.017664477856031535e+00
1.050571000780679221e+00
1.038498086118211150e+00
1.051872339195669470e+00
1.035601833872441757e+00
1.054101849082084152e+00
1.083076326492491193e+00
1.074647616638485959e+00
1.022283109656537237e+00
1.074779881068823606e+00
1.093017491120759521e+00
1.078379842607839034e+00
1.066479475849394509e+00
1.054903732857302545e+00
1.001858882455428201e+00
1.069310997934673102e+00
1.090964505269634843e+00
1.026186590768998208e+00
1.042162558130165895e+00
1.071815229603299002e+00
1.001530882271811418e+00
1.085495352612372066e+00
1.010793571269732682e+00
1.035547339945007028e+00
1.018794627388141638e+00
1.034883259399122402e+00
1.065663473007340656e+00
1.066884121783186590e+00
1.027163837305821836e+00
1.030929356126900398e+00
1.016679974191720293e+00
1.027683776207108712e+00
1.040930934481615333e+00
1.037322536997502098e+00
1.030450664836821462e+00
1.037909975561651876e+00
1.093669514404655096e+00
1.060762145955910896e+00
1.066325546456088569e+00
1.090370736263273743e+00
1.045684820006027582e+00
1.041491786861192814e+00
1.011640776201280456e+00
1.054862988073232311e+00
1.096721069095499379e+00
1.069978086747703561e+00
1.051979051382272434e+00
1.083613759796742793e+00
1.005398411168969108e+00
1.049883626015618798e+00
1.032185129184068240e+00
1.060515660665107385e+00
1.078486137783506660e+00
1.053984570188434500e+00
1.015234887463115632e+00
1.025985763920784999e+00
1.017823706415395435e+00
1.085817471386351318e+00
1.055144097368869049e+00
1.005638942230961064e+00
1.018094637617730447e+00
1.087231320672823021e+00
1.078604962673199941e+00
1.057841879363313309e+00
1.056830919865222151e+00
1.049605992831167622e+00
1.069910569115643195e+00
1.003798277819546447e+00
1.039834477650698252e+00
1.040074930625555671e+00
1.015634615933280527e+00
1.012033224792980413e+00
1.082026950856597836e+00
1.014321911804344278e+00
1.011975841750761607e+00
1.079665895218250071e+00
1.052434089481899537e+00
1.008368768924151393e+00
1.024972201609748668e+00
1.021695869813966207e+00
1.004035121429970312e+00
1.043520430104988517e+00
1.022385266506466994e+00
1.044418519152886526e+00
1.016638529369302768e+00
1.058993378431771326e+00
1.084925951170826242e+00
1.033946072872163224e+00
1.064353521115681600e+00
1.000568596824980672e+00
1.078702748158027136e+00
1.023907740404204514e+00
1.089053171689175592e+00
1.041721687687418685e+00
1.090173712040424903e+00
1.030024345502764005e+00
1.083168906163120893e+00
1.087202228827510719e+00
1.001103448867254997e+00
1.007103848041202676e+00
1.049867410796176959e+00
1.092679078581490160e+00
1.020302369163911926e+00
1.040526277353359008e+00
1.056873076711803083e+00
1.053885569634789521e+00
1.063125607019069552e+00
1.078576312678451776e+00
1.078626917098891136e+00
1.003020580212888202e+00
1.028069728583075104e+00
1.000659314699759772e+00
1.041608937101371923e+00
1.087682650259529371e+00
1.094023048132070297e+00
1.049062884338116008e+00
1.006972966151749471e+00
1.023191300454846742e+00
1.013813415666682038e+00
1.079118993453228148e+00
1.058229902972378289e+00
1.097252094412605627e+00
1.094853155415873136e+00
1.000628974915540370e+00
1.057905029980781952e+00
1.032917197068302873e+00
1.006981223338194509e+00
1.030881532741349416e+00
1.039547480362938092e+00
1.092837056743363400e+00
1.071718878616207737e+00
1.021549090189099118e+00
1.054907741946965904e+00
1.055673331332532605e+00
1.048729162751431243e+00
1.054694524210283202e+00
1.099650295116383569e+00
1.050692076953016363e+00
1.006434235052863890e+00
1.077645301668013866e+00
1.082189150579678572e+00
1.074660457656800627e+00
1.009493871642949792e+00
1.041100209559807643e+00
1.000958379374921714e+00
1.036071199790183028e+00
1.014131765680040820e+00
1.084899509333148160e+00
1.090420219045360239e+00
1.053974769816670820e+00
1.043556160234644370e+00
1.075190496458898304e+00
1.071937337176218641e+00
1.046349177437635225e+00
1.064887946749072833e+00
1.067875979966196320e+00
1.097663483533397821e+00
1.019269728666894803e+00
1.036154488696863218e+00
1.047593884175112233e+00
1.060993798732318805e+00
1.006129220978938310e+00
1.036609881022831914e+00
1.062197664235704497e+00
1.081128386491410520e+00
1.066042295675880158e+00
1.055462874698159137e+00
1.030241068004485561e+00
1.075997254916409407e+00
1.082749459221591160e+00
1.077233773411188533e+00
1.098016921405938984e+00
1.093021232470514192e+00
1.006521521789847995e+00
1.040178016783433357e+00
1.003844973364770521e+00
1.087076553987493366e+00
1.086446950447782278e+00
1.042945245923619702e+00
1.080557609024589860e+00
1.079646367513865890e+00
1.094104528226812256e+00
1.081122119050205610e+00
1.090613961819843380e+00
1.024864243062343805e+00
1.040306849828122049e+00
1.057752698152758519e+00
1.097194577705840501e+00
1.084230807729409607e+00
1.089938014458082804e+00
1.098934798205330798e+00
1.053395007367335934e+00
1.027443492468180786e+00
1.076826895277320340e+00
1.032059612552358674e+00
1.066071261122738534e+00
1.079094693639953251e+00
1.046860435198991857e+00
1.071279681093988190e+00
1.042950063470519551e+00
1.010680170468189809e+00
1.013780467286029330e+00
1.028879986264078950e+00
1.020438366425533427e+00
1.087354150100661609e+00
1.036957799673621894e+00
1.092732070841514247e+00
1.083356186221408279e+00
1.096041465019107042e+00
1.085952217360512728e+00
1.061610221493238582e+00
1.042971559506056245e+00
1.013560618110281863e+00
1.060317316589449277e+00
1.037835206349632999e+00
1.060560103731726489e+00
1.051563528664446245e+00
1.051323486065359747e+00
1.074111850176501681e+00
1.011710759074209598e+00
1.060650734269501072e+00
1.036637582376910505e+00
1.037450472595546236e+00
1.011142285238497029e+00
1.066786380026548242e+00
1.077270173061356751e+00
1.009327416994253435e+00
1.012422013836997925e+00
1.061331698487194330e+00
1.036312321169016615e+00
1.034897340255540366e+00
1.010171820219112115e+00
1.056024214319717158e+00
1.024715653569828078e+00
1.001944731730327831e+00
1.052921921319476484e+00
1.029005736418416861e+00
1.055855576102836313e+00
1.041885090762209476e+00
1.084638140972011611e+00
1.071210342203766652e+00
1.013902341777516147e+00
1.027180775602386742e+00
1.008801497913911716e+00
1.014910801182149269e+00
1.047174594792801727e+00
1.020383871189482150e+00
1.057545196490451866e+00
1.011917594056840342e+00
1.075469407230186247e+00
1.059161702528526039e+00
1.024853899488545217e+00
1.035525337666708845e+00
1.089660853097098148e+00
1.003348037480072286e+00
1.084282771048132865e+00
1.086032400064275372e+00
1.067250150948555021e+00
1.020490537310716261e+00
1.066795443610070837e+00
1.027347236330290903e+00
1.056930357271660847e+00
1.011531277448528554e+00
1.071495720350585268e+00
1.098405402685510790e+00
1.053312020472958688e+00
1.052199325487146231e+00
1.095414140221142363e+00
1.091998007222916733e+00
1.078553799382096612e+00
1.066164351161644763e+00
1.085458792817809659e+00
1.047375814446776410e+00
1.015508743365663991e+00
1.027971914622394234e+00
1.029771685498389600e+00
1.097224162804545600e+00
1.052207535195362365e+00
1.012027154612826774e+00
1.062584550145989182e+00
1.068239532741092290e+00
1.085354937363139260e+00
1.069433359578315867e+00
1.007625197478615009e+00
1.012984084752046821e+00
1.011652689221424373e+00
1.040230391829207068e+00
1.070975905825221064e+00
1.078089506989926338e+00
1.026376664392629312e+00
1.070303646436563838e+00
1.004649116530147435e+00
1.089146937974483142e+00
1.055128196771861981e+00
1.061811846908938151e+00
1.063409770395805864e+00
1.075645146711037947e+00
1.051415643952635648e+00
1.088290689333542893e+00
1.077238637282376343e+00
1.061952101159213679e+00
1.049600024019591071e+00
1.033278616790698212e+00
1.003331166361035143e+00
1.040575892096956556e+00
1.040341599844385234e+00
1.082264291250421007e+00
1.000914463763628470e+00
1.001959608309453298e+00
1.062047842987121182e+00
1.028104073360695425e+00
1.085919216096139062e+00
1.067953950210563496e+00
1.004542911146460327e+00
1.033635562233872207e+00
1.035461458616137032e+00
1.088336309882987685e+00
1.059830860919846129e+00
1.052019339400701581e+00
1.088580790697242451e+00
1.028243387404108589e+00
1.087143926485028222e+00
1.098567958620236373e+00
1.098248899647916055e+00
1.020507012459735297e+00
1.026873835134614943e+00
1.027963035451465723e+00
1.072382922940117167e+00
1.030096370009137896e+00
1.094870021652470937e+00
1.083815297542874534e+00
1.004601234424354006e+00
1.065471539247170085e+00
1.001238301868955682e+00
1.031015430401421407e+00
1.018409022626615812e+00
1.011047127907941601e+00
1.094588292703742249e+00
1.041051571827402267e+00
1.096018946847572950e+00
1.015398731234001595e+00
1.044733415290802103e+00
1.097616218708485913e+00
1.031637616431507753e+00
1.061979943649706604e+00
1.038310753080860849e+00
1.068359081259190324e+00
1.034751141723316614e+00
1.027545342470982392e+00
1.062657023998923922e+00
1.053125369721421789e+00
1.033104533123385238e+00
1.077409418905877603e+00
1.091332352636625647e+00
1.027500291282115619e+00
1.017939393508527912e+00
1.012411740655732251e+00
1.019499501094541127e+00
1.024073884102767007e+00
1.008663253816929561e+00
1.045509369416414591e+00
1.041738437709886833e+00
1.092623592058268978e+00
1.065752512007127617e+00
1.031462071303914430e+00
1.099586406264873473e+00
1.034576890875333666e+00
1.026334987684260680e+00
1.096475289079647863e+00
1.066057845781315017e+00
1.074480511789406734e+00
1.086226116725021562e+00
1.069339529309990322e+00
1.045861255624592756e+00
1.011720725722628389e+00
1.070141765438900272e+00
1.003676688178008369e+00
1.008941319243217061e+00
1.040511969743131981e+00
1.001251743643639891e+00
1.081581311127892686e+00
1.040135115003425259e+00
1.030733792377074076e+00
1.081420724125118582e+00
1.077053989896453512e+00
1.012621413544073867e+00
1.019945285677541946e+00
1.097283170737267222e+00
1.057664081791553690e+00
1.069819889867611673e+00
1.044432303688521024e+00
1.018271768016000722e+00
1.050966046328390746e+00
1.000067652469267099e+00
1.061737447942053159e+00
1.047734943584769152e+00
1.046350022663641965e+00
1.028469047752429422e+00
1.052417203637790344e+00
1.078641039550858549e+00
1.087228661807187802e+00
1.094605706610682461e+00
1.034108601614193823e+00
1.057621068495782746e+00
1.070946852688858364e+00
1.094556703410252574e+00
1.002147714521226529e+00
1.077514319935917175e+00
1.068578663572510079e+00
1.013141215257437500e+00
1.087678773234513008e+00
1.051474019145092642e+00
1.024440191621478480e+00
1.002356196136082955e+00
1.024487203348880104e+00
1.068527641266788342e+00
1.023042485456085116e+00
1.087644934294522470e+00
1.080476611552264599e+00
1.073870564290413387e+00
1.034098347214708946e+00
1.084174834204312710e+00
1.082217363255499221e+00
1.039120981752621020e+00
1.059069531368896255e+00
1.085658407035677175e+00
1.082802458882639707e+00
1.070732395094602385e+00
1.058490348357128630e+00
1.014366742220470075e+00
1.087963320659871336e+00
1.045765740253308929e+00
1.072965053873071062e+00
1.071660390695161835e+00
1.048932713143832629e+00
1.076990001393439922e+00
1.067124544235502404e+00
1.066606082738655426e+00
1.017557074663812289e+00
1.050094037657011814e+00
1.086284404550746041e+00
1.009779068053580753e+00
1.009511265644575495e+00
1.084590355044341203e+00
1.039474889204968111e+00
1.088371040164796577e+00
1.033064483962876201e+00
1.091371547594145008e+00
1.067853587602153986e+00
1.074587177685988770e+00
1.010207082538915335e+00
1.002092565394767432e+00
1.048201221993613430e+00
1.068542594870588447e+00
1.098439229133269857e+00
1.032795760158210729e+00
1.051553197833676290e+00
1.027710100508115509e+00
1.082100984765127727e+00
1.075249747735653516e+00
1.071223592819504855e+00
1.094055500291160499e+00
1.061595783048489672e+00
1.080103822426205618e+00
1.075728805888272799e+00
1.045073802265105600e+00
1.048864027670117771e+00
1.081788122766823790e+00
1.024029659049696006e+00
1.030779836114148029e+00
1.098014355467997527e+00
1.040573522685162677e+00
1.044620320339511466e+00
1.028551959535537685e+00
1.075886823639474743e+00
1.041393968850177432e+00
1.060908564224166017e+00
1.036443298043476124e+00
1.098783787609860729e+00
1.038364553399732548e+00
1.032582166482856945e+00
1.035882430479063032e+00
1.004613631323211465e+00
1.022784208906131642e+00
1.098157243844552822e+00
1.035786478560165591e+00
1.081129679707794500e+00
1.036191884286127518e+00
1.061354301283872648e+00
1.064025420013123835e+00
1.082135148141269987e+00
1.006719531193570605e+00
1.089262541414043550e+00
1.041081330973769870e+00
1.076219641881779321e+00
1.089535590399179465e+00
1.055571709896463428e+00
1.041319484835746767e+00
1.026489849504955254e+00
1.060188066566476905e+00
1.010180662772337978e+00
1.026189987090035727e+00
1.000982299324699509e+00
1.002588297166641551e+00
1.035104696597425322e+00
1.003863193798228748e+00
1.029556042168375374e+00
1.019533298239224894e+00
1.017254734987183218e+00
1.047065386044758517e+00
1.074034017482395686e+00
1.081874500384377713e+00
1.091966174170847514e+00
1.044166727162166630e+00
1.085396056532619058e+00
1.005572228401105717e+00
1.040505164507977476e+00
1.083607923556656694e+00
1.066244517519200130e+00
1.087770196790767807e+00
1.062631695855204672e+00
1.006015716801958559e+00
1.007529534138089211e+00
1.076571081118443463e+00
1.071047522652216033e+00
1.047780474748414958e+00
1.062924905665103781e+00
1.073171985005978435e+00
1.059633687308562333e+00
1.010335577487559977e+00
1.032612118061703166e+00
1.083001089531843375e+00
1.044080025376059151e+00
1.066991984456499454e+00
1.024626549793069552e+00
1.062258099079767648e+00
1.041347221947288793e+00
1.055313090231082551e+00
1.031200805380443342e+00
1.050155607518624246e+00
1.040951534778962184e+00
1.096827352942978617e+00
1.025035971070311414e+00
1.062515256613259407e+00
1.086250349785151004e+00
1.000630152652772109e+00
1.044467254037226178e+00
1.058696200484158689e+00
1.006645038704659489e+00
1.056894986082665744e+00
1.027660664650165812e+00
1.053100729084992526e+00
1.056234833570425469e+00
1.022079818475752244e+00
1.016544023425869803e+00
1.050768362329158823e+00
1.082988587526320767e+00
1.071246092420045537e+00
1.012665058839013810e+00
1.012107530198596228e+00
1.003027116367812166e+00
1.053583266701209276e+00
1.004357674159132907e+00
1.009094632984377737e+00
1.004137758168156314e+00
1.003494113052848302e+00
1.094769779360508233e+00
1.022747210964698228e+00
1.029462803739144450e+00
1.001023927764249644e+00
1.061880489894534207e+00
1.057554335308318327e+00
1.026537971235755187e+00
1.010317717634684920e+00
1.074656677296210727e+00
1.071513670582304734e+00
1.028752805323728703e+00
1.046046448519770022e+00
1.088545284807929114e+00
1.022161611896712063e+00
1.077243563647790614e+00
1.062965918218779837e+00
1.003264357848979271e+00
1.060907193291285688e+00
1.012636809378667069e+00
1.054415537450564599e+00
1.088764945985857713e+00
1.074185201496389741e+00
1.051993640785074513e+00
1.053787106480185809e+00
1.088567522332659410e+00
1.013843763845122314e+00
1.038345875665567686e+00
1.046820218894378485e+00
1.081425743374004433e+00
1.000482311928347912e+00
1.044911736171731942e+00
1.091742374009946115e+00
1.044433099830795797e+00
1.059686794639258967e+00
1.026795148969336324e+00
1.097556963676253661e+00
1.044908575013017149e+00
1.070126389036441861e+00
1.056349162042731438e+00
1.045464319407476417e+00
1.013678935731740616e+00
1.016245100265287249e+00
1.069163137426258903e+00
1.023200181787385921e+00
1.024618611822535108e+00
1.066124491697584942e+00
1.059416059634200602e+00
1.031250963856533698e+00
1.086595237180037588e+00
1.064024585541401446e+00
1.033101510360488584e+00
1.094160403413558136e+00
1.070053766243918236e+00
1.014396994303742749e+00
1.092153726549495829e+00
1.047990528243564645e+00
1.049243874740100502e+00
1.065082523910609424e+00
1.071980361091741107e+00
1.046788812206648656e+00
1.074260202660430652e+00
1.015781871034638462e+00
1.042741693529494640e+00
1.023111902355122727e+00
1.052184343575715442e+00
1.006238669609705649e+00
1.026000501652253538e+00
1.014422069363272172e+00
1.031939520133954735e+00
1.021502978447426990e+00
1.071055870337016769e+00
1.060258432567387832e+00
1.018428148354944440e+00
1.065064101607065883e+00
1.065043574548623084e+00
1.043286138190571588e+00
1.020530742656338141e+00
1.048371298147354969e+00
1.048598905914938095e+00
1.028760853274836906e+00
1.011612914076654768e+00
1.004711015528288343e+00
1.031925493583876863e+00
1.021582823591101974e+00
1.061152587169133188e+00
1.075520399546455286e+00
1.032508138561347488e+00
1.017233804677365017e+00
1.060323407074015067e+00
1.000804676405036675e+00
1.002742166565476101e+00
1.037099138358751782e+00
1.065185350171289569e+00
1.071496108429734972e+00
1.003480123874245233e+00
1.093696802346288299e+00
1.096348184446607865e+00
1.045938581253528232e+00
1.067959189895109962e+00
1.021484863839073887e+00
1.052582023591468685e+00
1.084554091234724238e+00
1.035785991585757015e+00
1.097052080871901758e+00
1.010701442084355639e+00
1.007034610318765289e+00
1.035923571418167599e+00
1.009514773285688394e+00
1.085312256306539158e+00
1.077247519459000769e+00
1.070772522806243465e+00
1.021117918173561234e+00
1.053974978242866456e+00
1.086610668646455391e+00
1.094149495430892349e+00
1.079156414334876191e+00
1.033826357471588464e+00
1.056747575870690348e+00
1.075617985341193794e+00
1.005312951637536978e+00
1.013582320312123697e+00
1.044905096951452173e+00
1.008239192715526755e+00
1.059936631879656144e+00
1.078849037588615500e+00
1.023572825068452818e+00
1.004853307441361476e+00
1.085959156645696533e+00
1.092723347555980551e+00
1.024224607221457584e+00
1.090192679393697350e+00
1.047608655898834451e+00
1.047085116699476792e+00
1.078185220069439731e+00
1.010347638302368178e+00
1.001066445217275280e+00
1.018991999694054407e+00
1.056683745510342609e+00
1.058126026984795187e+00
1.009085517642054564e+00
1.037042695627133471e+00
1.084593515703876632e+00
1.047836742840264179e+00
1.071089460446972286e+00
1.013784750341121477e+00
1.066841765189696423e+00
1.045166265859375443e+00
1.013437615610430553e+00
1.056942108660233082e+00
1.043423017433021238e+00
1.025771536929851013e+00
1.009115140685472589e+00
1.007655459798556752e+00
1.036220199141781206e+00
1.042971994377918987e+00
1.084206465665601860e+00
1.039194990639143557e+00
1.078466674576387785e+00
1.001957583297874210e+00
1.011324658765730300e+00
1.038555510878471644e+00
1.050340063824988901e+00
1.035477960977733813e+00
1.086494084361725232e+00
1.022403602971206915e+00
1.008268403572240679e+00
1.072079924122275596e+00
1.048340556937694013e+00
1.045120697445017344e+00
1.043302790305891792e+00
1.065185217585239652e+00
1.012477381429346845e+00
1.026435889914619537e+00
1.003058907870054917e+00
1.037843600491961338e+00
1.096525999459847522e+00
1.049826892307444748e+00
1.053830699711131080e+00
1.095830210448916153e+00
1.060465462952534521e+00
1.067598118590387557e+00
1.062541539257962908e+00
1.073634670351859111e+00
1.025299199981505760e+00
1.020530034983177847e+00
1.080775455607773772e+00
1.096283193561867542e+00
1.097633066497915921e+00
1.000618529817987490e+00
1.063665086640801727e+00
1.010431704456530522e+00
1.048520885967029637e+00
1.008918033558192873e+00
1.018017120986036694e+00
1.040715464500399756e+00
1.088894394357577733e+00
1.023883650203556650e+00
1.090667540381625722e+00
1.085358411137113288e+00
1.038092717005740573e+00
1.044175492233572866e+00
1.027163314020675955e+00
1.026622797855173408e+00
1.019004150631251049e+00
1.078449436042133280e+00
1.083706108715706717e+00
1.063698924465762197e+00
1.034896003128460862e+00
1.063772233147568747e+00
1.008150954802701671e+00
1.090329596137302071e+00
1.045163770447212981e+00
1.015112126421727989e+00
1.070994531691926710e+00
1.006181437708941973e+00
1.031904246745035225e+00
1.041392852567606608e+00
1.075922061815512976e+00
1.040395101656763632e+00
1.092476178114628160e+00
1.067868119966361995e+00
1.015737916547245323e+00
1.082668079682005624e+00
1.036496131685749944e+00
1.048762031153831042e+00
1.030592534792863502e+00
1.064895508233573374e+00
1.050871935934467594e+00
1.051455911415341227e+00
1.061518281971504107e+00
1.061439197516327537e+00
1.028643476268943369e+00
1.066854788622139338e+00
1.092755974425765331e+00
1.026545626892773511e+00
1.009108406062421137e+00
1.039583272193713048e+00
1.085195166825926982e+00
1.080048315068901532e+00
1.091392631578214978e+00
1.046515464857155742e+00
1.000015504771382124e+00
1.017038282402572325e+00
1.074212777255559859e+00
1.062709723215846669e+00
1.050668226946074091e+00
1.082871178764008624e+00
1.025796023323055639e+00
1.024967598616255193e+00
1.037014365440117381e+00
1.059692684137887531e+00
1.017354295699091749e+00
1.009343966473697396e+00
1.056609164873419049e+00
1.067562753664401454e+00
1.039323677298036097e+00
1.057780137244946461e+00
1.089045208488981675e+00
1.007994336427835869e+00
1.059320042710097054e+00
1.040527987519862307e+00
1.012224540407812068e+00
1.071554738720966071e+00
1.001272858798049059e+00
1.092035754598537078e+00
1.092699897779968676e+00
1.084199061666031749e+00
1.031885655344779273e+00
1.020636531662608926e+00
1.023543854455799984e+00
1.071179957878826583e+00
1.083643852841653432e+00
1.022414082174418315e+00
1.030565119384068806e+00
1.068639511206117554e+00
1.004532243983431883e+00
1.056360337287294504e+00
1.010899701809048423e+00
1.039798233895938839e+00
1.064689271615159694e+00
1.059172199635814327e+00
1.064903402602350946e+00
1.056507648518466791e+00
1.026480562857962964e+00
1.079467138992540542e+00
1.083680826359083804e+00
1.007334759125609658e+00
1.027644756698691486e+00
1.040374059033775112e+00
1.056786027910116221e+00
1.001129422410748315e+00
1.028234722836032899e+00
1.023473669388833329e+00
1.060782010839346423e+00
1.084790341324110008e+00
1.093667149462183019e+00
1.021583868090529368e+00
1.063068218910727447e+00
1.021058838251813317e+00
1.053880983316971776e+00
1.018921340944685117e+00
1.041115884214403708e+00
1.018120659035596898e+00
1.023988285763577588e+00
1.069047595597869105e+00
1.033863985714376099e+00
1.052098355409017527e+00
1.086507183187965575e+00
1.068601717370965654e+00
1.046419593292711836e+00
1.076220685618054507e+00
1.013363819768161367e+00
1.092354822364669520e+00
1.029220722359983853e+00
1.009437244553180291e+00
1.099596274339333490e+00
1.013814936179884052e+00
1.023867496021016343e+00
1.090900132087915475e+00
1.029120604291285934e+00
1.065746183768458755e+00
1.049976056512440081e+00
1.076759450560066389e+00
1.033462320263444312e+00
1.075499823748805595e+00
1.049807232409547542e+00
1.043155358771600039e+00
1.087157320232592594e+00
1.024942358027105316e+00
1.076978073623557242e+00
1.074469655830758485e+00
1.034634651830879326e+00
1.019257311472917316e+00
1.054302387199353985e+00
1.023282440144094307e+00
1.037029722088682382e+00
1.039193727603874517e+00
1.084126631338534485e+00
1.011696423631767816e+00
1.032095467856442239e+00
1.078086364938720010e+00
1.061377783900450122e+00
1.077174092824811025e+00
1.068196909509268266e+00
1.039347109177448658e+00
1.094529990634006245e+00
1.086506282629804421e+00
1.056382738622797746e+00
1.005735230539087643e+00
1.000401566008497056e+00
1.078411805763336950e+00
1.085882963538765678e+00
1.082399803881181954e+00
1.012528255134580224e+00
1.006278172970452855e+00
1.073159316744782821e+00
1.075864679224336928e+00
1.040297554002780345e+00
1.026676807046053463e+00
1.008575675005021877e+00
1.059026318588670357e+00
1.075144886277171086e+00
1.000737603039705048e+00
1.082697830591413002e+00
1.068776787361689795e+00
1.063534097045227167e+00
1.068447537517225543e+00
1.071904715801280439e+00
1.002721564172677216e+00
1.068090290026035172e+00
1.020680668788097156e+00
1.087515761393208713e+00
1.031502214213599000e+00
1.010411656193749064e+00
1.063679406677530359e+00
1.008959827060193160e+00
1.032973721651562204e+00
1.093370306217066767e+00
1.097575200388335226e+00
1.088732111785069678e+00
1.010420002889740765e+00
1.011894555355927983e+00
1.087116731852828977e+00
1.098645493325096201e+00
1.068417060177918154e+00
1.047303408315299000e+00
1.053585234858761988e+00
1.025188010590293075e+00
1.097476676219725444e+00
1.085614650426699690e+00
1.057452629176506731e+00
1.025886003469240304e+00
1.052910619825214278e+00
1.089198656292148293e+00
1.031514725238045660e+00
1.053343346786864254e+00
1.018166788213463736e+00
1.043599821674594752e+00
1.077765813567501674e+00
1.053768648496745453e+00
1.023441163426230371e+00
1.038109022006778570e+00
1.090430476601529364e+00
1.041633472995970866e+00
1.081826870878268121e+00
1.004641173509007945e+00
1.005754719192860636e+00
1.093276682640978992e+00
1.013309133950158980e+00
1.001888354218800403e+00
1.080286851203961618e+00
1.043157821115598516e+00
1.081145853556245928e+00
1.072276923552162753e+00
1.040427649324235260e+00
1.058762175974401254e+00
1.052671412515818306e+00
1.067590921290390904e+00
1.001119640440368164e+00
1.033016198051114998e+00
1.091363498340595539e+00
1.037758551110441019e+00
1.083067933207983335e+00
1.085072328862096702e+00
1.030603369701136307e+00
1.074049673417190265e+00
1.092254498960164355e+00
1.065485421923459741e+00
1.004735804491825313e+00
1.056583678230382572e+00
1.060939456779793177e+00
