8.080372457097602379e-02
7.665877098911536014e-02
4.612984745520205820e-02
9.681123444486790242e-02
8.450124450451780567e-02
5.721904106854470984e-02
4.033268152771871118e-02
2.845885016825057054e-02
5.559837441283681236e-02
5.668187820489406503e-02
1.174916173416191631e-02
1.498076707325357235e-02
1.885710271621335657e-02
9.749914190045072537e-02
6.616252228083320530e-02
8.941038476812765423e-02
4.655829842455756762e-02
9.311085024731633603e-03
3.102636195902251995e-02
-1.239061714556494338e-02
8.582534534812194527e-02
-7.396677538659445980e-03
5.146020221234097469e-02
9.142659597409182048e-02
2.800334869992672157e-02
5.926579147836767703e-02
8.201991158973100104e-02
4.749362354442282497e-02
4.517934847766257034e-02
3.863006447505634711e-02
6.296558766316348588e-02
8.331042450480770356e-02
4.919530257569586229e-02
3.046216017451267022e-03
5.522890024297506806e-02
1.493247480349568432e-02
-2.217431019239414491e-04
7.996911567816172850e-02
2.095123932819733040e-02
7.124447707124033358e-02
-1.135612224040765533e-02
-9.856348971001653234e-03
7.985242763360615725e-02
7.719775999097429342e-02
2.236964675979809594e-02
2.852561626187470958e-02
2.188813448924707694e-03
3.091133479952449040e-02
3.137047893435648827e-03
6.033169266598158165e-03
4.465822974712183729e-03
9.035513780128426320e-02
6.030946273305113486e-03
4.749899330455985280e-02
4.249614350191485701e-02
6.155025401548762376e-02
8.518792939385516627e-02
1.771465998517144161e-02
8.453456711055522266e-02
-1.669216731613391153e-02
8.441162019299718045e-02
6.708384272538078785e-02
1.002337616188698002e-02
6.433272422576452598e-02
6.508957381517249674e-02
1.579367380426729625e-02
4.778920488449515946e-02
3.547156762668285390e-03
-1.318821308858006414e-03
5.180960630036250680e-02
2.224140146152527378e-02
3.753775267397269078e-02
2.048061792948056500e-02
6.539387696301371400e-03
5.902510828293569545e-02
5.945565629315471834e-02
5.777387680994634789e-02
2.271097989975346190e-02
-1.917657961139992637e-02
1.008787381093452853e-02
9.526572725917817341e-02
-7.909991551099948559e-05
8.635658663611565922e-02
1.295112502497719822e-02
8.142682356568584079e-02
4.848383720990671192e-03
-6.465193077497197183e-04
4.931778437175197982e-02
-1.747214667018051962e-02
5.667533068435599841e-03
1.860115248174864719e-02
2.810529966134604415e-02
3.397570733624379058e-02
4.024902811873998232e-02
4.328785561437818036e-03
3.008432649160993830e-02
2.340267199408443619e-02
8.847005066632467052e-02
-1.196111300102888075e-02
3.212325758507848794e-04
8.563487146024308105e-02
7.933456452268135284e-02
4.303198822391278433e-02
3.769890505561979133e-02
-1.974324735815776583e-02
7.440086178042998322e-02
1.454116662083891273e-02
1.204216647797776499e-02
9.593519640948310057e-02
3.092069885623230027e-02
7.311954215540099333e-02
-9.420966986225765352e-03
6.999052566340828452e-02
5.401965701813035703e-02
3.684645623666223113e-02
4.772345047690411401e-03
-1.895782958820407121e-03
4.191146615762180588e-03
1.628682519375385454e-02
5.411813851680326304e-02
9.689279409618023475e-02
9.812937564383801547e-02
1.930300733833786517e-02
9.564563397736655648e-02
9.565005838265666638e-02
7.838395878215508039e-02
3.593393168914271740e-03
8.896476036908981810e-02
1.024692461523381976e-02
3.828498866780614962e-02
-1.066101976413304578e-02
5.137747876949580461e-03
-1.810687242784048481e-02
1.719428696469028559e-02
6.951378933320236098e-02
4.918656955117674257e-02
4.567697418505022033e-02
-1.728878060891795090e-02
7.290020840237164401e-02
4.067507601632097680e-02
6.344463824843553368e-02
6.254650392602841003e-02
3.330488155043333232e-02
6.245518523895571272e-02
9.375769695129335113e-02
2.095418248784140791e-03
3.691070474341351382e-02
5.364615803496690372e-02
6.945817517029287402e-02
5.045018616258580002e-02
6.669510654698840302e-02
1.563707032744226025e-02
-6.943208852318617785e-03
-1.871033511190833831e-02
6.908265234151707290e-02
3.822755135451644248e-02
2.077117831640583681e-02
3.876245471479451699e-02
4.529616199643465846e-02
8.434791189088043650e-02
-9.952670213642331523e-03
-7.605575933906630684e-03
-3.650856123746510501e-03
-8.824440706190999142e-03
2.549801622252732825e-04
-1.762722752587422143e-02
-1.179994897487235406e-02
4.120694119741614980e-02
-1.521048722038477810e-02
2.985182153118716777e-02
-4.291496996921460860e-03
5.078331716297040943e-03
8.441148557860793378e-02
4.998228011406334603e-02
6.709104282729758117e-02
4.735796879980844198e-02
2.422780418901218646e-03
6.122641316440485815e-02
8.503670714127975483e-02
9.557573823105873501e-02
8.981984993337963075e-02
8.931706544922679569e-02
2.913529527170806779e-02
-5.465354459169291523e-03
3.103924333910621294e-02
2.498921639205094539e-02
6.656837812343260885e-02
4.634362528140499593e-02
4.682545261667600545e-02
1.849180394696950738e-02
-1.432352257149441602e-02
9.652028540042478788e-02
5.781475783927617074e-02
6.822211054810739528e-02
9.844880552348600489e-02
8.981520074030426015e-02
9.365691856503953472e-02
2.945893666849766154e-02
2.245845340151330846e-02
-8.062539501276142634e-03
3.634440974785217715e-02
9.712997588179218128e-03
4.353874266322180220e-03
6.987363594862731897e-03
8.211501690261693853e-02
8.872263246449750562e-02
5.712213840844858337e-02
7.212435635484720775e-02
-1.436464167996988686e-02
-9.732523426442254641e-03
2.532649538069161113e-02
-1.949042030987047786e-03
4.720526781689757256e-02
7.440671363954255713e-02
1.581202579853439871e-03
5.704847427970459461e-02
3.095460730917929185e-02
-7.411091838558390987e-03
7.873209536872750186e-03
2.028291305428559302e-02
8.936674283708723188e-02
-1.799256460378268266e-02
2.170461370110135860e-02
2.962745280961550168e-02
-1.339559402725947618e-02
1.230625517787339515e-02
1.989020548694212312e-02
2.999342128630339346e-02
7.452441930015073213e-02
1.002305919315289034e-02
3.149898840183830429e-02
8.000907699742700052e-02
9.911824556875903358e-02
-3.214913683046525389e-03
1.244480351248998182e-02
-1.328242579320042596e-02
5.125842797300053655e-02
5.685662513775628646e-02
4.332104474116681148e-02
2.165870456133827185e-02
5.328300993988563383e-02
2.211414525900699812e-03
2.736750264499751562e-04
6.737334302881727022e-02
6.432877766289475663e-02
2.601261542674910762e-02
6.003539484892900235e-02
5.668181817854452131e-02
8.637630866263647234e-02
2.401556776193728912e-02
-1.765663180522326903e-03
2.286272119333662353e-02
2.477133899917315432e-02
-1.401826237077572444e-02
9.975773747387234325e-02
-6.865327119528412403e-03
-1.954082181261121431e-02
8.627005481273788967e-02
6.962863908009238323e-02
5.537112558710224203e-03
1.573434506569415872e-02
3.389454699060172327e-02
-1.114252672324213267e-02
-3.879892088410712148e-03
1.758555431831546403e-02
1.222374928059316232e-02
2.164881948578167847e-03
2.901627521089286330e-02
9.384850241181048880e-02
-1.887396789208347844e-02
8.126798301644021227e-02
8.658324026396230222e-02
8.716863091473919800e-02
1.685253142663165407e-02
2.222728828531752091e-02
4.865354769382308764e-02
4.783505459122754100e-03
1.518463685041674185e-02
9.846281951261097454e-02
3.664986815035817247e-02
4.038948275596386528e-03
4.059215581790777405e-02
7.669396307081868813e-03
-1.037350515311072884e-02
4.521309324624939174e-03
3.414240769180298951e-02
6.887421173592088441e-02
3.203950810989486531e-02
1.055873802939479023e-02
4.289302404881242814e-02
3.790404906342442759e-02
3.170539471412471555e-02
7.238129299270441852e-02
4.300659068762542614e-02
9.093646584991404991e-02
8.434237492019996951e-02
3.488670149443301449e-02
9.811498534824633633e-02
7.419217339878969586e-02
1.261928149757903309e-02
3.329104538309884953e-02
3.972802014143726745e-02
-1.490560115206151191e-02
9.034024561077920457e-02
8.662625471580333303e-02
-9.309339149358449028e-03
4.325092568658783776e-02
7.424550458517553686e-02
-1.015138336232481765e-02
3.112351948425823647e-02
8.311878226994133534e-02
5.849557516348712072e-03
8.507914657473190922e-02
1.337045138524596902e-02
-6.058112212488919734e-04
7.379010937525209979e-02
4.784937746151399218e-02
8.195465891054894148e-02
-8.146344421801158045e-03
4.334011458911019021e-02
1.638715859719056325e-02
8.360518519584633768e-02
9.289600547279239229e-02
7.913571759482079804e-02
4.780537295837100631e-02
1.026813332345329066e-02
5.681115865440260204e-02
4.975305845514585434e-02
3.831003438731361843e-02
-2.450015546707269565e-03
5.078640677505381895e-02
8.793949199122766403e-02
-1.218768145294744573e-02
6.879040808893577275e-02
9.120333042247746880e-02
9.366544916973114365e-02
3.963777942130135984e-03
8.010146707167883906e-02
-1.772607120224127530e-02
3.229538660108818848e-03
6.248461354483379748e-02
6.579696494355355418e-02
1.830394163712377106e-02
8.184899902269152094e-02
1.026964761213862778e-02
3.899974870834405083e-03
1.236581182532544773e-02
3.711848838372053261e-02
-1.151263160692692078e-02
5.452447247124314611e-02
7.079908795757311468e-02
-3.177921131620773526e-03
2.348337043430325996e-02
3.753824263873704881e-02
1.996483761961359918e-02
2.789393868096920817e-02
6.970649486203600587e-02
3.401101916166550387e-02
1.414918778597622565e-02
9.603210354953119199e-02
-3.211454656871514518e-03
5.054330176569220290e-02
6.352687925327983598e-02
4.010132767273399956e-02
9.817622992289039285e-02
4.909242243990635801e-02
6.533371919064859257e-02
1.603494204135417003e-02
-1.209112440317265495e-02
-8.004512820880401933e-03
5.424222987749566238e-02
8.205718021994330702e-02
1.752020962211625274e-02
5.621276594095314660e-02
9.076113808551848627e-02
6.620625333080282227e-02
-1.044593728893223467e-02
5.864324029984324671e-02
2.383540857578531416e-02
6.129641868952543510e-03
5.183289322629305862e-02
6.956210553232840266e-02
-3.689998941294646284e-03
6.858597368508255465e-02
1.117348113739532328e-02
3.993450074835803998e-02
8.420250395894234019e-02
4.484953256363051477e-02
1.560030265611935321e-02
5.083404525571828814e-03
4.710413583440931085e-03
5.656335570004020208e-02
4.555142299562699171e-02
-1.241966940455740097e-02
3.217260560186466223e-02
3.042728340079333890e-02
-4.356664430876521638e-03
3.554133763602193574e-02
3.974633145096230502e-02
5.414469312558531366e-02
4.030895242270429030e-03
1.966972088274697092e-02
1.946394586943501342e-03
9.839812968589770059e-02
1.631213595361931043e-02
1.366467901879142230e-02
1.863914448838464508e-02
1.737127273410124864e-02
5.771172186220817346e-02
3.237203974850981492e-02
9.224504763084073744e-02
4.159870322174068213e-02
-3.174211937832085995e-03
6.533777769905262101e-02
7.904363430770063037e-02
4.170871058190933622e-02
9.113748309010233362e-02
3.127092569791917187e-02
9.850003172182943134e-02
-1.479103651156889535e-02
9.942700232892746903e-02
9.808226753199407455e-02
-1.640263810350740467e-02
-1.354006242843446700e-02
6.395844640987341512e-02
-1.707666790146762648e-02
8.764056240088674565e-02
9.986521297537487296e-02
2.083209541058269818e-02
7.982824980623630384e-02
6.190798647527211152e-02
8.649457529638801545e-02
-1.137031319317013608e-02
7.043386426539229028e-02
7.774734566480594189e-02
-6.733222339750932761e-03
-4.003638977683146583e-03
1.578892000462311582e-02
1.555481446838159407e-02
9.745059364352065545e-02
8.727065847452912528e-02
9.559852434406494737e-02
1.882140562628912758e-02
3.725604017806381785e-02
2.905954175367314943e-02
2.072210807362617410e-02
-4.987801694314715137e-03
8.900969666418434567e-02
6.342737955245930648e-02
3.088552464139352957e-02
9.003350697398074254e-02
6.043319911942438005e-02
1.421771486091072748e-02
3.848399650676327666e-02
-4.980537720314422850e-03
7.499276222062495334e-02
7.303165536703197513e-02
8.994592222709426460e-03
-1.451227589127706760e-02
6.745484124611393628e-02
-1.842482365136884417e-02
-1.845826055004162053e-02
4.301800350467229611e-03
8.486884289964163886e-02
-1.246174212342044708e-02
6.963072110204202025e-02
-1.115850070287369676e-02
3.748928404531861464e-03
7.236942322949954653e-02
1.222553944779327870e-02
7.878922061657969711e-02
4.042330542706827623e-02
1.519855001572042660e-02
6.170171232493097679e-02
4.726826512540799330e-02
1.562721948758729121e-02
1.699766017023048026e-04
8.691431360423866603e-02
-3.356477694144526652e-03
1.661921499826326046e-02
4.809019508967134204e-02
2.447101468148416351e-02
3.844558570554366950e-02
2.232761165887949331e-02
4.645167207608730253e-02
2.933460333312179827e-02
-1.352916593094309269e-02
6.249178217036417682e-02
3.183305712543138544e-02
3.518364704970929069e-02
-8.832831624112778141e-03
5.424714703514126046e-02
8.111430651184910190e-02
6.411768018223383547e-02
3.752952214358810934e-02
4.639813403389482505e-02
3.868314619860857562e-02
1.440156040986395949e-02
3.217256655554820433e-02
2.261345597108785008e-02
-1.877886063718576040e-02
7.675098505829716644e-03
9.550291285909362493e-02
-8.868057845749163781e-04
-9.458692410176409646e-03
5.107660223810212008e-02
6.199876008333408961e-02
9.478439993871805302e-02
3.682496722401533418e-02
4.153668539766842971e-02
7.826038524554956854e-02
7.855052039413674969e-02
5.053175003359397510e-02
6.064628240226878353e-02
4.177304312088445104e-02
6.461369488944801454e-02
-1.078159553391469863e-02
-6.462863731230042777e-03
3.951756619865413878e-02
-4.159123878122100021e-03
2.317271496371229103e-02
7.818084515492094988e-02
6.129792858603501371e-02
6.968106918795458071e-04
5.473238655876514619e-03
2.603067733312158447e-02
8.369725507890792005e-02
7.381986689734917895e-02
8.083631832421775409e-02
4.978838115077008353e-02
6.079511217763254594e-02
8.256070307385079965e-02
6.861159266771732490e-02
8.140311423976256955e-02
1.553920300083146133e-03
7.479621512668402361e-02
-3.991360325134085674e-03
8.262470477100831989e-02
-7.254986758801700020e-03
3.613085300029780789e-02
9.864259826648123786e-02
4.824754146420216772e-02
6.270287007956340530e-02
8.784798253597762840e-02
9.211152224165171376e-02
3.840230835120829467e-02
7.312824499754896901e-02
9.071393211309246307e-02
7.265336315135445533e-02
-9.685444469662404104e-03
-1.582405059369917238e-02
9.004305901632400633e-02
3.921091327509673707e-03
1.304483635743027350e-02
4.349422238696223908e-02
2.888701790529869459e-02
6.358109059154308518e-02
3.067385654390727967e-03
5.138221418625779635e-02
-1.115773572050521995e-02
6.258959593431097368e-02
-1.199679231135812423e-02
1.248032872731317383e-03
9.191359727172809801e-02
8.606201529234201730e-02
7.267625048246012520e-02
3.778064418881828257e-02
-1.674445548716222559e-02
1.158016581944887671e-02
2.762974087208787746e-02
1.715732827362380017e-02
4.947925461078399312e-02
9.529527063161531697e-02
-1.862252165535618204e-02
6.352423339593449986e-03
6.751986707194815307e-02
2.416221418237394711e-02
2.200728312362933495e-02
-3.185474509270147525e-03
2.120939362943724885e-02
3.198911895213657486e-02
8.712640573494052909e-02
9.518810260117903377e-02
5.832892877513699836e-02
3.188460791114235138e-02
2.067962860359249047e-02
1.915044347512395370e-02
2.783714053565126620e-02
8.626977891609986793e-02
2.849416259011657362e-02
8.260524655331524801e-02
4.168815130840076988e-02
7.079462595513862089e-02
-1.454011219338117306e-02
2.970980330134441114e-02
6.971185622745915134e-04
1.272331715781192807e-03
7.976587132277661307e-02
1.630595045784179534e-02
2.705755790020369575e-02
2.553042297977035566e-02
8.413580791514656265e-02
5.778698963991930893e-02
2.862272689329386707e-02
-3.295108633098696449e-04
8.773680183940850419e-02
6.617364524410422610e-02
8.229403943037504054e-02
-1.253357458109970179e-02
-1.730462215133960965e-02
5.895564194210234366e-02
4.078357575449655104e-02
2.105368453543367616e-02
-1.407051911985098686e-02
3.563581355375784049e-03
6.090175719008281141e-02
5.275137484783104513e-02
5.629186390368548509e-02
-7.051573267530839711e-03
1.143783074223465521e-02
-1.019141665680943498e-02
1.946478269695004967e-02
9.544735158780208450e-02
-1.106166300054465743e-02
-9.466322505025511966e-03
1.326873352696558706e-03
-9.097973560804648030e-03
-1.893437870250872304e-02
4.670201936776106899e-02
7.396913430659629585e-02
-4.476339024438245884e-03
9.306089766436236033e-02
8.619878739895717179e-02
7.821446372623427901e-02
1.172332405065617048e-02
1.420748269833841879e-02
6.732206671023899247e-02
-8.619573896454259948e-03
-1.990229162021534687e-02
4.655218858345745725e-02
-1.424630237331632639e-02
2.349054229348114184e-02
-1.705343959430384929e-02
3.789236525906111708e-02
4.227634791508912138e-02
-1.732426968852897667e-02
7.861053825185863875e-02
-5.021280926146415996e-03
4.809418270225700176e-02
4.556342210198791043e-02
9.471182692062314612e-02
8.326063572968368798e-03
3.297238596005226674e-02
7.705151522368682004e-02
5.996930549528947663e-02
-6.328996202399185880e-03
9.251609018609691093e-02
2.561767301360807700e-02
1.003869522966099881e-02
1.976151689099132566e-02
3.711258172327971949e-02
-1.822197712725415197e-02
1.223806655987102338e-03
7.391469936674258112e-02
3.416886449298196793e-02
7.793557801204016589e-02
2.940266627972352650e-02
3.306971654268134331e-02
-1.502722964475016951e-02
-1.817720444890131085e-02
5.004356305523385839e-02
-1.857048747270442779e-02
4.736429070561022636e-02
7.382713464356202571e-02
7.724490569311889820e-02
1.747989445948960538e-02
1.374786543977173439e-02
7.531410300166943572e-02
3.948337912375962655e-03
8.105065470590973320e-02
8.467258062603368052e-02
8.128055311975496133e-02
-1.477509854305047651e-02
1.181217178834352913e-02
1.393299610398714486e-02
-1.172202597157570927e-02
-1.855189323053543782e-02
8.289805614307914350e-03
6.486503312491503914e-02
3.605439302430459014e-02
8.609386896397144828e-02
5.497166220181391727e-02
6.880191974057875415e-02
9.105951969444715799e-02
2.510163542757893815e-02
-7.168422680638556616e-03
8.903978906246208525e-02
5.348718410288157143e-02
8.303293343812183369e-03
3.808150876277030528e-02
8.073306038620161468e-03
3.323485676446670534e-04
2.998510382369038232e-02
7.932425790273053834e-02
-1.582200014571856495e-04
-1.394150052386710845e-02
1.602001763945464646e-03
8.822840951242405527e-02
3.535277582673475305e-04
4.182068820824330624e-02
-1.118124114045211843e-02
7.367515188823975381e-02
-1.935959070042405153e-02
5.533795125786272751e-02
5.361118787987818879e-03
-6.862761515414400604e-03
2.100999736657942554e-02
8.463891079219867941e-04
7.123082492999885384e-02
9.884286758373905801e-02
6.917501852717790334e-02
-2.123243275482467052e-03
8.711669442606220781e-02
3.017907761331399888e-02
7.709183190245753881e-02
5.556210476290451838e-02
4.654527041752219707e-02
3.790284227231881242e-02
6.513666480013421967e-02
1.112301886185281669e-02
-1.756822652395580858e-02
4.277918187082632717e-03
5.006089491574987338e-02
-4.265221957781163004e-03
6.524738186218287384e-02
7.788697665110778934e-02
2.345731022114728656e-02
4.277391158161261697e-02
8.216804510685507545e-02
6.766828381770777223e-03
9.163408468755865344e-03
1.719825060558738752e-02
6.992358853783896266e-02
2.116484480213920091e-02
4.530867680142977583e-02
-1.952399983523806296e-02
8.586409168434309958e-02
1.656491229183753786e-02
2.094945966828350506e-02
-6.736920305218246918e-04
8.566806592897648065e-02
-1.193988464882275898e-02
6.647816779907810003e-02
-1.415345929940345360e-02
2.043467506335320052e-02
9.570048145235768300e-02
7.997201778644956460e-02
8.069423069118523972e-02
8.827168776190789934e-02
8.532907943004919282e-02
4.099647810686643523e-02
1.289337482485007277e-02
6.195738807542279514e-02
-1.470006253312903209e-02
4.460299154229079022e-02
-1.618980813455137002e-02
2.037201410736626597e-02
5.702166594357889473e-02
-6.111875451182448293e-04
1.174476379394699330e-02
6.141247241086132680e-02
5.690031343828796939e-03
4.562201883306719885e-02
9.111384966214645942e-02
8.139958874493419261e-02
-1.822064140469162319e-02
8.358125240735371497e-02
4.305427953043063083e-02
3.922786265480923684e-02
3.888174077849061716e-02
3.292788426450563022e-02
-1.179756060547815059e-02
1.790994467006818899e-02
6.658998623594709898e-02
6.448283851729666449e-02
-1.562856882883269238e-02
9.024038802746721377e-02
-1.048051858190278927e-02
3.569967417916099228e-02
2.146060801896753842e-02
4.124913096088633768e-02
5.520308070694748825e-02
7.780161828066652074e-02
3.440249277081450230e-02
6.629820451077897414e-02
9.435254854697401605e-02
3.085071613732167511e-03
4.140833399913840251e-02
2.544055733079229192e-03
9.334865766572567058e-02
1.023820984858678923e-03
8.825393074926676795e-02
1.703985598387518230e-03
3.701395364733070514e-02
-1.771916041132109640e-02
7.359640395820636616e-02
9.225942978278363349e-02
1.568266486845076510e-02
7.683591443322056180e-02
5.434904097855085270e-02
3.342132301509628811e-02
-1.935679913223786741e-02
2.595340568230272357e-02
1.920517570915574249e-02
1.569019891673540182e-02
3.025335899056862468e-02
4.381053631638598400e-03
2.187423762762100501e-02
5.026357651510156288e-02
8.840401238265614692e-02
6.544479229953002741e-02
-1.566021052011327269e-02
-5.971943524597338182e-03
4.560004622867706858e-02
1.747775994696188981e-02
5.876524431601391762e-02
-1.720330023309896497e-02
-5.524662474666840184e-04
5.869974771585857731e-02
2.339921982839155909e-02
-7.095651002600495902e-03
6.242473393810245297e-02
-1.633676428539105815e-02
6.566874776344167053e-02
5.923651596337844993e-02
3.029398195418439230e-02
4.211260479743117457e-02
8.934100607906558800e-02
8.087575138570164690e-02
4.542171288718796496e-02
7.539561214151817292e-02
-1.331241368598258014e-02
9.179284051989695936e-02
1.440581607940617445e-02
5.788992630828559971e-02
-1.190202596360273417e-02
1.831068785142664357e-03
9.225281088044096078e-02
5.494147793458301066e-02
2.801183446435491844e-02
8.635125943782787084e-02
4.310012612184828396e-02
2.796040203017657877e-03
9.873944781424488781e-02
9.561105532712757538e-02
5.937619951239554716e-02
9.512117490692932609e-02
7.186692588025322959e-02
-1.649481184964798897e-02
9.202909795520888836e-02
4.698194215707564292e-02
1.991621184133648623e-02
6.196989265359609256e-02
-9.182489217516355898e-03
4.961404957402980320e-02
5.571440076076263070e-02
9.284855613800958862e-02
8.816426662125310953e-02
8.003895939791746961e-02
6.576006762042349574e-02
2.659929203899987285e-02
2.286858380894105439e-02
-5.693029639733370936e-03
6.309931833744676644e-02
-9.792983831161429509e-04
8.823615545390520176e-02
-1.531976348102740207e-02
8.745056821193350483e-03
9.245039474130418988e-02
2.133978581039267311e-02
5.015222323756493572e-02
2.137831994351616430e-02
4.288069782607636937e-02
6.677490475586859986e-02
8.863255864867188721e-03
2.142744873778382533e-02
-1.369122834541006833e-02
1.589582687614811071e-02
5.870736190554867728e-02
4.914261857669116607e-02
8.154740159760406892e-02
-4.725993572764845482e-03
6.432567634948162250e-02
1.994316243396125968e-02
-9.554184561590428962e-03
4.062786127722300966e-02
4.676776721305055118e-02
6.171022377630813738e-02
4.037823560609520024e-03
7.134532172387209048e-02
-1.022646101878990112e-02
4.079418823510203018e-02
6.456903230202676314e-04
8.853708570861870686e-02
3.597272987286515011e-02
3.149958071930059056e-02
4.729196561078298500e-02
8.870669006339329532e-02
-6.267743387778267061e-03
1.857563536471925833e-02
5.612362129364688312e-02
7.734000458490142282e-02
5.181343824943435150e-02
1.017813635263240674e-03
-7.037373333657892527e-04
9.451448995338231074e-02
7.705767388815004670e-02
2.596150335821385477e-02
5.404867894988546473e-02
6.814604331764231859e-02
-1.156145454637119881e-02
1.604494098959613826e-02
1.649301176155856460e-02
-1.912962999337519676e-03
7.403762648423924120e-02
6.906321837761847382e-02
-4.813731358192394061e-03
2.104323865233439020e-02
4.451757135614821392e-02
2.948182568153906447e-03
2.369492026859992481e-02
8.007922620099813815e-02
-1.780650983163689638e-02
6.077896383981643003e-02
2.075535474326986249e-02
-8.582927443015376731e-03
1.893283300633187907e-02
2.148304936095013842e-02
8.751535245853778178e-02
6.205544921866291974e-02
5.911345923688170190e-02
1.290398232236314099e-02
-3.487682561383851493e-03
5.828229957002689643e-04
9.894361722198384557e-02
8.387368583350825191e-03
6.496506346594550785e-04
7.024811721280926902e-02
-1.706243139020375069e-02
6.976591198057538468e-02
9.843177095194267923e-02
6.484751076353727217e-02
6.975798879085816362e-02
-6.127835684390688098e-04
2.409864578500646795e-02
5.556534421488069919e-02
6.897440915312180731e-02
2.871639534616635472e-02
1.819936365306779394e-02
4.012242713738227440e-02
-1.244369873875425525e-02
7.734164602935390820e-02
6.938980522280278895e-02
1.270139419376831863e-03
-1.056686826146230156e-02
9.013738138211059570e-02
-1.634141262403974657e-02
7.426903971549976557e-02
1.387457559334825605e-02
3.945235760123881608e-02
7.342189185804649798e-02
6.985381318768746350e-02
8.758467889509380377e-02
7.759182338693508540e-02
7.348349920144459091e-02
8.494937383441344969e-02
2.929669676483044258e-02
8.453911728342707044e-03
9.352367658174116916e-02
5.435635971599039884e-02
9.902563204174071043e-02
1.006028683573578428e-02
8.025492644976915668e-02
6.170552941490856785e-03
5.567416004372607863e-02
7.726405163112563812e-02
9.441383334185193821e-02
-1.985274379559651831e-02
5.299114493882114973e-02
8.361354168120210817e-02
4.304212399886961360e-02
8.311681433075215897e-02
3.361531322177556402e-03
-5.834732796622516676e-03
9.575464315108475621e-02
9.211191583607315769e-03
1.287485870920229356e-02
4.248162711331507357e-02
6.844285102611998017e-02
4.718545266609787403e-02
