1.091093491967196405e+00
1.060327696423627009e+00
1.004889803396235237e+00
1.088629790773019579e+00
1.089744776345988431e+00
1.082416138583149667e+00
1.063174479135269301e+00
1.062793967371687520e+00
1.000218135096712979e+00
1.091603656718604709e+00
1.024554149051502661e+00
1.007995090146900363e+00
1.044072763726095143e+00
1.085251202204401633e+00
1.059427502892754669e+00
1.000953406719634842e+00
1.011372335577377823e+00
1.039297247868230745e+00
1.041515835233584264e+00
1.060157005829068355e+00
1.083865794801653681e+00
1.053003378858477612e+00
1.007811565869087378e+00
1.045773419006593929e+00
1.079636825392830346e+00
1.046832479272962857e+00
1.003233868506245186e+00
1.046264284344251561e+00
1.077338791280956887e+00
1.013803281625198505e+00
1.022562046088010490e+00
1.068582422858217917e+00
1.054662072031498754e+00
1.026053671351658814e+00
1.014174189941363879e+00
1.068427357360754115e+00
1.010656195260062784e+00
1.061397347123776980e+00
1.092209097866827516e+00
1.060223748573732028e+00
1.028627700693530045e+00
1.089131578393043087e+00
1.093593758646472569e+00
1.049369130115338056e+00
1.049288727491753725e+00
1.055806273824905439e+00
1.018005058098751858e+00
1.022415092547849014e+00
1.067254822259519953e+00
1.081600683404984720e+00
1.041806329155407607e+00
1.065097056561118194e+00
1.092095877130704329e+00
1.051384071549418708e+00
1.021863108753759075e+00
1.058498260602499741e+00
1.021197343838790683e+00
1.081631958760692624e+00
1.019933451276894054e+00
1.053842503084098547e+00
1.080320703525872839e+00
1.003720739089818181e+00
1.040701101815003415e+00
1.052919062410009987e+00
1.019249713661369183e+00
1.036137127442888550e+00
1.029645557391811073e+00
1.018594408144277264e+00
1.075910745188673134e+00
1.024186860264088450e+00
1.083898062628572578e+00
1.036820495842910139e+00
1.065987007325386537e+00
1.020588814247169296e+00
1.077339578625305716e+00
1.011342052652765222e+00
1.037182015485651032e+00
1.054076953342624634e+00
1.033571647168882723e+00
1.071902660370988247e+00
1.054144637720053845e+00
1.011765613833718991e+00
1.021753864622300112e+00
1.054068847531024700e+00
1.047957265027877449e+00
1.048227338949282217e+00
1.035489646348649595e+00
1.006931779509503189e+00
1.006372858793023406e+00
1.027930029522071687e+00
1.056177069614662845e+00
1.037749327904159191e+00
1.035826186461467513e+00
1.045436013557368371e+00
1.025217263457881556e+00
1.093588814810102949e+00
1.060137079448590702e+00
1.086651312039366601e+00
1.096965550875260265e+00
1.096788711706689678e+00
1.012180607319151049e+00
1.009870755800676756e+00
1.007919065751676557e+00
1.095951005053469984e+00
1.008654397355768007e+00
1.062953917227732026e+00
1.005593446039294570e+00
1.092116388307334818e+00
1.079137721251005155e+00
1.060984461717265459e+00
1.081775808654651394e+00
1.068231059669455529e+00
1.074066471390049626e+00
1.093396592825361502e+00
1.092611934738372037e+00
1.062431119939971413e+00
1.011443292547907991e+00
1.057093059668765100e+00
1.010666971692817606e+00
1.093326842093008011e+00
1.007789912901881024e+00
1.003537919818865864e+00
1.024620435870070567e+00
1.064845878867904272e+00
1.051404529320119963e+00
1.058930372359403460e+00
1.003934592334196685e+00
1.041962992384497966e+00
1.023880079962764755e+00
1.037007573475284161e+00
1.036767825928169851e+00
1.019083467630796935e+00
1.082586096543783460e+00
1.081965927109814096e+00
1.073826876258661356e+00
1.033131583318688929e+00
1.044969322970216385e+00
1.036518200095657205e+00
1.075312168034401328e+00
1.086903706196284958e+00
1.079144489398409235e+00
1.021307332189355987e+00
1.044232568944842177e+00
1.087070780072551646e+00
1.011522529085451927e+00
1.024331532929431132e+00
1.022734562317530793e+00
1.091994151228856458e+00
1.076781187366171233e+00
1.078507377555831592e+00
1.016720575013107197e+00
1.029727434753521020e+00
1.019139727858094924e+00
1.041469656853845294e+00
1.015382988119929442e+00
1.068756228167625055e+00
1.081480541796426609e+00
1.036247390714581496e+00
1.024098016821609614e+00
1.030628599248456734e+00
1.002705920758228508e+00
1.051740863146264138e+00
1.089677295681932057e+00
1.074876415227467241e+00
1.057389332860196873e+00
1.025215516095322688e+00
1.039226598462273943e+00
1.083758165537191287e+00
1.083596488024786142e+00
1.027179593731573970e+00
1.043393078432917953e+00
1.050793886497587870e+00
1.042140674084072627e+00
1.059586712613793225e+00
1.013608385166018255e+00
1.056489525550301511e+00
1.014190171792015871e+00
1.009164290801450425e+00
1.053621131434814284e+00
1.010108004057069797e+00
1.083911996925012389e+00
1.026428894898086197e+00
1.030245852516541216e+00
1.088720869668141855e+00
1.094780696267982467e+00
1.087446335657739294e+00
1.067578782191226150e+00
1.083887604011471995e+00
1.024763679091918123e+00
1.070199447508613400e+00
1.000515298534542685e+00
1.036047525077666620e+00
1.029647109433914354e+00
1.073436355712578560e+00
1.067380246466116178e+00
1.077311827425320612e+00
1.088929089939263406e+00
1.097126329433097291e+00
1.087278527446631671e+00
1.075891980328802511e+00
1.074024372835966412e+00
1.040378454465521463e+00
1.016113686544326766e+00
1.073095509477588916e+00
1.031572705380244370e+00
1.068830630745468691e+00
1.083558888792639507e+00
1.084564952623120249e+00
1.002304223963959684e+00
1.017993819299827685e+00
1.062346160441256293e+00
1.010495098820712645e+00
1.093373042877091805e+00
1.065115718983958848e+00
1.073589309399672009e+00
1.002205562690746232e+00
1.091667870674878138e+00
1.067167233981909158e+00
1.042483388986432447e+00
1.020472657214531065e+00
1.052513498597399177e+00
1.033722967145205507e+00
1.087779992578960409e+00
1.098895661264199353e+00
1.000398573173519656e+00
1.058454317464332606e+00
1.025146133372414337e+00
1.093118284218454361e+00
1.094074630717977170e+00
1.066887645022013054e+00
1.080660247446105782e+00
1.095929354075085849e+00
1.070356663741502956e+00
1.071748055392382160e+00
1.011508512934520709e+00
1.064754331332392612e+00
1.030834118341989347e+00
1.042894179777369423e+00
1.028261798367358315e+00
1.063568184003975459e+00
1.080687074188420471e+00
1.089339516889619830e+00
1.005334240253078493e+00
1.092135584093326450e+00
1.020541936288914542e+00
1.055694708990434938e+00
1.035259835755919511e+00
1.015470619959074838e+00
1.074146682645372275e+00
1.041912480429812771e+00
1.041112045465072855e+00
1.090442727528443623e+00
1.091636618285573679e+00
1.096955238612574046e+00
1.039046591286455712e+00
1.001534078431332464e+00
1.007607714973196122e+00
1.007018848127912980e+00
1.013206723131250930e+00
1.038597046442790495e+00
1.085418964778104067e+00
1.056445342221883354e+00
1.047138895991762020e+00
1.070351205347522816e+00
1.024828120008006493e+00
1.008884828469437833e+00
1.027651582076053005e+00
1.058585495936005705e+00
1.047543700922267895e+00
1.060396172091859990e+00
1.015843667450673893e+00
1.008093229447775574e+00
1.053206980188674979e+00
1.071947899747003330e+00
1.003165851611481418e+00
1.010829196733322277e+00
1.080895409029350107e+00
1.050168495029700777e+00
1.001047387983553305e+00
1.087810159619146955e+00
1.048733757010655410e+00
1.088902284129126707e+00
1.061014153128148507e+00
1.008573492396324101e+00
1.076257105033983308e+00
1.044363590165367617e+00
1.008647880311579037e+00
1.055289012074576815e+00
1.068563294593932733e+00
1.080980961357976389e+00
1.088919942889837955e+00
1.002016451602219194e+00
1.076099251063544093e+00
1.029366822650323865e+00
1.032688348179673143e+00
1.037924252303604300e+00
1.094125320699491866e+00
1.015860944408450983e+00
1.075531918605764581e+00
1.096527624431980819e+00
1.081590534622002497e+00
1.080158891494997331e+00
1.099907106478275498e+00
1.021286462531839856e+00
1.040987092360612376e+00
1.072820263164504739e+00
1.092625932112748499e+00
1.094588524635266014e+00
1.091138060352306871e+00
1.003186262052260691e+00
1.006710424048499197e+00
1.093746639543130117e+00
1.053820741970107777e+00
1.059397657235407353e+00
1.099910467731512353e+00
1.045675852204002831e+00
1.079504064172629452e+00
1.073939702389765660e+00
1.097115998911236900e+00
1.001266896588621114e+00
1.000758894130595822e+00
1.009817443982790719e+00
1.094368860067113092e+00
1.039391213036843009e+00
1.080239568770709591e+00
1.031293560096585127e+00
1.093910420637323799e+00
1.020901697811566589e+00
1.035510021425149363e+00
1.001403242808239114e+00
1.008766183083881218e+00
1.084639171795754864e+00
1.040104826918334169e+00
1.025362765949657584e+00
1.046699325430589189e+00
1.007138817264867869e+00
1.035948258350969153e+00
1.097353724292021715e+00
1.013420008126207250e+00
1.049641414345561019e+00
1.031727439918132649e+00
1.039035452733239273e+00
1.031175117659922646e+00
1.027500803873574675e+00
1.024534889742008126e+00
1.022006380061009745e+00
1.086912483985648548e+00
1.035171491812516553e+00
1.096003884138169848e+00
1.065775507817514622e+00
1.029209894485065169e+00
1.060039575065415907e+00
1.080144613233772199e+00
1.043820257808146579e+00
1.029148734198553461e+00
1.049078603728109460e+00
1.091809290528188425e+00
1.087332606990873751e+00
1.069125593527357587e+00
1.021966471687354661e+00
1.012646094634451543e+00
1.094246974472911971e+00
1.050352452499736078e+00
1.036367037704645000e+00
1.073664433242823790e+00
1.062173590839354365e+00
1.015847896838032449e+00
1.073768186206224273e+00
1.064076170986135050e+00
1.033075592797544795e+00
1.014529439558403023e+00
1.097989919392484470e+00
1.099316335283950341e+00
1.048390539743339289e+00
1.076836592802467907e+00
1.055783437829969085e+00
1.090151046824169079e+00
1.029167313174305098e+00
1.049904731468481067e+00
1.007699560401960737e+00
1.010754912206120348e+00
1.026395164610283350e+00
1.022124637926015822e+00
1.060310493757434802e+00
1.087866476049003994e+00
1.055488786324159323e+00
1.002222896912382755e+00
1.039036178218132989e+00
1.027625246580502028e+00
1.029300552139394309e+00
1.047216259459261556e+00
1.038560359770672292e+00
1.026472935920259344e+00
1.059487851336528452e+00
1.083782647364945007e+00
1.008895326804574166e+00
1.000109139696182092e+00
1.009949485116682366e+00
1.034410636928829730e+00
1.060898107119262690e+00
1.014352189603231258e+00
1.010391218179155892e+00
1.092279340391814291e+00
1.013929415102495124e+00
1.071567370990518020e+00
1.069859822746010547e+00
1.094692928283607536e+00
1.044503469850072808e+00
1.020514508647989427e+00
1.076584164660855603e+00
1.092756977897193504e+00
1.085618055146170491e+00
1.044689761453119425e+00
1.051803794029529060e+00
1.057895997819013223e+00
1.052185623211456589e+00
1.063637082967986869e+00
1.073868352667125992e+00
1.083908844940678629e+00
1.021952265632981804e+00
1.023776528714930745e+00
1.044775242298391582e+00
1.032506877899511899e+00
1.084570908438327486e+00
1.076471248989032237e+00
1.004632829976735309e+00
1.070063131559000125e+00
1.059836077627765993e+00
1.072620048084662381e+00
1.082247548640106416e+00
1.047886595754306427e+00
1.079788734683067242e+00
1.005332896283719579e+00
1.084016719933254214e+00
1.056552428030539614e+00
1.013474959212423032e+00
1.093541064470891389e+00
1.009511882460016663e+00
1.063943819343145858e+00
1.067430689862880033e+00
1.073943398827666762e+00
1.045501040668512127e+00
1.049142656963898412e+00
1.083448663518861821e+00
1.071586193323306402e+00
1.090273464678624293e+00
1.095968012658832258e+00
1.056598325929743343e+00
1.070179171978874022e+00
1.084480192341482852e+00
1.080319072581500173e+00
1.076357856452833772e+00
1.001433183764461443e+00
1.040674386373594995e+00
1.090293256342345529e+00
1.046429656195910551e+00
1.097173051460208271e+00
1.029951812168501180e+00
1.066628308879125520e+00
1.073928902341998670e+00
1.022376315730349150e+00
1.040351237255631167e+00
1.042311058093362330e+00
1.025719888548927150e+00
1.038179597800784615e+00
1.021578695410878979e+00
1.010742552585915943e+00
1.021156983149041242e+00
1.044319966077702055e+00
1.006886224661116991e+00
1.065018448595635103e+00
1.095245972653262623e+00
1.025232850620953595e+00
1.014232038048882512e+00
1.049027322710129217e+00
1.088264050333592747e+00
1.022598646022044866e+00
1.066366282382994024e+00
1.048544785550089564e+00
1.055387631264838699e+00
1.012854430493788316e+00
1.065126779403324564e+00
1.062729025737799038e+00
1.056737118625518335e+00
1.017257219445725669e+00
1.045686588022032293e+00
1.091933680209025592e+00
1.016162433525624298e+00
1.005297806363583790e+00
1.029180760568835895e+00
1.086956168556042934e+00
1.047565741012847162e+00
1.059650723020567842e+00
1.043277238767096327e+00
1.043473088633688706e+00
1.084229212995762692e+00
1.080245436051873620e+00
1.054821117574176847e+00
1.063724294601204878e+00
1.044397543583539534e+00
1.038478923892402594e+00
1.081166844801944915e+00
1.089953603815724703e+00
1.032540451651132285e+00
1.012054556934097960e+00
1.009153223359721352e+00
1.065869470704332800e+00
1.069730820867917265e+00
1.010988254035111833e+00
1.039556888282491043e+00
1.092064998389120412e+00
1.053397716974910914e+00
1.099668109264217319e+00
1.078853630274221098e+00
1.069198396459040801e+00
1.084192204793058334e+00
1.075221073931450277e+00
1.004587560557033799e+00
1.083207424335258295e+00
1.017195307011553140e+00
1.096388246654360410e+00
1.035215898403024637e+00
1.007842456823250465e+00
1.033885547204312028e+00
1.096208056707064671e+00
1.059337661335647995e+00
1.078363384091389987e+00
1.060181920750258300e+00
1.098505091773580356e+00
1.038800801322976364e+00
1.027406768168188655e+00
1.020356346982792095e+00
1.064058257916984607e+00
1.071874122525895645e+00
1.007336880335427454e+00
1.022106120370149807e+00
1.067753538625809018e+00
1.079500377550899337e+00
1.020451995167297010e+00
1.052532021236806559e+00
1.006243442992668990e+00
1.082955942999320964e+00
1.079605497059316743e+00
1.082561368874944918e+00
1.088620391328908532e+00
1.021214412182886333e+00
1.000541305420190819e+00
1.095979239303242370e+00
1.081251908664345285e+00
1.027210347874689456e+00
1.004213295787574456e+00
1.036967362402958504e+00
1.078251395552142888e+00
1.036555507696030887e+00
1.066256267106552524e+00
1.043992188153970657e+00
1.095817211158679916e+00
1.090645740839006228e+00
1.056444765661184171e+00
1.086029478970752304e+00
1.081703308474457836e+00
1.090161639217135159e+00
1.056724692249333630e+00
1.089524795741577456e+00
1.074218000430838149e+00
1.076856131389543059e+00
1.099680593779456483e+00
1.062890721987528986e+00
1.093073608425967569e+00
1.083014425476575449e+00
1.071914546676894675e+00
1.029741568929483986e+00
1.087920732331659091e+00
1.091278590572519080e+00
1.076626379089370866e+00
1.052908652691730840e+00
1.088831690538770047e+00
1.041706510719764722e+00
1.008571269293867756e+00
1.000196493556956945e+00
1.024823345111861794e+00
1.023136666603850387e+00
1.042692212606046276e+00
1.070044467140462974e+00
1.059413015739145258e+00
1.053706477338716807e+00
1.039240102108895947e+00
1.096615196492276567e+00
1.081776049563534903e+00
1.063938112671202640e+00
1.084795285439332790e+00
1.041687892594295173e+00
1.096404525137640196e+00
1.044826779710799070e+00
1.062574692591240044e+00
1.033975536112888838e+00
1.061953910662694733e+00
1.037364215966100511e+00
1.016796616481184135e+00
1.017436948782583173e+00
1.094842775552881564e+00
1.043240428491590821e+00
1.078770281322821045e+00
1.003965275086194708e+00
1.085952002754640544e+00
1.085695347947389644e+00
1.019778075896903946e+00
1.098773459824799570e+00
1.047375159652357501e+00
1.014030882440820847e+00
1.083876136747640162e+00
1.083444661755595728e+00
1.032615503398442103e+00
1.043670678246766848e+00
1.091828451760233243e+00
1.020175231096695390e+00
1.070880316389095421e+00
1.088904253607890782e+00
1.070269878460205160e+00
1.044097255245544309e+00
1.053222894675400312e+00
1.089359536315979815e+00
1.094550479692358413e+00
1.012674094638016165e+00
1.047944967116442028e+00
1.011166342280541253e+00
1.036268265713249814e+00
1.045284766896033224e+00
1.010920247660007210e+00
1.064632643162122472e+00
1.000470674796066550e+00
1.074925007082141004e+00
1.049648194791526379e+00
1.047533667198712326e+00
1.035103202325739380e+00
1.044084171883075784e+00
1.025798829084843211e+00
1.035088375281160822e+00
1.072032647607183531e+00
1.001329434897696880e+00
1.054615451157852934e+00
1.080983390105929587e+00
1.002917396726602295e+00
1.099594047051059231e+00
1.072603661043939338e+00
1.005654881804527001e+00
1.085854078849042725e+00
1.003804586993490622e+00
1.031997946368330199e+00
1.096811714109797720e+00
1.032531944461814177e+00
1.080164095806523061e+00
1.047814164377502300e+00
1.031181215301061993e+00
1.003900656567481509e+00
1.053424076606073623e+00
1.010739916264162597e+00
1.070847880372959082e+00
1.080271131519859207e+00
1.020008905365388241e+00
1.084771278439166320e+00
1.011336147811338071e+00
1.058781897890786361e+00
1.087288393148875265e+00
1.023243226823915553e+00
1.078887352073293560e+00
1.094279908877979768e+00
1.083309115001653389e+00
1.001991744883671487e+00
1.033945931143491093e+00
1.023438985533592360e+00
1.037784218641175871e+00
1.030148319013090896e+00
1.050868303230661160e+00
1.071416971589425948e+00
1.058632911155649614e+00
1.032552777723275472e+00
1.056959761917878104e+00
1.016228134302605168e+00
1.030524310030532131e+00
1.025818339719898109e+00
1.015885236280287707e+00
1.035656625488579730e+00
1.074220234970650001e+00
1.064840068184771615e+00
1.012533581237602398e+00
1.076994044479357093e+00
1.061649176870839151e+00
1.040493680597317283e+00
1.021056390111005019e+00
1.047888290986097148e+00
1.063129803754196079e+00
1.082688495820528507e+00
1.039448884811154938e+00
1.014663854055380288e+00
1.043441837280717710e+00
1.050954193037875628e+00
1.009588696522781159e+00
1.042542751863150041e+00
1.044369471982799391e+00
1.086657079901018008e+00
1.029458577037261069e+00
1.075012464830845227e+00
1.019685251947265003e+00
1.036865345807714167e+00
1.001342658949629927e+00
1.093714358222370508e+00
1.046521799189338298e+00
1.065768270532031270e+00
1.032564076025887623e+00
1.041566770131168829e+00
1.071854335977526995e+00
1.077515033587078230e+00
1.018633312120134971e+00
1.024743472366975050e+00
1.096859817907075652e+00
1.072365385926793202e+00
1.091235392773922008e+00
1.041779560029647556e+00
1.085143920766654002e+00
1.023098903384990654e+00
1.096063552164173949e+00
1.074377805428153199e+00
1.043612284555938574e+00
1.020032147493669994e+00
1.063587897025615403e+00
1.088306413813316720e+00
1.078027406785688536e+00
1.018730809161049633e+00
1.068744820687505426e+00
1.093661623879591094e+00
1.026123790552026627e+00
1.064214235844406442e+00
1.073438011171248929e+00
1.072911738864013920e+00
1.092908437693363322e+00
1.077233107655403366e+00
1.001431385786297534e+00
1.037507995475453582e+00
1.015084847035827353e+00
1.096544942033062631e+00
1.095663785858305150e+00
1.012591817123088545e+00
1.024520594804129603e+00
1.052358690852449596e+00
1.000122669880895820e+00
1.032666810536480462e+00
1.076956566214439137e+00
1.043778141395893089e+00
1.098738708276747023e+00
1.014463164874469303e+00
1.011728454828201729e+00
1.010985796753816945e+00
1.035424875053524429e+00
1.067984700050946367e+00
1.047859638738088517e+00
1.023246743916247148e+00
1.065274742603777858e+00
1.086915254304181344e+00
1.044196058417917738e+00
1.098205359404369252e+00
1.014164339209795207e+00
1.094003862978688568e+00
1.098462294180801546e+00
1.093693024407774050e+00
1.082767528237428278e+00
1.095012344731310039e+00
1.043147536865351332e+00
1.097113780129504557e+00
1.064846549747470839e+00
1.014421892598478037e+00
1.055927811817698903e+00
1.031662649356653638e+00
1.026316133544980858e+00
1.032117121562860618e+00
1.019866902589305013e+00
1.076996008566971419e+00
1.061181317231786325e+00
1.050595619438278838e+00
1.058548002395727217e+00
1.030206436789044444e+00
1.043467951127646343e+00
1.015478140402046536e+00
1.029382195985408144e+00
1.096942833089247893e+00
1.059985395999438973e+00
1.086495740434423096e+00
1.029084961835966983e+00
1.073052323924385876e+00
1.091921164666110444e+00
1.094252555900311119e+00
1.070823274335361841e+00
1.061022859786473038e+00
1.039752382112354212e+00
1.065808981623594054e+00
1.035089654308929186e+00
1.010972335709968029e+00
1.014049274569103432e+00
1.082109831205663841e+00
1.002117900925721505e+00
1.040078103778340868e+00
1.035623508725867392e+00
1.038121118761747619e+00
1.096166264925869660e+00
1.006027245915692703e+00
1.082901946800505444e+00
1.041365955419946365e+00
1.024412441981992439e+00
1.016393199923605772e+00
1.046694240144911969e+00
1.037269772222922271e+00
1.086968221667927725e+00
1.052422156487685889e+00
1.078386963464422754e+00
1.030148377717608810e+00
1.099387251070893301e+00
1.049777364089301557e+00
1.036006297096699669e+00
1.057728033975566362e+00
1.048294022708873729e+00
1.067252309120773957e+00
1.088762435528754180e+00
1.036349545531148442e+00
1.007124496230674016e+00
1.088982617874115988e+00
1.043941167349355714e+00
1.097785943201099679e+00
1.054186062845490213e+00
1.015875594086643963e+00
1.087451477869614047e+00
1.026694693139820203e+00
1.061182102587878706e+00
1.078794901484118274e+00
1.014818248979795223e+00
1.040303422288871626e+00
1.024851469770615697e+00
1.046412062228527340e+00
1.054440726209865842e+00
1.091769104458208739e+00
1.085140350184770952e+00
1.024543309870273866e+00
1.068839657673126275e+00
1.082852944674419282e+00
1.016478270296676145e+00
1.027082535979112921e+00
1.005733452783756254e+00
1.070302043333160258e+00
1.002441092237301268e+00
1.002074267934879970e+00
1.096796759294599743e+00
1.040528064310924039e+00
1.018513992050438466e+00
1.093419685956302567e+00
1.013001733636127000e+00
1.050771250107881194e+00
1.014196500755136121e+00
1.045621414847498487e+00
1.073878176387236705e+00
1.076671766635792782e+00
1.064322462590509222e+00
1.047929599004672863e+00
1.014852907349137467e+00
1.022990965454248169e+00
1.030943456663676372e+00
1.028963018265637741e+00
1.087169262877138332e+00
1.024179369111750448e+00
1.029450197726232030e+00
1.051717831786153967e+00
1.071474356454006127e+00
1.063751746326892844e+00
1.061240214578587526e+00
1.057900872734388598e+00
1.019341528203658642e+00
1.058538957223715382e+00
1.095388741335637350e+00
1.077462352143427227e+00
1.039208691184883016e+00
1.000363403396394624e+00
1.001699165320402596e+00
1.016588706952122667e+00
1.002569305455980109e+00
1.057667849459805742e+00
1.079614473488698101e+00
1.016270755505616075e+00
1.082508614533417068e+00
1.043056962409898869e+00
1.031892089750849451e+00
1.081813134796253628e+00
1.093701509333696364e+00
1.041551637322603252e+00
1.013444484280305868e+00
1.033306724998857451e+00
1.033270564098004440e+00
1.006565404815030984e+00
1.084178260917051162e+00
1.012873365293319283e+00
1.058283809715433232e+00
1.049529372941999883e+00
1.053191773233793427e+00
1.026490716255858082e+00
1.023901352499104744e+00
1.090751259799271011e+00
1.097634401181092345e+00
1.067278531904083394e+00
1.035025583812319461e+00
1.097676451152166610e+00
1.047480729943523148e+00
1.080353758623492144e+00
1.022864458305694058e+00
1.030482236585717803e+00
1.046644752286886693e+00
1.001840782518653938e+00
1.088646151028567433e+00
1.077836645864199250e+00
1.065334844773272449e+00
1.081465545473490053e+00
1.054523617199654373e+00
1.040148269229086431e+00
1.039484785864040806e+00
1.064795647298748982e+00
1.063190631137419073e+00
1.028532177928756619e+00
1.046522735760184286e+00
1.065973026324060324e+00
1.052651173893666581e+00
1.066061472551719458e+00
1.005485813223379710e+00
1.067221590234754824e+00
1.098068870263426700e+00
1.051356024701451064e+00
1.099688916266784666e+00
1.001859658626768290e+00
1.023304594524610422e+00
1.010433007319379017e+00
1.039028130978869147e+00
1.095736306192985232e+00
1.047505840489020290e+00
1.038771566910349220e+00
1.020986943297168992e+00
1.022663659151791693e+00
1.083523926505984614e+00
1.026649729516828424e+00
1.055240142732023934e+00
1.073965420094786127e+00
1.087726870142336155e+00
1.098945858805826514e+00
1.076311964920501962e+00
1.032191809359645829e+00
1.043698202997224600e+00
1.066737152878351136e+00
1.019982121701017874e+00
1.001530274913858820e+00
1.098352760286952057e+00
1.071598472471176677e+00
1.019234452789576029e+00
1.032666489757436690e+00
1.001281148727462433e+00
1.056190561368788083e+00
1.017117767691954278e+00
1.002405259442002095e+00
1.086655502765534687e+00
1.067699548099070750e+00
1.015981994973076841e+00
1.068430661394653258e+00
1.079189609487345880e+00
1.085987564863396981e+00
1.017535875100892939e+00
1.042836854514288092e+00
1.047908953090237905e+00
1.064388729875886508e+00
1.048835620518735912e+00
1.009890074047091080e+00
1.005662532009902410e+00
1.056355882578155159e+00
1.081172895242697773e+00
1.020999205730660053e+00
1.011319197567205341e+00
1.083071348915997989e+00
1.011040435109745284e+00
1.065400948050960306e+00
1.013694558493734243e+00
1.040341046323804308e+00
1.063256020863785345e+00
1.088691519661852070e+00
1.054154574701249736e+00
1.074895221144470003e+00
1.065796098565041650e+00
1.063777647034335860e+00
1.066574255511742786e+00
1.018877703696274617e+00
1.000331793317721374e+00
1.099490808059388813e+00
1.098917445013021688e+00
1.019802100308166981e+00
1.042630689757715334e+00
1.061300390318972386e+00
1.017918609181852618e+00
1.031861367820809283e+00
1.095878281281847499e+00
