3.297917238069537904e-02
3.439315951934444893e-02
4.646331209206253088e-02
2.827666756224766695e-02
7.079398522385313419e-02
-2.988444138761803953e-03
2.719092127762310837e-02
3.733845418130345845e-03
2.396570520885469083e-02
3.481593586820250219e-02
9.922273754012014835e-03
6.475916702011881576e-02
7.332699405373313550e-02
9.501215658980331769e-02
-1.687324000931747850e-02
1.314178492598850820e-02
2.228139759571146419e-02
5.986904541080056985e-02
1.738358055126372134e-02
4.412401112409229664e-02
3.392607910990523556e-02
-8.508149308102987141e-03
6.081583340153004502e-02
2.657454752017762364e-02
7.043554404084256121e-03
5.457392113999523509e-02
6.295554263830555053e-02
-3.674607711675301897e-03
3.906012810294098858e-02
5.499763879458995086e-02
4.761071073561637390e-02
8.041899021995004004e-02
3.173261467632110255e-02
-8.626400370529875225e-03
3.998593044520215578e-02
1.226568740458282292e-03
3.748387437000982869e-02
5.847922729501402184e-02
9.731012208039871436e-02
1.563728302261883571e-02
-1.875803346542082375e-02
2.280557930766935124e-02
5.557228982524776983e-02
6.560378524792456756e-02
5.172709146922736811e-02
1.024726985576395605e-02
7.190987628473657911e-02
7.944458371445268369e-03
6.406180399040212192e-02
8.778395147492727701e-02
1.128485485337510710e-02
4.226964513088604658e-02
1.489950808263988333e-02
3.607202335709658314e-02
6.364623412663755753e-02
1.902793591869568826e-02
1.875695063710096713e-02
1.260413746284175587e-02
8.283624041972635632e-02
6.715665389589807466e-02
2.033292457225603644e-03
2.411696027880713342e-02
2.400618633241884473e-02
8.938218043371563837e-02
8.251326936802905188e-02
9.673744389507452079e-02
9.830948394937663593e-02
4.451879087851270955e-02
9.096855988249250707e-03
8.896905644553829151e-02
2.598638609287300463e-02
4.367892287180677457e-02
7.168078711430543593e-02
7.188484577114885588e-02
7.420152423650641649e-02
6.987385772038499920e-02
7.751934737127157138e-02
-2.129317592105349488e-03
-7.478678426012554115e-04
6.309296915169335107e-02
5.403574305106904896e-02
7.896129703051155135e-02
9.449010324833997942e-02
7.553415789052631002e-02
9.464012832255566665e-02
-1.587578935385263595e-02
1.584880232634382560e-02
5.801286589315843290e-02
6.724817281293890558e-02
5.988393460525349987e-02
9.504891175853970309e-02
9.137298481740145639e-02
2.045861474339489075e-02
3.816608736433362015e-02
3.959012292970648383e-02
9.286234729277243610e-03
7.022257670587106482e-02
9.107164632126443782e-02
6.738854858667904513e-02
3.968444739664096776e-02
8.446136347220803420e-02
2.840926793877145487e-02
-1.202837593247035181e-02
5.250096189704570038e-02
-1.958010530619269315e-02
5.820052640528376731e-02
3.390452985908022632e-02
6.427236473313009679e-02
5.305153212555531461e-02
8.459988341062067707e-02
3.111431519501354007e-02
7.817384966814566738e-02
-1.295406245052727230e-02
9.115070213320194958e-02
2.496524465251696509e-02
4.391395664284697409e-02
8.042836401845476768e-02
2.416776309518912577e-02
9.261033786444337890e-02
-1.181984347906035911e-02
3.262172741728702752e-02
-7.993755015382396703e-03
4.000630664612481180e-02
-1.303664830541425429e-02
5.585782459567485703e-03
1.328022669270645731e-02
3.024863303083249674e-02
4.159495595368477294e-02
4.768256285978610121e-02
4.769962133844754537e-02
4.325938863745128204e-02
6.787837261713598747e-02
4.116181602609907120e-02
2.938380837186257630e-02
7.678799478715457594e-02
8.348093594167702025e-02
5.697324739771428281e-02
9.986671822619686001e-02
9.325127413831804657e-04
8.399855825702709500e-02
8.139016020135103613e-02
1.572362403761935409e-02
6.737569819608106580e-02
9.690527283353001647e-03
9.864975516637382313e-02
-3.477138221916978994e-03
4.005301033483990580e-02
4.148733975532978291e-02
-1.259420333166997100e-02
4.032397990185858372e-02
8.180582532449716393e-02
8.544957243255563162e-02
-1.347559907558656955e-02
2.126941224275609790e-02
6.763091817334407341e-03
1.185890478573590687e-02
9.445116867670838579e-02
9.458464934431236315e-02
9.830568451639357108e-02
4.290107737109150055e-02
8.537748033706488160e-02
1.559946751484067237e-02
5.555170527484395993e-02
8.608176818126819785e-02
3.301013829703502295e-03
-1.631300046808214707e-02
3.609560702111418162e-02
3.575125702102663339e-02
8.668521674977629210e-02
-9.416666942865633411e-03
3.526892042917176284e-02
1.121740122706836248e-02
3.792504287676741470e-02
9.376704535845059585e-02
4.616322063751651661e-02
5.147642480495054351e-02
5.337123679381605701e-02
2.413721713930225624e-02
8.372509687142391799e-02
1.530697757926499300e-02
6.976406649505532964e-02
1.856371005725080889e-02
8.222309470196646763e-02
-1.594696170334788249e-02
9.094074254060363627e-02
-2.765107443820292304e-03
5.436937761888299692e-02
6.414035345427850088e-02
1.696692845269860694e-03
9.804654366772812268e-02
1.351928813711925428e-02
2.227091208026263022e-02
3.711803748487754739e-02
-5.070048806096049895e-03
1.893638398019031541e-02
3.195181114545998791e-02
-1.875337613858818128e-02
3.262718367008629605e-02
8.438571566500435717e-02
3.370448868872891190e-02
7.518289459185825696e-02
-1.416719578246367767e-03
2.452139487497925416e-02
8.813563093958740047e-02
2.945842075557449438e-02
7.361063782256867249e-02
2.197990137312163042e-02
3.162617293600142321e-02
6.149939205089932637e-02
1.856847354225364330e-02
6.479419744438834339e-02
7.773164294437000243e-02
4.391838395076227974e-02
6.221679594543849667e-02
4.092874354600237186e-02
8.420072806016061506e-02
8.765756182008481445e-02
4.645469032053053948e-02
-1.281500042111347569e-02
9.197762912058368712e-02
5.991858704078330267e-02
7.551218719957414338e-02
9.212289943180068663e-02
1.006281857103040814e-02
2.974601276110818218e-02
6.933052158534666609e-02
6.200644219831757953e-02
2.211401018086738696e-03
-6.995504624505420946e-03
4.662354709434425593e-02
3.888147982730527641e-02
4.126050465123407007e-02
8.099855776571160404e-02
3.096061887494766171e-02
8.719642368486936468e-02
7.718102564356418838e-02
9.508072920123102068e-03
2.991705833176376908e-02
2.698350827867878818e-02
9.323387037349713247e-02
6.822818836297690759e-02
3.424890074673975215e-02
1.179518871514797021e-02
5.899035128667713679e-02
7.843661929740321226e-02
5.510213820722212330e-03
8.325366228540748148e-02
7.326882418748707770e-02
1.070618839716035511e-02
5.276555823867590256e-02
9.344484371237932185e-02
2.938723810486966459e-03
9.535148286548913998e-02
1.787865708037280829e-02
3.676929362415969071e-02
3.005462919011353887e-02
2.946935899795750588e-02
7.417588768018647249e-02
4.328467758236304030e-02
3.679351350832955891e-02
7.928411367559244638e-02
7.431970207052028543e-02
-1.663385466148560587e-03
8.447256450856353849e-02
-7.060745340953395940e-03
9.129958024968345964e-02
8.607223854256053353e-02
4.243913690097170233e-02
6.270964085935556986e-02
5.971298533143526432e-02
7.995724136642932967e-02
8.995344358370274684e-02
4.474552505503541500e-02
2.177269010009800013e-02
6.613475759088095762e-02
1.101065193035060882e-02
5.284029412480882593e-02
2.237563737601866096e-02
-1.844118371709467519e-02
3.869813312915340586e-02
6.395185153192030347e-02
-8.984904601929430065e-03
-2.795612503248993963e-03
6.338684061630063538e-02
-3.833151523794549320e-04
1.270326470519554315e-02
-9.345534493172488050e-03
4.470075087854673279e-02
9.818797226409591017e-02
6.462094275344502925e-02
8.936904691791970612e-02
-1.351005659081890714e-02
4.851905232589434624e-02
5.740999060124367392e-03
8.538995390686980602e-02
4.531007324843693007e-02
9.252350868980094289e-02
-1.931181451701048657e-03
6.546835202236864215e-02
8.819894690569263229e-03
3.459047475082482892e-02
7.394823684268646280e-02
4.954450932994250434e-03
1.276954939951588028e-02
9.487732795361518423e-02
6.275390766063232428e-02
-5.425333958888568439e-03
1.012831410142663036e-02
7.133535248129541095e-03
6.646593881833948864e-03
6.464399644256457744e-02
-5.090064328271526328e-03
2.702434590538759299e-02
4.110812333727646706e-02
9.790893575462916720e-02
9.714455885903344745e-02
-2.639797273985763915e-04
5.134203830187397677e-02
-1.121757963371274903e-02
1.815246666819336427e-02
9.754616911831839876e-02
6.810283043408102421e-02
5.372117922283586866e-02
6.062124886406987379e-02
4.473097310880425059e-02
2.112875778010469760e-02
6.841601386467691115e-02
8.534620061562511739e-02
2.787048438892094152e-02
1.067041179734593698e-02
2.887678794698218462e-02
8.688667973366227815e-02
4.435477063715866086e-02
-1.299306133031218058e-03
6.548560296754965537e-02
5.241661050832671642e-02
6.115975574448208330e-02
5.793158778413286247e-02
2.884846628049860320e-02
2.649606829566083024e-02
-7.263671930648890607e-03
7.580545049479402164e-02
4.939039732042774244e-02
-6.961696787730944566e-03
-1.182513579081998986e-02
7.020478795512290204e-02
4.962083510966314170e-02
9.601323939467727719e-03
3.033726145041872393e-02
8.899790794780614023e-03
-1.032711926492342266e-02
-1.783899433138461110e-03
8.447303125321528605e-02
2.723182379757481050e-02
4.689273781955891063e-02
5.002421009343732683e-02
8.487909488039473149e-02
8.327295015111011584e-03
6.570769278400746816e-02
1.073083302312322768e-02
6.367911386365643356e-02
9.716194432620915700e-02
9.484353055348486439e-02
-6.962827474275269657e-03
7.742884297923538495e-02
2.826707219560069609e-02
2.799656789595040760e-02
9.679356523741657059e-02
-1.053870644571009221e-02
5.286283540612340959e-02
8.955780145065043996e-02
-1.939556025794604566e-03
-1.912963920506336943e-02
2.693758115176730569e-02
9.557288760700194397e-02
2.169367942255175097e-03
2.273655173761476855e-03
6.940846372909344197e-02
-8.652671910335687708e-03
3.456058333322613307e-02
5.907275684864513043e-02
-8.739858594617623891e-03
6.177581734778397893e-02
8.942768347384082162e-02
7.605570138213869902e-02
4.521518600199968263e-03
5.102627477673947476e-03
8.474374795947314798e-02
1.966806887502931325e-02
8.079196669684252097e-02
-1.868325474133813655e-02
-6.236139374069721297e-03
5.204777142758701403e-03
7.669680179713658785e-03
2.888452661914176281e-02
-4.415018318358740132e-03
2.609923966692158717e-02
7.898539122258493861e-02
8.109081330024092010e-03
9.018376227509604381e-02
5.546292070216785053e-02
8.578758019384218753e-03
4.250469282161324636e-02
2.543435984888403265e-02
2.064425995907973391e-02
7.150247266477746666e-02
7.137493602205967347e-03
7.082926362959131306e-02
5.809017956541617789e-02
4.439176667085820149e-03
2.228064290752450674e-02
2.230565420223372050e-02
-3.066770781329972856e-03
2.068598349315072318e-02
1.607260565594018434e-02
3.210804819701339186e-03
9.837179195224651784e-02
-7.721507395207915722e-03
4.892226806795817173e-02
5.146187152889336591e-03
-1.036775629867548766e-02
4.511206913478170433e-02
7.973498810514877133e-02
3.133373786193641153e-02
6.567129953389957975e-02
6.362928621734792456e-03
6.199069520127808985e-02
6.296124864808765043e-02
2.630802652442927256e-02
1.411057098949255323e-03
4.118699978245952964e-02
7.883606482597249610e-02
9.481185024038545073e-02
2.483493831693366419e-02
2.615168836328721561e-02
3.483729842488862694e-02
1.683566727854610839e-03
7.618122042854919007e-02
6.715014132807380076e-02
-1.919125420205677890e-02
2.923884228754018363e-02
7.208126950051091386e-02
-1.591955154257818431e-02
7.828846857868808351e-02
4.583104962694131701e-02
2.500555014103508431e-02
1.951727530981285305e-02
9.370875045349201515e-02
5.896293755774496825e-02
9.815201691915015347e-02
4.748754700112464699e-02
4.120527374293145306e-02
-6.220553423448639194e-03
1.490196842730437746e-02
-1.729350127004036786e-03
5.890159602448170884e-02
-7.668083530868540984e-03
5.818893589205000050e-02
6.343214308578848382e-02
1.191173180878766016e-02
-2.173575189682412645e-03
-7.721925809887127123e-03
1.691106294725971612e-02
3.411986286188725681e-02
5.700471740418715239e-02
-7.460813079385588548e-03
4.341603722264746057e-02
7.322438807002538963e-02
8.518386081116337272e-02
7.325157749212930780e-02
8.652995412496259503e-03
6.067693371700223770e-02
5.692731281211368954e-02
9.432472135334871166e-02
5.366118504462036309e-02
6.191217110362014220e-02
8.968528073151657565e-02
6.101944092635236405e-02
2.921906857776475699e-02
4.840552392148836369e-02
8.120733211105679583e-02
-1.547183570759208884e-02
7.124721790715078662e-02
-1.638670513947070723e-02
9.199345151298750356e-02
2.498332418653256490e-02
-1.068546387670220310e-02
2.088649945925859577e-02
3.124824245343940307e-02
6.623831745661382109e-02
-1.452945645204701056e-02
4.984136656180884750e-02
1.884334301262727968e-03
2.967488885017800435e-02
2.473791557358180279e-02
2.454688868480095834e-02
6.366999798897894636e-02
7.292595670189301604e-02
9.082316050769390081e-02
1.928495680754563693e-02
