1.063210931572963203e+00
1.080378349348044775e+00
1.051943210373842641e+00
1.048866315866793464e+00
1.037545623823662222e+00
1.053011879333493050e+00
1.022376467357631213e+00
1.068664234487096909e+00
1.087769137028685051e+00
1.065694295104591127e+00
1.037258609858286773e+00
1.020474891615384960e+00
1.060824972369220243e+00
1.022111953353429525e+00
1.022667521959369274e+00
1.069963707090157978e+00
1.061069590099224191e+00
1.004843489058553141e+00
1.027972357786071766e+00
1.011984586344159887e+00
1.099300625552123822e+00
1.088575734459570343e+00
1.055225018400775649e+00
1.091887948390904972e+00
1.098187082369381784e+00
1.021290076316267781e+00
1.053436039955653714e+00
1.009397758752113905e+00
1.035732898391681367e+00
1.061639245403081633e+00
1.036706391447737241e+00
1.010525788143676884e+00
1.085593608021856005e+00
1.074728216343834308e+00
1.075974732129760802e+00
1.037075187074928628e+00
1.009287040363874510e+00
1.008507865180344076e+00
1.016755720434898702e+00
1.036969300519092085e+00
1.027323977080442319e+00
1.002274439144807516e+00
1.000144647240128526e+00
1.077113450895057500e+00
1.077941759637743413e+00
1.064812026082837315e+00
1.059289300476932816e+00
1.087695936134260855e+00
1.085555463095093209e+00
1.073161185159469344e+00
1.015474442993494542e+00
1.079811195294404058e+00
1.087574124767898498e+00
1.071843846263659028e+00
1.069666188592516498e+00
1.002475778504227089e+00
1.040273720793969181e+00
1.034750867649062434e+00
1.036570752747273838e+00
1.025351621418493675e+00
1.027238687931221195e+00
1.042617538843265468e+00
1.017888470523089506e+00
1.001076611773212610e+00
1.046498820999949286e+00
1.087382835322667995e+00
1.054390880124466801e+00
1.060831837354296647e+00
1.091520048098968632e+00
1.076778628791486003e+00
1.090598573039084807e+00
1.019510732470037206e+00
1.032079553110956782e+00
1.076442007471701379e+00
1.057808428556378244e+00
1.074736553599539457e+00
1.064302446854098472e+00
1.044071787670140417e+00
1.056683888861968512e+00
1.026233679896778161e+00
1.065473673838215340e+00
1.086721049179678378e+00
1.085037433676653507e+00
1.068217735091133713e+00
1.083514881521254303e+00
1.029810996442199533e+00
1.000502728341618575e+00
1.030626665658975316e+00
1.046004544386689439e+00
1.049466686689211947e+00
1.036252675215586505e+00
1.089685634865347863e+00
1.002501671552221474e+00
1.003213696702693447e+00
1.087254919656125640e+00
1.053079487799017722e+00
1.086718328332025196e+00
1.006995743867817872e+00
1.017771475499893441e+00
1.041371157130359659e+00
1.018327618484119901e+00
1.017586652140678671e+00
1.065571864988709594e+00
1.081186625471486140e+00
1.053832643101495492e+00
1.062516519864780351e+00
1.042355285276084453e+00
1.006820370909437212e+00
1.031706138772977344e+00
1.071701178485196859e+00
1.090379541511879102e+00
1.002604142471850590e+00
1.001656104025669070e+00
1.044271566481050906e+00
1.004520665252717437e+00
1.037608096454138984e+00
1.088673030780985984e+00
1.041789487462293939e+00
1.015268149599210634e+00
1.027092769112871951e+00
1.033569017906507348e+00
1.007897800952337386e+00
1.079184153571298044e+00
1.087041959831919868e+00
1.024042798824758460e+00
1.092710144607604184e+00
1.073319271090781957e+00
1.099190725133948776e+00
1.036927404907156625e+00
1.035936689552624079e+00
1.010265837629008789e+00
1.086435463947493130e+00
1.020816086674459999e+00
1.043693227497151543e+00
1.067344795065642726e+00
1.090987572156372654e+00
1.018232681083126590e+00
1.091588215707566256e+00
1.013174731084471203e+00
1.002090562046608957e+00
1.064087341247593743e+00
1.083163483847028763e+00
1.023475101196214432e+00
1.061711077198614905e+00
1.011015254213393222e+00
1.075174231916047329e+00
1.028073620412031763e+00
1.037367983153371531e+00
1.079054345815086524e+00
1.065327684303687628e+00
1.046493864287543651e+00
1.015981585518652253e+00
1.081802241048964941e+00
1.084304996139147770e+00
1.014394104728262080e+00
1.039978644226953630e+00
1.078422570804089098e+00
1.034257107082048766e+00
1.000697702379942822e+00
1.024180993549010710e+00
1.055221820947609634e+00
1.081042755708889969e+00
1.078224099607959952e+00
1.066407678166660045e+00
1.044520263137340921e+00
1.062383463501975323e+00
1.069390882219131367e+00
1.064443104551924923e+00
1.057353932171246624e+00
1.020913634830628025e+00
1.024974340213846036e+00
1.004794105126564974e+00
1.064399658922082104e+00
1.065664534597350110e+00
1.011426834978023326e+00
1.062010934818635066e+00
1.093390137869967971e+00
1.010468565644536687e+00
1.037933802380540671e+00
1.030722294395817640e+00
1.057686417969472492e+00
1.043846505106750033e+00
1.031923114242692341e+00
1.095324291280139750e+00
1.077198289333686221e+00
1.040273188999832010e+00
1.025296125318638785e+00
1.090237091263999147e+00
1.075910327313011949e+00
1.017048214143977392e+00
1.076560878488454165e+00
1.094174865981409672e+00
1.025644254086195861e+00
1.044804029518672461e+00
1.041397494004594693e+00
1.019500956113224888e+00
1.091828993630447275e+00
1.028025779167011100e+00
1.004787270970007418e+00
1.003862437004628072e+00
1.066471835185532235e+00
1.037706591168582992e+00
1.033086607011911795e+00
1.095563696991199709e+00
1.005119120865439530e+00
1.060351038527173939e+00
1.015527965864741144e+00
1.023210875611782145e+00
1.032607091681420508e+00
1.082737271055292272e+00
1.044154059162508252e+00
1.060448133139121341e+00
1.096138919383033539e+00
1.045043518261572935e+00
1.096260228357508248e+00
1.039027249174106826e+00
1.087200961352093209e+00
1.090196641043390979e+00
1.046695807836011571e+00
1.074570498621248760e+00
1.091523391384667585e+00
1.083918865932965492e+00
1.070763892134539041e+00
1.048549629484896606e+00
1.049642157965685829e+00
1.039188994983561320e+00
1.052611856429356507e+00
1.025235160836481807e+00
1.082102145439974406e+00
1.091104987521598568e+00
1.014979084448753177e+00
1.010319553338477672e+00
1.045446314655988695e+00
1.010152740404752114e+00
1.011965162191337919e+00
1.081637545770071540e+00
1.085685639341728903e+00
1.002028690900443664e+00
1.001807511841082743e+00
1.047460786208055161e+00
1.025897742786055833e+00
1.062566017745401936e+00
1.018925980739980863e+00
1.087319273386890384e+00
1.019169897241805289e+00
1.036983866736730375e+00
1.087824089440000197e+00
1.027225554056284018e+00
1.061563689378882014e+00
1.076075764373841448e+00
1.012798077758606752e+00
1.013987208625749314e+00
1.041632017316420189e+00
1.030096248545391502e+00
1.026432340573021573e+00
1.029577305148961397e+00
1.051855746331523900e+00
1.099161632149527890e+00
1.016681245610133288e+00
1.054946278237916202e+00
1.017900955860434387e+00
1.084349646993429062e+00
1.059443950165750881e+00
1.074940216607908949e+00
1.065895387622118440e+00
1.006099659258675505e+00
1.024833433968868279e+00
1.097206971699869360e+00
1.095575383629656230e+00
1.051160613562296620e+00
1.038891540082653719e+00
1.000161333365936267e+00
1.088184898457351002e+00
1.004296548586722793e+00
1.098149888460774992e+00
1.047913411666349326e+00
1.040319751158886641e+00
1.000453604209068370e+00
1.092381313780895535e+00
1.067467814152695427e+00
1.026898007967512516e+00
1.097058124042412874e+00
1.002913307766681195e+00
1.098373655995848575e+00
1.090542862673552271e+00
1.067493278642962951e+00
1.032115722125846791e+00
1.036075847117020610e+00
1.047498907375056687e+00
1.042705562493935867e+00
1.059784859170265214e+00
1.081123479119102671e+00
1.080709105216633326e+00
1.070780282957905838e+00
1.082864202357640249e+00
1.022116098020050545e+00
1.031688307247889735e+00
1.015714504731192847e+00
1.070008099235652210e+00
1.044458350114394252e+00
1.050825470288097474e+00
1.030957552993684523e+00
1.064518130907633697e+00
1.046908134222100273e+00
1.048357111412394183e+00
1.075223185187993868e+00
1.019783477415714401e+00
1.034857011894732004e+00
1.073578918182243713e+00
1.069247832300860734e+00
1.030935898932820782e+00
1.028389660819611695e+00
1.020751843131938452e+00
1.084513502017983910e+00
1.013748688546448173e+00
1.081919308338028962e+00
1.031909690893569653e+00
1.071821915510582368e+00
1.033069111520865890e+00
1.077754169744603807e+00
1.035850721017953724e+00
1.087549291976270815e+00
1.090874633740519739e+00
1.061024530306986957e+00
1.030373050208072794e+00
1.057193267548341309e+00
1.082185738293562460e+00
1.081141235564253122e+00
1.063125368241078839e+00
1.090787924099385187e+00
1.023701459968919147e+00
1.083557505761198803e+00
1.080598030480222072e+00
1.061708066519616578e+00
1.099707816509720271e+00
1.079573687582811026e+00
1.050916355734811125e+00
1.089285642883589533e+00
1.009662874598764137e+00
1.011065737947867804e+00
1.081620763084674142e+00
1.032784282815883747e+00
1.099271107341013298e+00
1.058293673375660271e+00
1.054420536978628586e+00
1.099736183826690139e+00
1.098788305987614233e+00
1.075914398722864762e+00
1.018539329401566551e+00
1.085812633595322652e+00
1.042540575583660312e+00
1.049875974869637130e+00
1.000844019613745139e+00
1.060311521577264937e+00
1.033724229365300396e+00
1.069223751562000668e+00
1.007995528746950864e+00
1.059150113313744201e+00
1.021321922591226450e+00
1.075661797659934527e+00
1.024617147061691602e+00
1.070665849590527241e+00
1.073430532242000579e+00
1.025401566647406115e+00
1.003830983445326508e+00
1.077032483934422302e+00
1.098974203876752709e+00
1.020142444594140496e+00
1.038520977925529332e+00
1.034342023707007785e+00
1.011659324843304120e+00
1.008996335332659200e+00
1.052525850081042602e+00
1.074656500809592075e+00
1.062669695183525720e+00
1.028688349057226947e+00
1.074374086810499618e+00
1.069996500707047549e+00
1.069887792004695193e+00
1.040678998637933450e+00
1.084489767649768011e+00
1.040078661661409942e+00
1.099926977748936441e+00
1.022224393802485753e+00
1.014047217646031562e+00
1.039581519287449574e+00
1.065771995841324538e+00
1.032326069379079225e+00
1.012922373915336793e+00
1.076225025922710188e+00
1.077575232191869459e+00
1.031452219688280270e+00
1.060996739899162877e+00
1.080347258119976228e+00
1.048922364205307378e+00
1.008473462465408810e+00
1.057973669931441041e+00
1.055516541278562537e+00
1.091857640965215648e+00
1.002567558495565114e+00
1.046697894538008766e+00
1.022816745256531101e+00
1.083333948219535658e+00
1.010374696387982496e+00
1.052092360408608096e+00
1.098916017212715257e+00
1.008262958309685819e+00
1.053276829911012680e+00
1.004545957412622537e+00
1.068659528227384969e+00
1.071395045378552568e+00
1.029171415091370001e+00
1.064358977903047343e+00
1.050482423486508887e+00
1.092770412083072351e+00
1.002526169442096160e+00
1.068063095383937622e+00
1.017321759525460667e+00
1.017147467625471702e+00
1.049954739683226945e+00
1.098233569992997705e+00
1.030868181191003208e+00
1.024871504410038492e+00
1.087792035181016637e+00
1.062361707954406986e+00
1.023858099506888442e+00
1.070443353171642409e+00
1.034095828169898423e+00
1.048344498291660098e+00
1.090427347840238648e+00
1.055662232743790341e+00
1.049386553090964957e+00
1.039880612917227998e+00
1.001308867254523394e+00
1.044628192492810692e+00
1.060190580339547939e+00
1.084519815809442900e+00
1.028274698701862278e+00
1.008618277733236201e+00
1.006545563379697361e+00
1.019352323783684344e+00
1.065587703710108691e+00
1.033418538100083328e+00
1.048594286574040524e+00
1.057899470053284441e+00
1.087552025040363191e+00
1.054028695057305454e+00
1.053969014962072848e+00
1.092487596548360473e+00
1.074905296637975738e+00
1.003415150489690433e+00
1.039835439272730921e+00
1.011573304908132354e+00
1.004353809604106251e+00
1.086863912345932937e+00
1.055320313435851087e+00
1.058917796210286699e+00
1.006649903632034881e+00
1.040574736270791112e+00
1.006794682625986148e+00
1.084672226023582153e+00
1.061764782933747320e+00
1.047734954980063415e+00
1.022252634430340423e+00
1.004853664437988181e+00
1.025891922194056560e+00
1.004623069256161738e+00
1.095364435328204378e+00
1.013427822328578642e+00
1.092012352417317089e+00
1.076332217693971804e+00
1.030594029426699088e+00
1.083958818538315549e+00
1.059391134906884524e+00
1.051567403097802611e+00
1.045755889547683060e+00
1.086978101187757728e+00
1.035302064620231555e+00
1.033455331572279423e+00
1.063390632734949381e+00
1.003792546386394147e+00
1.076685270459205590e+00
1.083703424878939003e+00
1.010908042874238966e+00
1.028242791471292605e+00
1.048998805586650152e+00
1.045487521302620904e+00
1.024647550992981104e+00
1.079303580854960032e+00
1.095032165329968610e+00
1.092871701822764718e+00
1.029030304477008828e+00
1.032146175600392457e+00
1.024383213904230372e+00
1.078764361875020894e+00
1.001806905299936323e+00
1.085689717954589906e+00
1.001693311051102597e+00
1.064139342517488762e+00
1.029219313192716978e+00
