4.262005150597819592e-02
9.407140457061763383e-02
8.309369597434464183e-02
4.268436919172338695e-02
4.241943483692814376e-02
4.114837423789227677e-02
4.540819917278096640e-02
9.548413533489662208e-02
-3.043917603584991166e-03
1.601604780974034622e-02
-1.979846804546312941e-02
3.781157014777999925e-02
8.707758782477384440e-02
4.142630622662288320e-02
5.923047391805237594e-02
1.749399909478923168e-02
-8.006343040799687380e-03
7.889683772202855938e-02
-9.734214079979035261e-03
-1.624875773841800985e-02
-1.963486856043458739e-02
8.941935169980894105e-02
9.776921950035934172e-02
1.308709889843938726e-02
1.081129226679678965e-02
-8.394977319128943405e-03
-3.799853578322496400e-03
9.935387600298738187e-03
9.516515958436397304e-02
2.547555881477772677e-03
4.480601952117341247e-02
6.916412814586440916e-02
7.997323509156707005e-03
9.248791397701947026e-02
4.072488954976149350e-03
1.386330296826001132e-02
6.964547082579312931e-02
1.487801123526483540e-02
3.752796340495462291e-02
-4.514730218909898674e-03
5.183621334774089762e-02
4.441388052785699703e-02
-1.302465024194712079e-02
3.130458876230318710e-02
-9.622037217726295277e-04
6.376613406458199462e-02
-1.481628959367993492e-03
7.838076778700434066e-02
2.965868776835960466e-02
8.905791774025155483e-02
2.845737060466859911e-02
6.998195259590056505e-02
4.060105344237313618e-02
9.615385838177059608e-02
2.853314174843910381e-02
9.605380338736015100e-02
2.964227508151279569e-02
1.203753610530024221e-03
-2.251179995397017269e-03
-2.236212798596873969e-03
1.956078057336646872e-02
2.454866633593011382e-05
9.432549185974738182e-02
4.065839297208330427e-02
9.217675211733079854e-02
-1.140856318251337077e-02
8.202515069086055433e-02
2.689234839785844752e-02
2.537919510862816919e-03
-1.207808087499512295e-03
4.959097497543270283e-02
-1.732347400967994278e-02
7.638435400446237644e-02
9.222802266652345426e-02
4.521431148163002067e-02
2.342442868069076131e-02
3.213986355565634501e-03
3.873271773919939598e-02
-1.618288939958457615e-02
9.237932485437704011e-02
-1.207821565825836427e-02
7.454640345543116220e-02
6.476224882349324030e-02
9.993133412427590567e-02
9.433774751389484292e-02
5.024502920789981897e-02
6.887278144137823355e-02
3.946998517540160206e-03
1.359303384974010209e-03
4.486822781831159568e-02
-5.161973428551513976e-03
2.715651990424197346e-02
5.808518681484627771e-03
-1.753390889757462656e-02
-8.308377186142927931e-03
1.310303457615516823e-02
7.084132741549598045e-02
-1.161944568541911464e-02
-1.623173925730470035e-02
3.431202151070125717e-02
3.340014719932743459e-02
5.242206967138167417e-03
3.354900151451978285e-02
8.528573393872145025e-02
9.736640073716672228e-02
-7.492855082099597608e-03
7.099172576706640203e-02
3.292953034353574004e-02
1.871842782751110060e-02
5.403963540523412656e-02
8.524182048569756143e-02
-3.485161235515257111e-03
-3.338583434004758349e-03
5.780475930545919683e-02
9.012843054001896947e-02
9.469432316264005112e-02
9.864354735327983403e-02
-1.652256794935504786e-02
1.204857913475312903e-03
8.593851095231128112e-02
7.847188437212319900e-04
7.203281375206489756e-02
2.486342548038955949e-02
1.317854946224777599e-02
2.705653918959497264e-02
5.756002584487766860e-02
-5.660144092867989973e-03
5.750509960848995683e-02
-8.703355791030755947e-03
7.442558001952591373e-02
1.884294810681106172e-02
4.185639612689955741e-03
1.020534876209387015e-02
2.345380772031117195e-03
1.215594541684836619e-02
8.907688290995625924e-02
8.871092327579755549e-03
9.920610491387028829e-02
1.324508804009199778e-02
6.045541539566552658e-02
9.792468119022157413e-02
6.757234078412303890e-02
1.486736692635816717e-02
5.653852234092922313e-02
6.129105097983639228e-02
-5.712672593153972356e-03
8.655183389861464960e-02
5.092305883467387884e-02
6.450463691096192109e-02
6.037346161957408974e-02
5.157998196568994165e-02
-3.804031029255455082e-03
5.524227522871615059e-02
7.921370815135025945e-02
6.051544796850133467e-02
9.684734399281758055e-02
7.821583591206408836e-02
4.164129596124142851e-02
5.051511622983094474e-02
7.997184919252806751e-03
3.361872600540326272e-02
4.091323715105560366e-02
9.324883723596048835e-02
5.791376133834934270e-02
2.393784138523140023e-02
7.012771841671776307e-02
7.358940815980707928e-03
-5.712456122231944489e-03
1.889079459669238889e-02
6.115909199745454827e-02
1.630179980461422470e-02
6.407899701226221767e-02
5.316090621821432938e-02
4.169920739756474704e-02
7.243645591555850083e-02
9.351691998835474917e-02
4.111927610734499028e-02
2.495783070321409836e-03
5.134031731552327060e-02
5.536373152224610683e-02
7.595066093062391444e-02
5.366635844628582508e-02
6.493990345349504034e-02
-1.152924497051338766e-02
5.424020088639243398e-02
1.681106406869036993e-02
-1.219407044163573102e-02
1.706091473328254920e-03
5.834381545294393956e-02
4.458216502410364268e-02
9.854141897604797029e-02
4.826800653889212755e-03
3.951240217096071983e-02
5.085249201732562618e-02
3.905586771783119138e-02
8.837812129992024535e-02
-4.587236538789674078e-03
-1.674288445929111163e-02
3.462711870775682377e-02
9.472463681739519414e-03
8.548606530518199076e-03
6.792675353743361788e-02
7.692830070433087641e-02
9.537850832504246590e-02
-9.537899942877511167e-03
4.261774097550245777e-02
8.637197134362212259e-02
-6.359960750228363380e-03
8.770958425013654358e-02
3.773634767161485049e-02
7.639972698630856374e-03
-7.601257579241814388e-03
5.371159667090660839e-02
1.592418832722574881e-02
3.705993419464012617e-02
-8.407159378728471313e-03
2.973086713469849998e-02
6.630301358421232527e-02
3.502528142347631490e-02
1.674246448974433740e-02
1.315278541165992507e-02
-4.988764662219209722e-04
-8.910777333015909921e-03
9.406488288629660799e-02
5.438147536656969677e-03
-7.731816690039380532e-03
3.975001936928315716e-02
9.016319421302784742e-02
2.784430120010584001e-02
3.170184300312622883e-02
7.586772036694691690e-02
5.370269235660457552e-02
9.623679218175502925e-02
5.068022314386247396e-02
-1.336574777291685973e-03
5.889805944048871755e-02
9.680819659825880275e-02
2.218408861259481626e-02
4.054344746477607508e-02
8.168422098616741345e-02
-1.888690981556306533e-02
-1.842248159680038785e-02
-2.738074780667707625e-03
6.254875251785581292e-02
1.304472817252489217e-02
1.470116040267299348e-02
7.063048927518986164e-02
5.770797325626077223e-02
1.410286771394247268e-03
2.146435212965059139e-02
-6.121750145920876532e-03
-1.099259543233184651e-02
-2.002209973895455186e-03
4.133114348819996731e-02
9.313524308529165519e-02
8.554460309956618547e-02
2.557060936265342921e-03
8.096619319179529373e-02
7.767127681309594911e-02
-8.165509474800257753e-03
5.453858816831298750e-02
-7.698551934951071082e-03
6.400690923974586277e-02
4.380985594957952090e-02
7.250390481260242381e-02
4.433819124268718881e-02
1.687583346017435329e-02
6.757167893549465010e-02
7.141098386052729952e-02
8.573810643458661118e-02
4.835385877038624047e-02
-1.291335836564837074e-02
8.812450781003558498e-02
-3.856536559419872223e-03
-4.015009833830705810e-03
2.607756567738104062e-02
2.797515617491469833e-02
9.950091546148957800e-02
6.407222122502337358e-02
4.936455176840819081e-02
5.407448764052856516e-02
8.511807233368673398e-02
4.110033664401947784e-02
1.559264446940127405e-02
5.652565974823814399e-02
5.554743106500946437e-02
3.242718420127409240e-02
4.267425421371137673e-04
3.766983176218934026e-02
4.159636719603918009e-02
5.953355897741026415e-02
2.264325245458029615e-02
5.370940007746038969e-02
3.128456868569368110e-02
2.565252315821768547e-03
4.895702572763285798e-02
3.861689730673772969e-02
1.680576989131109603e-02
-6.539504461827241183e-03
9.432694708664582373e-02
-2.889923301527406313e-03
7.689575465769872553e-02
7.702624356267260414e-03
-1.837354493797333302e-02
8.094767292095586542e-02
8.699690979501595312e-02
7.208707190179866608e-02
-4.556040420292348583e-03
9.178159529178887832e-02
-1.056462187761644279e-02
3.827948625108432146e-02
7.471784856063272418e-02
2.781066013093223127e-03
-1.804900820048356905e-02
5.493076873495490731e-02
8.251660833366761261e-02
4.659105388552600702e-02
2.624687793554984425e-02
9.354356869554079912e-02
7.323737286601533780e-02
1.333968861675799075e-02
8.563533175849596946e-03
2.044557181197954529e-02
9.881981821013081924e-02
9.587350309279658866e-02
6.365316685600362623e-02
5.121155315343005332e-02
6.755451344222621057e-02
4.805329964505704321e-02
9.866808082590429463e-02
7.232702218349407186e-02
9.246349255295741032e-02
2.987180872732744449e-02
6.816122800333374032e-02
4.245178283920379714e-02
2.567156401876127467e-02
8.772665014649766446e-03
1.569933228303744058e-02
8.307846563953431851e-02
5.938578238982451796e-02
5.946592936667469131e-02
-1.536427567515741277e-02
3.277062250935530718e-02
9.371222999122592184e-03
6.175144723086464782e-02
7.260693924931309329e-02
7.888572154220051258e-02
2.872451494553569795e-03
1.065016983063593950e-02
-8.291667981804133614e-04
6.887411510407093207e-02
4.494043277799816827e-02
-1.047261549628882536e-02
-1.107149466690148486e-02
-7.614468203457501819e-03
7.824360946028897923e-02
4.553440714443590664e-02
5.021876622767250387e-02
9.032620951937148090e-02
9.334584376088035651e-02
7.250436373997005968e-02
7.486245251427439684e-02
3.880224954720072617e-02
1.104841378242151992e-02
6.571267856414159114e-02
1.432777304855656700e-02
-6.191502666336336572e-03
-1.385405748878522358e-02
6.593203321494525704e-02
1.598810902240097725e-03
8.425095963909318142e-02
-1.960521623757043377e-02
4.468148313970332630e-02
1.905466507524113465e-02
2.738371197005612726e-02
-1.022689744349291642e-02
6.812883757612790692e-02
6.740896930928512443e-02
-5.667770744699519858e-04
8.851125553555366787e-02
7.829579506732345373e-02
5.383457996678678303e-02
3.247954628499752361e-02
1.587845597557717078e-02
1.848933426218297288e-03
5.388102982934130092e-02
-7.299498741018263862e-03
5.347540914496953790e-02
2.673726507935336380e-02
5.076034640325895186e-02
5.301390673503059148e-02
5.458557953211908009e-02
3.587855449922239259e-03
9.501668783735427171e-02
9.364440190273130848e-02
3.682947182232411409e-02
8.832442788983220494e-02
6.531753841345404321e-03
4.266843133751940798e-02
7.573816602194811953e-02
2.547718187270228349e-02
2.644735394424188243e-02
-1.635060299212727150e-02
7.809822882718847614e-02
4.055224417296478256e-02
7.876020113998749572e-02
6.427118578313249786e-02
3.148222896270029547e-02
8.901384539631379544e-02
8.523865269793998167e-02
1.289802145237635769e-02
7.848996889199563731e-02
7.635445253501668694e-02
3.515047217001160407e-02
-9.501912282647335603e-03
4.193564607613319006e-02
4.073488205372204074e-02
5.851470815008251447e-02
3.883454364566753247e-02
5.006680979533582182e-03
9.712022241825350732e-02
1.310137686305118052e-02
1.799137168710648882e-03
8.228103196081863052e-03
6.040897672624445658e-03
-9.787418490089048323e-03
9.248893262451686470e-02
9.857838635828923557e-02
-1.257718011303459241e-02
8.903224659847601419e-02
-1.574349669909645005e-02
8.666390649149384451e-02
-1.982678778362270341e-02
9.849901987700962480e-02
8.160250392340452630e-02
4.802749262740170499e-02
4.585888668672825907e-02
3.713223191620611263e-02
-5.769907434456458123e-03
8.689037000808323696e-02
-2.500483883180228128e-04
8.272872965121111366e-02
3.394128397328699531e-02
4.638465745649783534e-02
3.739524259956887586e-02
-3.625049895277041717e-03
-1.128756592707723383e-02
1.804352797855995200e-03
1.364536435434922021e-02
-4.929786844695532508e-03
5.312041552617850770e-02
6.778091405069117115e-02
8.390572967617800082e-02
-1.020451156013538543e-02
5.950513228821063816e-03
8.360319008284024245e-04
4.499615597352986385e-02
-2.579268260302206017e-03
-9.637910862935505571e-03
3.674473968098254661e-02
-2.661800919820208472e-03
5.190402686214123928e-02
6.380348028781381020e-03
6.447029919443714174e-02
6.260374062736832890e-02
4.937981054590045993e-02
8.957774636575147054e-02
4.316648605342512934e-02
6.199225968747976157e-02
3.676759069148244352e-02
-8.780456830387953562e-03
7.763813894352648848e-03
6.780804857395647534e-02
-6.781993488467277093e-03
-1.645634663216835603e-03
5.912780719064680834e-02
6.661255831006562822e-02
4.356789876873015666e-02
5.846284948707698714e-02
3.959493294494065285e-02
3.369949625010802696e-02
9.523062573757037214e-03
-1.755195734754980488e-02
6.387633218610276609e-02
2.906689783704242622e-02
1.090613192095385084e-02
-8.533507211201841677e-03
8.630340478938274690e-03
9.318617364782705303e-03
4.274621032274972254e-02
-3.747923010166801655e-03
5.769057629211479798e-02
7.175494895569144160e-02
2.066537809072790596e-02
7.633283999239963424e-02
-1.769061965455554636e-03
9.789172455804862061e-02
1.350712722055013096e-02
1.426906197195116147e-02
3.037077253098355648e-02
