1.087616719894251682e+00
1.012944823909134318e+00
1.030325345327540276e+00
1.097922316632580664e+00
1.047398973296441049e+00
1.086080055494157204e+00
1.092425747681827319e+00
1.032778931572469583e+00
1.047982498096495796e+00
1.019798330467300618e+00
1.069619241168098256e+00
1.042295386490291520e+00
1.018546585616282307e+00
1.094434663520335693e+00
1.090840206151949543e+00
1.050553830096294439e+00
1.008443155009522751e+00
1.076816988721652990e+00
1.066730765185712748e+00
1.085210052914188816e+00
1.045426375648253137e+00
1.039769798353851638e+00
1.004807569666918754e+00
1.006547259677800010e+00
1.031264046198296480e+00
1.043048727471873161e+00
1.053030783403801518e+00
1.054995839381124512e+00
1.030417413038685837e+00
1.011223732655467611e+00
1.083390539636047922e+00
1.075831211105113816e+00
1.033297560578344321e+00
1.090029049996592336e+00
1.028498999945322900e+00
1.046969884972678511e+00
1.074613776854001612e+00
1.081496708653482353e+00
1.047209850692862210e+00
1.009697857502929175e+00
1.049027748331062826e+00
1.050209186484482027e+00
1.068616927052180143e+00
1.067526320243348703e+00
1.048628298019707694e+00
1.068040410583833255e+00
1.053810171141232654e+00
1.073891400914163796e+00
1.005589128071796567e+00
1.014303880787420731e+00
1.024809972035453320e+00
1.031486756608363642e+00
1.044624645403771313e+00
1.026016777654442214e+00
1.000847520328771667e+00
1.033042925496572062e+00
1.060553756646685830e+00
1.088917692566488959e+00
1.042151827837906053e+00
1.031163001173850402e+00
1.085498408226117650e+00
1.041564142185601893e+00
1.064200690983991171e+00
1.028029662224855034e+00
1.036119380759862096e+00
1.025104667985994977e+00
1.057987683190499073e+00
1.052494285499366189e+00
1.019277689053926128e+00
1.079344796927458550e+00
1.024442474251076041e+00
1.078654959104790700e+00
1.024174603303780184e+00
1.020383278338554245e+00
1.078150158801343794e+00
1.074645532951789217e+00
1.056376661403555461e+00
1.007458510431227250e+00
1.095110866380113679e+00
1.030015646217785186e+00
1.011140440723567568e+00
1.037841634375304523e+00
1.058866249855484831e+00
1.086445593475202864e+00
1.017382023900505361e+00
1.019612663673414854e+00
1.081257495026124671e+00
1.040364543328825109e+00
1.035949808548301210e+00
1.053949467948136931e+00
1.071468591151883532e+00
1.024856919097107966e+00
1.020035376392248505e+00
1.055251868713806385e+00
1.041916108735821300e+00
1.028417472501560903e+00
1.027596686993729636e+00
1.093791849955779716e+00
1.089050508689304309e+00
1.019497775272313111e+00
1.021318362538828906e+00
1.061058898906540593e+00
1.058698107348861495e+00
1.050815840533088963e+00
1.017184184614724041e+00
1.093700458713118939e+00
1.091804539882168967e+00
1.076496052869259534e+00
1.084935558529947164e+00
1.026476253697593322e+00
1.050963609207122396e+00
1.022470520508292902e+00
1.034096254227981015e+00
1.090630115365687214e+00
1.009415489533677768e+00
1.009702731424197308e+00
1.016983412438078327e+00
1.025318976268822624e+00
1.086910853921180031e+00
1.012820529168107830e+00
1.088615144752368646e+00
1.095374027606369927e+00
1.091241691566779748e+00
1.082650220802330310e+00
1.061435107875081219e+00
1.011004769749082266e+00
1.094449281218595527e+00
1.083701178676228949e+00
1.099768080750748167e+00
1.026467119718538656e+00
1.006065581189137026e+00
1.026116446493948731e+00
1.035214834674445639e+00
1.037557148236410987e+00
1.029116233339421704e+00
1.085359025094848384e+00
1.075892638871177365e+00
1.063864621030770063e+00
1.086691442591536161e+00
1.006763113374237406e+00
1.088969590379509134e+00
1.020274050038617153e+00
1.030896412441034249e+00
1.094805188170349552e+00
1.010439604729122198e+00
1.097602245555540312e+00
1.064917748464297542e+00
1.092315788670197518e+00
1.019214847538021163e+00
1.059154652123614149e+00
1.003576163955406386e+00
1.024709658354309827e+00
1.097041316460093618e+00
1.049209541965222314e+00
1.083539804253635497e+00
1.089052440935119215e+00
1.018262938941230766e+00
1.043167764101158301e+00
1.005597185319577536e+00
1.049945835973351560e+00
1.037969140316427952e+00
1.067564379461356294e+00
1.051604897643474423e+00
1.045569330210894377e+00
1.095250120775955738e+00
1.007875588103685160e+00
1.081958763992671768e+00
1.027261780006288427e+00
1.096294045519055960e+00
1.020912506782688967e+00
1.049310121027104081e+00
1.013816733928154967e+00
1.059253699426815354e+00
1.018700250782402561e+00
1.082981339284289524e+00
1.013061228237768452e+00
1.036191633725738193e+00
1.058540822002207227e+00
1.050591237253321930e+00
1.031236704369032253e+00
1.033589857150399860e+00
1.072155941448965866e+00
1.047430123036515726e+00
1.014981413649991504e+00
1.027484151400045898e+00
1.019497252316975855e+00
1.074826241251847669e+00
1.013824685344295373e+00
1.028009823157716385e+00
1.084866338399830932e+00
1.079924481450826645e+00
1.067765434723988882e+00
1.055725785835905262e+00
1.071771141626630230e+00
1.012446688893327229e+00
1.039776157108317722e+00
1.075525321996610328e+00
1.042558584057889925e+00
1.021115233499657826e+00
1.087643235343775272e+00
1.025714826266515889e+00
1.036402665625136832e+00
1.023515530854449684e+00
1.027379589865165865e+00
1.024188421020145734e+00
1.083539576471435950e+00
1.077152534492676006e+00
1.015772542546533819e+00
1.026476745087299358e+00
1.027510805628860879e+00
1.061969743799288546e+00
1.053941563157314576e+00
1.055662263683653235e+00
1.098613638218355559e+00
1.036132997572222436e+00
1.000072839089680032e+00
1.089449120601382992e+00
1.020858455766767259e+00
1.046314160508146740e+00
1.092155785189245387e+00
1.062297428467907867e+00
1.093276065695892862e+00
1.018834888898523250e+00
1.017799000618176963e+00
1.092017769416360862e+00
1.048105299436544513e+00
1.034168481747182122e+00
1.093780638677397388e+00
1.092754403163887833e+00
1.005137131977982490e+00
1.002694096093516896e+00
1.088200047151323790e+00
1.021049352452665149e+00
1.053680342632915767e+00
1.090677246844373283e+00
1.011533101601568729e+00
1.074179175349645909e+00
1.088884742382796533e+00
1.052853469458721047e+00
1.077809976485710530e+00
1.010250934219796060e+00
1.026910458694632045e+00
1.091573025991785961e+00
1.063153391527560387e+00
1.082736704003815387e+00
1.059993617137916733e+00
1.004118462497975539e+00
1.062017977465408825e+00
1.083188844260884132e+00
1.020458811183755365e+00
1.011391187840081196e+00
1.064708404758441418e+00
1.078934720551512738e+00
1.039019698491594257e+00
1.001867699446760795e+00
1.020806532175449144e+00
1.036395129185899266e+00
1.041309243359107573e+00
1.088798537511073583e+00
1.046251112506165759e+00
1.071969127659235355e+00
1.072112515188879511e+00
1.066659221516240930e+00
1.060437547493352728e+00
1.086790659165651984e+00
1.049544343704784444e+00
1.088263599002925019e+00
1.008744692006595445e+00
1.043546022674127327e+00
1.023868682768538818e+00
1.072362171595775848e+00
1.093264014054814215e+00
1.046144313456219388e+00
1.033442130592155506e+00
1.027155065817450863e+00
1.037703973126532953e+00
1.087211173060146807e+00
1.023617826971605638e+00
1.093504744739876022e+00
1.092883187899261532e+00
1.074081735357014677e+00
1.024641569725340373e+00
1.089421658637634849e+00
1.065391861936002105e+00
1.056898319872308534e+00
1.048431381701665499e+00
1.084251143511640203e+00
1.033144281438638457e+00
1.085011909796580465e+00
1.084039169948381121e+00
1.042514248774806696e+00
1.022939802074202653e+00
1.085814849930576420e+00
1.027668084192098430e+00
1.066506428470387791e+00
1.008234348527922819e+00
1.024602715485052773e+00
1.059594828688018797e+00
1.000025904059970827e+00
1.035029274959376577e+00
1.067202627649297852e+00
1.052953940859002513e+00
1.042054348972740963e+00
1.021924687790431996e+00
1.062597362647389465e+00
1.005120590384648072e+00
1.096634544624753849e+00
1.066705486555112881e+00
1.045190927594968455e+00
1.001455251339496977e+00
1.049491995070235939e+00
1.033737440070855884e+00
1.090365546832554156e+00
1.089290083683350563e+00
1.030644069056837475e+00
1.088435382382934469e+00
1.048875909724469091e+00
1.055761648147686804e+00
1.079045083226295665e+00
1.055963256565688679e+00
1.088822795105010677e+00
1.068101739698865904e+00
1.098291300218075417e+00
1.076928981579684752e+00
1.050497523120065946e+00
1.041073037293470005e+00
1.078104690347190919e+00
1.021132765598338432e+00
1.065281633179604670e+00
1.054417646008059428e+00
1.020844048440353147e+00
1.062688593880259713e+00
1.008976038191342850e+00
1.008958279574822425e+00
1.001985211596748249e+00
1.074041453953613834e+00
1.019648640822879093e+00
1.064456310499726222e+00
1.087841779852815494e+00
1.088620472340873890e+00
1.071842085851061332e+00
1.002236944264591090e+00
1.005169390875811919e+00
1.058417857747217417e+00
1.055607958207871677e+00
1.042128025292738958e+00
1.029143070352338984e+00
1.052560741244210618e+00
1.035384210322816578e+00
1.086932601117411412e+00
1.040007598079527362e+00
1.000447684448286800e+00
1.095610242912001153e+00
1.075208190781974160e+00
1.032241882743204497e+00
1.014798844643262754e+00
1.061065257161273978e+00
1.083892768369722148e+00
1.016356072193231652e+00
1.031797125402635018e+00
1.098662575351723181e+00
1.054412157081895174e+00
1.031568921699454799e+00
1.023233737705679713e+00
1.022664808945868753e+00
1.047888022882137227e+00
1.043189966517183764e+00
1.059298555396247510e+00
1.080511308457644093e+00
1.038973250993328712e+00
1.098858599010413384e+00
1.094418555799800963e+00
1.066151182802004271e+00
1.039635540549699311e+00
1.071917369336849335e+00
1.098573447509059386e+00
1.074344097707113699e+00
1.074788933326030538e+00
1.091299943491626845e+00
1.018810750717285218e+00
1.056466447390962848e+00
1.037978664343582880e+00
1.010699246519597416e+00
1.004889766284144725e+00
1.084069907778701936e+00
1.057693003022894596e+00
1.079815362008230473e+00
1.099868157204728192e+00
1.016002744053294382e+00
1.004076309603236572e+00
1.077961427788246773e+00
1.084914262306460042e+00
1.008866603855106181e+00
1.095685556124480264e+00
1.084554577057662339e+00
1.097763894750666713e+00
1.098491672877292880e+00
1.007893012664234922e+00
1.030309635481851283e+00
1.000111910716578789e+00
1.001310668313097452e+00
1.081520187202676286e+00
1.038384054332311957e+00
1.093872851259948487e+00
1.063733054185113103e+00
1.017558952921303383e+00
1.028838494408732318e+00
1.043907021684352676e+00
1.074220508589639911e+00
1.097197189563810182e+00
1.089083724768184602e+00
1.097056489675041213e+00
1.000164906307133394e+00
1.074404185936877587e+00
1.022841298577518598e+00
1.053059322688613353e+00
1.089307889637339155e+00
1.097430296046323361e+00
1.052116206077617910e+00
1.095375978675294792e+00
1.002044166196974340e+00
1.085088584307942750e+00
1.010194951294633547e+00
1.069698416389961881e+00
1.070801275611453773e+00
1.046093537331476142e+00
1.043079261604105579e+00
1.029219827704461077e+00
1.008668790920670411e+00
1.064614013262481507e+00
1.016577793136517638e+00
1.015012668182734057e+00
1.099769235884624941e+00
1.034352957779977933e+00
1.095738873177779071e+00
1.061874677745556328e+00
1.011563500707561403e+00
1.082057099220715912e+00
1.037520849159212055e+00
1.000161149036704833e+00
1.003776085727844158e+00
1.091833905242224123e+00
1.071162517960364102e+00
1.001795437043099923e+00
1.051051693927858244e+00
1.041721732194494265e+00
1.088402937539597159e+00
1.087169923119099435e+00
1.081709026106562721e+00
1.013655302873886610e+00
1.090937665562307313e+00
1.011164344936042570e+00
1.000601181951529917e+00
1.003380321696666133e+00
1.028562138433991135e+00
1.027570123217201425e+00
1.031856954695053119e+00
1.004179807282577386e+00
1.054212450383055222e+00
1.017242968922751567e+00
1.085798832903061450e+00
1.088216409281683283e+00
1.093059124783992253e+00
1.016189651592034560e+00
1.027697854861339799e+00
1.051636861053971916e+00
1.051525366006024864e+00
1.028419141944404869e+00
1.095024216806900874e+00
1.002142786201742686e+00
1.041757257367257550e+00
1.079132170878229990e+00
1.083821564826508599e+00
1.000489475851492394e+00
1.053580653379877496e+00
1.090361019775896168e+00
1.073165556069962667e+00
1.030051220216634311e+00
1.063294625846399777e+00
1.071312827052943728e+00
1.018593743536724494e+00
1.042196868407051946e+00
1.009571684295695659e+00
1.071524717185234454e+00
1.030227722404056578e+00
1.057672434415779517e+00
1.020569712714935351e+00
1.091165929730290252e+00
1.058023241595888120e+00
1.020885007473645523e+00
1.019442166175428932e+00
1.006350827973463868e+00
1.017445829210738228e+00
1.012122570424526025e+00
1.055658716441109979e+00
1.056232974342711239e+00
1.021690467363118193e+00
1.016318536334533951e+00
1.083729710853811534e+00
1.064435580743634313e+00
