6.224715580473792753e-02
7.189824887166529344e-02
1.419652946885377812e-02
7.523800452904026714e-02
3.950425835184362411e-02
-1.433346206584685568e-02
-4.467932134739633493e-03
-1.926839045661997082e-02
6.671836183547974475e-02
6.186570957290393746e-02
-8.593253019073369969e-03
4.379103648985518960e-02
-6.751215631524662072e-03
1.925963227198852767e-04
8.422978520491421206e-02
1.041971195008912360e-02
1.783224611136549273e-02
4.385849801392094349e-02
3.833254105528892397e-02
3.937705925559002729e-02
4.985084282977142456e-02
4.058169329963982885e-02
-7.643248677547375899e-03
4.871424435532759056e-02
3.785150098255422868e-02
9.085046983609446070e-02
4.051367164624848638e-03
-1.014283729338379299e-02
7.623491950276797824e-03
4.198456406404359187e-02
7.971083477340351608e-03
6.041466998005362576e-02
3.567621631286209405e-02
7.762923925196328623e-02
-1.291372169066614881e-02
-8.687585649853732730e-03
8.657148464118734343e-02
5.276392370785996933e-02
9.294260442915770748e-02
1.953391319961518893e-02
6.569790162869697248e-02
9.166375291013872939e-02
2.553620064464575540e-03
1.116924811103910120e-02
9.888788096143678874e-02
1.885323866364645509e-02
2.178219200224773902e-02
-9.596084558415336058e-03
4.128349149931563600e-02
4.270812958351032085e-02
9.304378480096103798e-02
-1.232947250904051911e-02
1.982788440321966647e-02
6.294925095206482801e-02
8.698188248246438437e-02
8.225655525068271967e-02
1.882897381916576532e-02
9.096252068038306049e-02
-5.551282317876431172e-04
6.301494104668065033e-02
5.044706275049605504e-02
1.874686974342395715e-02
1.791779071541522647e-02
3.079575340353013155e-02
4.649928483981843885e-02
3.493439125286558478e-02
-7.500002139050020167e-03
5.896004120349294941e-02
7.990366750777271043e-02
6.034474824263406922e-02
4.377182515456382039e-02
4.752287671559611570e-02
-1.636930684991082241e-02
4.631991551461242529e-02
-1.488578702393280814e-02
9.988084910809362504e-02
4.594329952338978285e-02
7.780715824099120048e-02
-7.533617316764234031e-03
2.768515973740862460e-02
4.377206044863636569e-02
4.396616263186992057e-03
-3.400717243424323383e-03
4.538393281730521145e-02
9.460967793263716508e-02
2.053097679563653868e-02
1.856764630397390869e-03
7.361844207290060838e-02
1.603166130529554492e-02
3.301713874878570154e-02
4.455454689245789968e-02
5.274217101460143553e-03
4.873612292462224660e-02
9.051166093090320941e-02
6.065424358991368392e-02
3.497151225812117348e-02
5.122461228072314188e-02
-1.503834837558695216e-02
-5.777021486652524074e-03
9.752282466785225368e-02
6.828913643558966184e-02
5.016860783679778779e-03
8.817000496829582867e-03
7.508702590902185947e-02
-3.639596556276800815e-03
5.485113883170038285e-02
1.416924520059713657e-02
3.946925066937694015e-02
6.139836504784847160e-02
8.456632243159917239e-02
2.151134938658521428e-03
-1.107996193195273475e-02
6.919359446535361391e-02
8.041675606146403421e-02
1.650207704346401752e-02
2.755101591504191885e-02
7.670719445167321904e-02
1.634410073181435594e-02
9.408989461375043273e-02
9.026622423704851184e-02
8.711922292197063489e-02
7.869900512287442140e-02
5.771335677874118997e-02
2.426027367876987598e-02
7.905339251843340742e-02
5.720645911402262584e-03
5.823109238192822334e-02
-1.698395426259271049e-02
-4.402222640088656463e-03
4.216459596120918085e-02
7.688295813577998572e-02
-1.178571502340604836e-02
4.453099042096667071e-02
-5.894690374615228767e-03
8.012190285339590434e-02
5.570234535062927594e-02
4.429298736494460820e-02
6.754744299965674548e-02
1.429706743267373029e-02
9.063566557005874047e-03
-5.004041939899832314e-03
3.177780544461171475e-02
5.835549572703323251e-02
8.052678021623277393e-02
3.966799797523733184e-02
9.761231102860912223e-02
3.151199911595392589e-02
4.744433366321632040e-02
-1.291491020255316341e-02
6.120177152423501854e-02
-1.511314206114082286e-02
-3.852277509912536979e-03
7.347349972869830770e-02
9.672667815851758444e-02
9.908761102918267616e-02
1.497048508881139786e-02
3.636461295570318775e-02
4.703063981028225704e-02
7.370150345760584365e-02
2.198082561288468642e-02
-2.675491320158405323e-03
7.173303138754107133e-02
6.046505454705976279e-02
-1.764179012398888954e-02
6.763202503890958228e-02
5.397121024957550472e-02
7.139188580547918550e-02
2.188474527192952809e-02
2.476950573148209087e-02
9.247319675257500982e-02
4.766944271420187063e-02
5.114581885409801021e-02
6.726240277850044358e-02
1.054566574769755932e-03
3.509544924965020407e-02
2.109920356722416734e-03
2.717654341329155468e-02
2.357261938719182673e-02
4.789265516366941755e-02
-1.558722143405635863e-02
-1.313219445835481572e-02
9.275526566826372554e-02
6.966959579503476108e-02
-1.375729349554830581e-02
1.692643063607185763e-02
-1.718092908839942076e-02
8.984552076528245362e-03
6.059019778393449907e-02
-6.390911894702049414e-03
6.465882271814396565e-02
2.091742262175970077e-02
9.736847294448308654e-02
8.823842594212118196e-02
8.313446083935863151e-02
2.466103888814059550e-02
8.179864167932146546e-02
7.414167205558378632e-03
8.824141709247484977e-02
-1.625959683276402903e-02
9.598858871910671831e-02
7.017576007192563581e-02
-8.608471813587334140e-03
5.465680998281288727e-02
-1.627510318741159229e-02
3.076248370336247956e-03
8.083878588105261609e-02
9.869838959287953462e-02
8.405854301724303979e-02
7.831717884355580972e-02
-7.725574271286643133e-03
9.718873491728897973e-02
-1.510967933313089526e-02
8.881371806760095244e-04
3.780051798756987880e-02
6.101780634978068441e-02
1.039488725630739741e-02
1.026218658620797752e-02
8.538658584548140806e-02
4.472904139367345211e-02
-7.308801052363386383e-03
3.084743500213919451e-02
-7.729519746573272621e-03
1.913181302927490987e-02
4.759241555107893151e-02
2.037469582842704394e-02
7.269463520017580005e-02
4.059051678026337484e-02
3.904117192137095127e-02
6.468446103208597142e-02
-1.504814578848702802e-02
7.067282924946059752e-02
-7.906529665500551182e-03
4.289293624647604053e-02
6.973629569394626526e-02
-1.453395467827881329e-02
7.520138175085556986e-02
-1.725320046541340552e-02
1.892897778617720281e-02
1.917846966143013990e-02
7.084072950670304569e-02
-1.713077716030581357e-02
5.001582576356021492e-02
2.174982773172698045e-02
-1.530996039548541271e-03
4.150627843431940744e-02
4.797195781401307479e-02
4.445718552767130571e-02
1.353527982744072086e-02
3.815921233560458370e-02
5.502587581248603865e-02
7.712590503249137919e-02
-1.479259417117480963e-02
5.812817490354543759e-02
8.439030897341043280e-02
7.866855460779667575e-02
4.045784986268102790e-02
-1.886830966589052305e-02
7.718790134244621348e-02
-9.700435631142916015e-04
-1.315987952098036581e-02
5.518888373999467079e-02
-6.963420219793218027e-03
7.699273440449783124e-02
9.993007645960685914e-04
5.820735021132558695e-02
4.329658149727384775e-02
-7.991936581442824275e-03
2.779898704871526863e-02
5.846168259862408179e-03
1.985642155936197251e-03
6.531314636345258995e-02
4.542648898366442867e-02
7.731811572257671350e-02
1.412433837510253601e-02
8.225000563322021341e-02
7.139645440642528040e-02
6.540997285967509178e-02
6.846959347314268696e-02
7.577745548759708127e-02
8.403063314207855072e-02
1.720831439900473089e-02
1.426837316342191922e-02
9.758989720234040322e-02
-1.517473146237816040e-02
-8.268860170104050042e-03
7.282760198944249197e-02
5.686653100815111661e-02
4.853965822093157800e-02
1.421909460485948698e-02
8.465360268178104275e-02
7.878139999483040751e-03
2.552618266160587915e-02
9.831907675689209591e-02
-1.944005554435490959e-02
1.488155125489963940e-02
2.679047706331260867e-02
6.545423015020450375e-02
1.941533606911758844e-02
1.396388957368894027e-02
9.516422634949628367e-02
1.978705330506392093e-02
9.559533816094825664e-03
3.695320348204299277e-02
5.564957944438334025e-02
9.047792852470364078e-02
4.395597204445271522e-02
-7.259091021218865708e-03
2.434408596953274370e-02
9.852098727023139713e-02
-1.085435059892198191e-02
-3.870819605264221724e-03
9.606006466976560465e-02
9.358829692221366792e-02
-5.491920093700208144e-03
9.866105658679479029e-02
8.113666896406808438e-02
3.451004039822846980e-03
7.362066915531008393e-02
4.499072353936831026e-03
5.068636781852792206e-03
9.876241694413503969e-02
8.671240418678488604e-02
3.327500543085185059e-02
8.158095705806256426e-02
4.277352334640814602e-02
3.343450041577007703e-02
4.662045537126753569e-02
7.420225669982184746e-02
2.377994223413209054e-02
2.619551092955913971e-02
1.539740845278664283e-03
7.564274414271023039e-02
6.995457164364937697e-02
8.643412695671698343e-02
5.657085333223320356e-02
-4.868921694602471040e-04
5.261667440117059891e-02
7.442173931847627377e-02
2.710980923691479194e-03
6.749719132457294990e-02
6.227120245498402040e-02
4.465214697054868676e-02
-1.791764240051885518e-02
1.591151740961737823e-02
9.106464046644462129e-02
2.392790245492523379e-02
2.116193276828361516e-02
4.805877912858587397e-02
1.096395933410010057e-02
2.609676040000799210e-02
2.004953105838733901e-03
8.048678490343263991e-02
3.368458590005289632e-02
1.756013190136957239e-02
9.644876855418876849e-02
1.732942310931375948e-02
-1.234804278109024808e-02
-2.859174616147448084e-03
1.511031978017430069e-02
-4.638982416311020207e-03
-5.303711736779924413e-03
8.935167563592112672e-02
2.383956181429993867e-02
-1.098235562836605630e-02
-6.667447851393006400e-03
9.292036922243469832e-02
5.219800215378987696e-02
5.359547272046139010e-02
-1.471187377075164858e-02
3.363106481034222606e-02
1.595647824704600135e-02
8.944763245680950603e-02
2.971430483867358932e-02
8.593264771156496062e-03
5.064693220364373250e-02
9.472733801449301216e-02
6.596011473046159423e-02
3.516010380274274538e-02
7.768889499937078891e-02
-6.189419114578277245e-03
3.340209871754790116e-02
-8.252306986918060347e-03
-1.443440179030819684e-02
6.355186463280208808e-02
5.939048225754024746e-02
4.923466444916900497e-02
-2.016487296625374404e-04
-1.464288254569409004e-02
4.080735371183584481e-02
5.330387727003867149e-02
6.752920643231438702e-02
-1.896161812862739299e-02
5.689639691666281696e-02
6.579686891456794362e-02
-1.076289856252239316e-02
1.182603909922785509e-02
8.079839738787107650e-02
7.500482840820314745e-02
9.186195031092772578e-02
7.409496507174255508e-02
8.401848772080552225e-03
3.791348338041475308e-02
1.672733184188607627e-02
6.576880578290079243e-03
9.973322040264626098e-02
2.402465441634991927e-03
9.565575719764803087e-04
-8.939052565360219860e-05
7.090460440130837150e-02
8.412943633451480663e-02
8.123925507623733222e-02
1.845608670816739974e-02
1.032354394070640960e-02
7.087283596076587866e-02
8.390527618487858552e-02
4.337620449026424740e-02
2.030752503600126782e-02
6.251383431403860491e-02
9.086955653050547699e-02
5.529277545854564824e-02
8.811104384363870057e-02
7.492348055217787350e-02
5.945573973953660607e-02
2.718532431722310225e-02
6.120019277888788523e-02
6.366118585707594701e-02
3.177762666024855354e-02
-3.445384312594779175e-03
2.695429715069140239e-02
3.020173364818180134e-03
6.233405693352871146e-02
8.723909818251943116e-02
8.805203060606341114e-02
9.463231786584333505e-02
1.921021969790326356e-03
7.119505348987735516e-02
-1.459673522995731665e-03
2.043124333148627417e-02
1.418816637055737850e-03
8.014020811059101301e-02
3.240183284524164598e-02
9.462572500431012945e-02
5.910923300784649836e-02
4.172932108976859511e-03
6.136022011993708114e-02
1.514985069593754660e-02
-9.243125715763364850e-03
7.729049602663277951e-02
7.548289528086507549e-02
8.181174426066398220e-02
-6.831748286515728144e-03
7.206002201097420901e-02
7.236683941198160386e-02
9.742671614495414245e-02
-3.386371400882666471e-04
8.379798300620494578e-02
8.355454163616358315e-03
4.941599181639641514e-02
1.676269612839795600e-02
6.714962509908126154e-02
9.639830865242199343e-02
4.049138271312677922e-03
-1.697482158544708769e-02
2.807299835057528933e-02
4.808622521272498673e-02
8.116922515061472665e-02
9.276524219378605440e-02
8.073163942500942436e-02
3.858364164554352327e-02
-8.054736866048560831e-03
2.181463355009543095e-02
1.647815574415784426e-02
2.670468787245754497e-02
-4.741782693472989044e-03
1.055935397220584063e-02
2.826475151105321479e-02
1.058822275218026382e-02
2.292987202217608086e-02
7.918419253249167622e-02
5.326304358057007415e-02
3.834788617398109112e-02
2.091247630128759485e-02
1.120762735981834304e-02
3.075220317216070462e-02
7.563330504574049262e-02
2.779293028435899163e-02
4.905826204287928871e-02
4.931837550450338115e-02
4.426989481838575213e-02
4.446901159399627157e-02
1.557440966034643118e-02
4.237500336848187832e-02
9.773276392997835849e-02
7.440954338029991122e-02
8.816816407119899834e-02
-2.055483029259612404e-03
-6.219397200295979228e-03
-1.195087307804650577e-02
4.861332493072276911e-03
-1.650005841958214481e-02
2.891169421313610419e-02
2.093788172574305093e-02
8.256947135369602231e-02
1.874258582827730349e-02
2.440740738255167339e-02
2.304772666121818539e-02
7.753205907777577927e-03
7.596174963155682969e-02
-1.435670560030876362e-02
-7.615346103661581323e-03
3.602862955815382129e-02
8.866053276674540351e-02
9.468201089832582740e-02
7.479853361335968287e-02
-8.078044771892280498e-03
5.498812027968501270e-02
7.131812891658267928e-02
8.929428556545329632e-02
2.557943361101893201e-02
9.848647043450262095e-02
6.268519017039787811e-02
1.720371156848063063e-02
1.031152070829035455e-02
5.530695732835488876e-02
6.237297398854463326e-02
6.307828906824365645e-02
9.382342997355973269e-02
-8.478784878816675308e-03
5.779715108761133979e-02
-1.761972478907426753e-02
3.183758927533603122e-02
-1.135271469043819606e-02
3.316040638549969111e-03
9.035804751037351812e-02
2.244484344206119572e-02
7.747985918031875807e-02
-7.590404173491908588e-03
3.027485034027558794e-02
5.578838651010681327e-02
5.735282180059445012e-02
-1.340754199292331500e-02
8.886840542761323403e-02
8.741025214959566303e-02
6.031966475022640384e-02
4.379142709101745135e-02
6.713057916459463925e-02
9.707524602767937660e-02
2.182715067197784145e-02
1.884750593203826999e-02
3.334343401957662323e-02
7.092254756871972654e-02
1.875778664802513554e-02
8.022550482190231314e-02
-3.647258026741782844e-03
-8.415238377909894582e-03
-1.802822226493884517e-02
8.861921895340967026e-02
5.681434683380998107e-02
2.467740636940900581e-02
8.294598499369502942e-02
4.284383608627255480e-02
6.130325519923686406e-02
1.293954028716483642e-02
5.591720929490998082e-02
8.151510189618942082e-02
-1.523223616318546657e-02
-1.960989965463420109e-02
1.237405307283152497e-02
-1.136756067539254622e-03
4.828919561243825986e-02
-1.223956766494524451e-02
9.612613919974666299e-02
7.610281269967121565e-02
3.240849770910703836e-03
1.106488271747489358e-02
9.445740278630496145e-02
2.408469745682377192e-02
4.995339732720234516e-02
3.794619344698624275e-02
3.187077391241625868e-03
1.850777574489257879e-02
6.120465687022638712e-02
9.051795142466524668e-02
9.463093273210787526e-02
1.233574522828606232e-02
-1.328219652013623749e-02
9.022328283394107085e-02
-1.455081241096536915e-02
6.562595978033716748e-02
4.442360391448723494e-03
5.669754078221882904e-03
2.407120107031080966e-02
4.415836516546925439e-02
-1.628110424460338032e-02
4.594244856545796896e-02
2.195129101631252549e-03
7.583622858385276333e-02
5.373532883639065005e-04
8.579430625462358684e-02
3.852253999732618839e-02
5.413746243168464367e-02
2.679733385558473804e-02
6.768780187757182654e-02
2.616673662486384763e-02
4.813010487107041713e-02
2.792100402556740510e-02
-1.868177247418891310e-02
1.027178545554578368e-02
7.254989788819077301e-02
9.356738799825277397e-02
7.019056808495284516e-02
1.389188099515507521e-02
8.714046608271629191e-02
8.679848215502225517e-02
6.598262286708404811e-02
2.218147245080028321e-02
7.502858671591268458e-02
4.395191087750641157e-02
2.757896656218998543e-03
9.400945159617273006e-02
9.074029062438906945e-02
9.652157793851982859e-02
-1.027508473939423364e-02
9.849655193916394269e-02
2.273923267976704285e-02
5.377258966180734068e-02
-1.698709126398778579e-02
2.587875297221177082e-02
1.766307305818308124e-02
-1.103979565271681271e-02
9.633989105501775119e-02
5.364359351651321051e-02
5.305758582718771155e-02
-1.629542331410137324e-02
1.023945310082803942e-02
3.109034378345299637e-03
9.116429563698763561e-04
7.447911780860394515e-02
2.394345133664756500e-02
9.081689451907368205e-02
4.767189677022852512e-02
2.359159837990035605e-02
7.420665426611264270e-02
7.416113081610545277e-02
6.206639460863461188e-02
9.866255277286994918e-02
4.185565155285081440e-02
4.616834102064792944e-02
2.846862993333731592e-02
9.579799185924568750e-02
6.976486405865979512e-02
6.623851387256451950e-02
4.760733739302104583e-02
-5.109285832727773757e-03
1.638539915390413784e-02
2.190361864333584610e-02
7.510141720445723257e-02
3.489346002295758142e-02
7.305113846391235455e-02
6.583762844258073121e-02
7.672957259710078137e-02
1.719309114492946142e-02
3.735944021630112355e-02
7.292147643828200687e-02
6.128822889429656751e-02
6.199175028026003564e-02
9.803908872148248133e-02
-5.135785290579248513e-03
1.951235603270013233e-02
4.376024261100007473e-02
1.505340823303083150e-02
3.856921907259665966e-03
4.514180982848643719e-02
7.620933651589936741e-02
7.811725838197146332e-02
1.419967150761420813e-02
7.646090909751873665e-02
1.285565892593095241e-02
3.710798335987791630e-02
3.572698421138309488e-02
7.661549374176421234e-02
6.051267674848943151e-03
6.235501168236133596e-02
1.364797172881135681e-02
5.390871205181434200e-02
5.911014258046617953e-02
4.467481102165646312e-02
5.943186767861934061e-02
1.010467980098761140e-02
8.934776398985413981e-02
-1.499852743922039724e-02
1.717987164418182180e-02
1.537946295040434549e-02
1.852648899921268896e-02
9.385263702503612859e-02
1.236129545164088919e-02
3.322622658815721497e-02
1.171588285859923376e-02
-3.438915122555903647e-03
3.932854612013869655e-02
1.921327404034294320e-02
1.773065518901603341e-02
6.190538272236224826e-02
5.684218611952317202e-02
8.916655513359378338e-02
-1.693820799750149486e-02
1.133505757149549584e-02
2.307762764601902980e-02
5.470525367019596352e-02
5.498497379144906549e-02
6.719490373401351690e-02
-2.732403637580475830e-03
-1.001689786653961814e-02
1.092140252438754053e-02
2.028401861514337809e-02
5.151667951714661298e-02
-3.531383163677407483e-03
2.102548638625214780e-02
9.298334345447094307e-02
1.522024966145025041e-02
1.721012999538161156e-02
7.997842726686112125e-02
2.708668291723624263e-02
9.975074721083858342e-02
6.790010830985408752e-02
8.608995872546885975e-02
6.773408170968825415e-02
7.052323458319764704e-02
3.325941469264355466e-02
6.357337691009179448e-02
8.929647251785753637e-02
9.265782215099570285e-02
6.681607182519519461e-02
2.605213081028671940e-03
1.413440728835781493e-02
9.897592863968519838e-02
3.979412353517139400e-02
3.303701508970503797e-02
1.145350146740739192e-02
-1.159623631239281930e-02
3.027284337560639041e-02
-1.473354447169295846e-02
3.110547115725216180e-02
3.070320093562858496e-02
-5.621053897911950509e-03
-2.121452956232616760e-03
7.611238741787257345e-02
9.886593027798785960e-02
6.848837231940817227e-03
4.852898333169300416e-02
5.794697385137582979e-03
7.079634942177134849e-02
-1.177881996018328992e-03
5.807762124729633213e-02
4.450237857706844380e-02
-8.738905405520691616e-03
5.428676096995280198e-03
5.428200030778354557e-02
1.578644055108162012e-02
9.991190984562428601e-04
5.671040846844987993e-02
8.568037324363277085e-02
8.137859308949363379e-02
8.864705344701566403e-02
6.049330867046898152e-02
-2.682337328795098702e-03
5.083695281765471252e-03
5.826806363419467782e-02
9.509584366745983675e-02
4.366272578700396145e-02
-8.960736474210405714e-03
7.933938101350717503e-03
7.284058140568129558e-02
6.267038349727964419e-02
-1.611082972003440028e-02
9.680005706514280273e-02
6.495595615482022134e-02
-7.175561389678029867e-03
-1.287078637240102186e-02
2.362807889481862225e-02
5.559705224279637426e-02
-5.497750545614063511e-03
6.191936542191690818e-02
8.204790950858123488e-02
3.820303368233975150e-02
2.853841780948639453e-02
-1.645566323674465398e-02
8.554874852034388688e-02
4.200468023497876124e-04
7.294217025386692810e-02
5.014749170177978249e-03
1.981107775080108782e-02
8.311700308867835119e-02
5.839255995320800918e-02
-1.977326962495811261e-02
5.459447795247283908e-02
5.732067505299481835e-02
5.112014133192653575e-02
6.991269102249196565e-03
-1.537397709686191133e-02
6.261149071684096734e-02
2.927011129764907002e-02
5.493452525470604586e-02
2.075284866461606439e-02
1.559723482565103861e-02
3.051446612083508550e-02
3.288815210623209639e-02
7.829019578021463588e-03
8.049560284858442438e-02
9.456133329476457128e-02
7.250570703432181185e-02
6.005533948102902142e-03
1.795884555755788634e-02
9.324634063907802362e-02
-1.703634081411596266e-02
1.615591346423682004e-02
9.804653565745169441e-02
-3.642404963507862165e-03
2.260709789457013633e-02
7.557546969208676912e-02
1.611823754529924033e-02
4.033046367544863842e-02
5.290851292113470106e-02
-1.362044610361319227e-02
9.161256355673767782e-02
1.993624585308173200e-02
6.997738961559767101e-02
9.214441201823192484e-02
8.959665194333024663e-02
9.493570446368886084e-02
6.714941628646602101e-02
7.688302986275949436e-02
2.139380480726358821e-02
4.446119875949934575e-02
5.887349275532384463e-02
3.185049102836513824e-02
-1.649003031055978202e-02
6.180269112530682729e-02
7.126469733399976025e-02
-1.737100167736715592e-02
9.387646527213397429e-02
1.571823184952488364e-02
4.544796392726269119e-02
7.290976926730774466e-02
4.924971637790438728e-02
3.745533345550543236e-02
4.304138605116862581e-02
6.149155700161636900e-03
4.756982294484146667e-02
6.612788448724596368e-02
6.028652324240688781e-03
6.214504657566193024e-02
3.289708404320865198e-02
7.230185130219596301e-02
5.647214030025736464e-03
8.692910006623501273e-02
3.971003011952359968e-03
2.020217736269583689e-02
3.138300319575830499e-02
-1.050314981816414042e-02
8.873829185751486853e-03
3.185432853643392626e-02
4.518579195372908475e-02
5.180718651287316567e-02
-2.333238614005427730e-03
-1.007508732863010743e-02
8.653239068594499595e-02
-3.494937990494627333e-03
8.055852568900434552e-02
7.163779557457599506e-03
-6.515505821421720134e-03
3.678449354452779929e-02
3.538846347146058779e-02
9.030337672911833286e-03
-1.513409186983057271e-02
-1.489847369229202120e-02
8.690241670381076977e-02
7.520862842121457670e-02
2.882207008628113673e-02
4.428925307691775060e-02
9.808017658457762744e-02
3.074892961857823501e-02
5.489418552625281722e-02
-9.785812934792054163e-04
-1.472096683495084136e-02
1.832323227651652328e-02
-7.489917158462720825e-03
9.260037677157356706e-02
2.151719836133951860e-02
1.330450979531486513e-02
3.130580332390339726e-02
1.171344920666817294e-02
2.812618127310958019e-02
6.169987056091234823e-02
9.545460264671505601e-02
7.992864496559523579e-02
4.134281258940043779e-02
8.867387344448636466e-02
2.507627300731892980e-02
6.925586331870361989e-02
3.654676094970728262e-02
7.717011877573344558e-02
7.497637860077469019e-02
4.515996530268101550e-05
3.530759699146386599e-02
5.029893601927781788e-02
9.514466772355716778e-03
8.321904737628009474e-02
8.976504977473326319e-02
-8.106052345405040382e-04
3.043362093277407823e-02
6.318404284381212710e-02
7.069735121675056744e-02
9.480399216641989535e-03
1.704787981957170753e-02
6.457533920983020426e-02
7.175109197882142964e-02
7.628172378865041847e-02
-8.194589068194391493e-03
1.097817407812496857e-02
2.237341879731262126e-02
2.341190961469780465e-02
8.272940060146251329e-02
2.635786707850020991e-02
2.546716975554218221e-03
-7.417374813954519253e-03
4.902305001464775380e-02
9.813256160810547579e-02
9.519401130235000119e-02
4.049779573934149390e-02
6.630711343654671630e-02
7.591552728490895408e-02
5.199958062211247622e-03
4.615110292151407279e-02
8.204516885125841263e-02
2.057842425828742064e-02
1.625944698797017127e-02
1.072065103405521469e-02
8.074545237141475540e-03
-1.239789203493869320e-02
-5.266168152437357766e-03
4.172326638182824454e-02
7.836441136120597672e-02
3.623959338712964828e-02
3.650707007460655962e-02
-1.801318780535579936e-02
7.819010318117242120e-02
4.209417061274643712e-02
1.029198816541372630e-02
-1.785359008232547187e-02
2.865578554941108566e-02
8.126971183628887985e-02
9.567547505282381071e-03
4.909296005109566041e-03
6.960018547007577883e-02
-1.065451429620683892e-02
-1.080605385261661916e-02
3.869664305321561526e-02
6.787932306040625474e-02
1.371304898184226226e-02
3.713728471079477678e-02
3.953161890578377191e-02
3.490741383060262659e-03
4.072948179868046692e-02
-9.956882786558627491e-03
-1.215291600791371801e-02
4.000038288313222112e-02
4.204679558102422665e-02
4.177077560184175309e-02
5.336285403402793448e-02
8.319795237302569924e-02
1.612127473491455423e-02
3.605900782131729598e-02
-7.414431350954901398e-03
6.580130527941908947e-02
2.618915745974861528e-02
-1.862262861960983784e-02
4.866097410571589010e-02
4.190801138279822563e-03
8.161842754689065116e-02
8.631564849300377151e-02
-5.666681215722916762e-03
-1.212854114862479092e-02
9.686315585709104337e-02
6.318903436728955797e-03
5.914457058604990353e-03
2.918665413964067687e-02
-1.870381604518076696e-02
5.069051566201145109e-02
2.844130399060207023e-02
9.156148690041937543e-02
4.661430549004026702e-02
5.879034841351152285e-02
5.288731216530571932e-02
1.534459639588085789e-03
9.483061977654931585e-02
5.955777415646153206e-02
-1.682723830759482592e-02
9.506495539352823043e-02
-1.964968686556115354e-02
