1.030014982918584732e+00
1.098200544346165097e+00
1.043924133923910258e+00
1.057089879393671605e+00
1.025054911305894212e+00
1.099879496789108346e+00
1.032958443109769808e+00
1.092481955677971239e+00
1.047534498876148579e+00
1.010240850258941503e+00
1.049408747650236506e+00
1.047919033453730719e+00
1.075059738097034145e+00
1.026066305824714808e+00
1.058064486391550707e+00
1.051692340394387193e+00
1.025328901333142362e+00
1.000714199448291541e+00
1.051183359410350349e+00
1.077641663123829696e+00
1.008582120202751398e+00
1.084946094122279492e+00
1.026060332943331321e+00
1.046109446495720130e+00
1.019986249564246217e+00
1.032196844703984207e+00
1.044081606541421126e+00
1.015253079899727240e+00
1.028963716269886142e+00
1.084678258137939277e+00
1.048812577825553927e+00
1.031101377301269162e+00
1.005580286101268372e+00
1.039537713162730137e+00
1.056353258947055229e+00
1.029910949532861553e+00
1.039276195795529434e+00
1.014684826844954868e+00
1.010417970460291803e+00
1.070846439392163285e+00
1.096393961836086950e+00
1.026038737277546575e+00
1.067032821702419421e+00
1.035749068682314533e+00
1.061373835394321175e+00
1.039947722572895916e+00
1.032472748142190477e+00
1.091250175358131846e+00
1.003259355909750683e+00
1.085836170881729679e+00
1.017336383459941374e+00
1.042976574397078693e+00
1.002700492758518136e+00
1.045100204111258257e+00
1.051503304990326848e+00
1.099401190921638571e+00
1.062903222570706463e+00
1.071144878102365139e+00
1.012784745846573742e+00
1.000440375963466355e+00
1.097855485990970159e+00
1.082178137602495482e+00
1.004816743201106366e+00
1.066308255459366583e+00
1.087197901830903923e+00
1.043484182380592928e+00
1.045565703030976401e+00
1.012790216055085901e+00
1.044896827749670187e+00
1.086228090389258494e+00
1.027567059355046553e+00
1.074232917998050096e+00
1.002835462045807313e+00
1.071757042655799852e+00
1.022601976878581675e+00
1.001863364166522219e+00
1.094678064167655895e+00
1.017113395988551439e+00
1.083654938303634019e+00
1.094587127089936995e+00
1.074161699006261239e+00
1.037215923561334519e+00
1.098092758170145844e+00
1.011398192068224677e+00
1.008873326617161670e+00
1.071752196146363190e+00
1.064778047460687604e+00
1.058403187496034681e+00
1.027158399686476153e+00
1.041172759639225953e+00
1.075058689659368349e+00
1.073921323529986704e+00
1.062761737898447967e+00
1.098465306257241370e+00
1.071271781153544378e+00
1.006913777770689578e+00
1.041664239770902167e+00
1.075125768192037423e+00
1.009471192298340814e+00
1.046143672765446730e+00
1.025470685572152485e+00
1.060618176496746834e+00
1.070141924702046055e+00
1.007065406601747259e+00
1.057097591855899354e+00
1.026888269894066452e+00
1.068904900435194261e+00
1.010995599163186931e+00
1.052899314068905134e+00
1.093524493982039214e+00
1.028162712117249189e+00
1.046772976244130238e+00
1.047500833966027223e+00
1.081663224910738741e+00
1.010854567629334344e+00
1.045600267462732491e+00
1.031197194670695927e+00
1.064675129389167196e+00
1.070387506777821462e+00
1.000003908025459243e+00
1.034816836259563555e+00
1.000321318634326939e+00
1.019585654946859821e+00
1.008800762658137673e+00
1.047124030992956367e+00
1.000354509672404246e+00
1.048535712584623969e+00
1.053108523867579249e+00
1.025024541111374976e+00
1.066650594875079960e+00
1.087265440742849698e+00
1.017011599178454961e+00
1.097177416711556219e+00
1.018480397553620520e+00
1.048741779858299861e+00
1.096680259850341566e+00
1.011537348074102338e+00
1.070419601830399525e+00
1.005785556626180410e+00
1.044764099564185811e+00
1.090966520868309919e+00
1.015537267156324974e+00
1.041015661390485292e+00
1.071436362851781787e+00
1.083200274812993857e+00
1.085601786017890591e+00
1.080221891614320029e+00
1.091494015825127617e+00
1.079173534706069804e+00
1.032687584239421863e+00
1.002015321173818974e+00
1.009849455503397442e+00
1.054478255887172145e+00
1.038871240157803300e+00
1.008094329573384185e+00
1.055116565011129381e+00
1.043137979060852150e+00
1.021699855029137849e+00
1.074023021147193280e+00
1.085435005534429953e+00
1.061882225269765945e+00
1.093126928632395245e+00
1.089816219021186861e+00
1.069054122546752250e+00
1.022364407806118258e+00
1.020763773510862338e+00
1.007338022912038111e+00
1.030046605464189469e+00
1.001254883685992247e+00
1.075550067578521896e+00
1.075766572684459854e+00
1.063859126742980221e+00
1.061657870145241267e+00
1.027000685457977625e+00
1.033671071383280404e+00
1.068625826665290379e+00
1.040186107503380475e+00
1.078905252011908678e+00
1.040637341415684647e+00
1.083738796178448816e+00
1.000028443210510209e+00
1.020107083575999773e+00
1.059711925317616821e+00
1.098754804692650522e+00
1.035205300476791601e+00
1.038584480095631202e+00
1.020879343471997602e+00
1.041957848443118673e+00
1.026314330219963322e+00
1.042138768786829095e+00
1.024450621342015699e+00
1.025585328069617441e+00
1.073651787702953442e+00
1.087650654909588122e+00
1.084594845671476238e+00
1.014565747601929191e+00
1.070073765649956377e+00
1.028630117280679990e+00
1.028504746864159491e+00
1.059262120567843191e+00
1.037715257898247589e+00
1.063810576303085842e+00
1.039501806190759936e+00
1.045898373741191989e+00
1.090578801750569760e+00
1.079051173934037822e+00
1.082186174385523891e+00
1.074506627068408715e+00
1.018630642220779370e+00
1.070793216227032829e+00
1.046710665369575466e+00
1.018579815065425054e+00
1.084439045149380165e+00
1.072197460320417628e+00
1.072108663550158214e+00
1.003838466336515189e+00
1.004986805550220241e+00
1.072302528258715970e+00
1.020741972669580555e+00
1.084846588003100631e+00
1.072428124035018193e+00
1.067699802189950420e+00
1.037006674422287666e+00
1.045869698895671496e+00
1.054694891231558573e+00
1.089217071595979469e+00
1.077693054635025849e+00
1.030321309669474106e+00
1.000409501045369742e+00
1.065988602787105721e+00
1.041831754739763527e+00
1.052751908594707242e+00
1.018377722726362400e+00
1.047169102279870145e+00
1.007306083866639890e+00
1.074678754529939440e+00
1.016723123091997749e+00
1.043789897813536038e+00
1.021627944167216473e+00
1.061327624839788486e+00
1.099032427789517152e+00
1.045409307629041828e+00
1.010673399451402332e+00
1.043061661593573719e+00
1.084851049414118362e+00
1.072438172506817944e+00
1.028813810560137654e+00
1.058930653719150516e+00
1.056907236886576174e+00
1.011286377586460450e+00
1.082788957563064702e+00
1.076380194354743081e+00
1.019639292124136620e+00
1.020476257039759416e+00
1.075250915460545853e+00
1.084160705899633870e+00
1.019766805963289169e+00
1.016577876994814833e+00
1.031062534745119885e+00
1.033255351471332739e+00
1.090021256172751141e+00
1.046304940750240053e+00
1.019723235171817510e+00
1.021536892397164165e+00
1.076490582516235417e+00
1.087641733560521962e+00
1.006981128987807894e+00
1.001945223012216113e+00
1.080098289050033689e+00
1.031030311914032938e+00
1.005976093694676443e+00
1.004792038936697329e+00
1.019472339650093096e+00
1.059771897383277706e+00
1.008822953466240291e+00
1.071750775930165878e+00
1.056084595075785781e+00
1.024480179369593902e+00
1.067600883921933308e+00
1.013400655539878015e+00
1.052216672323583957e+00
1.051687194794378222e+00
1.015617100303635167e+00
1.038201433154319231e+00
1.077457971530268788e+00
1.025159284911778323e+00
1.025453858610826829e+00
1.044835618575286729e+00
1.012424786323642856e+00
1.009224565413836983e+00
1.053220339463956323e+00
1.041495069528325379e+00
1.039898595531271175e+00
1.089126826248326907e+00
1.094588541696255746e+00
1.007387942353564325e+00
1.022651752416546822e+00
1.093715945049122729e+00
1.069514680794984463e+00
1.075344820695227854e+00
1.033979796464425727e+00
1.035810099030478604e+00
1.078733581754572679e+00
1.050409076176772816e+00
1.026318957958930023e+00
1.019562703869235420e+00
1.059151522651318844e+00
1.021346939466671211e+00
1.014062776105673747e+00
1.085242982605603146e+00
1.071971628775791441e+00
1.031638946221402620e+00
1.081960384032597977e+00
1.042302384915898772e+00
1.049162934272076075e+00
1.021047584860966806e+00
1.097705696077719617e+00
1.027567879610406631e+00
1.040039579545130266e+00
1.024954757555815332e+00
1.065947291414994780e+00
1.061605241512789011e+00
1.097156412641908219e+00
1.024122616016452714e+00
1.016069229301864274e+00
1.036289375294892290e+00
1.033094391625605679e+00
1.004438671473574685e+00
1.030783498804854315e+00
1.040458428681128700e+00
1.076008740285665288e+00
1.067816792997622111e+00
1.062729633403497020e+00
1.027674430703107156e+00
1.021260854899404658e+00
1.082584864738812769e+00
1.031328268052441599e+00
1.094881597898205161e+00
1.083719929960522022e+00
1.088213124974374724e+00
1.075559743879611840e+00
1.041106216487075686e+00
1.060030525052424455e+00
1.044600815619832090e+00
1.028682184374861253e+00
1.071556196957392793e+00
1.039582765707645295e+00
1.017423272900479514e+00
1.008120887382727648e+00
1.076251212019476045e+00
1.060295300196192336e+00
1.087003646202805651e+00
1.089492323418952191e+00
1.013676611592607912e+00
1.050301285243721017e+00
1.086851486149775337e+00
1.015393495733895701e+00
1.072090391331121051e+00
1.095512359484704046e+00
1.052262885670383064e+00
1.059147519680646798e+00
1.057468022226280446e+00
1.029489778360408003e+00
1.079148930816126839e+00
1.010192280044654556e+00
1.091202121103534983e+00
1.052512750991276835e+00
1.071343098431825291e+00
1.092585343149589550e+00
1.055430162385537773e+00
1.059982596720485448e+00
1.066544579599902010e+00
1.039306485534590374e+00
1.038894371275581374e+00
1.062486606698789693e+00
1.021794282533793119e+00
1.067356334334256029e+00
1.012428856855427384e+00
1.044144418086453641e+00
1.017989948522157073e+00
1.009807008122417304e+00
1.021629293961202833e+00
1.079839156476075201e+00
1.024853113940199290e+00
1.064153882805880302e+00
1.058460845140343221e+00
1.061390431623331576e+00
1.083451749922855312e+00
1.096014191672069371e+00
1.039624107953757370e+00
1.031123073167234727e+00
1.025609995193600854e+00
1.009245541089359044e+00
1.039036107183290758e+00
1.043435638825490397e+00
1.032950437659311049e+00
1.017933416619531073e+00
1.051737586293757243e+00
1.050707104392024416e+00
1.076698841237622162e+00
1.018474640604063230e+00
1.072761425100323240e+00
1.015234132724688765e+00
1.010305164306344983e+00
1.034943276143158508e+00
1.061620785086178298e+00
1.025372332752066962e+00
1.084415263790826200e+00
1.018396615806900440e+00
1.075591921053200117e+00
1.090296944500914744e+00
1.072887816101373293e+00
1.026379447536263756e+00
1.091288558884890181e+00
1.028874101643218131e+00
1.029272422416231736e+00
1.041383283521846836e+00
1.041494899033760246e+00
1.080225787081220634e+00
1.027648162983563207e+00
1.018238255676234605e+00
1.063654610563887326e+00
1.044303896818933985e+00
1.079024034222072492e+00
1.086454249070718303e+00
1.071010435685862738e+00
1.070935180498577832e+00
1.016841876715618209e+00
1.040145772995204387e+00
1.091926794886805219e+00
1.069307424907483206e+00
1.054382773475024848e+00
1.056539561127258109e+00
1.007592698080231886e+00
1.030737105791364794e+00
1.035919086281396950e+00
1.078460572378642235e+00
1.069567555823710547e+00
1.041106969818098360e+00
1.042713645001467793e+00
1.073941516886359748e+00
1.049650754217342552e+00
1.066892735700042172e+00
1.015782799608103026e+00
1.045562158544779630e+00
1.090991151125843883e+00
1.090440816861517170e+00
1.082535792393375829e+00
1.073977375278267088e+00
1.081631845143013582e+00
1.006383989517843691e+00
1.065333361106252097e+00
1.055525665710781880e+00
1.090641632111428727e+00
1.003000405229894643e+00
1.037102782003574752e+00
1.041115188058373775e+00
1.057903916062881589e+00
1.007349907017512702e+00
1.086639419343915502e+00
1.081415331721818696e+00
1.004159060091604161e+00
1.037628854878422935e+00
1.044438670657364066e+00
1.021235691558949776e+00
1.085950708105952067e+00
1.013433574192520892e+00
1.019710733967199801e+00
1.003465090502978496e+00
1.062434889917132752e+00
1.024826563272804414e+00
1.002308782897045170e+00
1.007951998401472427e+00
1.063872545723678842e+00
1.051574864116924690e+00
1.061142535058460012e+00
1.064135914175514896e+00
1.047898129869877071e+00
1.085661137413723054e+00
1.024026582135890262e+00
1.073429953980789220e+00
1.047656927040486519e+00
1.039049546866480433e+00
1.015757234127903308e+00
1.096756806600184042e+00
1.002422602097303495e+00
1.094001072543372644e+00
1.078161791636803368e+00
1.021800435690390030e+00
1.002841813895345879e+00
1.030235404477519712e+00
1.058734995890727282e+00
1.033860942553708639e+00
1.096375775309986977e+00
1.082690214765586800e+00
1.071643440294726357e+00
1.002667769199758085e+00
1.003008143745421465e+00
1.045974472402618760e+00
1.011600522062341190e+00
1.062732908791735431e+00
1.067667064790044140e+00
1.056791586140062300e+00
1.012454260260256644e+00
1.010778792069763732e+00
1.058440722860547245e+00
1.045974873018112206e+00
1.049051855001213784e+00
1.075926009563611840e+00
1.048408269073257015e+00
1.020149653231484654e+00
1.028046604605594050e+00
1.027168772517062845e+00
1.098165495513642620e+00
1.046392560421464779e+00
1.096290755156486441e+00
1.019159606908556670e+00
1.036735059309195073e+00
1.035278657798465840e+00
1.061374730339287975e+00
1.071134871258032861e+00
1.038461685439498128e+00
1.009481758620121683e+00
1.009308277272747745e+00
1.042920195438818531e+00
1.065887242090927334e+00
1.051887805900352246e+00
1.071150747746535403e+00
1.026111215694660572e+00
1.059098396788914487e+00
1.046536251275972162e+00
1.068370508943168318e+00
1.071290683684732015e+00
1.072467500008619457e+00
1.098215090017226725e+00
1.014848070076630915e+00
1.084625008923784106e+00
1.051145979578328227e+00
1.058261291968383810e+00
1.064631073211725676e+00
1.062461193079610622e+00
1.024651285153834968e+00
1.027903246647106528e+00
1.009166600824620064e+00
1.031115442276134164e+00
1.061700462653488941e+00
1.075307582796786843e+00
1.093932430728031813e+00
1.070873101684409523e+00
1.000602952128869072e+00
1.075837897654907671e+00
1.092713330784673698e+00
1.000711730400931421e+00
1.096402927648156167e+00
1.097493935277992216e+00
1.031042327092682731e+00
1.050086574780116244e+00
1.033095143951727080e+00
1.013057466414073238e+00
1.091329090392208157e+00
1.008972324901369122e+00
1.019478263822411579e+00
1.038477719463805071e+00
1.089546606621154101e+00
1.031308596865145866e+00
1.096336963516789442e+00
1.069402758928424291e+00
1.052096695318197606e+00
1.035826237823860740e+00
1.098841686679314922e+00
1.040191469970711546e+00
1.040427363627525637e+00
1.057088632910072379e+00
1.006702498605354990e+00
1.057724460711017445e+00
1.015373546323589560e+00
1.069680467921590994e+00
1.026940869206450557e+00
1.065097105535408817e+00
1.053375066098111379e+00
1.074222888768292083e+00
1.074768522025275841e+00
1.052504358253366412e+00
1.062210135781642473e+00
1.013837222381559711e+00
1.070727891002303034e+00
1.072245200985157298e+00
1.052933578951192883e+00
1.003684585495938197e+00
1.059082565087080763e+00
1.078837532664825849e+00
1.055839425551182043e+00
1.089364043823395134e+00
1.000072121228003486e+00
1.019356675839340198e+00
1.049540262406699842e+00
1.049034565354772575e+00
1.025693055510408458e+00
1.044278123445381290e+00
1.005324402286545515e+00
1.038312271830960976e+00
1.013797530487098975e+00
1.088106855399759709e+00
1.064858802684718775e+00
1.021435610413776729e+00
1.050207837813962541e+00
1.090235338890655825e+00
1.066282019939535530e+00
1.047498035596455157e+00
1.011660148010959048e+00
1.084696502467679347e+00
1.098002573203102239e+00
1.033538992245422117e+00
1.082138064548420875e+00
1.035783570890966176e+00
1.007310456726496328e+00
1.040640747591260240e+00
1.013289084938177265e+00
1.002440972925447094e+00
1.025321439262161682e+00
1.021639367162727075e+00
1.016763472530636259e+00
1.008675592156820899e+00
1.021272903592720382e+00
1.037145862093605375e+00
1.050667031241809823e+00
1.094863614657971995e+00
1.073638695851961478e+00
1.002490705555067141e+00
1.091364392485479229e+00
1.015946821460924632e+00
1.094610372318401303e+00
1.015965500462268301e+00
1.052934654601524578e+00
1.039980362879477704e+00
1.023383710427978821e+00
1.023189143596829886e+00
1.086705023536769454e+00
1.001475025305219813e+00
1.096919262840168274e+00
1.011907923339604221e+00
1.038620915692051838e+00
1.090123096486747656e+00
1.079194280160175934e+00
1.005856739344709982e+00
1.053568492075485974e+00
1.096378158289684990e+00
1.068330297900602632e+00
1.061091713786423307e+00
1.091273692975160747e+00
1.039172405282082545e+00
1.052886633303478314e+00
1.055690867725480819e+00
1.067962632115513788e+00
1.021146553605934537e+00
1.076036919686439219e+00
1.099092864218164545e+00
1.008371130863011222e+00
1.030400351482978261e+00
1.091006643035554502e+00
1.048441346592168477e+00
1.093077862733751404e+00
1.022141301693006543e+00
1.068360706739126975e+00
1.026939110971137659e+00
1.003113079378735284e+00
1.067233727487293837e+00
1.030880057861961463e+00
1.081013334002232096e+00
1.026342732336815722e+00
1.087853455540724656e+00
1.066055169353932852e+00
1.091213410891126889e+00
1.050084569019421155e+00
1.027861527038151257e+00
1.082851219819564115e+00
1.028501111895382625e+00
1.044531043901949730e+00
1.082404997756700737e+00
1.089806764236136205e+00
1.046062339486750536e+00
1.067238314556292256e+00
1.026292937309469799e+00
1.073271141518272076e+00
1.036432300284177765e+00
1.033053578187052235e+00
1.012185455006159529e+00
1.026432798409141256e+00
1.027653183332098319e+00
1.017749181084786292e+00
1.093331102902729057e+00
1.078362022133122267e+00
1.099952615822265001e+00
1.040854366462303338e+00
1.067860974945640917e+00
1.050683673872386148e+00
1.055376745280703910e+00
1.081367465143681317e+00
1.062201249923192981e+00
1.049158337771789906e+00
1.094708786387204702e+00
1.093103198222288297e+00
1.070960087756126722e+00
1.079226142558705970e+00
1.004236453966647957e+00
1.053640281904247189e+00
1.054551095898321300e+00
1.075196104464274383e+00
1.036034043047884934e+00
1.076387137727475185e+00
1.072943619805235116e+00
1.088366999120427225e+00
1.054770228887511374e+00
1.062007645656475319e+00
1.095407907582833129e+00
1.085206100589183320e+00
1.075430769204736681e+00
1.068341555332945614e+00
1.032011616532220399e+00
1.066231380825824138e+00
1.083824166217949969e+00
1.007635359531422914e+00
1.064836925060428152e+00
1.090738891429790858e+00
1.076001657385309285e+00
1.015600386254962739e+00
1.001779305475797299e+00
1.069708089671547402e+00
1.024017907808364436e+00
1.063845992377058902e+00
1.027724463788656228e+00
1.056054426854109884e+00
1.052307738660199110e+00
1.073010652399025266e+00
1.000728370675967094e+00
1.007192216072084312e+00
1.001117261857888296e+00
1.080817599083131908e+00
1.022119343404532588e+00
1.097212563737967272e+00
1.017118562848718710e+00
1.057650329407783030e+00
1.074734024138479294e+00
1.045523172017374547e+00
1.094460130867825676e+00
1.033628180086513026e+00
1.007149599240809046e+00
1.065251801762917117e+00
1.078282082852206614e+00
1.043579836786321602e+00
1.091263032918187159e+00
1.066914534770184497e+00
1.088198637056328355e+00
1.096238254326548311e+00
1.061394728488507466e+00
1.080599658011939912e+00
1.028721397165959450e+00
1.015176356584596595e+00
1.002158167898016039e+00
1.034139619545694222e+00
1.097879928942699923e+00
1.050810671340397073e+00
1.046516743743353572e+00
1.016876317135281704e+00
1.091318055304319579e+00
1.007998561741012988e+00
1.030692677524893242e+00
1.051349435797528598e+00
1.088740776002184996e+00
1.029231902115593345e+00
1.064712732747879809e+00
1.082177342042883517e+00
1.026435407990209159e+00
1.092567694530502287e+00
1.051842781435194718e+00
1.032390152845790610e+00
1.041359399001686281e+00
1.013052102351474026e+00
1.046290905486987999e+00
1.040102473595410748e+00
1.079640235201903442e+00
1.010114900042464070e+00
1.035136900905516466e+00
1.025029010889453973e+00
1.028302143847112937e+00
1.008398314146508268e+00
1.094834515212159465e+00
1.028945474420993600e+00
1.066099642719701590e+00
1.068532089333357860e+00
1.049040186753924964e+00
1.034100559197667746e+00
1.044415817516399336e+00
1.063829964708524756e+00
1.047103120222748540e+00
1.019782640225794790e+00
1.018312979400389784e+00
1.097293712041128799e+00
1.062656772459408483e+00
1.004313207687528076e+00
1.070807879518510530e+00
1.027291082573098535e+00
1.005240128134930133e+00
1.061265426402779877e+00
1.026518582287520021e+00
1.036131681082330003e+00
1.088352304723903652e+00
1.080621265392714969e+00
1.025439541777675601e+00
1.090376330438631580e+00
1.094636560312473694e+00
1.041732857173725213e+00
1.023320926300087752e+00
1.091859265739796525e+00
1.095572148230298914e+00
1.047833155560896179e+00
1.006732635102432827e+00
1.093629041201228835e+00
1.010108837175619945e+00
1.057072822293319225e+00
1.078746225208448761e+00
1.026977358148589481e+00
1.004872336335897787e+00
1.081563764937177430e+00
1.039244497227689079e+00
1.087398215952288805e+00
1.081557842993734253e+00
1.035683035783125705e+00
1.034835013045466212e+00
1.084655458079185397e+00
1.083426175009040149e+00
1.030177563216405412e+00
1.020097402251971541e+00
1.062964482073838424e+00
1.094292876036788265e+00
1.083652182003329356e+00
1.029611393445539536e+00
1.087592166373847702e+00
1.045486045812548115e+00
1.095794936412161524e+00
1.018833804214891892e+00
1.038848267091719624e+00
1.046460989057706126e+00
1.036121408190899373e+00
1.076903138416362093e+00
1.004707402204919608e+00
1.002009468282775151e+00
1.017135988253135670e+00
1.084749867616896513e+00
1.045681020203304890e+00
1.075614611389148267e+00
1.053300502691302709e+00
1.021114084621361773e+00
1.093956266477533301e+00
1.052533082929125285e+00
1.093086822015867821e+00
1.024746024009177692e+00
1.014961132253429543e+00
1.098631035770705866e+00
1.063558507302920564e+00
1.000770465883761728e+00
1.004474729343737494e+00
1.049066944657170097e+00
1.044218604996946631e+00
1.079113578185793898e+00
1.002461706406711395e+00
1.019377221662355781e+00
1.013923293739627196e+00
1.017165021003067604e+00
1.011298248746981043e+00
1.017461941568269079e+00
1.093007440975091615e+00
1.079075656675789086e+00
1.037786431570056456e+00
1.092251593468667625e+00
1.012990319064545730e+00
1.062520056239363964e+00
1.042953625119933392e+00
1.014329284597718317e+00
1.010803497651580951e+00
1.098067817224571474e+00
1.012801459875876775e+00
1.027742611461906597e+00
1.023417376257972355e+00
1.023987321908840897e+00
1.006915286147579192e+00
1.033541742691018506e+00
1.069230430083306427e+00
1.085241246517727687e+00
1.082661760769007664e+00
1.069318341318364673e+00
1.068466494737615458e+00
1.048747628383590369e+00
1.014664048519904993e+00
1.096173598853151132e+00
1.061648848273895940e+00
1.024656898766558299e+00
1.057625115748611178e+00
1.066716100066798401e+00
1.092295749106412694e+00
1.054621841585853259e+00
1.007287436254976409e+00
1.020626510514758944e+00
1.087906193452300885e+00
1.064256829747136646e+00
1.064655326149770875e+00
1.036300686253245562e+00
1.031565863904331692e+00
1.032401100419082063e+00
1.024976830206534739e+00
1.049485081453470414e+00
1.051699947197433760e+00
1.030977844501478780e+00
1.093156706654373700e+00
1.061634579546917090e+00
1.031070583800594687e+00
1.049225418127358811e+00
1.046585326286316509e+00
1.085972933271015295e+00
1.060887406404454003e+00
1.095594814234648551e+00
1.087543115870946320e+00
1.030055325567058810e+00
1.053145613329751873e+00
1.034234455307616374e+00
1.098764117870225876e+00
1.023227129845941219e+00
1.048491968645614669e+00
1.030078952956827498e+00
1.040105327766438492e+00
1.035909608366196499e+00
1.065832959851330974e+00
1.043352354141787064e+00
1.012485320945215816e+00
1.089770500177735135e+00
1.068006604565951534e+00
1.025482922938310004e+00
1.090681900874632237e+00
1.026562699375934473e+00
1.040308010194852084e+00
1.009656208125031540e+00
1.055215953711059473e+00
1.053308012704224916e+00
1.065816593853348149e+00
1.051568039302075874e+00
1.092770915741787086e+00
1.081496166841399154e+00
1.003603974906869922e+00
1.005757149251506943e+00
1.076650954751329659e+00
1.001699041149209268e+00
1.020750586674294302e+00
1.077522043480127589e+00
1.085138545697398094e+00
1.098853229644709772e+00
1.052531437578140494e+00
1.033472941929785005e+00
1.067320718355190712e+00
1.050735301041373138e+00
1.051134028783896612e+00
1.054033271058752996e+00
1.061237785027682845e+00
1.059865737652512241e+00
1.089790692108703496e+00
1.039067756021663902e+00
1.091020535511603162e+00
1.092923383048080677e+00
1.020720694766654280e+00
1.097897660200727765e+00
1.034204863367930605e+00
1.034264697643547004e+00
1.028962716804511457e+00
1.043706107117216453e+00
1.012293710096382915e+00
1.032130329004961267e+00
1.053464978302264932e+00
1.015315138680269014e+00
1.064493006403735453e+00
1.008181076761296424e+00
1.034623556895951646e+00
1.062908014693080050e+00
1.065007862410913386e+00
1.042557744599154068e+00
1.003013159697649481e+00
1.082349901232532163e+00
1.065808244606901711e+00
1.058349703261554975e+00
1.066443993605271201e+00
1.010292712805280990e+00
1.017161192697512595e+00
1.028579419369138659e+00
1.034806680853524785e+00
1.004019300747807542e+00
1.072703441678177105e+00
1.064863519765600675e+00
1.020643172560942613e+00
1.094020743062337431e+00
1.033701405571570753e+00
1.014963180031942080e+00
1.052372998338707344e+00
