1.079858460498164460e-02
-9.131242159815030485e-03
5.233466293499923483e-02
7.121095149029016413e-02
1.927570019390951669e-02
3.691179364769585358e-02
4.952299916234308153e-02
5.280126807416724022e-02
4.934477581818848269e-02
8.403571423737758728e-02
5.607144221325070788e-02
3.102882244883846743e-02
1.511912969965627587e-02
-8.876750817167291391e-03
9.578514545958101423e-02
-7.234611287289740775e-03
7.667166991601807868e-02
2.353424878370393228e-02
8.389578626983829057e-02
9.053490617320444911e-02
4.655847825217294955e-03
6.303663240028697934e-02
8.019731686772865742e-02
2.611297186787423300e-02
8.234320402095349212e-02
7.941552512493103844e-02
9.435868669338323689e-02
1.962805164951023432e-02
9.383019083344296130e-02
1.170723054720177944e-02
9.788228121788861147e-02
2.283639114729356726e-02
3.240598260539763464e-02
9.763220083882230560e-02
5.186161389304722036e-02
4.432797133060741024e-02
-1.676377610331420548e-02
4.763063545188482573e-02
8.926244947459831269e-02
7.085105116492423916e-02
5.692015959657992230e-02
2.931726099302870911e-02
8.073664742060737004e-03
4.276494388929778789e-02
8.054700655593394210e-02
5.088091441461504993e-02
4.477317942010979046e-02
-1.668452662964706873e-02
-1.356355034688837800e-02
1.038528307588046373e-02
2.097619219393595871e-02
3.957306777801551656e-02
8.467697617221259937e-03
1.012592360297513358e-02
4.135903959387426942e-02
1.268927343355124790e-02
1.761282023971916591e-02
6.601593905221463110e-04
3.079689936031316036e-02
-8.108650662280458138e-03
5.396341022469477999e-02
9.446327361640127762e-02
2.404588256481087968e-02
2.797478620365611776e-02
-8.933410977279660978e-03
7.851395044274817048e-02
1.399067715285584254e-02
7.118268928993319589e-02
6.990105725415564353e-02
5.296769544210787328e-02
-1.779760139042901174e-02
6.094921256809322785e-02
5.904882295731682385e-02
5.051263089801848183e-02
1.616310253719905818e-02
6.407386796441971732e-02
4.406737815502430322e-02
3.432375933729296669e-02
6.620415064839886565e-02
9.244875670846026960e-02
7.566244086793724732e-02
1.449483794519913424e-02
7.319727904494664761e-03
4.983424124298402313e-02
7.230222652554156582e-02
9.470454051078883162e-02
8.248409976736716109e-02
2.841115327863616771e-02
3.800233017411945580e-02
9.142294389032587509e-02
3.555530237753695699e-02
3.403590003639853090e-02
7.165051970564842443e-02
1.356485609683287172e-02
4.913667036272331701e-02
9.021586824571417584e-02
7.994138480652533685e-02
4.306226149327872788e-04
1.514608746066662195e-02
9.882606058397193360e-02
6.201824519446332007e-02
-1.299532632784007602e-02
4.020933923088580719e-02
-1.333686020834153226e-02
6.687960171484899630e-02
3.351919320648821810e-02
6.534499596204740302e-02
-7.559858492892299053e-03
7.375459372702315719e-02
9.027313471339575013e-02
2.648238582607712402e-02
6.799501496340618067e-02
9.747224164595652551e-02
1.440933247481758842e-02
-1.554546085654522417e-02
3.976062264547138014e-02
-1.316288843620940646e-02
-6.164596688908660638e-03
2.676419891881894400e-02
4.340828355872712596e-02
-7.437134600664405126e-03
-1.269012498078189027e-02
7.710743781657246332e-02
8.815756347348310817e-02
-1.801314199839209804e-02
1.154921480071959342e-02
5.353428229242675196e-02
3.037584033067303527e-02
-9.740396501528074402e-03
8.970962879682625735e-02
5.659604925340314119e-02
2.419651085627628345e-03
4.035227103599485499e-03
6.424323223285338669e-02
1.077844815412781765e-02
-1.340061063275956380e-02
7.060509326154600085e-02
7.774393136202843724e-02
3.004185624360142595e-02
7.518074373760105789e-02
1.078897572493603060e-02
7.923027000081039883e-02
1.045826782309011022e-02
1.382266949319129259e-02
6.659818806553205461e-02
3.954077340355861836e-04
7.387569888828822429e-02
4.439431226591526725e-02
5.217256888257093550e-02
7.480389190644301523e-02
7.858140357833617862e-02
1.565823613283815266e-02
4.995782378964808146e-02
-1.316783060325605464e-02
9.835379048179988815e-02
7.779441134696342408e-02
-1.278877742464418904e-02
-8.905042043758224640e-03
7.741164228861359409e-02
5.995326405693418570e-02
9.529011304707525609e-02
4.018161441881031026e-02
8.381649755469187946e-02
1.507061491781720372e-02
7.861230684063880148e-02
4.477822450164668788e-02
5.275809619224644531e-02
2.005827355798063885e-02
-1.140935015218651899e-02
-5.366370545815589421e-03
5.189710706309139110e-02
1.501811452178116596e-03
2.293244894164939499e-02
6.717688236832143611e-02
-6.333689565524287107e-03
4.014536141868341179e-02
-3.521653360277089001e-03
-1.548214127538822052e-02
7.855914599642443985e-02
7.761883093786293986e-02
4.400114367028230833e-02
5.102379100138357271e-02
-9.229444481183958840e-03
2.669375662909890742e-02
7.531057121237316743e-02
7.976093011480789308e-02
4.452143584269158127e-02
6.376048214902022004e-02
2.367169987326046485e-02
2.354660344527072582e-02
7.112164531593979933e-02
8.116192393531142940e-03
1.633638970672459181e-02
7.585315968751109306e-02
3.375464981706544076e-03
8.152414312391473294e-02
8.528078971826028032e-02
8.240582819070116360e-02
2.992404113247075850e-02
4.514800057419583734e-02
4.837352452270925196e-02
5.880277453880347616e-02
5.032821131776293866e-02
-9.123889540416265168e-03
-8.910410999943952845e-03
-2.913845610361780192e-03
4.094972505620363135e-02
1.716675280925007360e-02
2.770817354069570262e-02
-9.527347820843487178e-03
3.169632490372956135e-02
4.613653868478052866e-02
9.119466947113602506e-03
3.254532316757262345e-02
6.266493468224611230e-02
6.014616454340795948e-02
3.682490780486606663e-02
-4.561342804527378225e-03
7.453074446171778500e-02
9.895844369253099793e-02
2.034741487160392562e-02
9.378512574523985290e-02
3.330537899883022346e-02
3.679693362450400795e-03
5.913424051891549849e-02
9.283262746816216271e-02
5.528166143467813654e-02
4.806307076037273640e-02
8.460144492611779143e-02
1.359733991311465329e-03
1.175320566361296934e-02
3.427397781421527567e-02
-3.742781438132579408e-03
2.085386633817582283e-02
4.901795779986263535e-03
-7.579604840104243318e-03
1.798254807968097807e-03
3.281286976709425762e-02
1.614853060740672683e-02
3.348578163482619774e-02
9.482006973729965871e-02
6.998270220354135818e-02
9.799237707745039883e-02
5.246312887207327247e-02
-1.513042008804155528e-02
8.566768148006269346e-02
-9.903944221747841906e-03
8.450286333870678929e-03
6.120094803972599140e-02
6.831343092640912440e-02
4.230831614479381442e-02
3.682327580049474247e-02
7.485447375349722765e-02
3.371733060568908591e-02
9.718050825417144656e-02
-2.359496473763569163e-03
2.711729005155552250e-02
7.337742595450895411e-02
-9.029666052937031923e-03
2.823546342098584225e-02
8.853731283461226814e-03
9.786871009599473759e-02
6.442550280096187576e-02
5.228376197368145989e-03
9.341014301981660772e-02
5.068811030130702944e-02
6.789524541491621934e-02
2.205900085586492629e-02
7.396372636850941096e-02
-1.382641059014642904e-02
3.237538849408398700e-02
-9.489408895271193509e-03
9.648665084079854903e-02
9.570069655924598462e-02
7.986924741620535229e-04
8.144288164022822629e-02
9.557902501232003190e-02
2.684091386336960247e-02
3.768320357554730965e-03
7.461473157984248317e-02
9.631071711287986226e-02
3.385597370710277665e-02
5.842741072330955021e-02
2.876804335976310481e-02
2.109679450287163180e-02
1.196881949365553519e-02
3.760143058975866370e-02
9.520191688251382345e-02
5.758542021906693648e-03
5.106274808671749932e-02
8.361767449465529189e-02
-8.493000701281746764e-03
1.988407774468717651e-02
5.430879177242645128e-02
7.795515310400899511e-02
8.317558989211600029e-02
-1.228568132047059072e-02
3.384869021719814908e-02
2.072138637434768962e-02
9.847374476738729454e-02
8.625414891119212446e-02
8.759364266900740437e-02
9.889755380266425366e-02
3.185843576558880508e-02
1.267154538178133158e-02
2.581843765871868687e-02
3.236207719670133875e-02
5.608360531663370008e-02
-1.141229545153045477e-02
8.869597629898912095e-02
6.331133773347459581e-02
2.569197599347597047e-02
5.959367132629458941e-02
5.699375735235030771e-02
-1.857417575403287266e-02
-1.209169403580219980e-02
5.068753829355787666e-02
1.009057838451311515e-02
6.411929608710638384e-02
8.406563295209001918e-02
-1.221034454777441061e-02
7.121582924196549758e-02
2.432426762540153969e-03
9.043616422901221141e-02
8.682824502628959384e-02
4.610132485691183224e-02
-1.672588718899345114e-02
7.777715551907737890e-02
9.064793451169224359e-02
3.125625622652149216e-02
2.010495179501585114e-02
1.498750304279859377e-02
9.674003112441430241e-02
2.657056754101316462e-02
6.310064538591465821e-02
-5.019896891618070428e-03
7.694542442754752354e-02
8.203709450881183085e-02
-1.144580251312209140e-02
6.572969499354291978e-02
-1.005892317310762805e-02
-5.812503393695864218e-03
6.411864930322030975e-02
1.812463888289501598e-02
7.856422977586749457e-02
7.603578010105374596e-02
2.339278670256741618e-02
5.453081174781940210e-02
-1.235553432683641345e-02
4.464556008601310022e-02
3.956193412143703403e-02
1.792059722036819583e-02
-1.426200166563925884e-02
4.614746847707264232e-02
1.604064259416875665e-03
-1.344584108739917822e-02
7.962344429217836639e-02
4.079584596679428077e-02
5.980990680899633816e-02
1.079533448929755404e-02
3.486724896433049392e-02
6.333443015190064196e-02
5.955827364152005421e-02
1.330915112857933638e-02
3.862358751549246905e-02
2.001547218584030438e-02
2.465675189229471834e-02
1.332298070045806124e-02
7.100410545006877183e-02
-1.894445336508293956e-02
1.877399507941307152e-02
3.755933682167052201e-02
-5.981052328690238812e-03
8.976769973177714523e-02
5.131911541447710390e-02
3.650992524820059759e-02
6.531830047689912710e-02
4.621763981008594757e-02
4.192481626639560366e-02
9.196577928113067180e-02
7.841771767833909113e-02
8.002941179255035342e-02
6.167454051259582681e-02
8.078940476577045615e-02
-7.061095300146593215e-03
-1.137830742569863503e-02
-6.307413068527311859e-03
-1.020178372695050399e-02
1.215391971272880220e-02
7.414966822284280168e-02
4.425849677551624284e-02
-1.773188676605164452e-02
5.021006626576417220e-02
7.946301985835090009e-02
2.309443956277542828e-02
1.394452119414506600e-02
1.192835382569887651e-02
7.404910203429217186e-02
-6.949014680675666758e-03
4.062627508641279694e-02
-7.721673345214891473e-03
3.769627078300163969e-02
5.880577119121660479e-02
3.984353583839018303e-03
4.736816605256348456e-02
4.460120055631476566e-03
9.233249613547254986e-02
2.595006524814771551e-02
5.233725530536775805e-02
2.688420226017972092e-04
2.487313534033270060e-02
4.663716940063566962e-02
6.720436175227229025e-02
5.374553430646338004e-02
3.776351266399770312e-02
9.934344569416288240e-02
8.647435691799369717e-02
9.041532794508345960e-02
5.899840150850502174e-02
8.374374875804947715e-02
-1.733165610059984527e-02
5.972117596448356380e-02
1.218258897336286714e-02
8.205611271962867659e-02
6.808148870529129315e-02
1.182018746837659381e-02
5.562235135004831021e-02
-6.123637707766076133e-03
2.713871109390376610e-02
1.624692701099810302e-02
4.344812325091043648e-02
1.758214895271992956e-03
8.275205963883829063e-02
6.322508873911651672e-02
1.210997380581935873e-03
-1.464099997435248587e-02
1.622213749298273902e-02
8.943525037798918942e-02
6.791181918198903322e-02
6.741259379510820826e-02
2.008128844384521675e-02
9.173479352024384303e-02
3.736954207606131562e-02
-1.555496314316111295e-03
6.073231209519273921e-02
4.407240958399927244e-02
1.707258224923874010e-02
4.837468097146803425e-02
7.051274959811462684e-02
4.909211294576663887e-02
4.938532205741109904e-02
-1.929580637215051048e-02
7.435128418909109360e-02
1.202726231427614020e-02
-6.210630048493096661e-03
2.509372270235617555e-02
6.487879749263776585e-02
-3.631675643596694175e-03
9.582740984502610693e-02
6.585151166862178440e-02
6.500014600355057126e-02
5.654145515593696214e-02
5.883013195225557379e-02
1.257165758425609139e-02
1.519260912397481927e-03
8.355019431921982542e-02
-1.576172153534226988e-02
9.604976744428402047e-02
1.657256198752142182e-02
5.044605095615622981e-02
7.580257334433225525e-02
1.937482860944842247e-02
6.820051680512938252e-02
1.680202288661753265e-02
5.524850439438477867e-02
6.837829947973732281e-02
-1.071899858400998488e-02
-1.246801534961754047e-02
-1.177879815262886792e-02
1.577190606021472083e-02
9.489463453173342666e-02
4.945451410549438209e-02
-1.093077817434374988e-02
4.677003827092229837e-02
2.113068018072717172e-02
3.101170269550365330e-02
7.397301938941371058e-02
5.358271939848813226e-02
1.873048759222330564e-02
7.281352536900229100e-02
4.008310525647122702e-02
4.698733638695032355e-02
9.407823816566510122e-02
8.052548176988334749e-02
5.899878296792880616e-02
7.045172676351642294e-02
4.805087718088425774e-02
7.965410830361784045e-02
5.522785236036754919e-02
-4.031403718848879103e-03
