1.091046110040365669e+00
1.037670928220139066e+00
1.006211427207416520e+00
1.069215769076208078e+00
1.001389800002787656e+00
1.085977242172828205e+00
1.091146122648802841e+00
1.040264224877303079e+00
1.040786880494048772e+00
1.091962106568408641e+00
1.059043707471017726e+00
1.001507943086771713e+00
1.014592058207752778e+00
1.055494629396954043e+00
1.023964672213371729e+00
1.088142900820447734e+00
1.002946600175752989e+00
1.006928228964930616e+00
1.029015454411617014e+00
1.065824141826320570e+00
1.000408238891882240e+00
1.071092159079375605e+00
1.046382910897845298e+00
1.010409447086447532e+00
1.009470470777700468e+00
1.093766209454185567e+00
1.020048404594576352e+00
1.089335989274670569e+00
1.007591731900702170e+00
1.085558808321471780e+00
1.045805897062700218e+00
1.069989956054350655e+00
1.055183390445673330e+00
1.087489494046471439e+00
1.076095714296243511e+00
1.078149532486133655e+00
1.060354035196781064e+00
1.084970503552308285e+00
1.032806370717175959e+00
1.076238571916723563e+00
1.057737703551164588e+00
1.009713764697689475e+00
1.072993909070353080e+00
1.024379464426374398e+00
1.046151449330948946e+00
1.033145191673411567e+00
1.074218694632190552e+00
1.052114512589175099e+00
1.090226206694341338e+00
1.062914500548508778e+00
1.050306394774204177e+00
1.045290136284063420e+00
1.057260947156445585e+00
1.088801612355521753e+00
1.032900384480866185e+00
1.038763236038673377e+00
1.004420383374628578e+00
1.056624156607573140e+00
1.039730467623651844e+00
1.002016835598364075e+00
1.043366197491362390e+00
1.003690482513769133e+00
1.070644409882579140e+00
1.048966068118122763e+00
1.032985064300070865e+00
1.035172852236149188e+00
1.082364139253648938e+00
1.089107011219372811e+00
1.043013202948077645e+00
1.017146874983637650e+00
1.093216201860784054e+00
1.089989891561406132e+00
1.018050236229129935e+00
1.023060685877285492e+00
1.065040769193994041e+00
1.040847635717385034e+00
1.043239591396997401e+00
1.047296714145541596e+00
1.061012871174635608e+00
1.077789351259222927e+00
1.097418889907463946e+00
1.018618858495390578e+00
1.065535476567527562e+00
1.018910364476762531e+00
1.058401105940949494e+00
1.004217223778863355e+00
1.096502527549812145e+00
1.019712724160252160e+00
1.033129140606706020e+00
1.019547514568150959e+00
1.089738811579349376e+00
1.076974725125732002e+00
1.026804774930717201e+00
1.054898144091710011e+00
1.083010412663038657e+00
1.009260583410487966e+00
1.039029887039535804e+00
1.060970573796252925e+00
1.031513147943771580e+00
1.041728378339348948e+00
1.027864789134426804e+00
1.001848687786788261e+00
1.070563142198831308e+00
1.058239582929423772e+00
1.068229198280107539e+00
1.033998704608766861e+00
1.014275000063091348e+00
1.028588918366869498e+00
1.055843056239009314e+00
1.008559216005097348e+00
1.087048850476287853e+00
1.098327510432433041e+00
1.007654774845002654e+00
1.020392869380479572e+00
1.070762613231764693e+00
1.064825081927064598e+00
1.064206266528960443e+00
1.020577497301438319e+00
1.003819591206996487e+00
1.090388765287510831e+00
1.080421097060539237e+00
1.074223483404782353e+00
1.096190241393131037e+00
1.023591075657443783e+00
1.024465944116223381e+00
1.082035049883242284e+00
1.026654388480583879e+00
1.084942685277877628e+00
1.034735999158173270e+00
1.075153143859869154e+00
1.065383977300334628e+00
1.037443888256217361e+00
1.085150318367639866e+00
1.084893221717202261e+00
1.099122300108881012e+00
1.067721447708640525e+00
1.035152172800509751e+00
1.091357919403937116e+00
1.089584619838745105e+00
1.029808695707256305e+00
1.051579708051973094e+00
1.062006858711977086e+00
1.036387063987188828e+00
1.022367503955820212e+00
1.095712621442638035e+00
1.093825098661036499e+00
1.037722353479160198e+00
1.051347578626748103e+00
1.068256655681879552e+00
1.099776863378143954e+00
1.072263662153229768e+00
1.043048600970763795e+00
1.019164683119794468e+00
1.096784503486053719e+00
1.096098165777249056e+00
1.010190857066606496e+00
1.053666630818332006e+00
1.056425367017621353e+00
1.022775309939644828e+00
1.042217552274294246e+00
1.047648738610866825e+00
1.089025966613167196e+00
1.046227765705895152e+00
1.023184408522371358e+00
1.057204199919719256e+00
1.028083984449811972e+00
1.086132346819131067e+00
1.053558008365556908e+00
1.079578922515099793e+00
1.019872372189570386e+00
1.024919208637010470e+00
1.024882089009369057e+00
1.052789805061280282e+00
1.036067211640047780e+00
1.015949187623965244e+00
1.000147617244928400e+00
1.056557293360490535e+00
1.009741378873467488e+00
1.075706878191781346e+00
1.089401053037639011e+00
1.087182780732121046e+00
1.034851657849781059e+00
1.086432381538939396e+00
1.008478438810250788e+00
1.003966276691754755e+00
1.044573844028015230e+00
1.027614745220194692e+00
1.022666164809948430e+00
1.023856741775908574e+00
1.013033577933200258e+00
1.039793838006571658e+00
1.099884764782686819e+00
1.003326056478131889e+00
1.001004811136356087e+00
1.035242473658188667e+00
1.008516961801093403e+00
1.065343813787719807e+00
1.075080985098474162e+00
1.076862189157869354e+00
1.097621379313783896e+00
1.003078990752551691e+00
1.074327524206852624e+00
1.047739651562209939e+00
1.075058912897536745e+00
1.034385398418400825e+00
1.032224050049512787e+00
1.037756761934665706e+00
1.022774771192076715e+00
1.081385823537537094e+00
1.054307704515519140e+00
1.093617567441937277e+00
1.018817927704896986e+00
1.091083409049425246e+00
1.046666473464076486e+00
1.083434331065876277e+00
1.045763117795604380e+00
1.027791636146814680e+00
1.015494859050235954e+00
1.073972939283647010e+00
1.019518077485543683e+00
1.019746431289092037e+00
1.021974767596599332e+00
1.062197932557488622e+00
1.095749972587206633e+00
1.007909034749502775e+00
1.021413089541842512e+00
1.093518760945289436e+00
1.020890332285562696e+00
1.038539752424946228e+00
1.051485301608654721e+00
1.098879429254710161e+00
1.072795894932353500e+00
1.013117296402357148e+00
1.037470812231428674e+00
1.064074536012536987e+00
1.075749261893564235e+00
1.010275475484539554e+00
1.032716644566798347e+00
1.061181417396574345e+00
1.054940032969555963e+00
1.085474062513207771e+00
1.010023814903509232e+00
1.088401090194810683e+00
1.097343905949770271e+00
1.008148432339100786e+00
1.032361906374732241e+00
1.031985448903410818e+00
1.085672725833297436e+00
1.013808846543860609e+00
1.057067170210632900e+00
1.039706060407072918e+00
1.003039965885962337e+00
1.075776378356647189e+00
1.021199498726759192e+00
1.082676924000465668e+00
1.086722420872151762e+00
1.033255577611532416e+00
1.036068144621550502e+00
1.082622649749643395e+00
1.057847461073809558e+00
1.062086940379815658e+00
1.092989243268148503e+00
1.040760254025534071e+00
1.023592178048979395e+00
1.090834710970761456e+00
1.035113080137529229e+00
1.061654793735563818e+00
1.044272318679425160e+00
1.045257036894035041e+00
1.082036557958740985e+00
1.004937711164838987e+00
1.064701154815119066e+00
1.093222589082654794e+00
1.092870060091926554e+00
1.007134202602105510e+00
1.013697980776721019e+00
1.085921836518373595e+00
1.064820379667926753e+00
1.074905409230160203e+00
1.009684347130605619e+00
1.079940543739948300e+00
1.075292691302034864e+00
1.012606061967252113e+00
1.094665505158141094e+00
1.024235641240568206e+00
1.086534237657518887e+00
1.068958508784841444e+00
1.049516643860156639e+00
1.005985112930142256e+00
1.063651861878009086e+00
1.062510367368524555e+00
1.087776612832217937e+00
1.005978150837117502e+00
1.060023753718792872e+00
1.075010378765160146e+00
1.085139392394705471e+00
1.027511593534286671e+00
1.060715546880685700e+00
1.090227651507134965e+00
1.069616441739863255e+00
1.042937221146937432e+00
1.085106431649788927e+00
1.050978728555028718e+00
1.038780503766090435e+00
1.067806845931583482e+00
1.003848687025177266e+00
1.001983500113391434e+00
1.033091904426029828e+00
1.040820661140653192e+00
1.047016881071310967e+00
1.011640689951477823e+00
1.063441193469290447e+00
1.093571402699287987e+00
1.034413768700287228e+00
1.023963812137256513e+00
1.027410321489950595e+00
1.099738227795370227e+00
1.036939729575333535e+00
1.004719819029165739e+00
1.073435040843685684e+00
1.002665905624869014e+00
1.002222084262222035e+00
1.070934623913160966e+00
1.077249546064904528e+00
1.089153797233507470e+00
1.058209858978619522e+00
1.099440935973065248e+00
1.003072724666671522e+00
1.017181457698653757e+00
1.061020578773840928e+00
1.064839518843270882e+00
1.076762228514797748e+00
1.030362543540807474e+00
1.041846149486103545e+00
1.011168827364156142e+00
1.055136289053191234e+00
1.028566619632923507e+00
1.024228184209833747e+00
1.063064562428654547e+00
1.011601006101258360e+00
1.036274810215085829e+00
1.042168608865968071e+00
1.069400134334388852e+00
1.050767351487209789e+00
1.024865021662159981e+00
1.092901857370592866e+00
1.036383103160214647e+00
1.076976605630456163e+00
1.028906012063329989e+00
1.003654477877836015e+00
1.051343489928540764e+00
1.017550845697816619e+00
1.019031295529791548e+00
1.042438346235454283e+00
1.062474679667916089e+00
1.012427032205843735e+00
1.059763563374373163e+00
1.088949555755872822e+00
1.030842837527677247e+00
1.074183085042628827e+00
1.064549927269549556e+00
1.097719153580345219e+00
1.010857871948898090e+00
1.049824206408294103e+00
1.028608752766762002e+00
1.090798226259929837e+00
1.023843159498720290e+00
1.056315302226119357e+00
1.003521138151479697e+00
1.048213325125423534e+00
1.099994331054356289e+00
1.065687368670671153e+00
1.074744923930282647e+00
1.077323060030088708e+00
1.025784774187042059e+00
1.021158706306457553e+00
1.036557015634601786e+00
1.077485230418572471e+00
1.092927161052054785e+00
1.052134898183582523e+00
1.003312892445988203e+00
1.012891841869107523e+00
1.002029590243013857e+00
1.096350940806913643e+00
1.003556612674693538e+00
1.013633156897473242e+00
1.084538385475190658e+00
1.070977221248177402e+00
1.086649844233482431e+00
1.044880213024576676e+00
1.061175048238677032e+00
1.058484587612559258e+00
1.022698469235908680e+00
1.023652181307840969e+00
1.055458204526658728e+00
1.039105073338877361e+00
1.056092655700363370e+00
1.084708528232305014e+00
1.080413994075028583e+00
1.028529833814874062e+00
1.080784871685109616e+00
1.019268538537442703e+00
1.004762226211801002e+00
1.048695811765546937e+00
1.079708174947630939e+00
1.025376153913835742e+00
1.072258642997245826e+00
1.026285499320483741e+00
1.032534717520733780e+00
1.018735422816189784e+00
1.072688884335207149e+00
1.076731130083758758e+00
1.032318985539555589e+00
1.029984723911422817e+00
1.053023969736532228e+00
1.064701775908102110e+00
1.073020517693533016e+00
1.031474643037489702e+00
1.001321239996453061e+00
1.089631208779223037e+00
1.046792839688204024e+00
1.092236290341465299e+00
1.005296679902550450e+00
1.064625695741480582e+00
1.073337277511695165e+00
1.090221933451301473e+00
1.042462427658256141e+00
1.027114953737870318e+00
1.052456923137135014e+00
1.003683544358267898e+00
1.021625615880773275e+00
1.098157455652968295e+00
1.025782903170587179e+00
1.053908845119541304e+00
1.004769162521657044e+00
1.069016915627263309e+00
1.088096104077068693e+00
1.076803766302265597e+00
1.045380017043830323e+00
1.076443179099425551e+00
1.077578998552016776e+00
1.023415726805921633e+00
1.079185668890503047e+00
1.052661019187950187e+00
1.084755357443661694e+00
1.027907627546582159e+00
1.030261051165977992e+00
1.006589958070384982e+00
1.012275613224525417e+00
1.065446174818083014e+00
1.061284857526895831e+00
1.042182800188852454e+00
1.059699026438714275e+00
1.065380582496219697e+00
1.097774801562421576e+00
1.039880445237634010e+00
1.047276684891325749e+00
1.038681008550047302e+00
1.077149007191752883e+00
1.063521036562735222e+00
1.043031540927193523e+00
1.054274170423166401e+00
1.038472851362273408e+00
1.086539095666621879e+00
1.023863069617248822e+00
1.075629701863551890e+00
1.064840748711823659e+00
1.008272439807776477e+00
1.017210317120746277e+00
1.022101949824279155e+00
1.000755035120322267e+00
1.095353606401146651e+00
1.091177417594891619e+00
1.040467926253858977e+00
1.099254996390355954e+00
1.073796094233755438e+00
1.013764015682546038e+00
1.007013628945776063e+00
1.007623470138438337e+00
1.020799768784297790e+00
1.099342794220729225e+00
1.068470868961843401e+00
1.076941176366638331e+00
1.040317207523814735e+00
1.086876750511501344e+00
1.063569655946813741e+00
1.043267887738145827e+00
1.041559834505263460e+00
1.077775617817958498e+00
1.023267803672031073e+00
1.034385145377603843e+00
1.091425605216560069e+00
1.060946667002561794e+00
1.090651627307942073e+00
1.058988505673166047e+00
1.043827739643828689e+00
1.024144978275505435e+00
1.031579247529850640e+00
1.000518532933595051e+00
1.096595032619547494e+00
