5.898874729307070075e-02
5.536923442953062269e-02
3.914183806788799902e-02
7.626894411684000119e-02
2.394044050640358259e-02
4.888456331916765651e-02
7.239812266563602772e-03
-6.463221421060318453e-03
7.781049437419909620e-02
7.931271866662063796e-02
-1.016119666493480074e-02
3.333889837613254747e-02
8.366779917045980008e-02
4.466752143565352884e-02
8.631300095939171968e-02
7.317422766362301212e-02
2.812072654012850656e-02
5.592582755795431904e-02
2.858250038201997148e-02
8.269892563625556858e-03
-5.806496888447844340e-03
7.903717919202482567e-02
1.609877412676471650e-02
5.161007898049342624e-02
2.259196820028491412e-02
8.838776790744946876e-02
7.563126204335263170e-02
-5.469077094510889706e-03
8.132960779537831697e-02
2.409738570257046950e-02
-1.580381545189891296e-02
8.841369953387741981e-03
-1.188585168405351111e-03
3.761696033125773442e-02
-1.255884306091031508e-02
8.482990559326633595e-02
-6.779697830373283482e-03
5.835253429135424386e-02
-9.501262777549975697e-03
3.239581614223265016e-02
7.887432833436762436e-02
4.134973196961652664e-02
6.471721263521403034e-02
5.646874451649190607e-02
7.053706150042832190e-02
5.715910587954135813e-02
1.744073105219974204e-02
6.278910115543283321e-02
4.011489606609876246e-02
3.231590589291581661e-02
7.384451403484974807e-04
8.472205262962798078e-02
5.060596330952256416e-02
2.802503585333102412e-02
7.317229907479219642e-02
-1.151359369193021009e-03
6.969161050026075055e-02
4.833651054436979844e-02
-1.733270405473174430e-02
6.580520813425307092e-02
1.206673389180171543e-02
5.135026311179578806e-02
2.989791809716761325e-02
-1.551320422411224184e-02
1.311833455466333495e-02
8.184029328859065977e-02
5.740790442901734514e-02
1.510899223062509011e-03
-1.350391747378426772e-02
-9.899034434071739622e-03
3.791529787861810941e-02
2.613241022751678147e-02
2.402638839550024288e-02
4.238711386421005478e-04
8.690056284672015297e-02
7.641914463800884849e-02
-1.960024502274597749e-02
-1.067308514095662540e-02
3.702510813331195971e-02
5.771953982996114174e-02
9.464684852715039842e-02
3.170623354388570070e-02
1.429962295971577355e-02
-1.512168919135102596e-02
6.802345694339632931e-02
4.876232054428197848e-02
5.282300368348397113e-02
2.934209122364537722e-02
7.899688255758612054e-02
7.531722803124693555e-02
1.305724448476512992e-02
-1.969485921893836602e-02
5.195072735651866391e-02
5.886050002507763057e-02
2.046482782932898883e-02
1.813553894046041406e-02
-1.464801719495165133e-02
5.260035501463525276e-02
-6.461295964363301600e-03
7.577885223471562959e-02
4.311005345891120999e-02
-1.249867906777585302e-03
5.280708341516639204e-02
5.807569863765903173e-02
9.463221391640433411e-02
6.919077696749299788e-04
1.799756807851323956e-02
7.525077279913172656e-02
4.405753277397192469e-02
8.371049183183709719e-04
8.748882553278947150e-02
1.939974448075683019e-02
2.126499706581601659e-02
9.212751079086745065e-02
8.856314739177900686e-02
-1.863763246116088151e-02
1.806031721980691160e-02
4.248247591960439828e-02
7.882436462976283309e-02
8.770791798469872169e-02
7.682977268796913062e-02
4.964727459882492533e-02
9.599123222429878366e-02
8.538369796562932101e-02
1.441196102667569381e-02
3.215992659518188135e-02
-4.550620869442413910e-03
4.850735143864108589e-02
6.425361272316901240e-02
3.954945865561836083e-02
9.998637688653781719e-02
-8.016076829467375445e-03
3.162927139967405821e-02
-1.230610330784037004e-02
1.470901805686536043e-02
6.441212762814045589e-02
-1.685134402468827647e-02
2.764881969446825530e-02
5.320060956114952555e-02
3.470307756476741223e-02
5.117217115273035855e-02
2.175094035196112330e-04
1.467142594130084118e-02
-7.820424064787227098e-03
9.023438445394264817e-02
8.418637223666193548e-02
-3.337460129513372675e-03
-3.127306718742537545e-03
-9.557068660404092683e-03
3.107210447279462953e-02
-1.509224881556046893e-03
1.545108884081158873e-03
8.565042565263064622e-02
2.670996641432519733e-02
-7.362177131693039417e-03
3.587825846245923378e-02
2.667362218812526289e-02
5.474232439524011340e-02
8.727950961597255586e-02
7.054525749328330320e-02
5.898317827987227535e-02
8.955766556364420927e-02
-1.046830517796307029e-02
3.443573441210892594e-02
-7.422210803874914817e-03
5.331225646238763050e-02
9.260954547046275354e-02
8.376351114497310180e-02
1.788457511811254383e-02
7.518976791022645434e-02
1.961628574700903863e-02
1.656269404534078601e-02
1.600140011705622478e-03
2.254995004368739661e-02
8.072030049812992103e-02
-9.653040412242965343e-03
7.948414667121350696e-02
-5.738430708840964317e-03
-1.873611053609905430e-02
6.947362110705446875e-03
4.543308233521284323e-02
-2.108776198382032729e-03
1.452684518066419891e-02
-1.531863639509054020e-02
9.804433793542137454e-02
-8.290373882323606725e-04
4.638228738822050556e-02
7.403609589522611167e-02
4.640973077306158323e-02
-2.593706661014296561e-03
3.147647052356462860e-02
8.830612020375944171e-02
5.800064097027164689e-02
3.941889131707788929e-02
1.272504050086486690e-02
7.971172127399436813e-02
6.539317410717340739e-02
9.585737723602030802e-02
-8.135841075039621645e-03
-1.803357823346556088e-02
4.827910092258852481e-02
-1.225797641649197314e-02
3.094010873365124828e-02
3.384474485659330623e-04
2.641066419819869046e-02
8.941686252053333839e-02
4.735649745424826140e-02
-1.815414305437689640e-02
4.049098631132434789e-02
8.910346695072771106e-02
8.658646301842960746e-02
6.317738136685108197e-02
4.244082141594225643e-02
-7.181476793193825731e-03
9.495786608945118445e-02
4.612545103088878939e-02
1.742058535734429883e-02
6.829361259047787847e-02
-5.196302112834646006e-03
-6.537297256350022012e-04
4.728848569619763242e-02
-3.911272056914882889e-03
-1.865375280586325374e-02
3.550370228992753840e-02
2.818029006307962506e-02
2.745032733543354211e-02
1.453882116403209038e-02
9.492418556976238431e-02
6.442992425450232152e-02
5.200667674587887424e-02
1.883817163533703723e-02
5.326448407123209050e-02
6.653876389037129135e-02
9.880049302714347115e-02
8.018951964064255367e-02
9.837749264812394034e-02
6.174510017126456918e-02
-6.968233587691212427e-03
-1.395374048136384555e-02
5.836637051844063839e-02
7.819909605051453272e-02
4.847937645911380711e-02
3.219580992269424624e-02
7.577410352870177224e-02
9.993371827202927882e-02
-8.270103447382406298e-03
9.241395445799611974e-02
1.189369967215412119e-02
3.843280901948481487e-02
9.273495791783568920e-03
-9.982459271495177852e-03
-4.410099740755612022e-03
-1.257445177577313361e-03
4.431178305492924907e-02
9.130497475269112873e-02
3.771593175111236096e-02
4.974120945310203656e-02
4.992580677541283429e-02
7.408657330233024002e-03
-1.213160359533156304e-02
1.330109153849514877e-02
-1.518671219366671786e-02
3.929636632666554108e-02
9.306772438680009640e-02
9.896783188849560264e-02
8.750717139916952547e-02
3.502875548113740245e-02
-1.809083877237222318e-02
2.901318144049746042e-02
4.415755173479378459e-02
7.156528878042107966e-02
5.190617123432120228e-02
3.956547354579783432e-03
7.188639889596979554e-03
7.539193135832282511e-02
7.307947820957490237e-02
9.923359720049944321e-02
3.093764438338974729e-02
4.219170328234840561e-02
4.533700048933214655e-02
2.336391385596330375e-02
1.554774948735096821e-02
8.487780590746059339e-02
2.260768252040454632e-02
4.127329714700804508e-02
3.254204047437851688e-02
3.349697227791094412e-02
1.463582828768886582e-02
2.402882498003932818e-02
6.263797491392195799e-03
5.440523911910696842e-02
-6.265844004981023854e-03
1.035477636531802192e-02
5.256312261691330201e-02
3.905948325167411805e-02
9.250851188541640846e-02
8.768168265753560620e-02
9.930020321827587315e-02
1.965420700157371678e-02
7.439756327009701409e-02
1.048477666959428053e-02
6.198557929168616032e-02
8.094564858526536594e-03
8.495467553211827338e-02
4.549995704656953355e-02
9.708512067037608495e-02
3.444481612494715295e-02
9.363695954444598013e-02
5.493922680786725299e-02
9.213497475219833976e-02
-1.206470925051889714e-02
8.309993537677801134e-02
5.481209284823443384e-02
1.503123605637877655e-02
4.153654050186490754e-02
8.899091657621900631e-02
8.116853771687304597e-03
4.261193678189752199e-02
2.165489986806090270e-02
7.495210742288692385e-02
-1.844368244503759302e-02
8.093081971220436599e-02
1.798845444223165849e-02
8.797645354216511449e-02
9.585904256639965482e-02
5.398496927312342042e-02
7.906645348191318479e-02
-9.170130257187056669e-03
4.175813434501920995e-02
9.483613991548994759e-02
-1.083004567499751443e-02
9.469451432770940869e-02
7.320646026430925601e-02
-6.450597861321516469e-03
2.738154225224797081e-02
1.024414590795916929e-02
4.673518914354526932e-02
-5.015001713554062893e-03
6.304124636768682066e-02
8.093130143908910945e-02
2.272043435394109287e-02
-1.340980847580390371e-02
-1.718755865163910587e-02
6.118346077146979978e-02
2.988938629109212999e-02
7.713281730806446912e-02
4.717576118194487245e-02
2.210329118003955332e-02
-1.325673636851468218e-02
1.175172974204552814e-02
7.373572728867770765e-02
8.760961333045373667e-03
1.087955510232427314e-04
-2.358355701668517906e-03
7.652054015509363039e-02
-6.300561297992701357e-03
3.750848924620066305e-02
5.945444267539819194e-02
9.462689316773265080e-02
-1.464166758344088472e-02
9.069309978707265629e-02
9.834739809841538949e-02
3.237935757374640899e-02
2.254664359695840101e-02
5.602954166471148245e-02
8.260741991778317028e-02
5.847335600084757612e-02
3.273495494683016649e-02
-1.117157351798344321e-02
1.015807405521194570e-02
1.051718907941855477e-02
4.205156407068675467e-03
6.210834583479635240e-02
6.845271338920931592e-02
4.511921299969498533e-02
-7.112562993521689622e-03
6.208892982377189895e-02
4.613639008894852844e-02
-1.565651938182897190e-02
-3.377904162060074711e-03
9.517658515866868341e-04
3.643197837021502905e-02
4.893461665688775275e-02
2.522426261754105725e-03
4.484199466052496419e-02
3.067061265720507496e-03
6.432869891423245723e-02
7.257356382476265466e-03
-1.737624241943009837e-02
-1.865747759071900713e-02
3.305828783605167798e-02
2.318572983499301091e-02
4.115043193050245407e-02
-1.522571432835755773e-02
3.295575396343873587e-02
7.957441830004807759e-02
9.741808932488270345e-02
9.001845378912683160e-02
3.006731425970788490e-03
8.822052949701097990e-02
6.575482021682833161e-03
9.148471012836674465e-02
1.093963499760236546e-02
4.838526300982255723e-02
5.824853193344260716e-02
6.542434599843847953e-02
1.657171745345471445e-02
5.045540451672766991e-02
5.814701480489262164e-02
7.069172094097322945e-02
1.324118437091029513e-02
9.847178732599264073e-02
3.539891057472459301e-02
3.754544465232592665e-02
-1.839431786021972215e-03
5.026136406300811543e-02
2.963094988969149080e-04
9.279360331779130944e-02
2.358888128689996463e-02
9.866021120439677494e-02
6.983185786081706758e-02
6.164239915748712106e-02
-3.803286768456985018e-03
6.285922120299336502e-02
3.790945911360901754e-02
1.451062622167500690e-02
-7.399600604408747978e-03
7.906120063790693375e-02
8.860671051749348381e-03
2.066394740109033304e-02
1.844225883350178105e-02
2.180567274849428902e-02
-1.751235414156139189e-02
5.266524670651513695e-02
1.170330254648861354e-02
9.485000494691744888e-02
4.515561018065766818e-02
1.319613270913955541e-02
6.224579095511548199e-02
4.342550371209186189e-02
9.993501412850765153e-02
5.102136230061513067e-02
4.279078115012471817e-02
6.644220276359251443e-02
1.319046070277158159e-02
-8.148499370712620343e-03
-1.144709651463460612e-02
2.491627311871827052e-02
8.860492904391616131e-02
7.954878087631074568e-03
2.884715416914947553e-02
3.536489684746971229e-03
8.402925751627057793e-02
5.869057879185161919e-02
7.597556902129683210e-02
7.777451349067307507e-03
7.640907021459479587e-02
-1.399698443616920369e-02
7.458971922816785838e-02
6.701356244441274146e-02
1.016637241636838065e-02
6.556904892013383501e-02
-1.807416117281354651e-02
3.807514861994232280e-02
-1.967312701884927489e-03
-1.648790124423067660e-02
4.299563935005216997e-02
5.629323906933738492e-03
5.022279136437282632e-02
2.121015891790913391e-02
2.310637827432293276e-02
4.686597317752951020e-02
8.234661290917615062e-02
6.420888844726063693e-02
7.536262473436045051e-02
1.875917028867207445e-02
2.889419686361758069e-02
2.004798855125631760e-02
7.094085789760734562e-02
-1.647337052468153193e-02
4.549795970176312432e-02
5.973823237675583708e-02
3.560863537673894519e-02
6.072147363225556538e-02
4.905092032703435578e-02
5.962574074383207579e-02
6.279185770703336888e-02
9.936907721572556251e-02
5.577698455024826529e-02
6.199705339136933613e-02
1.067898503945233224e-02
2.134488098413182475e-02
4.049895339607263722e-03
2.487765196955973521e-02
4.232199334326348927e-02
9.903465030709657224e-02
4.918260585957964781e-02
8.352283223620748931e-04
5.768360560648226609e-02
5.377108873900278418e-02
