1.089096770592557384e+00
1.052015860160292027e+00
1.040839409527848591e+00
1.016248558940038293e+00
1.030858616288040430e+00
1.014972262192450181e+00
1.088374543529125882e+00
1.065567040845874613e+00
1.022186882194127566e+00
1.024977847571064249e+00
1.072959255338848950e+00
1.096638355513393392e+00
1.038976477803229326e+00
1.036739721905826084e+00
1.095633984784604387e+00
1.013616676877385325e+00
1.013685104786684832e+00
1.051820510068030234e+00
1.062359969546700533e+00
1.088005200125563565e+00
1.034438382416505986e+00
1.008370488502337903e+00
1.070612846652761130e+00
1.080797157673266673e+00
1.057247527627084516e+00
1.034162661493116975e+00
1.075894108997666798e+00
1.005775427821271162e+00
1.000007656609205098e+00
1.005588402547206828e+00
1.056535890027661795e+00
1.077159695470221612e+00
1.009016379011921538e+00
1.042470587469226384e+00
1.003471282073439053e+00
1.003146024249911061e+00
1.063834465883492619e+00
1.063329661008165949e+00
1.011292432261160057e+00
1.035638946728978382e+00
1.037040734252655083e+00
1.065482598935591829e+00
1.093185023582521120e+00
1.055787405516327659e+00
1.039679122853983895e+00
1.036757536711040650e+00
1.088597926271565486e+00
1.051677668185628134e+00
1.074781005516594723e+00
1.040859442731992379e+00
1.086379744417581561e+00
1.075093499507410844e+00
1.017951981984955401e+00
1.089246041762638395e+00
1.083003828242352418e+00
1.077137180909152336e+00
1.045882673968709042e+00
1.036254228399511534e+00
1.010746893383518419e+00
1.019237735361256059e+00
1.037607152179725878e+00
1.079956923254296042e+00
1.021197770710150721e+00
1.017092678933923411e+00
1.002154840881545050e+00
1.096646330767800936e+00
1.048152393117959047e+00
1.093682911320623896e+00
1.017555761935775793e+00
1.069408498323442647e+00
1.005295799977734550e+00
1.054610378856508213e+00
1.003751449298871945e+00
1.059982591836474919e+00
1.073295160370460799e+00
1.078361685258877767e+00
1.018526713213854240e+00
1.052512459950050161e+00
1.034944739438000916e+00
1.068834612451615040e+00
1.065530540929715109e+00
1.020569362658556578e+00
1.018175649314895903e+00
1.011876364408221152e+00
1.071140345310795272e+00
1.034979379760446516e+00
1.055331366724931774e+00
1.074840184573665258e+00
1.030397702809463079e+00
1.020756891875887584e+00
1.063771205772114037e+00
1.055422436257963392e+00
1.040057993265786074e+00
1.086083322748431446e+00
1.080584878739279997e+00
1.025631205513190425e+00
1.078039094417790000e+00
1.037857832388656476e+00
1.022732376102610141e+00
1.018405209958067825e+00
1.082623342421062729e+00
1.029250676876986903e+00
1.047799261032589024e+00
1.070332592311578290e+00
1.040550154123217386e+00
1.011856256698954626e+00
1.067485670103648587e+00
1.066263309405699022e+00
1.090584141039280919e+00
1.060616431773713675e+00
1.047835994392843695e+00
1.088044081406123187e+00
1.057640629648821884e+00
1.069190709815198481e+00
1.065047111062341179e+00
1.015863066536973225e+00
1.027140006651400705e+00
1.087461216756359761e+00
1.085839370258708581e+00
1.063288486329946547e+00
1.054045360282164001e+00
1.090165430558719839e+00
1.098945159793425219e+00
1.004355757080676481e+00
1.072379727998604704e+00
1.032238699430202411e+00
1.088844975060265341e+00
1.012704980165266555e+00
1.002445960963119997e+00
1.043924452708453021e+00
1.085036120297540707e+00
1.078892169399271905e+00
1.036884358189590349e+00
1.085598254169528598e+00
1.084170291929637431e+00
1.059220846443160280e+00
1.020437897400738203e+00
1.052475720751239407e+00
1.070221448825046773e+00
1.032365280692876919e+00
1.038919971025783484e+00
1.024396405391736486e+00
1.071466112940955284e+00
1.018970880195420259e+00
1.097996495936155448e+00
1.093093607539067591e+00
1.077280334466629519e+00
1.023698418752885697e+00
1.053610938466768898e+00
1.079279582542743920e+00
1.010640174418505399e+00
1.093427583313777207e+00
1.043848743019580194e+00
1.011086424826247443e+00
1.074296596627498435e+00
1.051543103545216074e+00
1.075586963086755832e+00
1.079772233125276815e+00
1.053191104742367434e+00
1.044341010340195552e+00
1.072994289936143097e+00
1.049979800446033007e+00
1.018171345332005373e+00
1.070510178130624768e+00
1.070292500134240488e+00
1.085027350274907709e+00
1.065978383653054307e+00
1.026417082256950497e+00
1.016555931329892637e+00
1.076160116692452817e+00
1.002455017055819964e+00
1.096645680016110402e+00
1.031305592250269187e+00
1.003694414558714332e+00
1.047547986108112061e+00
1.075729008101834916e+00
1.027997996862142438e+00
1.014523453340231862e+00
1.061122303106634801e+00
1.041549438216669676e+00
1.061529828785397367e+00
1.006199892186652400e+00
1.080108333186513114e+00
1.083533627126142873e+00
1.037179994907817759e+00
1.059203956951469738e+00
1.043574723976373519e+00
1.041722276509143175e+00
1.074847587972074914e+00
1.082688780972020037e+00
1.055505378410473538e+00
1.060615686826005266e+00
1.016377693185747333e+00
1.026055346891505904e+00
1.094084743621738909e+00
1.097983693924456938e+00
1.038324321520981419e+00
1.039675513315992061e+00
1.010793259151293810e+00
1.048922752590198293e+00
1.049165055004574132e+00
1.098852041868372709e+00
1.011639727562646751e+00
1.088927372567604301e+00
1.033045376882870681e+00
1.098774468502305979e+00
1.056508503848366587e+00
1.069285395021326135e+00
1.014066504912410682e+00
1.083508783652732177e+00
1.087631565874420891e+00
1.063632699117970759e+00
1.091205807149111973e+00
1.074279062165320653e+00
1.088907404712992966e+00
1.080905370597255111e+00
1.046792950710907277e+00
1.092989221508095188e+00
1.030842283975916152e+00
1.006556474334873830e+00
1.090581296935486888e+00
1.013125794060641960e+00
1.055640169162502806e+00
1.086282124069433364e+00
1.076551716749781118e+00
1.039820455839506774e+00
1.029673952708667573e+00
1.084083783316362348e+00
1.056062679098155987e+00
1.026105447411156391e+00
1.095708439177716098e+00
1.007721602721732834e+00
1.015201314860005644e+00
1.071388927376846656e+00
1.016955576791962468e+00
1.015119475003964489e+00
1.042108959270985125e+00
1.034547579920412907e+00
1.041483057621417352e+00
1.056506331410676403e+00
1.027818300860206868e+00
1.008046867271674918e+00
1.059845399218616535e+00
1.049245910976339236e+00
1.014764541241631957e+00
1.072261561300961397e+00
1.051985877521278256e+00
1.023100563680666708e+00
1.062880857376976129e+00
1.060860617153195129e+00
1.026823891552813839e+00
1.052879382940313358e+00
1.011702568930901824e+00
1.037928002857433141e+00
1.032606532892732076e+00
1.067194962328398944e+00
1.062459117338588221e+00
1.076847371111348206e+00
1.017697611645636657e+00
1.059058260814740304e+00
1.084976648619443207e+00
1.082664513872970247e+00
1.027206499702618236e+00
1.005314167477464160e+00
1.071792884300814430e+00
1.061636989023907907e+00
1.034251401653968561e+00
1.061821139357974397e+00
1.097046461800530226e+00
1.071635194038393690e+00
1.020491120349757530e+00
1.021431040590173644e+00
1.066180512246226897e+00
1.026792877018392058e+00
1.065131943926322489e+00
1.004204681687466350e+00
1.044469548367182865e+00
1.013168006797247500e+00
1.072886490575192475e+00
1.074474158271880642e+00
1.043577565104584437e+00
1.074459213155423365e+00
1.008868952018712184e+00
1.021961208776395402e+00
1.040903975190208497e+00
1.041033115174054613e+00
1.057684420500607958e+00
1.045722528514065219e+00
1.007041537595436687e+00
1.062923764796080306e+00
1.040633247088786240e+00
1.085923152785752466e+00
1.033368309427634912e+00
1.076899627810616655e+00
1.069301260630329820e+00
1.096133957592378749e+00
1.013343539154245576e+00
1.040464202486374834e+00
1.077425186812013269e+00
1.075879367335778047e+00
1.048443519793013312e+00
1.009122992899577964e+00
1.064937586706361294e+00
1.033378575826051859e+00
1.015279032534201820e+00
1.067617220500143516e+00
1.085109102859500574e+00
1.015836905964025316e+00
1.062538938738297967e+00
1.049973573715908159e+00
1.083244642025088522e+00
1.020360366383971540e+00
1.039746156707379132e+00
1.023613772133250555e+00
1.088123233685811098e+00
1.024721677439159651e+00
1.081153387940364530e+00
1.024098865847738349e+00
1.010317547390383153e+00
1.086003885686964932e+00
1.023982632682628902e+00
1.084676387000259146e+00
1.052142286006174876e+00
1.055316752272567049e+00
1.012445213725279958e+00
1.091509644208377594e+00
1.036931426508411302e+00
1.058676955967491784e+00
1.034467688750418723e+00
1.081908269116041321e+00
1.050206320991989628e+00
1.091974306759182944e+00
1.034784711381492306e+00
1.004774978141563802e+00
1.005056019174657811e+00
1.078357281141198554e+00
1.027222882792381053e+00
1.022229561298399148e+00
1.055858634505562277e+00
1.027611947724145214e+00
1.086592891530365756e+00
1.054762554851383261e+00
1.021814652537961221e+00
1.069237924529558237e+00
1.008008213525741326e+00
1.085489945579203974e+00
1.008197937135811850e+00
1.093509448876344825e+00
1.049354474895343392e+00
1.048163445921000747e+00
1.005659451055173070e+00
1.027004260464352114e+00
1.042958711719253584e+00
1.009224608665265421e+00
1.020375995980759676e+00
1.069133733190960500e+00
1.055071284554976341e+00
1.089661394292458230e+00
1.029855389412961397e+00
1.075413573143078061e+00
1.085558913733811970e+00
1.013658496576224310e+00
1.058557867043125045e+00
1.032449449008568276e+00
1.079209165438603568e+00
1.039139966220442801e+00
1.001754983794783449e+00
1.039733874578721018e+00
1.090236762121859826e+00
1.079766549346479643e+00
1.066706284015734862e+00
1.040832687065130768e+00
1.086235603748172407e+00
1.067548158530400082e+00
1.050929335813495014e+00
1.024143492929367794e+00
1.078315377933559027e+00
1.080519972133501705e+00
1.042277819852735599e+00
1.028931952155357044e+00
1.002768651920241227e+00
1.084863487372684565e+00
1.073443770437383593e+00
1.015193851553801041e+00
1.064064392021715211e+00
1.002446499265736923e+00
1.021469191045070612e+00
1.091320810466977376e+00
1.060357950435736551e+00
1.030412421617439289e+00
1.096505252537600672e+00
1.076524908842960704e+00
1.065824400531541372e+00
1.025659334434012804e+00
1.011507623028819802e+00
1.053209620799248958e+00
1.023191113127365881e+00
1.091841884168360144e+00
1.036606174515814383e+00
1.078486256035218860e+00
1.043625784372048448e+00
1.040654213252072413e+00
1.000139619481336783e+00
1.097006465084883642e+00
1.078497319349175365e+00
1.060725863831253335e+00
1.033412701114909904e+00
1.047851583863988800e+00
1.049086854907498756e+00
1.045399290923108238e+00
1.059357434165102863e+00
1.034206245159825066e+00
1.052920239268131164e+00
1.048535791487604785e+00
1.077085144042078335e+00
1.078758203782948621e+00
1.015383688529516881e+00
1.047708073611549828e+00
1.040915809404912684e+00
1.011365738774901102e+00
1.080843628397192946e+00
1.099418087635121610e+00
1.044975843779179403e+00
1.081421942470701003e+00
1.026000827092640177e+00
1.065818864173034841e+00
1.073073832343668821e+00
1.007031624448726514e+00
1.086902882638755896e+00
1.039117429722629771e+00
1.055970043896306887e+00
1.031009238764249547e+00
1.006734948953337927e+00
1.076088137254328947e+00
1.078619964142685017e+00
1.014279304774038160e+00
1.058363603184338197e+00
1.090220956619635029e+00
1.019433018684973824e+00
1.029448936413150939e+00
1.030274098067028188e+00
1.012677675619792161e+00
1.049786221047799284e+00
1.057771939584902787e+00
1.030138622871391796e+00
1.076417304923521279e+00
1.043617928980473009e+00
1.090601451752616358e+00
1.059767972765407018e+00
1.040437185238646478e+00
1.066897942432325275e+00
1.049570228222962642e+00
1.013387408354456731e+00
1.073959175178391456e+00
1.085272883968571023e+00
1.050335286473629948e+00
1.047871966242882591e+00
1.042776705724909325e+00
1.028362255648513024e+00
1.004041090664710811e+00
1.054538103068614729e+00
1.091538648876781981e+00
1.065075573614103321e+00
1.016281948719410577e+00
1.049504943881738095e+00
1.069698785266139041e+00
1.061386607408181915e+00
1.074783922637559952e+00
1.022082535186627839e+00
1.052203729931544540e+00
1.026961950483524566e+00
1.068210614530680003e+00
1.074690977556505889e+00
1.062277482683232632e+00
1.094699212691880863e+00
1.018597647906162917e+00
1.094345471835197925e+00
1.085098155585672242e+00
1.036047394429792101e+00
1.023840605932380576e+00
1.029243912202211231e+00
1.043052101272403887e+00
1.035653037826811840e+00
1.062704422525593939e+00
1.013447313578512032e+00
1.055761588820510299e+00
1.059225339703391722e+00
1.050054223635127792e+00
1.089206759704409277e+00
1.028181311383116192e+00
1.041554196890426720e+00
1.008516322813280075e+00
1.023790909343627042e+00
1.087351662976278499e+00
1.066922907626694172e+00
1.023730788921787482e+00
1.065781265086418239e+00
1.018172745913971555e+00
1.042582096908507561e+00
1.029873071866994616e+00
