6.173216003016758491e-02
9.072587491143129651e-03
1.000158268534259709e-02
1.748670985869419173e-02
5.164499537200020751e-02
2.038196990088904023e-02
7.010106758740045074e-03
1.092870764134258252e-02
4.342377830546226281e-02
7.721966910712735332e-02
-3.996203622047313220e-04
-1.317950544170895175e-02
4.465621865060115381e-02
-1.173523325836498162e-02
-9.194245656796641575e-03
8.792661712892980985e-02
-1.611531124501541096e-02
3.132367471794753055e-02
8.598445599163320741e-02
8.849174657861956506e-02
-1.912790548474687172e-02
6.713563949531663189e-02
6.881589575346531984e-02
3.369543957913306853e-02
4.809802324182644445e-03
4.907798998198924234e-02
4.180988689203196662e-02
7.131961589204013907e-02
-1.211742870125265270e-04
6.503340957835913871e-02
9.542287685716889512e-03
7.029524554356231247e-02
1.225889156343499056e-02
5.847595525659079335e-03
3.752857022481921601e-02
5.899919307518845801e-02
7.778883013302988203e-02
6.385242536033547411e-02
2.298979821016467959e-02
2.186605330314389875e-02
2.630317843102338363e-02
8.871511966533336679e-02
7.891800074522664632e-02
3.103682813505105956e-02
2.657426826814251672e-02
7.667438873652701603e-02
5.216607286341846950e-02
3.870338469250207691e-02
4.563920026390164142e-02
1.960066772577083102e-02
8.239677026591632480e-02
-1.157202395818665575e-03
5.608202841316593801e-02
7.969251973727949079e-02
4.040099617124059961e-02
3.456617554716352736e-02
-8.627751227219850050e-03
-1.913212997672951443e-02
2.879943265040138881e-02
7.346237798611819636e-02
4.117793577047861031e-02
7.757430732942453833e-02
5.225264226456617644e-02
-3.720235024444327326e-03
-1.949399998755971253e-02
-1.351623517786896059e-02
4.994590667886329716e-03
9.505765473812678723e-02
-2.867816674965162349e-03
4.958224191926481617e-02
4.964198352610786624e-02
8.046443530474525763e-03
3.280967011734695071e-02
8.342712883984998440e-02
3.473931928203442820e-02
7.597210599744899651e-02
1.594971957657847703e-02
-6.541827190730641409e-03
3.169304315163112840e-02
-1.589099469385845537e-02
2.650726224805739425e-02
-1.529861596265555922e-02
-8.470963827724581341e-03
8.294026228267893652e-03
-5.943308934067456639e-03
3.933348222963682639e-02
8.083877203108268128e-02
-3.009017673880932942e-04
8.254827236035384985e-02
5.458102329335248748e-02
-1.434742243559336203e-02
-1.505708382241512100e-02
2.970863246781228414e-02
9.872113260661684320e-02
8.760410298654629224e-02
-1.728842628430388856e-03
9.439949342322442871e-02
7.997905130803795171e-02
-1.282296895453494470e-02
9.944811321311929075e-02
-5.411227275139282242e-03
3.983916935462197828e-02
6.978278402367700528e-02
2.688349907895067406e-02
3.843179916630257154e-02
1.872651071353465327e-02
5.391020702175686186e-02
2.469133269492846186e-02
4.844445377186133717e-02
3.723722764872133134e-03
8.089928690481811013e-02
-5.969577436453897545e-03
5.436210558118467762e-02
5.547246775738441660e-02
8.924236880008949713e-02
6.999952632639726280e-02
9.006267372581684694e-02
-4.045643858546298099e-03
4.082643537668678713e-02
9.076566575938566084e-02
4.430921513309156456e-03
2.708784427052453661e-02
8.432539363980702529e-02
9.390665217808506771e-03
4.943904069937442303e-02
1.553192478894139736e-02
-1.253913774131283805e-02
3.586787568578433949e-02
1.643463264327462217e-02
2.448484314488286531e-02
7.118652749332268770e-02
8.616212156212194051e-02
-7.690731494437198779e-04
-1.306796533766882429e-02
1.132510352748877444e-02
1.717823193482598612e-02
1.181538243712241740e-02
6.307534314278540055e-02
2.707491336614433614e-03
1.357392828626127410e-02
5.809543832996913459e-02
8.921445439278429673e-03
-1.707475233797168396e-02
6.796830417842607275e-02
8.203598677397767880e-02
9.974165343463668731e-02
8.877941314924264748e-02
7.725235468219078527e-02
5.826320416436485405e-02
9.186733409095899916e-02
1.253358516561272132e-02
9.708816086857151306e-02
6.772399329200402829e-02
-1.516645161683973821e-02
4.140803332433692918e-02
7.226046050060368209e-02
6.642495469658753204e-02
-7.093126999068662814e-03
5.085896300541725701e-02
6.424417826073904048e-02
2.676952699768710489e-02
3.332781245636091960e-02
3.387918853466800884e-02
5.776146156333164527e-02
8.023452543321601960e-02
6.231113655926752426e-02
8.556503592064564068e-02
1.755446560463646763e-02
2.654673275060859608e-02
7.072960096883505743e-02
3.025329736986650739e-02
3.576630959337498417e-02
2.675677433186600743e-02
5.565004880577636981e-02
2.652610384781956335e-02
8.686447546086836780e-02
4.184730180494738300e-03
4.297931033769894493e-02
2.994327043045401718e-02
1.985747755731830447e-02
-7.859827923415822759e-03
4.398672936244255038e-03
9.473622928423305889e-02
5.456033364557875964e-02
1.394179846055594238e-02
2.267745110123259647e-02
3.591654293625409777e-02
2.083801472836020394e-02
-2.209218992913517671e-03
-1.132745643245764572e-02
3.586903447071622397e-02
7.924052542615378503e-02
3.620432966427736265e-02
9.595120009385606219e-02
8.268941658925126059e-02
-1.862423543197125678e-02
2.084298135680121358e-02
-1.625556287119813564e-02
-1.552436410636826893e-02
5.083301633669946862e-02
-8.540178372722841138e-03
2.588568163069850450e-02
1.832410076344659008e-02
-4.867610826006689775e-03
8.359198275765566954e-02
9.501918709654960660e-02
2.437114157972607512e-02
2.444567653967833973e-02
5.759455364959392698e-02
8.323999039725873961e-03
-1.525289538908181433e-02
-1.838707783925357456e-02
9.731480116583018924e-02
6.803660225602314870e-02
6.489203937133616179e-03
4.590277698920404437e-03
-5.943431861741709996e-03
4.371608122144082093e-03
4.725154359704716173e-03
-1.508363422283738250e-02
-1.683121039950885231e-02
7.350016712360366022e-02
8.145557994998195439e-02
2.799717318726529028e-02
3.736026901304960457e-02
8.378309269397563736e-03
7.004830854725159484e-02
-5.201343546713433838e-03
4.990523089499484394e-03
-1.618914195882622739e-02
8.864585024223765874e-02
8.070305376494707472e-02
2.892757461568907368e-03
7.231178291740046615e-03
-1.838968053454243662e-02
7.491376969122087726e-02
3.725724338345512421e-02
4.226257360838463206e-02
6.327082739945376344e-02
6.840398147002059448e-02
5.117061840996106614e-02
6.956819148162587951e-02
9.538662806404742123e-02
3.809720726424696557e-02
1.315200884151579083e-02
6.787902236561228764e-02
7.250823872312198159e-03
-4.475744925266575414e-05
9.357450841261236163e-02
4.524817951177814712e-02
9.278709763045887848e-02
-3.736563160981812987e-03
1.075542593455288548e-02
4.388414182026835475e-02
5.878501500328070506e-02
2.849092015091304539e-02
-5.080825368482656465e-03
4.946153251215997665e-03
4.835108979592026013e-02
9.666068716764711355e-02
8.462898688480947895e-02
-4.125854214303247003e-03
4.758901617432670372e-02
-5.397964410867541266e-03
4.708417253334214181e-02
2.982745837871635455e-02
8.092692140444311677e-02
3.634214068326303837e-02
2.163797816451230524e-02
4.059051321964693426e-02
3.855986694949506410e-02
7.062607131465278854e-02
4.322105956758283407e-02
7.235615707901457000e-03
3.557123293328013497e-03
-1.872628521090948309e-02
7.326403798025778180e-02
2.176710260813383493e-02
-1.466811152824117753e-02
1.732823392484816524e-02
1.793718334176780740e-02
5.649653362435415327e-02
5.549650832241621867e-02
-9.513792422283579714e-03
4.219818787059842480e-02
-1.509442407391926866e-02
-6.886992537922334914e-03
9.205607715565739674e-03
4.189724573377288930e-02
5.057252456130144347e-02
1.253687990273722255e-02
9.777322785229974889e-02
-7.551557235438837237e-03
8.245229355109645608e-02
1.600256798294450930e-02
-4.010310794956520319e-03
4.921748406600726100e-02
4.296569862668461748e-02
6.853877902797420041e-02
9.675441272826316996e-02
6.443645903964777266e-02
3.405372107117934921e-02
6.601195168123166757e-02
4.450528390278414570e-02
-3.126856088438146469e-03
3.398109624156610276e-02
3.634954046049163057e-02
3.943586693530136411e-02
2.116282893381309441e-02
9.075464075792290947e-03
4.593038198842372410e-02
8.368701042458039779e-03
8.031598034530805508e-02
9.334720859925298153e-02
3.798840141016560784e-03
5.914745730873487151e-02
6.762248796257874783e-02
8.097746980272439721e-02
9.733460090353396321e-02
8.840795671181199411e-02
8.822765819109831820e-03
-1.157169015423682897e-02
5.100004100327612533e-02
3.637225382014307173e-02
9.783507908484753712e-02
2.898559443713451603e-02
-1.333941223245565730e-02
5.163544263599206818e-02
-1.810867740131727466e-02
1.124774208802195585e-02
6.171824733573945398e-02
1.626881661837241075e-02
5.028467181311634115e-04
-9.401366802432760406e-04
9.681237547358997886e-02
8.248912259958847415e-02
2.372151554735237380e-02
4.514427396626598255e-02
6.545101715611399695e-02
6.350582806978587180e-02
7.979200483078391359e-02
-8.233390632428347691e-03
5.292380850642712520e-02
9.039271691941806741e-02
-1.229354277248710485e-02
4.726509072490207852e-02
3.567819759975857097e-02
3.023974881017049698e-03
6.578508307646493969e-02
1.557562246007116250e-02
1.266352731836263568e-03
-5.727808019092613806e-03
9.430690511024637790e-02
2.900439775691890029e-02
6.697388715289032124e-02
7.127418948069386140e-02
5.294540372246095417e-03
8.503400054971105293e-02
4.449682203275073800e-02
1.618527418126031528e-02
6.848236069299054596e-02
8.777726781919109600e-02
9.656422912099041356e-02
5.262758670632973479e-02
7.729697976814797755e-02
9.875238998129767798e-02
7.429692761874075180e-02
4.419042311884789631e-02
3.253320732577374974e-02
6.025792813336328102e-02
1.260396393209558749e-02
8.939146865266087150e-02
6.396944956732268650e-02
4.171954588606852088e-02
8.877414724794704948e-02
2.778462203386216495e-03
9.328468390776799291e-02
1.735550366290835103e-02
3.676442417356806658e-02
8.365967736775621610e-03
-4.413190664226962490e-04
5.138855089911963103e-02
-1.492810775810956767e-02
-4.434752941684196037e-03
5.573016740729958007e-02
3.222594621525739361e-03
5.887908303779949837e-02
-3.427370585768092781e-03
8.049689622143132994e-02
7.677950664539762160e-02
3.855367389808873890e-02
4.831345118767307878e-02
3.925011290409309572e-02
4.593429947560956350e-03
4.653895316984557606e-02
1.534007119409471279e-02
1.236116802540985701e-02
1.955061675025873344e-02
1.434923692867470443e-02
1.265541290082038486e-02
6.052461467316806731e-02
5.985841108826550627e-02
9.971990308119797752e-02
5.467755650766333020e-02
-3.211508065936924394e-03
6.598561127041116525e-03
-1.249818869466903792e-02
9.688854830777533789e-02
2.386545592429497112e-02
3.276275050541113676e-02
8.848993836192836637e-02
9.675269795474804313e-02
2.780375625853949081e-02
6.819137579222903089e-02
-1.413576068079364784e-02
3.929422364751571084e-03
1.354981919534241699e-02
3.949500119968760159e-02
-5.876486396457507658e-03
2.762606881727347127e-02
9.752246498989086687e-02
4.892346611827162739e-02
6.074659262897662282e-02
9.129584530602967429e-02
7.580017760278712213e-02
8.500339498136162686e-02
1.735043353826690518e-02
8.505504335726442322e-02
-1.656774748404251513e-02
3.845707734412909251e-02
-1.807615096345308384e-02
4.174890358012815772e-02
1.282861702379754429e-02
1.282297653022831593e-02
9.222293131572334435e-02
2.370819547793530727e-02
2.904294820394035317e-02
5.084300215955281366e-02
5.053545157880322269e-02
-1.927738534157235131e-02
1.093628621333939469e-02
4.460931756081522315e-02
-7.850887077709959097e-03
2.898928564074515837e-02
3.854835712697296524e-02
-5.079375867808261572e-03
4.678518506094198059e-02
8.070794036738297705e-02
-1.427344091032303752e-02
8.765413425083051768e-02
3.903887605698765084e-02
1.857657059385775175e-02
5.584117381743056163e-02
4.352032755314055867e-02
3.220502270832049929e-02
-9.556033969878847609e-03
2.151522488709117775e-03
-8.244261096347290513e-03
1.870818118879414779e-02
-5.317057562242143501e-03
8.822794445331830215e-02
8.182544984956723055e-02
7.018053209861657704e-02
-7.099020218070475896e-04
8.563737259431539184e-02
3.473535406836033429e-03
6.678083900049171240e-02
4.847085061775562032e-02
-1.897469547426843678e-02
5.297510403878810670e-02
2.051552796094478423e-02
6.059273430079498146e-02
-5.681758053674216408e-03
5.216131390299789949e-02
3.234314507276978001e-02
-1.210375855492325757e-02
-5.661554952821962888e-03
8.472445529830913147e-02
8.645200065844887982e-02
5.161922449797902435e-02
1.300602807907410771e-02
9.378551563999656948e-02
-2.794069919355521986e-03
1.647184060107096878e-02
4.989655890766502011e-02
4.465261611719759105e-02
-1.204593112510790077e-02
3.343342585016882695e-02
1.894831341277887840e-02
-1.630101476548536862e-02
3.949272181164881906e-03
7.317797827266507571e-02
1.342954054806648825e-02
2.581700134762615964e-02
2.374569624341845223e-02
5.284034285622028759e-02
7.416947231448359212e-02
4.734157690831329590e-02
6.714334027111018566e-02
4.498512945048527278e-02
5.553700777425844837e-02
-2.811915410712784863e-03
-2.944601716773204841e-03
1.137041015302374045e-02
3.030152890336356916e-02
2.682226964834618851e-02
6.805945359483017015e-03
3.253242965314671886e-03
4.758337158501098341e-02
2.665527608408710045e-02
4.833484566424120499e-02
2.483564379324478336e-02
5.551286271418404139e-04
2.539991362051351523e-02
7.240676425519048526e-03
3.741162989488203139e-02
3.916820025587955389e-02
3.313632985499349870e-02
9.147018450747022855e-02
1.309072608374241622e-02
8.625957039858472841e-02
1.342816920839092279e-02
-1.341793301451727101e-02
9.661312273775113368e-02
4.746144282762718158e-02
5.104789495013407896e-02
6.227333605778227754e-03
3.500870140210679549e-04
7.639893123862442903e-02
9.155647165763818041e-02
5.149018500489875583e-02
2.442835161649229217e-02
6.912349629003132490e-03
6.345495817717317077e-02
3.660262750624063144e-02
5.220742177094531145e-02
-1.042243360425101212e-03
-1.225609243429683082e-02
7.630104892756234269e-02
3.348353378010018866e-02
5.630714190269700548e-02
2.767788189539405544e-02
-1.566784061183214630e-02
6.165559788830612953e-02
1.269257795912454370e-02
9.297320406026976514e-02
4.731440495152559877e-02
5.555641631791291557e-02
4.348773226872834630e-02
9.052473163249137589e-02
-1.091164278638302211e-02
5.385378661182908810e-02
6.622630672694218568e-02
2.951299761886839665e-02
-3.485124471965386078e-03
1.646109712103645609e-02
2.048458786316687333e-02
7.646013760489772659e-02
5.253590803341764981e-02
4.741687971783428712e-02
4.333316359680206009e-02
3.101850774567804434e-02
2.666568773753025604e-02
-1.065712742501989142e-02
1.644543057355940877e-02
4.577792607544665937e-02
6.088552785650940685e-03
2.959243324364995917e-02
8.304301540735008896e-03
1.576352380288711594e-02
3.506591148928972501e-02
1.297713646930853323e-02
-1.353883410753886976e-02
-5.118335094260498611e-03
8.760579552846693707e-02
7.255260598653692772e-02
-5.675475709313126602e-03
3.941959714221433819e-02
8.685947004308577218e-03
9.299990885734084334e-03
5.721753925907192839e-02
3.261350233236645635e-02
8.981971061020532776e-02
3.745722435766118963e-02
4.219195581856237387e-02
-1.496852545986229743e-02
8.985351380585265835e-02
9.979159846946637769e-02
8.943936185151983576e-02
4.043093423581986534e-02
-5.903722679387879424e-04
6.383916693251726060e-02
-1.953850436243156213e-03
2.114529943998792738e-04
5.139565887466956973e-02
5.735379076697011413e-02
7.765540979606042060e-02
6.670541950523090069e-02
7.307773917481073800e-02
8.481034679256375247e-03
7.816678978631953767e-02
-9.327626806952871164e-03
9.110238435673734259e-02
6.900486098133432056e-02
8.475632338621581774e-02
-1.204568506638807428e-02
7.760959139949605290e-03
5.144401988761690414e-02
8.089581356941613621e-02
6.933329618139962014e-02
6.319741353693891783e-02
4.773668228008338954e-02
-1.748871651746126618e-02
5.643843468184243928e-02
7.115562904296862667e-02
1.986541469709345378e-02
5.642126517880802217e-02
6.418909487838339589e-02
-4.518344042990056486e-03
-1.327633146471389816e-02
7.308747965707328154e-02
6.897990584564188399e-02
7.913284915458551616e-02
1.458218035092614592e-02
7.857786822122864168e-02
3.642668513801203267e-02
5.863408498407211844e-02
4.150301325749110315e-02
9.171572973439848925e-03
-1.515751043143619137e-02
3.861130978849404427e-02
7.759760279495858670e-02
8.618077643124058551e-02
3.644162106814378965e-02
8.631547869386149707e-03
-5.820750158860125978e-03
9.268891620012083277e-02
2.361086230089941632e-02
4.917142269899205109e-02
6.611993696803837584e-02
4.543727564943449149e-02
1.323018595361790881e-02
6.342227783676640529e-02
2.779358926352194434e-02
3.155297257293318558e-02
3.437929239448837826e-02
-6.611134950475662866e-03
5.611189086736702303e-02
3.101176246813893214e-02
4.411477610012316808e-02
9.627279443925491897e-02
5.123880280696674339e-02
6.995685230002611499e-02
7.438429811780311596e-02
5.544772706759699965e-02
-1.010752289200365917e-02
9.460244045454843653e-02
3.031869872607449376e-02
-5.377429912666150530e-03
4.083682139192400251e-02
4.345382389145721613e-02
2.088297416384602215e-02
-1.733891503164958561e-02
3.534795035638180205e-02
1.842918327995582764e-02
-6.262103734796398841e-03
8.710196708376735653e-02
-3.689000448361991202e-03
1.730310795810669974e-02
4.257249198300548654e-02
3.036199362795824128e-02
3.057019006417847559e-02
-1.601177507581534598e-03
8.689986743882169296e-02
-1.328614666308091351e-02
8.418508116289434573e-03
1.520049077686721692e-02
5.163927201509488363e-02
7.906663591137144675e-02
6.305826015409139729e-03
1.124838000895967208e-02
7.593926807167430959e-02
5.514236493798078953e-02
-8.139417000279433947e-03
4.542709290791004106e-02
1.784543231069713257e-02
-1.815347903250308717e-02
8.984238933566261048e-03
-1.273804211183603152e-02
7.373904137679146431e-02
4.082661818754429461e-02
4.265419743823455068e-02
6.906680270476192596e-02
-5.034384775291984512e-03
7.195593771012422091e-02
5.430206145381942517e-02
-4.202835949858874098e-03
1.539266834487653182e-02
9.814382981445313181e-02
4.020613296218579491e-02
4.188100995827509498e-02
3.291906295007800132e-02
2.172698130138728603e-02
5.255064242720135226e-02
9.222025351377689806e-02
9.552927713821765532e-02
4.756807523932010673e-02
2.823929961244077760e-02
8.931879391687276570e-02
6.446814694260638579e-02
-5.493466939360293344e-04
9.246204786531901643e-02
2.668872245448946148e-02
1.051814132686303832e-02
8.048223334242410321e-02
4.107601750957246001e-02
-5.439728695232459721e-03
6.546489877023824178e-04
2.564439557075048545e-02
7.666881873550068782e-02
7.105372066748259774e-02
8.293062695583469646e-03
6.780995259227190486e-02
3.215102227803151580e-02
9.839773800722247110e-02
4.752055594224696700e-02
-1.361636121555079987e-02
1.157543424395383880e-03
9.381173430772841992e-02
6.007631437884949910e-02
-1.432929316642013104e-02
4.398456212951973310e-02
-6.860400794634236021e-03
-9.935379291837614230e-03
2.993571516197779739e-02
1.397618752492413643e-02
4.911904257589254363e-02
1.237711465167504535e-02
8.742684197589789541e-02
6.931623419511161177e-02
1.922155815334428489e-02
5.664784850469990751e-02
6.437113079171277730e-02
1.669526874918727047e-02
7.821722278490297886e-02
7.871480900888369603e-02
4.679194860345768647e-02
-7.703218505148563128e-03
2.000842165589044805e-02
8.172873170200362081e-02
8.519615796140286856e-04
6.005225451816757071e-03
6.540439350330681800e-02
5.602381292155882847e-03
-5.197797649529984146e-03
8.967672177160036784e-02
2.044558873795467371e-02
-8.620970287299146648e-03
5.622065880815237116e-02
2.100367667638773292e-02
7.487448199189260245e-02
4.764314304454707327e-02
-2.796978864783430940e-03
8.190492821711645166e-02
5.614934022796931601e-02
6.562118907001038282e-02
5.458302556993405164e-02
8.037718462592095825e-02
7.839945714816237698e-02
1.759282041969305668e-02
2.878938340718018365e-02
-4.700913091560007112e-03
7.830515805983322142e-02
-1.759055710958407764e-02
5.627094422880551949e-02
3.804417185331174234e-02
8.082535539676070913e-02
3.740678712022287022e-02
4.104582939386038076e-02
3.893816546889303232e-02
9.797188616028948416e-02
4.744357210035866912e-02
4.608968995135659386e-02
5.636413601171119669e-02
8.292279395072493786e-02
5.402551499281837977e-02
1.831322203611320323e-02
1.167943769858026046e-02
-1.028521937182800758e-02
9.452311781771756405e-02
4.336770481655498333e-02
7.632355717516099702e-02
1.804331800624140933e-02
-1.672512912817771674e-02
6.428587673832143745e-02
5.931994213244125291e-02
-6.585743684997123065e-03
1.223893007887027692e-02
-1.804507547030853240e-02
8.741882856334651231e-02
1.834503896047747981e-02
4.361112791454653526e-02
2.011736193802566089e-02
9.440734719493336369e-02
4.809660494779800788e-02
7.746234469617785390e-02
-1.470027075621672431e-02
7.063210809962967851e-02
5.278560763512506193e-02
2.625092346795953810e-02
6.008237937189878086e-02
9.145925429538756535e-02
-7.823723358338176281e-03
3.458672703300552653e-02
3.170706421432943622e-02
6.656759198184288018e-02
8.088229790176688916e-02
8.236378202585327435e-02
-2.798188093436654311e-03
3.099475450863475520e-02
-3.992756538965011592e-03
7.038931040539625483e-02
2.066281214274726108e-04
1.128089647633109469e-02
5.838810890047509139e-02
1.615593434905604128e-02
-6.720284983830343561e-04
2.588461973382444672e-02
2.602950463260937999e-02
8.871619781991996190e-04
7.523472561356650545e-02
1.706197133345601497e-03
7.654338395421435293e-02
9.165399085324253681e-02
2.856854212588259487e-02
-1.769967310970851221e-02
-1.907774041034391785e-02
6.212885074986718159e-02
9.394010075066290544e-02
3.342245444361627293e-02
1.077906077910004840e-02
1.353210990415038353e-02
4.305248523413811312e-02
5.530186126157277116e-02
8.065538302937534654e-02
2.789957597269333497e-02
-2.040119284690982554e-03
9.077768697871090031e-02
6.625583575856217738e-03
7.023038792279084896e-02
8.461103286001943335e-02
1.057224245302901960e-02
9.122469128302590491e-02
7.586016403043314982e-02
8.483159024010332450e-02
3.678946468618847498e-02
3.534929140164508321e-02
5.303069648814388165e-03
8.657194954842895029e-02
6.695961569274012926e-02
4.717099365440652337e-04
6.807416657586200237e-02
4.441226665480610403e-02
6.746602684516903037e-02
-5.064948239455521056e-03
3.042310739085770169e-02
7.978940907122451798e-02
-6.539458335179486326e-03
-1.639432348379574883e-02
7.880293105129013154e-02
1.012441503631639553e-02
6.288226397317089877e-02
1.826320025050442650e-02
1.168624599718306317e-03
5.242185669019690242e-02
5.277189039598649545e-02
8.687036228373838653e-02
6.973657058090727834e-02
7.891725953529277193e-02
1.286771660184753141e-03
2.900810534028968116e-02
-3.493925738124181724e-03
8.095784110564463454e-02
3.530474557159395121e-02
2.367242951129506709e-02
9.881771325612045964e-02
7.289534144001671989e-02
7.254940473847416860e-02
2.070332582734268206e-03
1.815774445194785411e-02
9.297785491664466162e-02
9.644816141849064939e-02
4.890369294836785508e-02
4.065226291356255350e-02
1.129594016525245145e-02
3.957882620130941109e-02
3.520173684982887130e-02
3.253314863425403602e-02
8.437982138753102879e-02
-8.059096339024959116e-03
-1.013343865008812031e-02
5.428444477190237649e-02
8.070339010710472771e-02
3.811185211922764327e-02
-1.406839909154542455e-02
3.550382280394435985e-02
1.269549294588294755e-02
4.118171661503933212e-02
2.366288244152195061e-02
7.058616551685625851e-02
6.915873532298684456e-02
5.492714052634853350e-02
6.667908366714986323e-02
7.852954551858912224e-02
7.728900963808811586e-02
8.555524591584744154e-02
1.580401503551520995e-02
-8.180478917670529551e-03
2.731907790932252070e-02
9.040825140065635035e-02
7.795301972633809917e-02
8.575366978222555281e-02
-6.842669455520788632e-03
7.061447670874713978e-02
7.171031627619954552e-02
8.086352169692803682e-02
3.053694799772646226e-02
4.355715457102873889e-02
3.022436200079009136e-02
-1.390829605584201906e-02
3.497979982168131219e-02
9.211722166574606852e-02
7.863888030511331784e-02
5.575243820054229943e-03
1.941304219019665198e-02
2.652707045379250686e-02
9.092792849550886819e-03
5.780296060995421259e-02
3.433183053028443510e-02
2.979364972730797270e-02
-3.384654097626279418e-03
9.455109915744239202e-02
8.553043587527741493e-03
8.600565458037982836e-02
3.563202316839658712e-02
7.111015611649185164e-02
8.953034434839406142e-02
2.069321990796614899e-02
5.832400629117960589e-02
-1.333637776707992557e-02
4.703835304227539649e-02
8.863603271191933253e-02
2.638812041060194236e-03
7.266631134296432093e-02
9.267002860414583210e-02
4.022242719142468670e-02
-1.223087325416686091e-02
5.888109667257125646e-02
3.458382180190948396e-02
6.228645725426119883e-02
4.144237583729100394e-02
1.159759225459975826e-02
9.711230816289214557e-03
-7.969731360166534481e-03
1.475779889182191398e-02
4.858349958209420838e-02
6.858057095852215790e-02
1.089497795690429552e-02
4.904680979062316093e-02
1.024149871509798596e-02
3.386694546615232060e-02
8.861815487545478265e-02
-8.662341904517027735e-03
8.156287990638022567e-02
2.979840091484941764e-02
8.033986543855808904e-02
3.386733212539011495e-02
4.237356499658868902e-02
8.714194216599498166e-02
-7.062922407847581352e-03
-5.066833742322213868e-03
1.996111045238075157e-02
-8.407402285602220277e-03
-1.678978254970754300e-02
8.176286742237089122e-03
2.393553458256163571e-02
6.448726906516777380e-02
9.494729222806617963e-02
4.528872434951197734e-02
1.161566505146996789e-02
1.896103779286171728e-02
4.665887047626497697e-02
-4.602492081207358240e-03
1.129126344061478701e-02
3.807092989571290997e-02
5.208085443971867401e-02
9.168750899757609207e-02
3.353184266204721486e-02
-1.709028088236633908e-02
8.310734581121713427e-02
