1.099496147947734093e+00
1.096846291730928735e+00
1.072041075109646302e+00
1.011698689728861567e+00
1.071503857500897716e+00
1.077273690082866553e+00
1.041321798978530833e+00
1.002157889328030071e+00
1.046908472511153043e+00
1.014580345635338166e+00
1.051736289614391362e+00
1.092122120836955146e+00
1.093509553579943505e+00
1.030740592467005445e+00
1.001446814526153029e+00
1.035789253488297312e+00
1.006643060985763949e+00
1.078843178558766658e+00
1.073416145326686166e+00
1.018820359287745836e+00
1.017939616545543657e+00
1.064958702911809274e+00
1.087648398626122948e+00
1.042586773027838865e+00
1.015562926435667368e+00
1.028271805301669728e+00
1.032542598570733494e+00
1.008485691611074930e+00
1.076630608171220027e+00
1.082847842111058556e+00
1.079727344615177831e+00
1.081547968357825740e+00
1.057327478913598906e+00
1.047635917702529618e+00
1.021548330928974346e+00
1.043097714446377333e+00
1.073498710017753099e+00
1.038381049907910691e+00
1.049308809181670243e+00
1.037912178187929912e+00
1.080610079095223552e+00
1.029212151369815587e+00
1.095268560031876337e+00
1.080017201126263648e+00
1.010225286072416351e+00
1.030791722933044774e+00
1.048810793591278268e+00
1.034518767146666463e+00
1.012864095486277760e+00
1.087947668635931286e+00
1.099493629425729813e+00
1.096285291496531533e+00
1.094586733007900214e+00
1.033704062945976832e+00
1.000742072241245451e+00
1.007896058841396991e+00
1.059392414885219402e+00
1.011474277323950233e+00
1.096190521672535390e+00
1.072922736239325214e+00
1.098035898851867920e+00
1.082545309200069639e+00
1.082570430203365408e+00
1.032860418718531959e+00
1.051329067597188693e+00
1.084426830634539929e+00
1.024111914437158655e+00
1.031342907122456465e+00
1.082283908903593828e+00
1.000197701254392779e+00
1.031691135858059161e+00
1.054594143394972150e+00
1.088659447569197303e+00
1.089852994169581812e+00
1.076027470657138219e+00
1.088060962052497471e+00
1.079903791297071480e+00
1.067713161776918884e+00
1.025373026260067322e+00
1.094541482938145682e+00
1.028066720800711931e+00
1.015459609137099761e+00
1.076003383532497359e+00
1.029038551842824445e+00
1.086627575007715674e+00
1.094412781340961649e+00
1.007628293585042911e+00
1.083844682022381933e+00
1.082098397737026430e+00
1.087091166948498389e+00
1.072640242828891033e+00
1.073423067325113722e+00
1.099340911143175115e+00
1.045672635732932232e+00
1.030926308999500218e+00
1.058640556542699063e+00
1.044881093527145088e+00
1.053815502695749862e+00
1.015331233572410508e+00
1.081649017875067731e+00
1.072918970232189295e+00
1.053124793145888249e+00
1.049588684344015199e+00
1.046885950001887666e+00
1.059429894703131980e+00
1.086594290197333779e+00
1.050075618515142750e+00
1.086922304203959078e+00
1.097716961033570637e+00
1.054731524956707078e+00
1.038282265552192385e+00
1.097710286573890803e+00
1.063047153743865492e+00
1.090682898514529597e+00
1.090269831099469622e+00
1.054633747321037429e+00
1.018329822148231090e+00
1.079239418118224325e+00
1.093523914666414409e+00
1.022136269972164557e+00
1.099121082828286244e+00
1.051696790145548732e+00
1.030271944791521621e+00
1.080230994439238090e+00
1.055222467073737125e+00
1.052446957437427777e+00
1.078465483475262054e+00
1.000038838646144512e+00
1.054347440540856384e+00
1.060289012051172763e+00
1.016266738607594533e+00
1.076458207254407107e+00
1.057310641204149748e+00
1.069483321389217645e+00
1.055308236634308283e+00
1.087100370280401629e+00
1.037720102631690677e+00
1.057311423505592485e+00
1.050610547505183456e+00
1.029334015134969915e+00
1.087905822657419641e+00
1.039861785189219123e+00
1.084514419763805249e+00
1.055743168811157595e+00
1.015657201536858789e+00
1.067732307838068717e+00
1.021751931691952775e+00
1.091070365334537939e+00
1.052472960328511897e+00
1.067846187842056205e+00
1.049528643932303273e+00
1.080559005112553761e+00
1.009915458514387465e+00
1.076463009604760268e+00
1.015212607619885965e+00
1.080114648418836643e+00
1.054365387717613789e+00
1.045354273647250531e+00
1.023398941002689355e+00
1.021321655068561096e+00
1.020512241010592680e+00
1.076412531024709240e+00
1.030095282285397484e+00
1.008188868777714964e+00
1.008499005489251088e+00
1.039280112097740405e+00
1.008541581813516830e+00
1.073740692777067851e+00
1.087967298610632350e+00
1.011352042503967485e+00
1.008717677134635782e+00
1.093854679435339428e+00
1.028045869397619327e+00
1.071220311962080007e+00
1.032728441777352124e+00
1.036617589002697626e+00
1.047485048401266994e+00
1.099694436279099019e+00
1.039652657065462504e+00
1.085241778417037395e+00
1.028684376975216752e+00
1.062407063656079620e+00
1.065454982118839933e+00
1.092162487099529233e+00
1.028457066293767985e+00
1.050297198864728276e+00
1.049468683460337726e+00
1.081719144543631606e+00
1.038878658470212102e+00
1.095775993235051926e+00
1.071535977787124727e+00
1.096794506237227518e+00
1.039898266115153680e+00
1.062592025690560549e+00
1.095469808727540961e+00
1.019837310068062664e+00
1.054091315984871491e+00
1.026149119961817124e+00
1.065840751200196168e+00
1.068036975464856653e+00
1.088203212632057548e+00
1.067788511396629669e+00
1.088619266383456630e+00
1.009540846229516342e+00
1.040155901596658383e+00
1.099686953809843937e+00
1.060699387734690191e+00
1.015451037102816478e+00
1.078590061500286801e+00
1.093380432646454681e+00
1.037862649260156589e+00
1.054306699735418462e+00
1.071146174353800440e+00
1.064307093868309018e+00
1.000647167000691784e+00
1.033744087618355678e+00
1.074586397674154092e+00
1.037222003680038585e+00
1.056867454508523485e+00
1.066365965827154927e+00
1.072183067100614062e+00
1.035216183551881608e+00
1.081267551799499849e+00
1.029171999517526581e+00
1.072669339753045570e+00
1.019784744975859692e+00
1.077871901877950123e+00
1.028640918526838366e+00
1.093855970416737655e+00
1.028248943560398088e+00
1.012654439422641106e+00
1.063925023316239171e+00
1.080547247740881289e+00
1.054197209586043460e+00
1.048620110408285955e+00
1.055696575112923252e+00
1.095324217706944436e+00
1.026835039826859086e+00
1.082590505701413353e+00
1.035297795581906932e+00
1.081378681261130570e+00
1.041635075002082411e+00
1.040578208827062756e+00
1.026275683983144615e+00
1.019187389099627916e+00
1.041783563703027493e+00
1.082818904657053327e+00
1.026685420421022510e+00
1.082842357734373762e+00
1.098304631540019560e+00
1.055001038170628513e+00
1.060730143343671328e+00
1.095149830684340131e+00
1.015024502001740103e+00
1.000377486580913855e+00
1.047334183180563594e+00
1.074751089010346883e+00
1.079803740486478203e+00
1.007877907089194558e+00
1.026158254423207516e+00
1.075350219996217271e+00
1.074741326976251132e+00
1.013231612504205570e+00
1.039155176133666147e+00
1.000597240708714697e+00
1.027043059738994346e+00
1.013863181355508125e+00
1.096325300739259712e+00
1.013820192722505009e+00
1.050951335457775970e+00
1.036885706964148834e+00
1.048076196933394932e+00
1.023419807131651371e+00
1.041512930795092329e+00
1.061712913471310582e+00
1.030053476377736699e+00
1.029974014766393164e+00
1.016954743342986855e+00
1.077682461078664611e+00
1.056332952322770025e+00
1.024093130232651694e+00
1.047104229970084122e+00
1.020059285813190053e+00
1.053811252574615054e+00
1.026273311283463441e+00
1.085373975706261040e+00
1.072200292145617961e+00
1.024881602648501477e+00
1.004952457274280508e+00
1.012081229941977911e+00
1.021552777730434736e+00
1.052214870328137986e+00
1.090730468397924424e+00
1.043939034320011006e+00
1.008352898873910775e+00
1.066113336625140073e+00
1.093839438834065536e+00
1.001026403440577806e+00
1.044053121036234044e+00
1.069168611041713346e+00
1.045574286847733125e+00
1.001190637840568165e+00
1.059984411069496923e+00
1.008580619447932980e+00
1.078248351505228131e+00
1.018594365734921903e+00
1.036948527826005551e+00
1.003124169587919834e+00
1.023452261944493680e+00
1.042011521370632021e+00
1.079019713775964506e+00
1.053678271027996827e+00
1.089188396039470597e+00
1.042510625043172379e+00
1.062431444399557279e+00
1.025811329889809276e+00
1.030746009790781015e+00
1.012197852441108159e+00
1.094344184081627702e+00
1.085955874059419957e+00
1.009472000469965325e+00
1.066043066564893893e+00
1.077374802132637699e+00
1.063589785754668338e+00
1.090751148482631994e+00
1.072277631608550053e+00
1.081897028504032576e+00
1.034605119140770135e+00
1.081697257909159049e+00
1.013354331034956424e+00
1.017853138748082698e+00
1.035632139341035707e+00
1.086748231560591860e+00
1.069339674992558553e+00
1.001230262656155112e+00
1.080935463135280550e+00
1.052016760741818269e+00
1.043257325249747236e+00
1.004056815439411832e+00
1.060741369559536240e+00
1.024402789348228371e+00
1.054579677332286858e+00
1.076531768188143667e+00
1.027781294815532931e+00
1.002822125642154116e+00
1.072251327492209860e+00
1.088435793147068731e+00
1.030381983593966710e+00
1.026207177588031927e+00
1.034937380678093266e+00
1.033205652952706499e+00
1.022580927590830191e+00
1.088123569504916510e+00
1.046441502776858101e+00
1.016380924093454707e+00
1.023608260049582164e+00
1.094550579810461333e+00
1.092459599854267216e+00
1.062889941851907549e+00
1.026116789721094325e+00
1.060878110008376396e+00
1.018779276695480851e+00
1.099325475110028094e+00
1.040472986315606807e+00
1.081463139999392808e+00
1.012961098251016212e+00
1.063380465673223085e+00
1.099731626972373144e+00
1.037708294267035702e+00
1.060100248144073110e+00
1.099799312946362795e+00
1.089603582688809080e+00
1.065233774417714052e+00
1.030540658037106816e+00
1.057522330435380686e+00
1.084344795878052770e+00
1.068728980479488389e+00
1.075337701354903697e+00
1.012738565033498128e+00
1.064926755285398707e+00
1.093137871157859209e+00
1.052100635274624940e+00
1.042757104907065413e+00
1.013029520706427933e+00
1.054596011660321908e+00
1.052693292286644544e+00
1.085156754402035739e+00
1.035555799797041043e+00
1.046056577653585062e+00
1.076219628979885323e+00
1.000270738730956843e+00
1.070166147066362594e+00
1.007046040885266169e+00
1.051046144968937224e+00
1.068482105805136806e+00
1.090036432855312931e+00
1.046088910524934690e+00
1.082081790572483548e+00
1.073780012854473886e+00
1.078642014609121791e+00
1.032493954076830978e+00
1.002268979909381130e+00
1.020210219057967382e+00
1.019100988463358393e+00
1.094339347348429525e+00
1.090398876416918350e+00
1.065606082297140267e+00
1.096479596213992824e+00
1.057860461724669632e+00
1.069623640564866252e+00
1.088261893697329841e+00
1.055115555878555877e+00
1.042649637841517762e+00
1.055275964258215904e+00
1.071982213989490784e+00
1.044701627255082865e+00
1.015579358027519419e+00
1.030346664349292007e+00
1.002389683613172267e+00
1.036751614406842492e+00
1.098448458301054087e+00
1.079473366304020576e+00
1.082123904351642851e+00
1.073517880164063687e+00
1.094955002023189072e+00
1.061346644369263625e+00
1.016431028224416888e+00
1.059049172985505605e+00
1.054558400667239049e+00
1.078064848231797379e+00
1.096128582185349476e+00
1.071547416012423204e+00
1.090364625208832372e+00
1.008856884924000497e+00
1.095836852984008347e+00
1.007539399254045120e+00
1.025316338860934540e+00
1.023642789806213038e+00
1.086130770780055155e+00
1.037760469792850415e+00
1.028611356106362118e+00
1.009062787181471688e+00
1.013163994021498260e+00
1.054834260066336959e+00
1.085123621446137498e+00
1.070920263879005851e+00
1.017252784320904491e+00
1.091090968165745245e+00
1.019864909495541649e+00
1.084315710834954150e+00
1.097651019589860555e+00
1.022207860597506901e+00
1.031290358346035108e+00
1.093971332184835443e+00
1.042501475190744209e+00
1.032533463816112773e+00
1.030129296834182195e+00
1.026211603450754462e+00
1.048035208435501131e+00
1.083060863786933448e+00
1.075924154278564249e+00
1.022038225410467849e+00
1.090180527229763552e+00
1.052853759225570673e+00
1.017988325337726874e+00
1.023026922253472248e+00
1.059913640934644352e+00
1.026359827663814617e+00
1.099952973097788167e+00
1.046119698472557147e+00
1.083688325122166729e+00
1.002994852587114849e+00
1.041288596521457777e+00
1.056411005965889549e+00
1.046531658254424180e+00
1.020657406202229334e+00
1.078144354096559621e+00
1.001852191424957184e+00
1.064886448053284695e+00
1.055212375639365430e+00
1.030102699231955077e+00
1.012914979129697857e+00
1.013302729680604752e+00
1.071717838194059524e+00
1.039209497524926640e+00
1.084038239014699423e+00
1.012568732915139602e+00
1.034196982101146078e+00
1.073103809878618087e+00
1.056766217872002533e+00
1.087527171979242757e+00
1.043912766046540597e+00
1.001214624915289342e+00
1.041699541536496909e+00
1.079279509352419009e+00
1.023717628565586901e+00
1.042734804469355847e+00
1.039332619739139263e+00
1.043504638327819478e+00
1.005035230226192899e+00
1.055653442817717336e+00
1.006353380892294647e+00
1.077297537396268323e+00
1.066959024766801933e+00
1.047216188769828360e+00
1.053676921257655774e+00
1.006857719893865299e+00
1.004314195236533758e+00
1.059446492830463438e+00
1.049385486603489515e+00
1.033135775490324093e+00
1.055088104119232151e+00
1.016235078681532844e+00
1.064041654305462492e+00
1.085508767431046406e+00
1.056820506546783056e+00
1.075224602687608444e+00
1.089217532944853239e+00
1.082803985532142965e+00
1.007619923459447842e+00
1.014909688579811009e+00
1.040110374834596341e+00
1.017155743241224819e+00
1.016993684484922333e+00
1.029819784394546467e+00
1.052934370019114052e+00
1.055792219342894134e+00
1.056611462458888040e+00
1.061430707666117357e+00
1.066561469574332399e+00
1.058054504640692395e+00
1.080947701245903225e+00
1.005891202892162495e+00
1.042776860815503470e+00
1.011873910855741521e+00
1.093342632747013043e+00
1.000923130526880644e+00
1.058544442878357472e+00
1.062941910135250190e+00
1.022954562639726950e+00
1.064705947713820766e+00
1.019361662999940243e+00
1.081599314704497328e+00
1.046801583113431189e+00
1.028732454407325525e+00
1.081454873995958188e+00
1.068792544358829311e+00
1.069735677225496895e+00
1.044055001259575066e+00
1.003790024772792666e+00
1.026322017112834883e+00
1.079886452190314428e+00
1.097122142406825152e+00
1.013063635464154899e+00
1.079906558766370761e+00
1.063097258066932227e+00
1.011246692379115686e+00
1.096161086874109625e+00
1.043513226851478626e+00
1.091661297507525941e+00
1.072331281309696349e+00
1.095889180869580537e+00
1.036296931048972025e+00
1.090882390630498078e+00
1.081215924251102800e+00
1.045962675593290925e+00
1.078119613142025868e+00
1.008638638850394953e+00
1.041048336964772503e+00
1.053613342250480311e+00
1.068329596147514771e+00
1.070267085660438600e+00
1.024218121027715922e+00
1.028087403746631878e+00
1.049786419736050025e+00
1.015534270010811646e+00
1.087511372202449422e+00
1.081815938369246055e+00
1.058277243537529388e+00
1.081009462857948966e+00
1.055052070593399893e+00
1.099831849326549982e+00
1.094733498105564973e+00
1.027198996072757886e+00
1.051910852143959518e+00
1.066545517742423455e+00
1.075277082068397227e+00
1.085876159921290718e+00
1.024874665802086415e+00
1.000751325799351221e+00
1.021754085978008542e+00
1.063534348429806986e+00
1.030071747899888868e+00
1.003783203412335290e+00
1.068266619948676777e+00
1.084554798845408508e+00
1.017610254138917814e+00
1.007909279531851610e+00
1.074938122248624062e+00
1.055456875432906783e+00
1.035942058442728575e+00
1.021817540234000399e+00
1.022007887624394096e+00
1.044984547522478602e+00
1.053375647712694096e+00
1.026006432815804281e+00
1.028467613082315157e+00
1.090756234459086205e+00
1.057340684803383057e+00
1.032507092801536741e+00
1.087611909767208784e+00
1.077873293401699684e+00
1.019445371450017346e+00
1.071861264222132126e+00
1.043656104171528654e+00
1.000375691080344520e+00
1.048155152696395254e+00
1.006796241875696385e+00
1.012139997009561920e+00
1.049763066906747477e+00
1.087081379529630798e+00
1.018484305673328150e+00
1.087875416150614338e+00
1.096254526000674856e+00
1.028390759752352279e+00
1.063677759308053750e+00
1.004583917972497131e+00
1.039108456155197979e+00
1.027349845500148851e+00
1.033073500290459634e+00
1.016012333562221093e+00
1.026756238851179948e+00
1.043522457870444731e+00
1.097413101507516142e+00
1.029622586650758009e+00
1.023627651438409503e+00
1.032655298215705786e+00
1.033230184537592633e+00
1.069259475008664362e+00
1.029057673958812646e+00
1.070875256254872010e+00
1.030755570423083967e+00
1.023354555181168246e+00
1.045337118525340836e+00
1.084298441623075870e+00
1.076078343765589418e+00
1.003515912229680396e+00
1.018000507333921556e+00
1.094985390802718950e+00
1.051157710967558057e+00
1.046117162589873750e+00
1.030957638256748909e+00
1.093924207765463397e+00
1.051486994829720967e+00
1.009245364476082374e+00
1.070055646752647638e+00
1.077170119114768676e+00
1.040670554807920256e+00
1.000910729638337493e+00
1.042772540556685001e+00
1.045110643647056969e+00
1.039112854927820573e+00
1.031165488151174481e+00
1.026871453741270201e+00
1.049023557509444426e+00
1.093506914046884049e+00
1.006498181475851572e+00
1.013829716492234967e+00
1.043892435202666391e+00
1.049507969261353812e+00
1.043226672482093109e+00
1.046494481269353960e+00
1.017683634525021752e+00
1.055266182301286326e+00
1.010953753870334593e+00
1.029523370292629636e+00
1.061054550544121344e+00
1.068042398518499025e+00
1.034240428466676631e+00
1.006344207522960499e+00
1.077869642020775620e+00
1.028708344209119385e+00
1.013610173649570179e+00
1.021906538459127711e+00
1.020062185210017569e+00
1.049988574653217377e+00
1.038597819258577415e+00
1.044507723258949250e+00
1.047172667217193709e+00
1.024162163250636359e+00
1.031607761306483795e+00
1.076016036341626680e+00
1.007328579971222826e+00
1.094617593352355867e+00
1.058347681844569621e+00
1.042172236789774331e+00
1.024890320579057379e+00
1.046229654015664146e+00
1.063160225644482759e+00
1.033754400921356842e+00
1.068138937113272124e+00
1.057170928766475893e+00
1.064917536975573897e+00
1.030862627957597866e+00
1.058715593060790550e+00
1.064185017907905983e+00
1.099400713404768526e+00
1.086410776160505076e+00
1.068891943612446882e+00
1.080561407788385608e+00
1.060205617472446571e+00
1.088140689695377361e+00
1.005260451789278031e+00
1.035416290699633146e+00
1.004748892993446718e+00
1.059415963143899519e+00
1.071198398934911422e+00
1.059426428384293128e+00
1.090864524589896911e+00
1.054676302438809277e+00
1.030921320064027924e+00
1.034916917579691509e+00
1.077367896627295041e+00
1.044487368265262894e+00
1.039053686466924642e+00
1.099564107182503747e+00
1.076287499208999909e+00
1.089427793574440084e+00
1.041306098721633155e+00
1.097848179188989803e+00
1.059818304332519778e+00
1.027386734224457809e+00
1.029705012704944078e+00
1.028929008558157943e+00
1.000550212257844018e+00
1.047019277721215724e+00
1.071547431729931832e+00
1.085930484261272033e+00
1.042013347942488455e+00
1.068586373271539491e+00
1.088865696543210859e+00
1.081939308463684579e+00
1.046199924479798593e+00
1.040904106463743872e+00
1.062488680556253673e+00
1.052586718781251429e+00
1.091104748349544185e+00
1.025796148138383490e+00
1.028896497563074330e+00
1.002040787332335370e+00
1.079845218636404702e+00
1.067515358354093280e+00
1.024692056103234439e+00
1.077515825504306024e+00
1.061257608459827528e+00
1.052533204291827618e+00
1.047440602521666708e+00
1.048294952752055975e+00
1.008564091401242591e+00
1.016673409931167837e+00
1.079740799005731056e+00
1.050193893295991110e+00
1.097247882699575294e+00
1.053396837856711565e+00
1.073579109699638767e+00
1.066643259247743281e+00
1.060158298738160809e+00
1.064725764280023412e+00
1.099261850757854875e+00
1.061685869824466888e+00
1.064688011953203395e+00
1.042503589237950612e+00
1.085706326992043502e+00
1.046399024025490343e+00
1.012288372308647544e+00
1.065241244047554048e+00
1.007424051524813402e+00
1.064054485429406505e+00
1.049973565392403163e+00
1.016618984013421434e+00
1.054621966549429191e+00
1.043800125749866803e+00
1.013465690292021826e+00
1.007047366217305173e+00
1.051143742599385034e+00
1.013063138665747154e+00
1.041846821526215106e+00
1.084119712094111732e+00
1.057199261527080880e+00
1.000123439632276456e+00
1.029470025414937817e+00
1.030309357289188155e+00
1.000312634609041185e+00
1.030439834822821865e+00
1.034349870720760567e+00
1.022014475569332781e+00
1.087795561789352883e+00
1.019279747225061428e+00
1.028253553844537649e+00
1.071860277108464876e+00
1.076699932593732534e+00
1.018831919513830453e+00
1.004377840513748010e+00
1.021631081745165259e+00
1.043713409457496466e+00
1.087441903606900073e+00
1.059052935213462554e+00
1.026796707792735575e+00
1.055706285179177195e+00
1.020204176533187068e+00
1.048477857721602291e+00
1.084584255338762349e+00
1.036530753363132051e+00
1.035101025240247052e+00
1.042404871744274875e+00
1.016633469839236525e+00
1.050415129547850324e+00
1.046406943326554595e+00
1.066716359685464521e+00
1.089330257670755531e+00
1.032028763672401706e+00
1.022926455431722337e+00
1.039548597235404381e+00
1.076700298612642603e+00
1.073757382638143687e+00
1.021974800914439596e+00
1.059281952115201042e+00
1.093398139498907184e+00
1.035391567035864435e+00
1.074701456121462950e+00
1.047668392766753831e+00
1.046315474009600122e+00
1.038928093926112961e+00
1.009898251197435481e+00
1.086314900462377775e+00
1.059027233299963289e+00
1.060770658172708991e+00
1.088389696883109270e+00
1.090741974602038589e+00
1.088464551325933893e+00
1.052471266496083357e+00
1.041864940730486744e+00
1.041256466034515604e+00
1.016210673037936774e+00
1.064355913281437083e+00
1.020232674030107312e+00
1.012420859792037664e+00
1.055124322566408646e+00
1.068667153847371987e+00
1.094995550365566173e+00
1.047652307279968165e+00
1.094292522758936403e+00
1.012389749406174655e+00
1.088953313874501339e+00
1.055701225772167851e+00
1.032378250438331646e+00
1.054185227976802475e+00
1.055913588726096197e+00
1.097813496531371502e+00
1.068296752149838991e+00
1.071276609999143314e+00
1.045131006799124629e+00
1.003897081478543063e+00
1.040234342827100367e+00
1.063240647362496460e+00
1.005771703244454640e+00
1.035802059158266175e+00
1.017672820141687806e+00
1.081107784732330934e+00
1.005420292768681945e+00
1.063962468226683500e+00
1.056748496441806573e+00
1.004315933482898382e+00
1.079601740850436586e+00
1.027200007498704659e+00
1.038564706712444607e+00
1.071195090162360364e+00
1.033178369593489743e+00
1.049297869832630292e+00
1.037706619324481272e+00
1.081712804697061880e+00
1.052898573028254292e+00
1.086677038577336551e+00
1.021143647131310450e+00
1.092500187658166144e+00
1.081051229803965175e+00
1.030087843697331085e+00
1.085081160457374461e+00
1.035692546638745437e+00
1.011067762112237034e+00
1.000662640027052408e+00
1.057478981449961219e+00
1.046816414457829358e+00
1.086796254033706388e+00
1.077584991986029417e+00
1.081233421197181466e+00
1.030634638090401678e+00
1.066798229878480386e+00
1.055649991721041125e+00
1.065026851322658175e+00
1.049876962513405232e+00
1.048246502990736184e+00
1.051326123249474831e+00
1.055498899736744045e+00
1.000967025139845923e+00
1.097965162068498701e+00
1.064693793884357476e+00
1.005336020589715273e+00
1.078362055741793224e+00
1.051917196004793942e+00
1.023497255368657433e+00
1.060160411523464186e+00
1.083794966020690476e+00
1.015017049510338554e+00
1.099096107295153946e+00
1.060978941719343593e+00
1.041116406816391837e+00
1.070772211075739833e+00
1.054246580518467313e+00
1.042294243485780925e+00
1.065218217681126012e+00
1.008317102752851913e+00
1.054657865785928905e+00
1.014624723822577845e+00
1.036335410776046739e+00
1.058914044321131787e+00
1.065661935371666313e+00
1.030962860785367807e+00
1.085495525340561374e+00
1.091560239529165033e+00
1.076640125387839264e+00
1.003978881801285583e+00
1.006200502214580350e+00
1.053552036946558967e+00
1.096300590743468195e+00
1.073081463513469558e+00
1.050096575768851848e+00
1.047861750139029491e+00
1.063695673777080852e+00
1.025605044546418210e+00
1.071279026603500828e+00
1.090006434776118027e+00
1.042224726120210221e+00
1.038090242734378998e+00
1.009693485387948897e+00
1.026953295615840922e+00
1.031202123087336053e+00
1.043015948451917252e+00
1.052605388028326816e+00
1.019691041660224951e+00
1.077703381597446608e+00
1.073882399648476982e+00
1.002493343047246022e+00
1.080342283572675477e+00
1.064748816779867546e+00
1.026667538645027689e+00
1.042781763362319536e+00
1.003481920714769160e+00
1.043234014701002188e+00
1.066136396864024061e+00
1.020075156368995373e+00
1.047840309852503982e+00
1.007962440795740378e+00
1.004840597544021774e+00
1.089027339214521106e+00
1.060909283116602930e+00
1.083937803048468762e+00
1.004748724619827449e+00
1.060463485249619087e+00
1.056008841845370805e+00
1.036320860067600602e+00
1.003406759525740322e+00
1.046472365794294701e+00
1.071963234554532018e+00
1.096769060933331152e+00
1.069466853590377964e+00
1.026371121307274592e+00
1.043484004498799633e+00
1.011626222630874539e+00
1.058141272852307635e+00
1.046289312474383726e+00
1.083536517588322479e+00
1.095636093061393090e+00
1.057386090578664950e+00
1.046396735894445706e+00
1.041072005988946669e+00
1.098485791384196331e+00
1.045651616179016585e+00
1.059716600657843344e+00
1.071719797234893967e+00
1.002193909528530824e+00
1.077422686083582049e+00
1.042915240617158013e+00
1.009299066105491249e+00
1.090349210993046603e+00
1.094368459779362146e+00
1.007603638981118710e+00
1.070013207968393720e+00
1.081160134596620193e+00
1.078939046763550236e+00
