9.767429976649376344e-02
7.179207406265361580e-03
-9.006638690744157155e-03
3.060029732196177174e-02
-1.519684300447883205e-02
5.138542068493393011e-02
-7.332734850175891966e-03
5.448650334988050514e-02
-5.973552077425021284e-03
8.604187933239558495e-02
6.421106671301197999e-02
8.096037544736159330e-03
-9.926827815742039068e-03
7.245078216003231208e-02
9.333219906596376680e-02
5.977514357155565283e-02
7.955923678077661543e-02
-8.341585160703169841e-03
-1.589809612900103947e-02
5.757683129371880815e-02
4.064054535160634141e-02
2.142786433701742918e-02
5.758141288701065785e-02
1.158697472708604750e-02
5.071079644709286516e-02
3.192642575657420045e-02
8.786767458735342262e-02
1.497796565757563217e-02
5.268164637945067091e-03
6.244248778623277818e-02
3.756805770674472023e-02
6.458711291457079617e-02
5.002111813546667590e-03
7.160496017524378698e-02
4.624126699978556299e-02
7.966316238993256804e-02
8.990798134035655337e-03
5.450110543373652694e-03
6.073094548786195368e-02
1.425742734741856574e-02
5.050009623024170891e-02
9.933422481688755634e-03
7.792128297465724523e-03
5.460625853599318513e-02
7.477708354413675762e-02
6.589608111626550635e-02
2.230957612698821271e-02
-6.843269014852357973e-03
8.568888961704072826e-02
7.624294885600527150e-02
6.754534571476665528e-02
4.054570154256302572e-02
-2.412179029479950138e-03
5.696531441105683047e-02
7.400030237383879717e-02
8.029208157423750603e-02
4.358177147100786297e-02
3.164664518597436194e-02
5.668541404054722177e-02
6.490280479887838849e-03
6.849752917905030380e-03
-1.496953328565419836e-02
4.056994014087624001e-02
8.234419949057877886e-02
3.562248745116460003e-02
3.010325089022887826e-02
9.056085290375315289e-02
6.031500586898255745e-02
7.171782535903110933e-02
5.839908049881448182e-02
6.971007055731040514e-02
-1.586555461014476504e-02
2.190127624607960191e-02
3.074141196615149188e-02
5.666861049164528819e-02
-4.997868007803800069e-03
5.991190308636815121e-02
2.940242078386168245e-03
6.863827109305538354e-02
9.162659212433801881e-02
8.623605490600384782e-02
7.037614607019936075e-02
-1.218841307591173734e-02
6.080337313257067750e-03
-3.493320188442360086e-03
5.836495550807070665e-02
5.162255451647296267e-02
6.228022236929539601e-02
-1.837692940143549961e-02
4.571878456151165504e-02
8.897222183454653321e-02
-1.841573666023508735e-02
8.577039125215058651e-03
4.430764787659588477e-02
3.507033172433272200e-03
5.704601420724222938e-02
6.557547300880237073e-02
6.253003475644738907e-02
-1.562352067562004093e-02
4.123142163156147399e-02
-1.777348849198569919e-02
7.220440771399612434e-02
9.398745399025759673e-02
9.930478133283364428e-02
9.144693019255099864e-02
7.830331112104016444e-02
-1.276186690820542598e-02
8.215624159834722384e-02
-3.511609983150174724e-03
-1.100044853563598470e-02
-1.532195300440132926e-02
5.921177017785483887e-02
8.851623018606746829e-02
8.927166117273142854e-02
7.478491752213123345e-02
1.351489709925861663e-02
5.025265828278972779e-02
6.918256881244902456e-02
7.296338336739041641e-02
8.037393151534104330e-02
-1.578853133766728450e-03
7.434861074710820417e-02
3.089316277290812471e-02
9.717134457398923786e-02
4.677655410365057220e-02
6.919862087164382891e-02
1.532740546739577367e-02
7.512353224445447730e-02
1.893129533831017924e-03
4.595979860515853055e-02
5.392536665968485077e-02
3.094866016796084598e-02
9.005165708871615271e-02
-8.020927938156780304e-03
5.742869859353900985e-02
1.061365828655333465e-05
4.801750247787421599e-02
2.142571040980724775e-02
6.280177882415631518e-02
9.957747022553324612e-02
3.166368961329082965e-02
-6.278495830173124945e-03
2.201941492992739655e-02
6.359936487932156546e-03
1.050543851869806602e-02
9.778630914854678780e-02
-2.686535073376152688e-03
7.833247401841421376e-02
5.247783145852931430e-02
6.727184965222193780e-02
1.391665467985215079e-02
7.809045143829339286e-02
7.963896584137594714e-02
-9.022417037890070879e-03
-1.559262616942992674e-02
5.628007444562904693e-02
4.730562012769362612e-02
5.726919155504460457e-02
6.358188571080891638e-02
8.365849728508165106e-02
2.443019703168957876e-02
2.102379155748917636e-02
2.072172607016969578e-02
-5.505363000852039890e-04
5.749871666128161807e-02
3.806274945483603678e-02
9.050256605591390502e-02
7.944170868685945797e-02
8.874476856678491232e-02
-4.628715856118809785e-03
-1.573482505140525248e-02
8.786142448571035435e-02
5.595309544436664895e-02
1.709512998863897335e-02
4.829987908585954559e-02
6.298403971215946195e-02
-1.106063425784566991e-02
2.746448386600070304e-02
6.978407917457637999e-02
5.574150917668660443e-02
2.719817401419364136e-02
4.121009495421348867e-02
9.616637356524189439e-04
3.912116081713155891e-02
-8.369695815121555235e-03
9.100022062023335745e-02
3.952697790317183379e-02
6.695214614828608191e-02
6.858212989333654919e-02
8.789564049309256388e-02
1.896931138695749294e-02
-1.134903430507596712e-02
7.010891371980473852e-02
8.488673232545791703e-02
4.352998089098344958e-02
4.554646638148911186e-02
5.280620854815988585e-02
3.580559396582215503e-02
9.897749813499029381e-03
-9.025099605326682844e-03
1.301378373891886805e-02
9.407172779722856870e-02
5.894717207100363954e-02
4.136313952374631731e-02
5.752326550685049611e-02
8.788206789704350319e-02
7.424290316452725191e-02
2.027365061407112104e-02
1.584924212219858755e-02
4.268750477739564897e-02
-1.008056148669519113e-02
-1.194717180700105401e-02
2.772145955827018740e-02
-1.848002390283795537e-02
6.015971779427299604e-02
5.907566998665694791e-02
9.259385472051873123e-02
2.995093343672649081e-02
7.441675919511925308e-02
-1.770770060735520415e-02
6.280919669825939244e-02
4.591176584821597684e-02
9.834350565455128590e-02
-7.473115723512892619e-03
-8.055790663539615787e-03
8.793508804941231605e-02
5.074401860740697379e-02
3.312999978758913999e-02
-4.752385707152070871e-03
9.573205373406508401e-03
3.121099272652553061e-02
1.788592893172540402e-02
7.663035478474800044e-02
1.223735636277935648e-02
2.379204814056759890e-02
8.179982472139381289e-02
9.064292369133933325e-02
5.070030524935449645e-02
9.913009941143675896e-02
-7.366372969122379072e-03
3.031469831283619895e-02
-1.353399861684686720e-02
2.576395721971587102e-02
7.333696448753994346e-02
2.097150527772791498e-02
8.702946524467754241e-02
9.159916638858425775e-02
3.900806170726868471e-02
2.796533444718652187e-02
4.459625754292009803e-02
9.862061505502428549e-02
-7.924244417557936571e-03
1.482346567345122282e-02
5.549993719165088879e-02
9.216712431790238802e-02
3.183256286026441007e-03
8.415487536778293309e-02
7.847045547534572951e-02
-1.284254324277609924e-02
5.549895274266659906e-02
1.450465426886113005e-02
1.428528650949150922e-02
5.169808523909770470e-02
-4.829978749139958796e-03
9.191411315688352568e-02
7.018881374085399194e-02
7.562625659795768618e-02
3.815757012157874883e-03
-8.794337861046160748e-03
5.851342158058132903e-02
5.455250751577614410e-02
8.051378308024777219e-02
4.381116199184040272e-02
1.570415380991780144e-02
2.335587002927102043e-02
6.042193757871951176e-02
6.722934020381410303e-02
8.877208916834533614e-02
1.795876389696153194e-02
4.396097598649091609e-02
-8.274588126144094558e-05
1.095292264456436751e-02
-1.944591123046007439e-02
3.632249273293736147e-02
4.547799822888039245e-02
6.925436567272723332e-02
8.895057319188945377e-02
9.139561265494346165e-02
2.216029830881292503e-02
2.075069601353154644e-02
1.215056278013660132e-02
7.673963230107691547e-02
-1.947503394478527355e-02
6.009611804959416603e-02
8.698935043438932313e-02
6.914211320926245963e-02
1.440328820315034744e-02
1.595271351576112509e-02
2.873162143537562677e-02
6.768624219984886725e-02
1.693239297482824687e-02
3.536367642869453487e-02
3.494155384763854288e-02
1.894902171933231586e-02
3.082549637791356587e-02
1.025806397975682557e-02
-7.558606143496685720e-03
5.967383726719810433e-02
6.414056609892354599e-02
5.118637071765196056e-02
-4.280950860485133180e-03
6.191208523164203059e-02
3.393164797231371099e-02
4.855902564684767830e-02
-1.957812516702481936e-02
4.094688320211758992e-03
3.606769005935411138e-03
6.917807889938500099e-02
7.748962633475302286e-02
-1.133726811082266459e-02
7.025212443542643015e-02
3.115139796338213529e-04
9.100989251134392055e-02
8.983385809003033295e-02
9.519305255779515751e-02
9.761116905143130129e-02
5.242535057124211167e-03
-1.858127438455387664e-03
4.287850099411653904e-02
4.247878595156866222e-02
3.251637155231507093e-02
8.753244218631196782e-02
3.455694086983808477e-02
7.945104074242105574e-02
1.418080229619248997e-02
8.196758891219850518e-02
9.895051169907488620e-02
-1.983143822330768122e-02
9.924575176187215575e-02
4.081830945085813261e-03
8.065288114389003449e-02
9.214281532922045936e-02
-1.851454259120430268e-02
8.720224717874833220e-02
4.043906020623337649e-02
7.918539672031574966e-03
7.889693857729990212e-02
9.305098679772919740e-03
8.577535666836096084e-02
5.574321802179804664e-02
2.594625836242383729e-02
1.784362315639021965e-02
-1.319578794404018506e-02
6.138200706342776536e-02
3.178131062885390656e-02
3.226526171817668820e-02
-6.433118979998235162e-03
-1.789059338437392482e-02
5.389478476644764260e-02
9.200351310580835718e-02
6.077062583323650236e-02
2.621132549192898079e-02
2.813615390063056720e-04
4.421315548808724127e-02
5.723429648373222489e-02
6.251432072344965951e-02
5.640442386564922805e-02
-5.701521163687840385e-03
2.354367931277778422e-02
1.899371304489421222e-02
8.753105160385456218e-02
4.478765187713702745e-02
5.373044084109762641e-02
2.098118703002503985e-02
2.915237196729738786e-02
6.050475917270977527e-03
7.004755548326618841e-02
9.654247652040506833e-02
8.987938092807605528e-02
3.134418239674992279e-02
5.169852397827086332e-02
6.869318439999193282e-02
-1.243671016655896640e-02
2.859249507726292425e-02
1.076460439888164700e-02
1.705074091001412481e-02
-1.307032398182864791e-02
5.589415216784944518e-02
6.091364194320582348e-02
4.514753429478518543e-02
2.189776059669224992e-02
1.657994120312963546e-02
9.191102119966394063e-03
-1.610343778961498273e-02
6.667385151837480761e-02
4.487998312947460988e-02
5.050505350876439287e-03
2.377343643781045998e-02
6.297255929253053885e-02
4.984295737852137420e-02
9.755047803913022286e-04
7.204031438822654232e-02
-1.621021226696975348e-02
8.933556105088340249e-02
1.847817765243252655e-02
5.084072376550857753e-02
6.895946820978000880e-04
5.577323441180105645e-02
5.704167411025756751e-02
6.456437923972706272e-02
7.401673545058430614e-02
9.781440736758807708e-02
8.229173959128412152e-02
4.207831777571041654e-02
1.720018778824199471e-02
4.947293185488586820e-02
6.333358664105653152e-03
-1.198107734465822180e-02
2.608432666635839350e-02
3.001397446864701932e-02
1.957544086667730235e-02
9.823942442614168324e-02
4.513789705337152569e-02
-1.074791745971685059e-02
1.325208514116004571e-03
-1.956005556682894816e-02
9.787048150892362075e-02
9.159651187417092166e-02
5.937338551613247084e-02
2.245286055107400050e-02
2.953155880933107727e-02
-4.445959396742159286e-04
-1.067484929014356036e-02
6.309810105730727370e-02
8.132075587650672288e-02
-9.798315467976171853e-03
8.977550781217949472e-02
8.692361331275130776e-02
-1.140844703268397743e-02
4.643928064008848167e-02
4.596615185675845261e-02
5.999895321729120656e-04
8.094867764210024463e-02
6.750088286072258859e-02
3.095771743863679967e-02
7.054715494339183768e-02
8.383155477606600570e-02
6.474342415470706047e-02
3.454149812644054240e-02
5.008133154605079462e-02
3.142202823036407966e-02
-8.910446150175159452e-03
1.607491385746291634e-03
5.788781260287524655e-02
5.747219401324599186e-02
3.466121378157525218e-03
-1.318144060403581355e-02
5.523447937887673853e-02
4.541454920287466002e-02
-1.283308951740970774e-02
1.074391326274153069e-02
4.340921916780482448e-02
7.240936766074472508e-02
9.537286897808576469e-02
8.400828980771972432e-02
2.638402776223107080e-02
2.774701584958595355e-02
8.832067894059542068e-02
3.297964387357248117e-02
1.962263141466407193e-02
4.848650947002398903e-02
7.389298255027121343e-02
8.612664077654984263e-02
1.528769724402671490e-02
4.867705741435560118e-02
8.228314736195667389e-02
-9.547299849925645898e-04
-1.290939693551088757e-02
-1.934471284060680293e-02
-1.028143288300105603e-02
1.710030767716183564e-03
5.465584078280896763e-02
8.784764929769033059e-02
3.467180957705034983e-02
3.093089470463681809e-02
3.359493794438943304e-02
4.133993066843726083e-02
9.196947961386991999e-02
5.972050246545691776e-02
1.046876594532125324e-02
2.763749481886292395e-02
-9.275565899795851915e-03
9.986202330974837393e-02
8.696370186529042701e-02
1.596892703071184708e-02
3.587376724679829099e-02
4.364318638440238540e-02
-8.655909684906499396e-03
8.009480545761375747e-02
7.807708572502705668e-02
4.606330898471233670e-02
2.709458986383379148e-03
3.084180369840820377e-02
9.230780358964012222e-02
4.537698219554625600e-02
3.512149563640629135e-02
1.429459867497706940e-02
2.437674170125039494e-02
5.920519964273729396e-03
4.300470757169506941e-02
4.399690012020429641e-02
4.488046759172301114e-02
9.310107640367464021e-02
3.372354039409330984e-02
1.040511148777574849e-02
2.108959906644553364e-02
4.214896310225728360e-02
3.685527989918659098e-02
-2.938426763644343132e-03
-1.774303550301351701e-02
-1.630535991288939793e-02
2.231503509081405115e-02
-1.670506853743733422e-02
4.843626003905630861e-02
6.374905165719113587e-02
1.610559050034600717e-02
-5.591339946023125146e-03
-3.264795316153219079e-03
9.066120852345307957e-02
-1.983964991269861547e-02
6.623577953090543924e-02
2.851444418392972205e-02
4.406194860900977672e-02
6.277239556088304306e-03
4.413003357949760175e-02
4.170949696032197340e-02
5.409819175995485285e-02
4.978029862952781937e-02
6.504606537329624127e-02
1.244428610063190790e-02
1.857895419193649270e-02
3.183392509651865321e-02
5.055278898528067777e-02
5.076846640615705758e-03
6.618402569951009617e-02
-8.409283309798572248e-03
-3.702057213913669681e-03
4.628316364351992007e-02
-9.270677564979852570e-03
4.167086101384966101e-02
7.638898166470493856e-02
5.647123442937693888e-03
7.282678280284846095e-02
2.236271092000259933e-02
9.837774325485236504e-02
2.782392797857977454e-02
9.979458069812924270e-02
6.111229897552562795e-02
5.945992643990784254e-02
7.667469003195466482e-02
6.271397970933706434e-02
7.753672265779489037e-02
8.043458341237490206e-02
4.703615780317103867e-02
2.320139598211578766e-02
6.144145896700071996e-02
3.459120041575883264e-02
2.084491689053483490e-02
9.625353879737574836e-02
6.678817305311507413e-02
9.571464405511168061e-02
2.001386273582588318e-02
9.527252436753481935e-02
9.231870348456416853e-02
-6.122198624708315162e-04
3.404382745672750177e-03
7.288209970607031907e-02
1.979051657126798883e-02
1.626310756577179287e-02
-1.459034936771182352e-02
7.073603747625595295e-02
-1.978718351748197379e-02
9.914307478515517469e-02
4.087189195947529829e-02
1.337126455622107343e-02
3.095532944682450813e-02
-1.227954674726176171e-02
9.761026173534574635e-03
8.167030430531489749e-02
7.307705043103952108e-03
4.962868441211108761e-02
9.001151467887633095e-02
6.403281967785338230e-03
-9.142477653556295436e-04
1.149516546858969993e-02
5.559156654028410416e-05
6.786480914506119733e-02
8.395983776252848030e-02
6.026206950174470278e-02
8.765590584528937246e-02
2.935518592521883796e-03
4.567151486994501519e-02
-1.534891938555326893e-02
6.838140293112653090e-02
7.890455877507035476e-02
8.860101118511945484e-03
-9.481226231577384589e-03
2.951092498492784155e-03
-4.809586074231505734e-03
3.280373240084500513e-03
2.899566836718526011e-02
-1.534340801754435074e-02
5.508625571424737022e-02
6.661621162036028554e-02
1.683887922262688672e-02
-1.607435858108857696e-02
-8.981961842740235347e-03
4.272328391953453264e-02
3.757454996393175262e-02
7.845749971305196468e-02
4.170299239477394393e-02
8.304842054198968704e-02
7.635886693784386947e-02
4.461547173545986344e-03
8.512228567502719279e-02
-8.700511504603877094e-03
4.566700759130015719e-02
5.492010395089769181e-02
7.680007920276953060e-02
-1.850744622418428256e-02
4.307550959082551145e-02
2.471608790822251919e-02
-1.282524141990395994e-02
7.094343038122830070e-02
6.471166838503543406e-02
8.861819831473577436e-02
8.068769356012125971e-02
1.807358145848339884e-02
-6.331659084927054870e-03
9.653444968294623563e-02
6.287741545953311195e-02
8.921551175416035651e-02
9.131840212918462818e-02
4.982381934919895283e-02
8.546572598663705611e-02
8.139682456576641245e-02
-1.956064259377121584e-02
-5.183873287827878151e-03
8.301304322732014351e-02
7.783034621109698181e-02
2.005969187392988781e-02
9.431297466578922317e-02
6.060092189734482548e-02
4.155872989276049312e-02
1.512114364597757013e-02
4.650792328074558613e-02
7.123440546957954256e-02
9.825843902245685185e-03
8.445150739578624610e-02
1.445896381614216950e-02
5.814941168153210660e-02
6.280304383989059047e-02
9.019072051168014470e-02
8.369054778157951346e-02
8.701533850575458862e-02
3.362817089847847107e-02
3.526707014028920839e-02
8.045438485258485373e-02
-4.789582238380763607e-03
2.709690538384913402e-02
1.754491011387784502e-02
8.330459738969279992e-02
8.014424447970383558e-02
1.117722088617305667e-02
9.646004922896087019e-02
8.736179511025084221e-02
9.843314250455668935e-02
1.591744333596803798e-02
3.066074129829561914e-02
2.422657346811994336e-02
6.174938073342169098e-02
2.094027124917970106e-03
4.469356387559006438e-02
3.923324325703790583e-02
4.324526348995656744e-02
3.818713567894690963e-02
1.687730134662695711e-02
1.042442945444925148e-02
3.094228370646737517e-02
2.581857014061588254e-02
7.622793151159061587e-02
-1.724875113009501082e-02
5.129291613751182921e-02
-2.169091420568699385e-03
9.765976700025393031e-02
7.538817883279040621e-02
4.824243371994771379e-02
4.979122339424331412e-02
8.421006413511922251e-02
2.400712691335591883e-02
-1.634877161477634247e-02
7.539981573585777253e-02
7.535837826883041990e-02
5.217098036370164393e-02
6.522651966770764975e-04
-5.361119179195612469e-03
6.759274667308531881e-02
3.425626191307845625e-02
2.120700623874876081e-02
1.547579746287495658e-02
4.680524098721257353e-02
8.223589613824862365e-04
-1.508285314954099093e-03
-1.975152537119560792e-02
1.804557158489945509e-02
5.162387859613405683e-02
8.404801181831189627e-02
6.720519290633933385e-02
2.312770498982867975e-02
9.466086073623139474e-02
6.981728374408129045e-02
1.264791624913863891e-02
9.215405441398057118e-02
8.847599489628756031e-02
3.097384961917143756e-02
1.675468885907344455e-02
7.655375578976569839e-02
-1.182728490532852957e-02
6.139533423022845715e-02
1.874071621319837663e-02
3.533458014414925241e-02
-1.720296097549494155e-02
-1.180185994943826200e-02
6.773939349588739556e-02
9.184073916040674801e-02
9.203881182873978328e-02
9.571042752631468697e-02
5.883381786127421520e-02
-2.032965169310719383e-03
4.358176371499107582e-02
6.293386228239351843e-02
8.057764185865584627e-02
8.193342509564122134e-02
5.158979769271317822e-03
6.012525010664314384e-02
-4.372408623471928102e-03
-2.789020129854227759e-04
5.260253398471224223e-03
-1.042780413996391778e-02
9.833890655088470267e-02
9.522784082967516994e-02
1.447960230208735627e-03
8.850129562609997114e-02
-1.019728188781011437e-02
8.317468309044871722e-02
7.245027876312455650e-02
4.498163832048193700e-02
2.382283595445753785e-02
4.008642156981707949e-02
-7.104771801331146580e-03
3.027620680880585211e-02
2.671845222440017917e-02
2.160229901372480790e-02
3.284702645019602074e-02
-1.246744269141055253e-02
6.015772297976618166e-03
6.118871411102681790e-02
9.299660061469844363e-02
6.565913528485069206e-02
4.831410316318115322e-03
4.574359809074757255e-02
7.728448967844581130e-02
1.276906566682885907e-03
2.498993921062016635e-02
2.308122807379378930e-02
9.474231045384501337e-02
-1.667624471066869382e-02
9.720154207006846681e-02
3.037535171706526663e-02
7.060724916028104925e-03
2.425182350704506093e-02
8.054855148941075793e-02
5.565745830654843240e-02
7.052495590433356665e-02
1.930457204594793544e-02
5.620974915795368121e-02
7.720936012392516645e-02
9.055073271545072133e-02
4.536459127219071019e-02
7.610699524418099160e-02
-1.568080560295531667e-03
7.502671569977667487e-02
5.207033135444651128e-02
6.632541581701993649e-02
-7.337560860009157554e-03
8.056537176170006087e-02
6.577316743806152499e-02
1.070189618825011582e-02
-1.727637145049206596e-02
3.657915018099471005e-02
9.708183787938141907e-02
-1.301304603576120683e-02
6.726238927856480199e-02
8.883430998172003878e-02
8.830349229600766015e-02
-4.829574690997227859e-03
5.782870279032480132e-02
-1.271806884948038611e-02
1.007566196383075097e-02
5.253024128307613727e-02
4.792596764909043405e-02
8.666483705950119021e-02
7.812003864622615867e-02
7.441527944182409204e-03
5.719496078503562286e-02
3.906508395811782164e-02
5.107306133033107098e-02
5.189445442496630478e-02
3.950904133365923387e-02
6.514402945656551369e-02
3.319219329290842846e-02
7.619839363302022273e-02
1.805964827216654731e-02
4.647691464065488443e-02
1.420184260579883742e-02
1.685613031163446171e-02
-3.814326810878208157e-03
7.278587536652851575e-02
-1.608995608207569594e-03
8.040852732543944670e-02
3.330173360785523839e-02
4.485581120381419012e-03
1.708955408467100270e-02
8.320618981931376945e-02
-1.152269568308503245e-02
7.611904873137602390e-02
7.636958777311259744e-03
1.612922446323458367e-02
2.362435475188478032e-02
8.815871689363366515e-02
1.369200766577258546e-02
1.915845017980758250e-02
8.611964232195906677e-02
5.060013974112370638e-02
-7.872836788317840936e-03
3.471774196864922668e-02
-2.220799433589191324e-03
-5.366895112144430893e-03
-8.989016182578829506e-03
6.076557653303879536e-04
9.832757095608053721e-02
1.976438839885030427e-02
-1.907279359392338378e-02
-1.150925934557159996e-02
8.955008592035514081e-02
1.893740432508758328e-02
6.934660446687566926e-02
2.043391544779702904e-02
2.634209353813584883e-02
7.648016709790327050e-02
9.793935219148633409e-02
7.881730049664208149e-02
-7.802502746006682866e-04
3.583235510873976348e-02
5.052578410246583163e-02
9.699218806157633432e-02
-8.246202977248836760e-03
-1.536877946358806285e-03
7.871209165490807014e-02
3.086738323779735296e-02
9.061553290611758238e-02
-9.661886684676200890e-03
1.648811339491030800e-02
8.709405348059379159e-02
2.318199883345158432e-02
-1.901725093395987415e-02
7.277710511320469033e-02
7.904002830788707523e-02
7.694412076193189731e-02
6.368485076461573302e-02
2.241300445099334016e-04
4.056169871463749521e-02
1.671228991032734298e-02
5.858870573241060919e-02
6.348625067399349398e-02
5.474047991761488152e-02
9.078151787205465673e-02
-1.107170911337615471e-02
4.334061131395332278e-03
2.500702894709965970e-02
3.524716430492760844e-02
8.428193844880686736e-02
-1.767130869967638990e-02
6.968683176023156289e-02
-1.595804078865083533e-02
8.905324490000099402e-02
1.753232880207407363e-03
4.232573798771605000e-02
4.689300812147383091e-02
8.167978610000840856e-02
5.798746382958749890e-02
-5.418948204120694126e-03
8.711995258111773777e-02
4.283738877500501557e-03
4.763983673341586067e-02
6.561738418685233998e-02
-7.794674977380946709e-03
-1.859869841527306278e-02
6.537770177436312558e-02
5.032469841536782451e-02
1.009895015281528363e-02
8.846721256441805736e-02
3.081062754111358118e-02
-1.437909420378816194e-03
7.213430898641952360e-02
6.728660148644271394e-03
3.496242693977681670e-02
3.633790198723139964e-03
2.221736042847187800e-02
4.390351401175442148e-02
-1.968704715920078716e-02
3.172084075355900701e-02
5.551674528705893841e-02
4.723209280515912323e-02
8.012475285376205458e-02
1.457116256688495079e-02
2.425535639557888437e-02
6.271694719879430946e-02
6.679001208874936479e-02
7.435843742297043590e-02
6.936700599821442326e-02
1.478102961930300233e-02
2.452396398497542693e-02
4.610791419263494950e-02
9.583020528601726012e-03
2.532998192241643284e-02
-1.691864308154094471e-02
6.551808718786111818e-02
1.583592488951874114e-02
8.014824268277234709e-02
8.438361792526638538e-02
3.699917314675656155e-02
9.028788174098457270e-03
4.403490910675083442e-03
7.655210361817724185e-02
6.275882100684355980e-02
7.217336399032285577e-02
4.767609963653329785e-03
9.750106335125290069e-02
8.181979594421959212e-02
5.123108221006772434e-02
1.431172903937995636e-02
8.964486399079268919e-02
9.152961444841793692e-02
7.250235345184030678e-02
6.832013216423946100e-03
9.572819934782211826e-02
3.462238976060122431e-02
5.719319055828224474e-03
2.306587096890785546e-02
6.278044141233920378e-03
3.779511352898036469e-02
1.648275157835116592e-02
9.512342991549273263e-02
2.491213439961924639e-02
7.853466050840583745e-02
3.378648411244025707e-02
8.939428432263721302e-02
4.612503130288762854e-02
9.526590041149116117e-02
3.505829451820285936e-02
1.514111015581269884e-02
8.411497671167909862e-02
6.564744601203636315e-03
1.211362373506765303e-02
2.195208584019374756e-02
5.224801081760713228e-02
4.224051273195807144e-02
-7.407330631620715963e-03
1.214071579837022394e-02
9.516131103283638482e-02
9.043954207395531186e-03
6.555881108256085554e-02
1.804547290443430860e-02
4.465546361265174125e-02
6.431487673522510995e-02
-1.016040408983290635e-02
4.032164108019997695e-02
-7.198856949155714099e-03
-1.292346631161469389e-02
6.203412645149110338e-02
-3.947333349833936911e-03
6.759096913112143390e-02
5.697453196981279444e-02
2.955233221768514482e-02
1.755279938822706595e-02
7.371119315347406803e-03
8.294869800782520008e-02
7.240701098600629826e-02
4.320501019791410380e-02
