1.067346300446267771e+00
1.049199179524111569e+00
1.078678403289209831e+00
1.020496133470564892e+00
1.049688787535674406e+00
1.067214512269304194e+00
1.045093154410694503e+00
1.098008659189898317e+00
1.051439846531382560e+00
1.062396070386603331e+00
1.058857295139416843e+00
1.052069149211013466e+00
1.011689474958669122e+00
1.083327768425467186e+00
1.066835138623940749e+00
1.095203479792046464e+00
1.092436858769115116e+00
1.002412580777166440e+00
1.003041763604468395e+00
1.036797021153131881e+00
1.041460924398479815e+00
1.039806725107463636e+00
1.009854674510860084e+00
1.039165018685405339e+00
1.060122220766174239e+00
1.086305503267120054e+00
1.051798010244719084e+00
1.007255384381788632e+00
1.073793998546615169e+00
1.042863093393837870e+00
1.056367575470171793e+00
1.034837497353568780e+00
1.014357524763728424e+00
1.003507386715895455e+00
1.080070960707252503e+00
1.008500599014518606e+00
1.089427880687366512e+00
1.088248324278322521e+00
1.044832273609779261e+00
1.056615034887859572e+00
1.066560473211126236e+00
1.034864574729872366e+00
1.012299582717479218e+00
1.073646174480601179e+00
1.033834478135629231e+00
1.013205243945622946e+00
1.080462802494591035e+00
1.087000609716091581e+00
1.087599432850881342e+00
1.025195803757912305e+00
1.058673686420572357e+00
1.043977144079684116e+00
1.067495817595135232e+00
1.072804358474918729e+00
1.030554089925208805e+00
1.091411496041432061e+00
1.094454318119660430e+00
1.053732761034972709e+00
1.018980370001813851e+00
1.052231038320382339e+00
1.095481108935401959e+00
1.008194618017636879e+00
1.091465667016757290e+00
1.085915102880437244e+00
1.063023679999569149e+00
1.024607697577262222e+00
1.093094403576912566e+00
1.075718412824565595e+00
1.005493603832713356e+00
1.040581079293333655e+00
1.049119422702300408e+00
1.091862195980358274e+00
1.085568864591452298e+00
1.067098530549284163e+00
1.058904664029277409e+00
1.021260082032064531e+00
1.068367231090165737e+00
1.093896695519126272e+00
1.022449896752469112e+00
1.010070594311719416e+00
1.061406991036573100e+00
1.060735918207769135e+00
1.053523126899453821e+00
1.056649279609869652e+00
1.034503476222971674e+00
1.003126921880179268e+00
1.002726553540746579e+00
1.033954135957347420e+00
1.009820046709374752e+00
1.042869359277042829e+00
1.007092002431027700e+00
1.080843494012605710e+00
1.034842191430116243e+00
1.026319633331927550e+00
1.077451595537635809e+00
1.059143263099850740e+00
1.028768054911448182e+00
1.068754058027399978e+00
1.093064650179254471e+00
1.005683553799092245e+00
1.010664781141748403e+00
1.046920584392616371e+00
1.006330639792106130e+00
1.032658004497588156e+00
1.079525500520708059e+00
1.029980534587612073e+00
1.071988311823348416e+00
1.012712558464204049e+00
1.011862610475211088e+00
1.081548748731105070e+00
1.022328372964062426e+00
1.021158869424855897e+00
1.095480420488789353e+00
1.014882679819803402e+00
1.056905519824553163e+00
1.015509969894624609e+00
1.087065803318825852e+00
1.033521195815881200e+00
1.024681505791954716e+00
1.018576407202627987e+00
1.067310176079429462e+00
1.036461574053916701e+00
1.048291612363696279e+00
1.051883430664914298e+00
1.011654438856018912e+00
1.074766648510516287e+00
1.089274553702592963e+00
1.088033870773404521e+00
1.053519784376000246e+00
1.069596944947574402e+00
1.072157153012259556e+00
1.028053662315708827e+00
1.022780361841234331e+00
1.082271040273407481e+00
1.020310394696610112e+00
1.093414793162448717e+00
1.089583184447731501e+00
1.051021443886347884e+00
1.074989364223855937e+00
1.017342858820144080e+00
1.036864536947746274e+00
1.070263557555998668e+00
1.016609255430132031e+00
1.025739183405526278e+00
1.090543725106273509e+00
1.081186615363069592e+00
1.098378494959749263e+00
1.005488948020090145e+00
1.073534106814275635e+00
1.038180583196398610e+00
1.073819464650037636e+00
1.078748020398311080e+00
1.000236986087692515e+00
1.070038181085578133e+00
1.016046913365526327e+00
1.040693800172632244e+00
1.092276315428169609e+00
1.003055234359197190e+00
1.042071063134343056e+00
1.022346678683746957e+00
1.083539936776781065e+00
1.092736299315931303e+00
1.058285733393191874e+00
1.001744969161911358e+00
1.024308728883115416e+00
1.078497388418172998e+00
1.055237983145773883e+00
1.075551157034296157e+00
1.018349045203243319e+00
1.033798161584785325e+00
1.021641321097944699e+00
1.065295691203815176e+00
1.045757007241659986e+00
1.080249782026359462e+00
1.062300757830049180e+00
1.070439696481298331e+00
1.038744953732993581e+00
1.004820018882252697e+00
1.043420890981720861e+00
1.054089819034225828e+00
1.000836479806193724e+00
1.013304917235553715e+00
1.087908862818255162e+00
1.094821450255149653e+00
1.053029894389530874e+00
1.052425605595657565e+00
1.031712096763693243e+00
1.097042874360643738e+00
1.079815463673776232e+00
1.088064315330387721e+00
1.061445344647284683e+00
1.021877982081986103e+00
1.005173951455583747e+00
1.051963204301214816e+00
1.076040577734921566e+00
1.066182111238983987e+00
1.048833494347013895e+00
1.056244409701637021e+00
1.080042542211855139e+00
1.050756309621785345e+00
1.060225273783407696e+00
1.029240204842259976e+00
1.000062513195372871e+00
1.052814046776137547e+00
1.083695771299723276e+00
1.033963900158578308e+00
1.006812697343238527e+00
1.092854603786112655e+00
1.032987228156571069e+00
1.099788818156931525e+00
1.047611498816230835e+00
1.085158358623824260e+00
1.081511705614081942e+00
1.002664579974260839e+00
1.077617300293454372e+00
1.043733332690701010e+00
1.019117679967133538e+00
1.080480403368810904e+00
1.066685963350112898e+00
1.033390847874986251e+00
1.077527132850421676e+00
1.041809480243892860e+00
1.089465572801828097e+00
1.011695419656169159e+00
1.088136666858284807e+00
1.011810911262333468e+00
1.031564668466118606e+00
1.070017663958273246e+00
1.022328526058598808e+00
1.062735861229641143e+00
1.078603198748752101e+00
1.080044639027511355e+00
1.029464836921067272e+00
1.031002287405883067e+00
1.053676107669268225e+00
1.048061680936351214e+00
1.067839034071430548e+00
1.005269991842347554e+00
1.076427404613394145e+00
1.075334423427305675e+00
1.004459902980313846e+00
1.026608235103430244e+00
1.089340459329439348e+00
1.021674347772114411e+00
1.078204703252205743e+00
1.027745616657058658e+00
1.048945788131811607e+00
1.024165270246992776e+00
1.069547456253798101e+00
1.046305846480307444e+00
1.026278997010426908e+00
1.056626933095477838e+00
1.091637783813658169e+00
1.009014559960278667e+00
1.073149854039321838e+00
1.033730059191198425e+00
1.074349557245572129e+00
1.080040980889831248e+00
1.060979322247564971e+00
1.028036070418245407e+00
1.034277493289960992e+00
1.065392511324938951e+00
1.008376995507135110e+00
1.048555559994252873e+00
1.031111265921926146e+00
1.028929432406875621e+00
1.068015872416815615e+00
1.011659604427078474e+00
1.072436376653118861e+00
1.085818737958275104e+00
1.054887698931714191e+00
1.043712192399359306e+00
1.087606430759855858e+00
1.076577246652538733e+00
1.095589336395794033e+00
1.044515474516503950e+00
1.038887940744539717e+00
1.050918739585492645e+00
1.061291823041332183e+00
1.012275601564548877e+00
1.023759131934710132e+00
1.033164535317606658e+00
1.044947867037122169e+00
1.074578347202974404e+00
1.015709429659455987e+00
1.010631748929710971e+00
1.060419149657500837e+00
1.007560284105043946e+00
1.055608471853578090e+00
1.061848287729113993e+00
1.034281122097689076e+00
1.075121714256696892e+00
1.030763622100271171e+00
1.024345194734235909e+00
1.091123989078214063e+00
1.012954747556608526e+00
1.006197043965613158e+00
1.071509373800931808e+00
1.076912173128180772e+00
1.083566213339066886e+00
1.090463358027768725e+00
1.036579668585952074e+00
1.067868098679592759e+00
1.092849948087728063e+00
1.054212850417038716e+00
1.083256474507355405e+00
1.057781032493466222e+00
1.007913275459741076e+00
1.006814392856691498e+00
1.026403784802940367e+00
1.029430590825449965e+00
1.055050457966341559e+00
1.011616591270004806e+00
1.069235180445206712e+00
1.055067023154804273e+00
1.046891628090419912e+00
1.039693860750911636e+00
1.017540994051947978e+00
1.019203329870890906e+00
1.032288559149978635e+00
1.091741774790343955e+00
1.074441534200811121e+00
1.077932113241689027e+00
1.060371524968551027e+00
1.028638150377506388e+00
1.012008647518707782e+00
1.086092096365661286e+00
1.071833198205298654e+00
1.053847621274274893e+00
1.008176220892895936e+00
1.051673311964520519e+00
1.022977568581134866e+00
1.056728885985642075e+00
1.064579235067174334e+00
1.006167544869331465e+00
1.098159920099478049e+00
1.063003372151861470e+00
1.025820063328527043e+00
1.021597281227926812e+00
1.058752506178832542e+00
1.003808514395214679e+00
1.009090387381446297e+00
1.034421651442598344e+00
1.049991791050666867e+00
1.011059158562691129e+00
1.022835557744119495e+00
1.028214211471615736e+00
1.057122816670541976e+00
1.071391619755321489e+00
1.028426598332569109e+00
1.004949051876292243e+00
1.078956322254759792e+00
1.019079383107737602e+00
1.031488908316915198e+00
1.047901371225638867e+00
1.034265174706230583e+00
1.018789660174225675e+00
1.004152253564230435e+00
1.006664172302529137e+00
1.064734904392234949e+00
1.089262445620422071e+00
1.018539933657720331e+00
1.081620441686237388e+00
1.014804809578198741e+00
1.005978733341597264e+00
1.037004464927103298e+00
1.050740359980985028e+00
1.027811939873614522e+00
1.088346875212496734e+00
1.060573445306405072e+00
1.033184752729548794e+00
1.071295338480698467e+00
1.025432036073575581e+00
1.014682570701399333e+00
1.054964454796447182e+00
1.010766050046189246e+00
1.046329748841576812e+00
1.034811353050146154e+00
1.071652693780686061e+00
1.092248304600332842e+00
1.032434083219510024e+00
1.000260619445730415e+00
1.073341516932679651e+00
1.071719167782923421e+00
1.034662964283173503e+00
1.090905511734382660e+00
1.049337262862355624e+00
1.087872372103564578e+00
1.035831192907108678e+00
1.070562122936556282e+00
1.098044954185100286e+00
1.004740720770180840e+00
1.098978605080161763e+00
1.007760282823033648e+00
1.019403986686237884e+00
1.016129498434182210e+00
1.009595574335093948e+00
1.030954039923970722e+00
1.013274247222702540e+00
1.077749183130895627e+00
1.027233007010945443e+00
1.062987536250015408e+00
1.035530616982816898e+00
1.018004597491106056e+00
1.085636653341089497e+00
1.089458407554497299e+00
1.028316675669263880e+00
1.035485215081113797e+00
1.041512895640764214e+00
1.012994867540181865e+00
1.078493730859299893e+00
1.042664334182850094e+00
1.088411572397890881e+00
1.027044037260682385e+00
1.015985808257711787e+00
1.074781866865737845e+00
1.021692236035153689e+00
1.051102149643293515e+00
1.060812919012803945e+00
1.057018771087374631e+00
1.062711798211812830e+00
1.036646065796732019e+00
1.001033123029704042e+00
1.008413451001170857e+00
1.016685489365645845e+00
1.077207237608635459e+00
1.069019557367224316e+00
1.097345297831725297e+00
1.052870552131012882e+00
1.004461457661940837e+00
1.024472691328701002e+00
1.061162680055553142e+00
1.047558710703049734e+00
1.031376213521185692e+00
1.073687741946170782e+00
1.085954845375350253e+00
1.087743239934503281e+00
1.024008971733003204e+00
1.071731111192049779e+00
1.035935437727957042e+00
1.066612420258575833e+00
1.075451109244685677e+00
1.067455829027428083e+00
1.024695834985298148e+00
1.029498327901003707e+00
1.053459481059512370e+00
1.034789084472956144e+00
1.076699542969366430e+00
1.069512535801959929e+00
1.008147713968225778e+00
1.073225487832624392e+00
1.045826209446402366e+00
1.045281172881141751e+00
1.029026500241053910e+00
1.007434287863482547e+00
1.025807211219711856e+00
1.055373513397690477e+00
1.073730094065818985e+00
1.043315924582206122e+00
1.014798752909280344e+00
1.044681482550653850e+00
1.079645317706809715e+00
1.002051509481725944e+00
1.040081134188375556e+00
1.094340045027863306e+00
1.029562793098478535e+00
1.075922377593738544e+00
1.017830335764348559e+00
1.095230108477697195e+00
1.016933781873702758e+00
1.024865590198412058e+00
1.058169173490441706e+00
1.098096528686431483e+00
1.086815703601633043e+00
1.053751990935285487e+00
1.037816874388972632e+00
1.049555858725405466e+00
1.035614405272591965e+00
1.009253132159179778e+00
1.040504261374179507e+00
1.003073266657277696e+00
1.088058573640906745e+00
1.060270568493201004e+00
1.027859818136840797e+00
1.041517653629500550e+00
1.012732192236521334e+00
1.075191336176050561e+00
1.053931317978336502e+00
1.051798102930418644e+00
1.007408030867427140e+00
1.073961837220080318e+00
1.038909359901614815e+00
1.017261098899516769e+00
1.008882453838319870e+00
1.039519685778050428e+00
1.061434021640264236e+00
1.066754703508310920e+00
1.040419494576737325e+00
1.079603487138044660e+00
1.022263071976227344e+00
1.096390510807986329e+00
1.089536281142450935e+00
1.086948410976780854e+00
1.063162508503013415e+00
1.047666273677483328e+00
1.092405343716554400e+00
1.077113163333217383e+00
1.004804072171713303e+00
1.062487525418272849e+00
1.060875903958384603e+00
1.029260330200096663e+00
1.037080330056381339e+00
1.014382865659594790e+00
1.088445714790434726e+00
1.049772006614262843e+00
1.061503436220092578e+00
1.005638766865212252e+00
1.044506656770028741e+00
1.015772022736334712e+00
1.006461682535408464e+00
1.007435376911102631e+00
1.018925489110289018e+00
1.099782610712490394e+00
1.025858148339890752e+00
1.015210073507446742e+00
1.014255454823426827e+00
1.024710964355644904e+00
1.084865311308922831e+00
1.029481476692229336e+00
1.020267632286350645e+00
1.088009989058949190e+00
1.009252004368650146e+00
1.055126723498622354e+00
1.039418565337841605e+00
1.075955225072389387e+00
1.060579341196996150e+00
1.037499178913726894e+00
1.056079303251974411e+00
1.064503638672919195e+00
1.021719569496503777e+00
1.080359883240961327e+00
1.010972706935268972e+00
1.090723260433809738e+00
1.013476382361489625e+00
1.072007442482153738e+00
1.001799562045442515e+00
1.032777872691255094e+00
1.057489597034311446e+00
1.050945685362936866e+00
1.070323961365898136e+00
1.004962380548965806e+00
1.089048520551120003e+00
1.011168497526879095e+00
1.018595436764644369e+00
1.058165532491949667e+00
1.041157084372541508e+00
1.008659711064870290e+00
1.091951774692641264e+00
1.071883247032027864e+00
1.097570748997269474e+00
1.003936896422608527e+00
1.009267395302303694e+00
1.089433436547053269e+00
1.098759810631815714e+00
1.040800093995822406e+00
1.058915687793883231e+00
1.017971076777448580e+00
1.079419069976151890e+00
1.045065905992800026e+00
1.063644136398742113e+00
1.068170159515483775e+00
1.018648459245486748e+00
1.073173899778956164e+00
1.018905054823971312e+00
1.061383409945937162e+00
1.017977753037773825e+00
1.088203178311931252e+00
1.003866279706939091e+00
1.038289011955965790e+00
1.074502035227815622e+00
1.093630134702162859e+00
1.024884709225958757e+00
1.017634949185529658e+00
1.057179659218604018e+00
1.021456200495083788e+00
1.082538701495312061e+00
1.006940322828270062e+00
1.064564929976635321e+00
1.033274244849970547e+00
1.088153053671966131e+00
1.095994895973316341e+00
1.094320853398917048e+00
1.021178497575177202e+00
1.066212285639842161e+00
1.064928615035027226e+00
1.015665436910688779e+00
1.043039904154643427e+00
1.085550749343216159e+00
1.025938790071482476e+00
1.054449239539136274e+00
1.013711157389836748e+00
1.081087203249993411e+00
1.006172103397604101e+00
1.018113626462852528e+00
1.036478954711115952e+00
1.056340371802416911e+00
1.024224502445185925e+00
1.043502295433995197e+00
1.075332937256983090e+00
1.031687632508999641e+00
1.062823379321159667e+00
1.013353247513013811e+00
1.068206257796607606e+00
1.088925836770617828e+00
1.023471556188271903e+00
1.082266913472785586e+00
1.096511479769778807e+00
1.067504796183393667e+00
1.045245434348659241e+00
1.056310807253598050e+00
1.011738202032647305e+00
1.096161716256398133e+00
1.021941705190183791e+00
1.020786084624060175e+00
1.096225598737469831e+00
1.019609170033888290e+00
1.022367890410191826e+00
1.083401248848917087e+00
1.031756754033888779e+00
1.077928878823739334e+00
1.044282160280134653e+00
1.030020258215383455e+00
1.052099642598694373e+00
1.016204415364867275e+00
1.036996125637515087e+00
1.092156965946973424e+00
1.097298907834964865e+00
1.044087782489474758e+00
1.056774713655517672e+00
1.041009545403974279e+00
1.089333937163426080e+00
1.076073485101320504e+00
1.081303853799262749e+00
1.022384361025644672e+00
1.015062080117877130e+00
1.060414970828314596e+00
1.041153925380094991e+00
1.013937497028499779e+00
1.046702756144308522e+00
1.072838534700701452e+00
1.026371738911626696e+00
1.029311650510228660e+00
1.058494856543694684e+00
1.000220630677254752e+00
1.031662056473158451e+00
1.095763206651851451e+00
1.024819083787381846e+00
1.049041316563186221e+00
1.026515655703844176e+00
1.062711616149756289e+00
1.082676777489120612e+00
1.087141656019108504e+00
1.040685160668769482e+00
1.070869670828600073e+00
1.052655191567073434e+00
1.006705693761612341e+00
1.077627130927111265e+00
1.091459223749494223e+00
1.055883660062236773e+00
1.031862586284993499e+00
1.082138692757716347e+00
1.010280681440881345e+00
1.080009727715894208e+00
1.053527718834539995e+00
1.087798275411242077e+00
1.022097417077601822e+00
1.060448089963738960e+00
1.000015702439789766e+00
1.034791177685425279e+00
1.070405510638090751e+00
1.034014918058027588e+00
1.039088821583940447e+00
1.076594357853678963e+00
1.091629843420842905e+00
1.074645634416164786e+00
1.039372151336805050e+00
1.087435397506931523e+00
1.022179996889858389e+00
1.089514525560154157e+00
1.034580551969189965e+00
1.050671816009152604e+00
1.080835919142931534e+00
1.038295921891780882e+00
1.080209810556812533e+00
1.050342663967675394e+00
1.071951341243524869e+00
1.031636446717621780e+00
1.072608943094663481e+00
1.070354025107415730e+00
1.080319783751479079e+00
1.026937341252125879e+00
1.050633710903449147e+00
1.037202170870020757e+00
1.073665525545892230e+00
1.016770116941454694e+00
1.017296265823486090e+00
1.058933276156830194e+00
1.053137428060404002e+00
1.076533612469031898e+00
1.067107183183763519e+00
1.011936458730735122e+00
1.011543932105815946e+00
1.025996863647918200e+00
1.068576600281406108e+00
1.021752084560098917e+00
1.070146436856228567e+00
1.018312525132537338e+00
1.076524866247409840e+00
1.014695722906791664e+00
1.009898222374451704e+00
1.035090691717159839e+00
1.075078676958161283e+00
1.009816314927459491e+00
1.002976858590666653e+00
1.078884693037976295e+00
1.096475401705095054e+00
1.062899498229444184e+00
1.052609261329742640e+00
1.043874027179931385e+00
1.030730344249004338e+00
1.034184020690193551e+00
1.007459800504194147e+00
1.046318532987005279e+00
1.060700143759284675e+00
1.013288982688241191e+00
1.086739051661948618e+00
1.021713106579615671e+00
1.003633714217440298e+00
1.071963026488422344e+00
1.078978000186716635e+00
1.021117320099916403e+00
1.080845107752709922e+00
1.085131782278028867e+00
1.085100596510432780e+00
1.046406059446620906e+00
1.018343523781788829e+00
1.082912977952917188e+00
1.069163187862495201e+00
1.081551330286262491e+00
1.060277896711545820e+00
1.016050408333749155e+00
1.066378093194723542e+00
1.065201620799558269e+00
1.011226871568415620e+00
1.096759125291371761e+00
1.081542614039896932e+00
1.034760315536138231e+00
1.088622322542143195e+00
1.032512241855393587e+00
1.008180540703661032e+00
1.027698301612761211e+00
1.046783414966985237e+00
1.016660790556996652e+00
1.084939041973308704e+00
1.030245164087218557e+00
1.063017412159378505e+00
1.085168249554596009e+00
1.014154411395987054e+00
1.006316775804210639e+00
1.092968591810344892e+00
1.006714081583647058e+00
1.075817138873508938e+00
1.039896407318614990e+00
1.063311653996328987e+00
1.050792894832571989e+00
1.019638682137400609e+00
1.079511347158169876e+00
1.014628738423486443e+00
1.081095187556685211e+00
1.052764579385617516e+00
1.040235856831326355e+00
1.081830962029655563e+00
1.007060823658499915e+00
1.024499686671297649e+00
1.080203515265327319e+00
1.010163191604861899e+00
1.088663987281175194e+00
1.005004097558060527e+00
1.076645749875993818e+00
1.042933791201158478e+00
1.007250677939079297e+00
1.029854776058198862e+00
1.032558705617073302e+00
1.080265853633691764e+00
1.042056504379919479e+00
1.097439599954967759e+00
1.012708176027365958e+00
1.040824573869171710e+00
1.064924043666595210e+00
1.008876284664217859e+00
1.093948888779172846e+00
1.067313674945408186e+00
1.017694019760859048e+00
1.078218129665859282e+00
1.079394254307416645e+00
1.096571125547614711e+00
1.085715750626234044e+00
1.000897513564583008e+00
1.060489156426347446e+00
1.089188221796089096e+00
1.020298309752004640e+00
1.097341659649309742e+00
1.031434690896474438e+00
1.075706756468904013e+00
1.062468652750266251e+00
1.062147267542625340e+00
1.081305121957681692e+00
1.094471405532001951e+00
1.068299651366473091e+00
1.074840559652197269e+00
1.016072492071845579e+00
1.080000655560034328e+00
1.011418429684168840e+00
1.075278982201039346e+00
1.031683489950527610e+00
1.006565111154452463e+00
1.023982477727584772e+00
1.079898752870016798e+00
1.002013052585921660e+00
1.077566762226529251e+00
1.015263288053664281e+00
1.056523913699803030e+00
1.031646544720950853e+00
1.080886092235524121e+00
1.055062657421739658e+00
1.025924169867649116e+00
1.034304987409980781e+00
1.035650377725626736e+00
1.059537630925371232e+00
1.033982777447591817e+00
1.028200104928847614e+00
1.042241309685177919e+00
1.006825810677883570e+00
1.003107731256500434e+00
1.096256114540409499e+00
1.085579639398527529e+00
1.069499050307774812e+00
1.050594417740193132e+00
1.054337386886704087e+00
1.040131232030034880e+00
1.018553754666169375e+00
1.008937179800819983e+00
1.018448964730567896e+00
1.005039779409618417e+00
1.005365326831019201e+00
1.007775186903499876e+00
1.062167761192071458e+00
1.020248855786280551e+00
1.008133529064664691e+00
1.068890625420516605e+00
1.011213325798806739e+00
1.064260700210689192e+00
1.055375647229870761e+00
1.053396133686007818e+00
1.071383427567677460e+00
1.003450099646010729e+00
1.038419961482178300e+00
1.015683806342337236e+00
1.018705638214013165e+00
1.037573919372078102e+00
1.044452520474588919e+00
1.012888265988142855e+00
1.061077316562025752e+00
1.065197132474525299e+00
1.018149277480769666e+00
1.055585501737370313e+00
1.028933666547669601e+00
1.077484657335981533e+00
1.050664663035185464e+00
1.049259921900589587e+00
1.006870226324336981e+00
1.078443521634024904e+00
1.091980763021343837e+00
1.050374739151923364e+00
1.086647023971286652e+00
1.087489703176475420e+00
1.029838294219683092e+00
1.029767908908975738e+00
1.018386115301195716e+00
1.083129758328688963e+00
1.092331915243257123e+00
1.012922689825939804e+00
1.046694517069923114e+00
1.061056894363576308e+00
1.038691380134071807e+00
1.043193000153398664e+00
1.075620210776143004e+00
1.064005975722884356e+00
1.039047101013671259e+00
1.072908808402104341e+00
1.040558005575910050e+00
1.094732104019137564e+00
1.037432859030448906e+00
1.050959338966917844e+00
1.095968808039609055e+00
1.090020506632216168e+00
1.069403606730433776e+00
1.028505345196806253e+00
1.084224491548759772e+00
1.016799565827952501e+00
1.095235326385680663e+00
1.003938069241798514e+00
1.029768884886568925e+00
1.007093441390087607e+00
1.094132892985120842e+00
1.073672376425448993e+00
1.078259894077382652e+00
1.071257499846083538e+00
1.063173627404539134e+00
1.017374149234727687e+00
1.011931538484392101e+00
1.094536622019452565e+00
1.006177611434149632e+00
1.083402470900723058e+00
1.047855599634081925e+00
1.023040453485360546e+00
1.043676225596092744e+00
1.032516976383132334e+00
1.036187032031102184e+00
1.086210578984788233e+00
1.043238501888859693e+00
1.026994794547882783e+00
1.015887358522486128e+00
1.079417768802661381e+00
1.009255198670308218e+00
1.031400274835545527e+00
1.044738077807238374e+00
1.017639269482605302e+00
1.016537140134797124e+00
1.036734695682540508e+00
1.051385406512558518e+00
1.073347593280329582e+00
1.000427237228152411e+00
1.079286363619941458e+00
1.016410817333531558e+00
1.023344981037143997e+00
1.044580383019443337e+00
1.076923955305190805e+00
1.056581730249865014e+00
1.039346191579069822e+00
1.092469706202121360e+00
1.090453224950595379e+00
1.048155903098982655e+00
1.028051100767789050e+00
1.079458136983369787e+00
1.037726818948192964e+00
1.069443447198129338e+00
1.037189864526635308e+00
1.004080206842946854e+00
1.039614731072802556e+00
1.035947840481141302e+00
1.034387423933965655e+00
1.027376515198663354e+00
1.035222407635282282e+00
1.062985336896737021e+00
1.068041996460793897e+00
1.081040033921352395e+00
1.043997325098547480e+00
1.047825156143339598e+00
1.002439634688325309e+00
1.034249044627205238e+00
1.012769942075368634e+00
1.053837359955271058e+00
1.015333169980132899e+00
1.094549001580521042e+00
1.059866060505042062e+00
1.096564987241925859e+00
1.003712658354651843e+00
1.092742631855699642e+00
1.072913979723270073e+00
1.006659163018345460e+00
1.010716570855944241e+00
1.063875017624692942e+00
1.007909161230150730e+00
1.090672472597591591e+00
1.094019213590911477e+00
1.001229850594291149e+00
1.062008214762977909e+00
1.074307793630619789e+00
1.069118495094609544e+00
1.042378136682343914e+00
1.073970098697700548e+00
1.067096056769117673e+00
1.021190366245067871e+00
1.066344516722142144e+00
1.076962215103307363e+00
1.032887336971536785e+00
1.008483942354680529e+00
1.026357051021558942e+00
1.073051574825364840e+00
