3.172331221665353196e-02
6.444694905831621634e-02
6.265231258753750643e-02
4.263391367919515396e-02
6.866331255758495455e-02
6.368826574880247227e-02
7.134250778032723284e-02
2.073094105579773375e-02
5.671965823449784394e-02
-7.314504166376287198e-05
2.892541838364466947e-02
4.588990703241149771e-02
3.682429937028661171e-02
3.007282909885277897e-02
2.012069516496357499e-02
1.922420975011726249e-02
4.176416321428352840e-02
9.029454089353883273e-02
7.573698889587229810e-02
8.694022440747946334e-02
7.965056424028019166e-02
1.696224455839505027e-02
5.994992575460129924e-02
7.687122048682752673e-02
1.302275587901446582e-02
5.459539006224284341e-02
7.922713339887006712e-02
-1.170269376342029238e-02
2.425603732243113500e-02
-1.742675978159438990e-02
2.667848031043936960e-02
1.452578469562492217e-02
8.205373234207848088e-02
1.765688509761969074e-02
-1.782306466110442425e-02
-1.867331798777479776e-02
-1.310988245320037632e-03
9.631233530376237528e-02
5.179327881204823236e-02
-1.411161932526979086e-02
2.882924490423352179e-02
8.893922767553426312e-02
5.776948405906995321e-02
6.075123224357800722e-02
5.444888815828222151e-02
8.631364768368442186e-02
2.502888452840540054e-02
4.270312812570098426e-02
8.666770122208660582e-03
8.624978130608339233e-02
4.017835743440203999e-02
2.508091060736438935e-02
3.351303919899518979e-02
9.734033130524528954e-02
7.070701730613827840e-02
1.748977431718247780e-02
4.449543399324014381e-02
9.943148511497069963e-02
5.765035912826053932e-02
9.773879124487371006e-02
3.856045517056140570e-02
5.935157382004602189e-02
6.179831072974202588e-02
9.294561812334813794e-03
3.689896125793104553e-02
9.070118246612032809e-02
7.565837561550795010e-02
-2.688497626032276128e-03
6.734804836754600121e-02
-1.719921154742004230e-02
-1.935683098404336611e-02
7.705063330712941250e-02
-1.792937248585712781e-02
1.859185075109873533e-02
3.725861420403320245e-03
6.871927597285740208e-02
-8.844011709128097101e-03
-9.476079997570300770e-03
4.643901543923444064e-02
7.905312138421145829e-02
1.915894376503208055e-02
-1.860356678305787395e-02
9.522236832268934914e-02
8.646075452450771581e-02
1.438881887135641177e-02
-6.721812343609729831e-03
1.552746979521621093e-02
-1.846215723014623181e-02
-1.821487045111910147e-02
7.990414437898699096e-02
8.137803991145484139e-02
7.901143391902634705e-02
2.130988647793244720e-02
1.728264534202168454e-02
7.188107969683159293e-02
1.953917795565890056e-02
6.603957466833747236e-02
3.814148408652519306e-02
3.416088160446896504e-03
3.686359989339155901e-03
2.625243204982030329e-02
3.878990114740700490e-02
4.978614053097163428e-02
8.719407909332810291e-02
-8.810940568490903402e-04
5.455392982245910183e-02
7.348413453631369441e-02
7.016379077397809361e-02
2.980624621818830228e-03
4.925214076490695703e-02
1.013578683963684002e-02
7.334866138174417349e-02
3.024363747939841016e-02
7.827365905986716221e-02
1.060877157739436444e-02
-7.896644815953085886e-03
8.499301306689337199e-02
3.007514642524846890e-02
9.089694868350241264e-02
8.334429177673846612e-02
9.284260294622424803e-02
2.348446264092182365e-02
7.562066893289368097e-02
2.887470491685293142e-02
5.258522234258942996e-02
8.085691419139791336e-02
3.895569790452443892e-02
8.438612732209223311e-02
3.245617639707348845e-02
7.139306164566060209e-02
3.863453915666774374e-02
1.070749567562684704e-02
4.512101668488277539e-02
4.423812372791763314e-02
6.861048925542924393e-02
4.636899425121712714e-02
-1.018615927811790910e-02
4.784705010161519056e-02
9.653725924707871886e-02
1.635236928477832793e-02
7.810717844910013141e-02
2.916642063200947446e-02
1.585986218507174153e-02
1.912069629384406319e-02
4.951812667580961225e-02
-4.900987946756737990e-05
5.058742462544413288e-02
5.127058211458007664e-02
1.702084559559878182e-02
3.661006908105375601e-02
6.518915345351719570e-02
2.108975128032982913e-02
7.797332218984071028e-04
1.495741364950985489e-02
5.521816201004869917e-02
1.852685931190345761e-02
5.093257040372502209e-02
1.861457287521009821e-02
2.638207298140858234e-02
5.685710371491216331e-02
6.059111514576150104e-02
8.683950468959679425e-02
8.112422916331900324e-02
4.753508401015044127e-02
2.893350698986613470e-02
5.348994020385028358e-02
-1.170432637048039563e-02
1.551257594537347809e-02
5.968016427358291409e-02
9.424886190479048187e-02
5.459123848702646109e-02
2.965931755845072418e-02
9.025432182031823541e-03
2.492783735148626154e-02
-8.722495747776951719e-03
8.946224637286806503e-02
3.083014219520415974e-02
4.801100599852722861e-02
7.549164006226180557e-02
-2.173379233350532930e-03
6.457843607820221155e-02
3.113262279712491684e-02
6.741008184329344566e-02
-9.359944630296842746e-03
8.107600088681435335e-02
2.529919366812800538e-02
4.003375292319928669e-03
4.735013164625984095e-02
-1.440233975219404328e-03
-7.334579171059932637e-03
4.934060090944247801e-02
1.968163230055004417e-02
5.385331544709631713e-02
-6.440715272740746289e-04
-1.070110861143399802e-02
-2.120597862349943297e-03
6.584505996686287888e-02
4.183398483543836199e-02
2.811371431308590588e-02
9.506112481759521060e-02
7.445977740398990186e-02
1.011448526524730968e-02
7.619835538896271854e-02
8.088650296430031916e-02
6.064305238124918784e-02
9.621700412636066679e-02
3.297317305135798182e-02
8.257308397062881888e-02
2.650135365990548275e-04
4.490710520869356515e-02
2.257299969916446922e-02
1.879319982236950584e-02
2.715030371792773525e-02
9.625685877116459122e-02
4.483178443756606624e-02
-1.067832251830856671e-02
-1.400587774661540483e-02
2.154181160369328038e-02
6.484635380876244137e-02
2.412124873319088439e-02
2.966416490718524687e-02
3.567395247191189334e-02
8.848104328369885835e-03
3.784333603492578968e-02
7.772875061767117733e-02
5.491364947483769188e-02
1.695865011819009185e-02
7.670899121945806698e-02
-1.262491277052897251e-02
1.250102891388268564e-02
7.714654400537519774e-02
9.570513044378096967e-02
7.809225629080894515e-02
8.652606329296626264e-02
-7.472239794520380354e-03
-5.388913865477865106e-04
6.091353467186649828e-02
-7.474918579823078973e-03
-9.415140981467886791e-03
6.524692865448186718e-02
8.697904955753330003e-02
1.611192477246338114e-02
8.838151266208658929e-02
-5.784529179487315695e-03
-1.607958758753825004e-02
7.825178847381843161e-02
-1.491885195035963160e-02
9.597608750184302706e-02
6.535029535447747784e-02
8.044124116514916878e-02
2.731781471726310237e-02
2.648814670054812012e-02
9.330415634018360271e-02
9.946833031929566693e-02
8.809633668391443628e-03
7.494552646510731220e-02
4.121555556874201276e-02
1.831970572135195596e-03
3.434806057558090209e-02
9.332763063775735557e-02
8.174301258858168717e-02
1.060675747116988227e-02
2.532689315526763171e-02
7.795621129425025359e-03
6.365900365817578344e-03
5.501342557544834644e-02
5.372878312187544247e-02
3.776490101442105118e-02
2.036809721915095253e-02
1.584153179809056830e-02
-1.277515343452059748e-02
6.018775631717357411e-02
-5.834594141681307550e-03
9.947349870975610853e-02
9.187453801188513042e-03
7.470142220036130043e-02
6.571262823853207813e-02
2.488514007012001747e-02
1.909587572298861863e-03
2.137355038853787706e-02
2.473156082773382905e-02
4.096708387385264438e-02
5.984730977854695044e-02
2.230347759131027022e-02
6.919611099115055564e-02
2.378936750583151086e-02
2.660154435732078534e-02
4.734240892855953037e-03
8.896623945204144845e-02
3.925074313099284617e-02
7.482394219464394425e-02
2.574012003239863414e-02
5.780571564349011593e-02
7.961157575336784420e-02
6.893924772477645624e-02
9.737795715459732215e-02
9.223537163629909330e-02
9.137166355264923767e-02
3.167477467711890537e-02
-1.128357794039101802e-03
-1.921874760928668491e-02
6.337257220437146621e-04
3.706064586043165965e-02
2.975022866803338217e-03
6.017524082521463757e-02
-8.083126665887525181e-03
-1.382654678696866590e-03
3.110762627722659171e-02
7.117008478389141857e-03
-3.530904126991529779e-03
-1.544714840784059198e-02
9.459117355534708838e-02
9.802753684424043989e-02
4.657982292144258185e-02
8.943453728735901997e-02
5.138113061763199818e-02
7.225739183782126096e-02
6.153903474712635324e-02
1.882870559220037668e-02
1.766080866194860363e-02
6.420070150370635331e-02
-1.235561918604170112e-02
-3.932880211026796441e-03
2.601124105427534902e-02
2.935605753118635322e-02
2.893751892105166437e-02
4.746722674708800382e-02
-1.772002771726585366e-02
3.369670432762619100e-03
-4.879319536463014653e-03
-1.597333607843450659e-02
4.229763083279422520e-03
6.462096014482672512e-02
2.724288996800154281e-02
7.195582689147189681e-02
5.116031258957719208e-02
5.155481882136916938e-02
-1.591379893023762288e-02
1.374930165057918971e-02
8.799157211082957175e-02
4.705409614542145624e-02
4.377805859750143191e-02
9.972697543095072892e-02
4.950913403692268344e-03
9.077447077416052335e-02
1.636246141235766019e-02
7.020476044304589658e-02
7.133137752477156091e-02
3.353643685355833792e-02
2.807038663050219832e-02
9.527601436498846221e-02
4.824159765458761739e-02
7.911554161017900211e-02
4.042712301372346217e-02
6.740063965520200207e-02
7.908598940924381482e-02
8.582291484550098881e-02
7.142670238669494853e-02
-2.322505551140031932e-03
-3.819191534099111718e-04
9.215252845265499426e-02
9.123770767896667577e-02
4.699911898893899265e-02
9.923724348053729327e-02
9.428885379661331584e-03
5.030113155743271003e-02
8.749497907385625495e-02
8.954599949208967569e-02
3.932099534708534405e-02
8.170700276971250287e-02
2.439330691080493843e-02
8.257268125627154065e-02
7.663925983907499129e-03
4.494974946602774135e-02
5.878630717670567385e-02
2.404825415678464931e-02
6.335676820298562217e-02
4.355893461734107464e-02
4.895266915061340096e-02
-1.815277848287915122e-02
9.759423627210149499e-02
-1.156456671849086411e-02
5.762455144529184115e-02
7.751241906277706040e-02
6.518895938552871083e-02
5.668126333441506071e-02
3.980211228580432525e-02
9.041550546741035366e-02
3.037400171963942561e-02
1.736268171409651243e-02
-1.648888423384437321e-02
9.515349151132575234e-02
1.281055015904282793e-02
-1.902112922535196052e-02
6.808703644521918452e-02
7.106743145948646312e-02
7.489302789340325506e-02
9.430441068372762137e-02
8.997805590515116358e-02
6.231323987172118772e-02
3.255099385259278832e-02
1.737424178616999229e-02
3.000718790740313294e-02
4.799264310779308151e-02
-3.856104131138505392e-03
6.173225680569444096e-02
1.171726862977879799e-02
3.791797343892563260e-03
7.698193037920492143e-02
6.992363747291358012e-02
4.759473504702818603e-02
6.035753389706666194e-02
3.354775764033729457e-02
4.405106857627517913e-02
1.018497691930713919e-02
9.497624328020962126e-02
1.957054828811604155e-02
-8.209355807701941565e-04
5.176051280930221016e-03
2.787229687414612481e-02
-1.707364585613384972e-02
2.796192711761145977e-03
4.687000142308622719e-02
6.894153742017096465e-02
4.273973283421314551e-02
7.609524257844675621e-02
-1.374171353042248286e-02
7.162480819907192375e-02
7.728673734130650508e-02
5.256726479151031806e-02
2.102657596657854858e-02
-7.893750543280999774e-03
3.567948561681617836e-02
3.990592559803869677e-02
3.949117407863311779e-02
9.344586880376305749e-02
8.401190189021034982e-02
1.250456193132469182e-02
3.506528882171774941e-03
2.675699423323600265e-02
9.207457212479887299e-02
7.771008124719951116e-02
9.177331533904251049e-02
6.638153434057511570e-02
-5.967284725461053860e-03
8.166416655279293280e-02
6.149463400004727409e-02
7.353011185970621810e-02
-4.145368902245143150e-03
1.481457908487892119e-02
7.270085484663582620e-02
-1.812445868934093110e-02
8.378518071965726510e-02
5.728834887795455910e-02
5.989094652467920332e-02
2.677013867425180951e-02
-1.184308004879990744e-02
2.156530846796573045e-02
3.824827972543248800e-02
1.213556876506063573e-02
7.263599325392139372e-02
7.092273097907957069e-02
6.071124428682950214e-02
9.198044471417399226e-02
3.833270318549640565e-02
2.198645053132507535e-02
2.575185316257845927e-02
9.457898546992135613e-02
2.303370020138571436e-02
5.831160758734271754e-03
4.657958825726778163e-02
2.217558361774221373e-02
4.899117213540976623e-02
4.348581214752791912e-02
7.289760020680957631e-02
5.148250625827158200e-02
1.369913339520373655e-02
6.539037691084662041e-02
2.449548339658835436e-02
5.091721762207851443e-02
9.902208768030304475e-02
1.046534310440479232e-02
6.526228823667958728e-03
-1.952707612177139937e-02
-1.384830358250603924e-02
5.711026472516214647e-02
5.238874810502427981e-02
1.997999800229031606e-02
8.753632328360430592e-02
8.603786444832166314e-03
6.907526961472118532e-02
5.772864365999534619e-02
8.117128145195968980e-02
5.194276075227523271e-02
2.527554558254687875e-02
8.032806821526355945e-02
3.450329790866442370e-02
-7.070631222320171785e-03
2.110059827846326799e-02
6.157049678942834448e-02
6.424524256452894544e-02
9.729296483091183501e-03
2.250443479491319454e-04
5.830970823991937779e-02
-4.588985677909683536e-03
5.267445529507530644e-02
7.935776069760985818e-02
2.900057123944098023e-02
-1.704471501165245179e-02
8.482494377365508431e-02
-9.444548025345639308e-03
8.162737675702068374e-02
8.235694627970391313e-02
1.457906043366774887e-02
6.967948978669250004e-02
2.756715765320750730e-02
5.971555720576762760e-02
6.775939299143959871e-02
2.272329592677698254e-02
5.661034583868060355e-02
2.572842358809049670e-02
5.254959376282164474e-02
8.290005046257915844e-02
8.891755990531940990e-02
3.571507235859676388e-02
4.183920310593076952e-02
4.279206415395774010e-03
9.020454078524685337e-02
5.686214346326470825e-02
9.177534776406198747e-02
1.581219787348253289e-02
1.501863168851294908e-02
2.661007423019262977e-02
-1.394110616374628908e-03
8.218209637911219612e-02
9.362884110771139967e-02
2.036304116688480645e-02
9.536995330790347392e-02
9.549051609140457586e-02
3.882660609087582038e-02
4.045838133593511465e-02
1.880336442543196693e-02
-3.606760165257572037e-03
7.877238863372906796e-02
4.240943848298336927e-02
6.107124247330758537e-02
5.546651107094206778e-02
1.616768016474500261e-02
8.752179675609830789e-02
3.825612559952160097e-02
2.955620570279231599e-02
6.853612620065387129e-02
7.330980540703678494e-02
7.360900181087116911e-02
7.517285776808577819e-03
3.642554952620020992e-02
7.931930894765407136e-02
1.168062946449855213e-02
1.385722613972078729e-02
2.780421063047490080e-02
-3.714934189138832665e-04
1.671202831002013833e-03
6.736627654127783082e-02
1.027679920693833418e-02
8.347552424562768025e-02
3.509098458401829768e-02
-1.900395067138819366e-02
4.731669244551209297e-02
2.891516113871575935e-02
4.088808743778638011e-02
9.644436608305373415e-02
8.807681629377880905e-03
8.935243536370102158e-02
-4.302382166653986179e-03
4.964456045850089427e-02
7.316548795502664237e-02
1.867818960953055926e-02
7.970865034436651342e-02
-1.349214798982777651e-02
9.349423380912909309e-02
4.293508289297652547e-02
-6.164053555872101020e-03
3.894482044998884285e-02
-1.723202071358280810e-02
-1.165827066842146237e-02
-3.306957150355494673e-03
5.622861217841182424e-02
2.824127864881891339e-02
9.970838340973427194e-02
1.798992671211443323e-03
6.835000214612763081e-02
9.174853705410175586e-02
8.946799941262140177e-02
2.806945791545794114e-02
2.260861579084294179e-02
-1.051783696997669708e-02
-1.025050388095550061e-02
-1.837924857993551361e-02
4.624768036458105913e-02
5.855469202667973327e-02
2.619095928809944338e-02
-8.382594285774105924e-04
9.311786919165825072e-02
-5.986930301726811621e-03
3.883931684441911669e-02
4.452746007751255675e-02
3.515259914482531112e-02
9.342573438464207847e-02
1.296713677356750236e-02
9.797120904224847215e-02
4.287937297080361698e-02
-6.338888140906950158e-03
5.241258691532303671e-02
-1.797223244336623033e-02
8.700544156237136062e-02
-4.599170810150713523e-03
6.186764236174965848e-02
-1.659308337068672243e-02
-1.326444586074557175e-02
7.295312977166398122e-03
7.662394046694759320e-02
3.240232740825547963e-02
1.255175401619466544e-02
-3.324652049882911159e-03
-1.729260371852252634e-02
-1.789230790000728363e-02
3.333399359431479803e-02
7.148682468897540887e-02
7.575735930391140627e-02
4.417513516360027648e-02
7.780785412156578096e-02
9.061780334913169255e-02
4.905840553438914342e-02
-1.607115913924037076e-02
7.979370815683539675e-02
4.743211079497883231e-02
9.966875661067021996e-02
2.732564135627087512e-02
2.405478816539782794e-03
5.448364347289356979e-02
-4.033819364778444549e-03
7.713640212223620007e-02
5.622940310078726467e-02
1.707203598726392615e-02
1.327312266339997562e-02
-1.945499428524534447e-02
7.647679419589702154e-02
1.650539183423524112e-02
-3.038024888288620023e-03
4.727334937220085964e-02
2.512687919843264658e-02
3.962588115428437169e-03
8.173671049346324657e-02
3.112191904056240202e-02
6.902345557687419864e-02
-6.461087470458494117e-03
3.279281977089269773e-02
5.535283824426603938e-02
5.392092986139136734e-02
-6.340155031508669034e-03
-1.462932817310561018e-02
5.012574287464985345e-02
5.009780800028573733e-02
8.045179252131388903e-02
2.503228744447073134e-03
-1.941983007096628744e-02
7.648756149486415912e-02
3.841299995590083394e-02
8.061212190021570245e-02
2.849579957278517914e-02
8.803695237109100680e-02
9.624258568874194397e-03
-1.557215151067695841e-02
3.810185777809801944e-02
-7.617843155161780136e-03
2.588738713295921437e-02
-1.413049491048593703e-03
7.512822843651852101e-03
6.213461682032689337e-02
2.150938030897975653e-02
-1.548473854966825325e-02
5.880815230605956900e-02
8.029302677042443603e-02
-6.756945187487496327e-03
6.237712401140123319e-02
2.194705123340362843e-02
1.243783991638912692e-02
-1.648175233320350180e-02
4.507858675761555745e-02
-1.542657000895135758e-02
5.748586997409406429e-02
-2.481652906763179289e-03
7.713186710039578176e-02
2.911135323417850598e-02
2.902081093200020376e-02
8.461905906460875926e-02
-1.625905737203046583e-02
5.439318204891947783e-02
1.367407597257614890e-02
-7.833104305197520489e-03
9.647514815458299586e-02
1.560149142016563004e-02
3.299632211287834016e-02
7.025968334890646261e-02
6.154862383075931920e-02
4.891564860279563887e-02
9.034156439457687038e-02
-5.687564073375752510e-03
2.856567652728319792e-02
6.274283365577129623e-02
6.230468796033991619e-04
6.863119166435913132e-02
3.598031809216081789e-02
8.562550026853826823e-02
4.421189367554537175e-02
4.562197818848125197e-02
9.890478153591387295e-03
5.249135815879910072e-02
8.213178403906168379e-02
1.886353767251955013e-02
-7.038517239174799101e-03
9.154757714901157195e-02
-1.625858527784831975e-02
4.650766404246761687e-02
8.308436409753526541e-02
5.879149634652858225e-02
6.392141084103777904e-02
2.907417526486822876e-02
-7.588255929394140120e-04
9.441635912571913480e-02
-4.811170750165487051e-03
5.076490032985467304e-02
1.092456024982033091e-02
6.157416164961129756e-02
6.709329115835066526e-02
8.813871145954937925e-02
-5.921680662795844596e-03
4.967317708911571372e-02
-1.656772452863541911e-02
-1.999779439254242147e-02
3.880976011144006421e-02
-1.661536103240355416e-02
2.053542276552293086e-02
9.445382757839966559e-02
4.927658892809121116e-02
7.971520543226733035e-02
-3.087312431387951445e-03
4.632663158294973715e-02
2.255401662496542628e-02
4.001395521006873013e-02
3.792095386193697348e-02
2.676113823710877734e-02
9.208849456737804029e-02
-1.064477410986082971e-02
9.343947416552412372e-03
5.448778735383244531e-02
1.671715491921504579e-02
3.545105638453266428e-02
1.625510914621000266e-02
9.787465149900539951e-02
2.921411504319994246e-04
8.154612451034178033e-02
3.711024483292332810e-02
7.127267288963315406e-02
6.073379365120656903e-02
6.982092366027432828e-02
6.610233764706684167e-02
-1.176630651537561439e-02
8.179437773110856402e-02
2.320397488031933006e-02
9.086661625549186105e-02
2.247529683611735815e-02
1.794895680149890052e-02
-1.118517194258614698e-02
1.894318065998088982e-02
4.946565454358901881e-02
6.902343014388476194e-02
-1.977794294621507479e-02
1.098749840541056108e-02
2.411115835639174657e-02
3.057233680001661055e-02
5.156681593446221790e-02
1.226044108551041859e-02
3.943538536396162808e-02
1.477614775789240845e-02
4.776304428138937463e-02
6.396455106129501911e-02
-1.719844191024809052e-02
8.277337512925270202e-02
4.617167700505241112e-02
-1.191713470725863123e-02
2.377771782165887318e-02
5.478569835721036618e-02
3.988889504176894307e-02
-1.741278306052713304e-03
9.643890788701121874e-02
-1.073067192082510779e-02
3.193623461918661255e-02
8.117360997011784096e-02
2.511946135045694042e-02
-4.499676192994272669e-03
-5.240654101817954214e-05
-1.671919023707431340e-02
2.131170546457304346e-02
9.189832101697040234e-02
8.719307794204217421e-02
3.222156822002585075e-02
3.939573313909661145e-02
4.725545416729545756e-02
9.158451418249119458e-02
-1.817778372282374127e-02
1.158107028786880058e-02
1.860494407421629456e-02
5.574512030375025629e-02
-1.136803131047391113e-02
7.557120523277285895e-02
6.261803536304806628e-02
5.560735671221585241e-02
8.903741836358627926e-02
4.096024688913191270e-02
1.014602038748760315e-02
3.579092468446568032e-02
6.112813355744113608e-02
-6.134407440227404584e-03
2.466419029027216644e-02
2.524020925884687752e-02
5.639081680943616726e-02
9.210430691073850928e-02
6.387057649875729770e-02
9.131704613881269639e-02
5.552693403312884690e-02
8.171175359793740600e-02
8.910734896009411821e-02
5.921536117797614185e-02
6.186805696399313992e-02
5.165712132863849171e-02
2.341071354657036849e-02
4.741292613358105007e-03
5.306799916491231062e-03
-1.261769898603679052e-02
5.769313047308256837e-02
8.148507153074592557e-02
-1.241395379191153475e-03
2.085511834374997528e-02
7.883817940293093296e-02
5.285499223790396384e-02
-1.412327586747311875e-02
-8.314045455815039301e-03
9.441207267905790679e-02
3.548657912211594656e-02
-1.446807863137936426e-02
2.229405924374408890e-02
1.818150477596321493e-02
7.294834443100441101e-02
6.768300239492336390e-02
8.529127305476211229e-02
7.284110522292004675e-03
8.257067471386807245e-02
-1.005712158202344379e-02
1.706715451899120869e-02
6.744496352696785491e-02
8.128028371969918398e-02
3.588993674576479442e-02
9.230122385959575737e-02
-2.076878812818372388e-03
-4.933588777421483995e-03
6.565109121974981032e-02
2.736648612224451896e-02
5.712543032387451536e-02
9.966995352750888937e-02
7.354614318283754504e-02
-5.475692820055586690e-03
6.479126964346397510e-02
3.370241411535461473e-02
4.770378605890114587e-02
9.997053458726147535e-02
9.355571441679697009e-02
2.071197269133442584e-02
6.794925398164587682e-02
-5.332785916487317937e-03
5.488190340950922785e-02
5.002090366206976557e-02
4.293940231363788107e-02
2.808426108483593267e-02
-1.178664486436146845e-02
4.710601472160956538e-02
2.823931781081416917e-02
9.842387480682163181e-02
-1.374882808115119107e-02
2.924977665757350423e-02
6.266906992231771611e-02
3.026404843587788066e-02
7.285176226249964748e-02
6.710595206276735725e-02
-1.337474288063007430e-02
2.280838168932221646e-02
8.463949775650898844e-02
2.777949042081125433e-02
9.486173262739221179e-02
6.488105974809663112e-02
6.653587883449066376e-02
4.666607177100087767e-02
1.359106942565983453e-02
2.412552083031687528e-03
6.219012024966884267e-02
4.243734831281653630e-03
7.930149796808939888e-02
-3.917272074435998452e-03
8.370294236193044635e-02
8.200881881742874691e-02
6.999917019510082383e-02
7.221031619907815335e-02
7.174573786458483815e-02
-1.814034437404600519e-02
3.147305593912826105e-02
8.332478523028405415e-02
2.455448640677663011e-02
2.832357150917561364e-02
8.533073449040445846e-03
7.008813354220178038e-02
4.781678844797263017e-02
1.098042609497081393e-02
4.811368866322193738e-02
4.627148149031580504e-02
9.554624525595953322e-02
-1.346560772601794291e-02
1.262374309130560521e-02
4.740563827787912243e-02
2.871042291319860287e-02
-1.948521232498385755e-02
2.691997402633763622e-02
8.593311834682694494e-02
-1.139570248362461145e-02
-1.377758959337201800e-02
-9.608767364941055503e-03
4.089179673201755183e-02
3.379845560586644537e-02
1.074570463680329935e-02
7.361775330713311860e-04
9.665962321598819962e-02
3.473112670587683026e-02
6.137969518048559669e-02
6.614737072398459150e-02
8.972480837310278790e-02
9.744314133344175732e-02
6.724418847176717728e-02
6.725176537100262253e-02
4.679591058545001792e-02
3.318743889597015884e-02
-3.476966035646802955e-03
3.151290221237017242e-02
7.501019119726098916e-02
-1.848473990268113820e-03
5.175697220927615028e-02
-1.039805753053691176e-02
-1.288077173185891294e-03
8.358913215234420324e-02
9.976310182336221855e-02
9.726871537599068862e-02
2.550517172902578081e-02
4.734879100944305863e-02
7.022502850080267200e-02
9.775945911258024368e-02
8.285275838998706899e-02
6.793421239733747619e-02
-1.675657211221445383e-02
4.121156285996714630e-02
7.693082337525727898e-02
-1.169192626393226325e-02
8.209854587681571225e-02
8.066697060987522427e-02
9.737347938025671390e-02
4.277258221943988636e-02
8.828304004485981737e-02
1.600832191233896376e-02
-1.818694010672333369e-02
6.846295699847577965e-02
9.812531776278589357e-02
2.363418765795552781e-02
3.623981862417612054e-02
6.925405191795924731e-02
5.667327829588918175e-02
-1.332677436888802733e-02
8.614867195360416396e-02
1.899436901316699580e-02
-1.101925569982533520e-03
3.948080827747846300e-02
3.741074417302740762e-02
3.226642020322392779e-02
4.073984043329051397e-02
9.579385566066291047e-02
1.081814010824414668e-02
-7.648333721249048547e-03
4.212943368654527287e-02
9.289191622057199615e-02
5.973669312237241125e-02
-1.226769398528209515e-03
2.851827962386633414e-03
9.717790461250098988e-02
8.735955991770877338e-02
