1.011695723929977753e+00
1.089539727520261847e+00
1.044654177241873594e+00
1.028804507525947320e+00
1.023214339266173001e+00
1.027261422456607898e+00
1.086959534198093991e+00
1.016015425628873370e+00
1.046777543055087634e+00
1.066482974247954463e+00
1.052010602628377534e+00
1.089773417231935326e+00
1.019100749842783982e+00
1.003814318094231384e+00
1.065651229226224794e+00
1.098125549030280812e+00
1.084314583222290240e+00
1.066977163636141590e+00
1.085547239618464221e+00
1.048598492148705041e+00
1.022591503994920714e+00
1.089130654372739038e+00
1.017954332633836945e+00
1.065645726080855615e+00
1.091763214544738236e+00
1.036077907412291443e+00
1.074248968153051820e+00
1.038110101695078891e+00
1.037843610242679127e+00
1.002427157449148343e+00
1.039424708696291999e+00
1.093348892059776034e+00
1.018215296870039754e+00
1.071032535762802773e+00
1.022419543680400000e+00
1.040930194052796631e+00
1.036386827991077064e+00
1.046904333224611738e+00
1.039810795980338209e+00
1.028567592582323664e+00
1.006840904182075835e+00
1.079944023928933516e+00
1.073034609596913436e+00
1.017754497823521120e+00
1.060553907925397832e+00
1.083117464700338761e+00
1.049813821367644451e+00
1.066678664954137767e+00
1.042672663156736901e+00
1.088968158218579285e+00
1.086327423333115494e+00
1.096482566725604846e+00
1.022742372357107632e+00
1.049236709299546044e+00
1.088516367129773510e+00
1.068881363940605178e+00
1.059011546722117059e+00
1.032444726182270234e+00
1.077586444550623801e+00
1.018605437105815081e+00
1.022497025764506962e+00
1.071313424675975678e+00
1.079699577638169039e+00
1.089640967802659954e+00
1.031662746401573294e+00
1.072498110577511099e+00
1.064109364326020657e+00
1.050820069222955455e+00
1.049632382210972548e+00
1.087041384309114900e+00
1.056147131327657140e+00
1.043852703605891996e+00
1.027192882882031366e+00
1.090424894091286179e+00
1.046077533004317495e+00
1.083729712040796933e+00
1.027637297346102319e+00
1.072158150680346811e+00
1.071580330878140863e+00
1.032760699691237516e+00
1.005949812462761050e+00
1.098281967533193404e+00
1.055688147958731005e+00
1.054522042862835240e+00
1.018012272191009870e+00
1.003152064671602117e+00
1.047336687547675060e+00
1.091778696970835183e+00
1.005020073593218655e+00
1.022993461666397597e+00
1.037731229507792285e+00
1.095359091498800064e+00
1.032762635526546680e+00
1.021891536206593010e+00
1.031465005074152508e+00
1.001976774739680609e+00
1.089007910622007635e+00
1.040790740145719928e+00
1.046048824554437262e+00
1.012910654351923512e+00
1.006549887541589028e+00
1.003504913155581768e+00
1.017681565217484208e+00
1.019568428295630769e+00
1.099858495378157386e+00
1.006987472754305335e+00
1.086672145545674928e+00
1.008269532127197721e+00
1.075958890846662852e+00
1.034415930347115209e+00
1.002765971865643202e+00
1.057547359808650445e+00
1.097844082357355644e+00
1.093933172635427775e+00
1.060686110067858845e+00
1.000733767427116616e+00
1.032723177181460006e+00
1.024994160395863219e+00
1.075250753378462987e+00
1.021359757410565505e+00
1.095037052293445390e+00
1.017484463947269990e+00
1.071383905341777965e+00
1.048165465134357266e+00
1.065873806181298233e+00
1.073499590261064007e+00
1.063840505710953233e+00
1.078913444001308397e+00
1.097886592264289973e+00
1.082668184159699454e+00
1.029064197895990684e+00
1.085056587294995545e+00
1.022139748003162874e+00
1.024970299213421310e+00
1.014024099014794622e+00
1.061127271606079558e+00
1.067325722319022230e+00
1.013715371872545790e+00
1.018447139476647667e+00
1.090755755357172285e+00
1.088837004920820917e+00
1.014489529063278050e+00
1.009469828950829040e+00
1.032913339396685615e+00
1.039488439772051187e+00
1.080504974284303144e+00
1.079762776195541063e+00
1.015518756223513952e+00
1.011056373399209507e+00
1.096719141123028374e+00
1.012746008113342144e+00
1.057910220601222306e+00
1.024715410616025446e+00
1.093665047598878282e+00
1.004563902507459305e+00
1.009307370397757531e+00
1.087443552434765648e+00
1.022760406630242924e+00
1.067222755466364914e+00
1.067886900176471476e+00
1.038923377137546789e+00
1.060549577890511408e+00
1.089940753517121275e+00
1.017615805908543836e+00
1.009320729208953882e+00
1.019753757661215232e+00
1.081841311717852472e+00
1.030204147572805873e+00
1.055330075650226407e+00
1.034778472859806175e+00
1.032298312937869111e+00
1.044687871426352777e+00
1.073361971082313904e+00
1.055941414373477993e+00
1.037322152073834047e+00
1.033683157108487682e+00
1.076265732554874566e+00
1.055405498571835077e+00
1.005240140737905907e+00
1.005771280186609662e+00
1.071356799116390812e+00
1.050624762479843044e+00
1.010612417335864155e+00
1.088856615991190546e+00
1.066124012969903001e+00
1.096694830555429601e+00
1.053572491306275394e+00
1.030285047150851563e+00
1.023093129604440543e+00
1.047590414756378818e+00
1.064354958516022132e+00
1.010267955312216470e+00
1.089864217394386214e+00
1.054294808354867552e+00
1.057523391566886461e+00
1.058361359518006806e+00
1.018735806483133555e+00
1.036989972130911264e+00
1.041618408354165526e+00
1.063088961339937244e+00
1.092366361953454046e+00
1.063237371984004698e+00
1.022538485436531808e+00
1.061424187424212295e+00
1.088648178244407294e+00
1.064544065340144563e+00
1.092871773309864736e+00
1.083934710501921250e+00
1.042217012085064010e+00
1.067845909166377671e+00
1.086257211299826331e+00
1.001284633804076396e+00
1.006867345747364029e+00
1.002693725937784386e+00
1.063405049974311511e+00
1.040481817168077860e+00
1.050394093353995251e+00
1.089668061182496483e+00
1.027761758768562794e+00
1.021961307061056035e+00
1.096212206442638504e+00
1.072332857925341054e+00
1.006479538375867788e+00
1.005314066378408366e+00
1.056814515995380122e+00
1.016413346019374053e+00
1.062298432108653490e+00
1.079398008756686345e+00
1.020875682543955110e+00
1.075054934764005932e+00
1.018671227356486408e+00
1.085658752343261257e+00
1.038613269048002108e+00
1.016728376873978990e+00
1.021340421808581533e+00
1.019936533520181099e+00
1.018250879662089048e+00
1.004647488696169599e+00
1.099312304938729223e+00
1.026747793104787032e+00
1.098535282269983870e+00
1.010244245214112491e+00
1.001794988402630260e+00
1.030867205188698010e+00
1.039433243275798002e+00
1.005633152898611549e+00
1.057143063417062434e+00
1.069344417543143244e+00
1.004833761599368991e+00
1.012321597446484311e+00
1.062073140670224181e+00
1.069517093536228591e+00
1.011611940212864713e+00
1.080934995907918861e+00
1.069329745999687775e+00
1.093963327725082868e+00
1.072906835753802524e+00
1.095571475104366588e+00
1.050459081756925706e+00
1.042607613775623721e+00
1.084753742025407641e+00
1.002019296752310495e+00
1.056482146616220641e+00
1.068388181828917816e+00
1.025554094797566762e+00
1.011529902569428874e+00
1.035663653606963885e+00
1.066501342903372729e+00
1.069969401742743464e+00
1.065665415839885499e+00
1.099998564013143554e+00
1.046540601871444043e+00
1.034553413924329757e+00
1.025950841547962789e+00
1.069423200491870229e+00
1.075216574972877259e+00
1.021284935529757076e+00
1.039240707748541492e+00
1.007275374497902165e+00
1.081780945616422906e+00
1.062108389300958633e+00
1.090608915013552949e+00
1.045690099765099523e+00
1.066231981266194007e+00
1.075307923265658161e+00
1.083290448380208826e+00
1.086053675623326775e+00
1.057025377392162513e+00
1.038430984706746996e+00
1.088661568388074041e+00
1.040808367786505428e+00
1.034711463482087312e+00
1.041310040431676187e+00
1.021794706049604651e+00
1.012483974611628978e+00
1.009314375984612155e+00
1.065724422418027784e+00
1.022937378952722742e+00
1.038808357777027958e+00
1.054535645601075933e+00
1.059228845940652475e+00
1.002835238983570187e+00
1.027863867541570775e+00
1.068203245938942114e+00
1.077291057702585375e+00
1.098834525809363472e+00
1.027968225158990112e+00
1.044666198053262995e+00
1.012765924048344202e+00
1.002238744788964686e+00
1.081593755473326590e+00
1.069983747316667122e+00
1.062436961716417105e+00
1.000158267523327149e+00
1.084375123171419819e+00
1.072982396668416438e+00
1.031929678423932462e+00
1.097068835031290712e+00
1.039040399455614994e+00
1.045014706889269229e+00
1.004851045973880863e+00
1.063493582702218720e+00
1.002708243996734083e+00
1.000541533896519120e+00
1.085945107622047656e+00
1.023157958185472172e+00
1.006603326662988795e+00
1.030277767201777328e+00
1.010877852453956782e+00
1.089797875345494882e+00
1.061887354153069118e+00
1.031854063890519591e+00
1.093653537049991353e+00
1.009707631923187243e+00
1.000188914902862436e+00
1.014903615149030935e+00
1.031214363801463252e+00
1.018785419967832784e+00
1.049388906902853247e+00
1.095142787908920390e+00
1.000565465074816585e+00
1.010638400336687281e+00
1.070511066563602176e+00
1.055706232031329073e+00
1.022088388673585424e+00
1.012430440721977076e+00
1.017280216583317687e+00
1.046251549016938620e+00
1.095225565382937916e+00
1.055656688940748156e+00
1.050072558927101829e+00
1.009086891270744912e+00
1.072652948469721146e+00
1.050876009499713604e+00
1.015980539635008340e+00
1.083943687487412655e+00
1.075184128895360525e+00
1.050343713697299064e+00
1.054741191893884489e+00
1.017011954293648657e+00
1.080914361799984569e+00
1.061361539598173032e+00
1.085048823401459250e+00
1.023830464422561315e+00
1.095926583886360994e+00
1.070318321287142993e+00
1.090792695365483400e+00
1.075795291782884133e+00
1.048733514832235647e+00
1.098850573631600103e+00
1.072490636280045928e+00
1.095742054511959163e+00
1.019114123088726398e+00
1.075924494110430896e+00
1.003215318249245813e+00
1.078698812438521504e+00
1.043285358288766895e+00
1.039687147092514419e+00
1.090058258757525378e+00
1.039438856293008584e+00
1.031320221845056118e+00
1.089842325664752254e+00
1.026026379903839603e+00
1.063606683284353371e+00
1.002477859938375460e+00
1.043978267596796128e+00
1.045444804118697224e+00
1.010268056051338403e+00
1.094290635031975878e+00
1.004975718943189600e+00
1.017358513225092409e+00
1.088312686136723828e+00
1.027178735282444411e+00
1.074291876834695181e+00
1.078751328715061408e+00
1.008088156077496800e+00
1.040975382152307560e+00
1.047017293778134350e+00
1.066683459591650118e+00
1.028990607636453003e+00
1.061612839632192662e+00
1.039154299280626192e+00
1.034385952979127943e+00
1.051469511985346106e+00
1.024605865322475440e+00
1.091507207489042397e+00
1.017066094108090457e+00
1.028310063898780324e+00
1.037724928482090414e+00
1.000938963005090443e+00
1.020309740015810762e+00
1.041821085938031910e+00
1.036563436234358093e+00
1.029207201186072229e+00
1.007029731795745731e+00
1.039080730986169820e+00
1.052468012818209786e+00
1.064754973088360757e+00
1.059812657323219609e+00
1.045967590750933374e+00
1.017580107107062481e+00
1.050851881658718900e+00
1.013417580435145737e+00
1.038063360919141642e+00
1.030536172727468003e+00
1.090015124087044152e+00
1.016049798799546711e+00
1.082077683422580483e+00
1.099968752297262986e+00
1.027632847063651322e+00
1.019909594448602519e+00
1.021170441844421184e+00
1.023133769348724575e+00
1.084637728621975938e+00
1.027873777320828630e+00
1.087188918717110875e+00
1.058957312927830685e+00
1.031260929648341484e+00
1.084417550508607553e+00
1.052556136034142886e+00
1.086819157309524941e+00
1.061363272614053832e+00
1.079441119419824791e+00
1.072649722124458416e+00
1.003196976706848043e+00
1.049701099811250815e+00
1.023515800903950224e+00
1.038154071701347991e+00
1.057777429666941105e+00
1.037102579945142988e+00
1.097816390956227739e+00
1.014915080910981038e+00
1.068582804183834556e+00
1.057642050501489184e+00
1.037034844418079471e+00
1.065582554775025947e+00
1.019478970241477933e+00
1.039807204518826023e+00
1.087874686495224230e+00
1.008083891684030231e+00
1.037361949894688218e+00
1.091516418777234598e+00
1.079490332026675992e+00
1.038377143207013908e+00
1.011084866538555005e+00
1.081028951907649027e+00
1.020940364408999157e+00
1.035613440114222517e+00
1.015754440195037356e+00
1.050077700896864474e+00
1.001349466067581906e+00
1.074996269746715249e+00
1.001614740334667131e+00
1.071346340114261109e+00
1.079962934237887584e+00
1.096906110277018787e+00
1.063078955145230875e+00
1.094797719764288857e+00
1.040755144548388245e+00
1.048508361538994960e+00
1.017523174586341117e+00
1.003189102969531454e+00
1.068309720513537897e+00
1.011326435333399276e+00
1.007491113565576635e+00
1.052334607004222100e+00
1.055084197295479420e+00
1.019864357215712891e+00
1.024675870695441304e+00
1.084452532542814707e+00
1.016906398103514464e+00
1.006372590853279236e+00
1.074167991801467714e+00
1.077733636727173927e+00
1.037398493000007083e+00
1.012499352386240004e+00
1.059435751923298419e+00
1.099211883895471420e+00
1.015566150851389349e+00
1.057663945372682379e+00
1.091530703757290333e+00
1.018648944465721407e+00
1.088486036153153425e+00
1.009483710657882671e+00
1.054061133088393332e+00
1.088705223239263997e+00
1.045615125149686131e+00
1.012744939076258399e+00
1.011791582552852287e+00
1.065439312367473468e+00
1.030836743775332742e+00
1.023969017388636882e+00
1.050409827036035360e+00
1.076228288438299208e+00
1.087380653079823123e+00
1.096997576164211674e+00
1.086951434870466970e+00
1.044688612889274060e+00
1.079677841804850269e+00
1.039822966407475180e+00
1.087326773222180298e+00
1.099133608030158804e+00
1.044827290373847140e+00
1.077942267723437597e+00
1.007197193535932511e+00
1.040117085950961640e+00
1.013182136383159460e+00
1.061134357554730512e+00
1.078292679275116406e+00
1.017345423991379949e+00
1.088950607928028225e+00
1.070604082423435743e+00
1.031968815562423147e+00
1.098966313916931226e+00
1.008724798503062958e+00
1.092368971274917833e+00
1.055820329848316641e+00
1.095408251758526852e+00
1.050049701322087969e+00
1.092708213827116914e+00
1.082029113230734252e+00
1.089258077091575849e+00
1.004474265851859727e+00
1.002194466099838754e+00
1.087956245729724714e+00
1.067936533713514491e+00
1.089634692144039185e+00
1.093309702511428450e+00
1.072893971089164067e+00
1.063724161510333666e+00
1.067559180233129901e+00
1.044832035701914519e+00
1.068365747830247292e+00
1.016132218243033014e+00
1.044051351043418618e+00
1.088041373266702028e+00
1.089273323924999648e+00
1.081382540779793455e+00
1.033707411173177881e+00
1.032102072471114740e+00
1.081082941189392965e+00
1.032002192179999556e+00
1.063943688766049611e+00
1.051964961971550316e+00
1.014853131081103532e+00
1.059237375392946268e+00
1.015103138799557492e+00
1.077707813317086982e+00
1.055330501424005307e+00
1.022955078986414801e+00
1.092085147070251949e+00
1.038728820962906862e+00
1.033393200911216780e+00
1.066133564239205356e+00
1.029566415174961724e+00
1.025083495838747361e+00
1.077456322771508379e+00
1.065598254298846470e+00
1.087359714927794263e+00
1.088007452886146753e+00
1.092022618987087634e+00
1.055151603054655052e+00
1.073700199447758186e+00
1.075477866081533174e+00
1.049390146303914362e+00
1.064760403068547356e+00
1.087579372652603960e+00
1.053641827541353049e+00
1.061616435358298194e+00
1.051973541118738753e+00
1.014296146620507821e+00
1.079660710348213648e+00
1.094204336296206836e+00
1.052282458782041186e+00
1.083341781901141054e+00
1.087116049305560717e+00
1.015952552541377507e+00
1.075742676355192495e+00
1.051463448827964386e+00
1.033583918475295960e+00
1.091284843832500684e+00
1.070668198859600961e+00
1.089236882880948665e+00
1.003706425942009872e+00
1.007096856164938936e+00
1.021749873330030978e+00
1.061131422169487637e+00
1.092916479831992138e+00
1.078949554879875761e+00
1.064336953686126019e+00
1.005359450230252749e+00
1.052118105616459465e+00
1.009060768397657792e+00
1.048284991967764146e+00
1.028814291169875661e+00
1.087191981531279161e+00
1.076388788926751383e+00
1.078616195515463172e+00
1.042126645946414465e+00
1.026035985440759468e+00
1.060524265555953249e+00
1.077574609345583800e+00
1.029908881239248064e+00
1.073889064534019555e+00
1.004855611001123306e+00
1.052631089056837776e+00
1.054589723003641177e+00
1.085856164063864648e+00
1.049519337077756242e+00
1.090411626994685523e+00
1.006774591903587091e+00
1.028140972904740158e+00
1.057866491619285254e+00
1.099546006452167157e+00
1.029553823217050468e+00
1.064814701771433780e+00
1.094885266522119593e+00
1.020038171880015332e+00
1.049646316315350658e+00
1.028845081386410509e+00
1.078739679937120055e+00
1.024437400464036640e+00
1.079795322970506177e+00
1.069542102796032568e+00
1.077764721608935217e+00
1.098946677710613162e+00
1.075270873787088410e+00
1.061951166175101990e+00
1.083160911524254422e+00
1.051778071268157477e+00
1.047491604601075821e+00
1.004424948956575747e+00
1.084493164564763523e+00
1.020994943817706169e+00
1.026709006327727991e+00
1.007006616214149330e+00
1.032726751092345463e+00
1.018579237217097866e+00
1.014657751750199566e+00
1.070764647814433701e+00
1.033306688005204421e+00
1.048756445303226315e+00
1.099398375027224928e+00
1.066048492836015216e+00
1.099655247052352625e+00
1.016846314738541368e+00
1.051214356891990276e+00
1.063363890139525036e+00
1.072254913930261289e+00
1.004746247629600520e+00
1.025731977493189895e+00
1.059854055140549756e+00
1.021723245343561848e+00
1.083315310979654944e+00
1.014881255792777770e+00
1.089385657467886848e+00
1.026158838694440245e+00
1.027832034435184783e+00
1.020937672170554977e+00
1.092614015426593754e+00
1.075861968208818187e+00
1.093179438908599810e+00
1.025610769871113881e+00
1.081760310644368062e+00
1.051736846465151309e+00
1.009319875014659029e+00
1.039421613612139694e+00
1.075028499198261267e+00
1.037281039899659918e+00
1.069563134661370762e+00
1.075429772637888970e+00
1.097454661049240610e+00
1.093166937510887671e+00
1.041624909131134480e+00
1.085969906791460993e+00
1.030272800650422482e+00
1.072361086197543445e+00
1.089762598382689074e+00
1.016501931853799556e+00
1.088194043244306020e+00
1.071190876392175362e+00
1.022127928077041670e+00
1.020775371095963946e+00
1.044460408281781660e+00
1.041518915727021488e+00
1.077116097958102703e+00
1.065614299435850176e+00
1.031620566325750721e+00
1.054611364935736262e+00
1.026993081296000643e+00
1.006060767719364257e+00
1.051465955608892111e+00
1.089277490327045017e+00
1.054292467047440951e+00
1.085190343787340250e+00
1.073497237869064813e+00
1.040455321969062208e+00
1.061184461532758805e+00
1.002780918579498248e+00
1.011139317156068529e+00
1.042360775160326769e+00
1.071431341806297732e+00
1.005443671249800275e+00
1.098985969957218867e+00
1.098921435660054291e+00
1.085636800653787315e+00
1.077266297563806763e+00
1.067777259100615384e+00
1.090402207044916638e+00
1.007543640621048286e+00
1.028184560347228160e+00
1.066184269131621232e+00
1.008542651659402489e+00
1.081664300779739296e+00
1.029682696919712370e+00
1.007541532728828848e+00
1.087720162938297763e+00
1.008655139506034137e+00
1.046543805066508792e+00
1.024653195660903293e+00
1.082015052885711537e+00
1.081300384331729258e+00
1.093662756865179997e+00
1.051949631797523876e+00
1.037872718418410445e+00
1.058478000427091947e+00
1.019195270766536598e+00
1.078548365434341294e+00
1.065008700596321134e+00
1.044654372213585036e+00
1.010392758407932634e+00
1.082552485800339470e+00
1.067549966648605908e+00
1.017727997778153926e+00
1.036480807987203878e+00
1.015758015626860189e+00
1.023776321905819575e+00
1.062232363761361764e+00
1.053626676211999014e+00
1.041103638918787322e+00
1.055381605462076600e+00
1.016210191966130827e+00
1.046897052799875993e+00
1.071310804506732772e+00
1.001327234086667017e+00
1.002896051930259658e+00
1.077171047540770532e+00
1.071648098952935113e+00
1.009100715407479143e+00
1.000067281706784827e+00
1.053355884992198455e+00
1.096632237409640886e+00
1.035827470318088528e+00
1.066061989429002654e+00
1.098132312135195132e+00
1.046891005166180610e+00
1.019801662997125158e+00
1.088040064324772738e+00
1.073870888821135017e+00
1.011301815066706355e+00
1.043917673050617667e+00
1.011933134902268216e+00
1.039148305125855432e+00
1.039382133558205856e+00
1.087929149933349215e+00
1.076656589119153296e+00
1.059927190715107326e+00
1.087958232078382714e+00
1.037276845638172684e+00
1.082943368777194992e+00
1.082324793866275003e+00
1.037913337968314531e+00
1.072110133050258929e+00
1.046358815909929296e+00
1.076018335750100086e+00
1.039855520631578711e+00
1.091852732655093750e+00
1.029031428617518618e+00
1.088792454167196055e+00
1.041231385043398294e+00
1.081331102392285359e+00
1.059230896980881242e+00
1.024031420548843885e+00
1.051442505866742705e+00
1.041290705323259624e+00
1.098305039382425408e+00
1.064837071592565465e+00
1.021581430735294838e+00
1.002047604881604270e+00
1.091077302791681802e+00
1.088261138159968722e+00
1.047854785758387308e+00
1.038598917866203397e+00
1.064274037632367609e+00
1.097925177397489405e+00
1.035803374549252975e+00
1.029526753991813148e+00
1.083668705118035813e+00
1.071665294145113023e+00
1.024477440324561339e+00
1.031057136506322802e+00
1.009192147766152292e+00
1.002544830037528145e+00
1.003875704307007233e+00
1.094235140066188716e+00
1.093004958306692975e+00
1.038522933912272572e+00
1.038324545191393389e+00
1.055970762545451747e+00
1.028491822805691625e+00
1.047411776572792386e+00
1.093026024220154380e+00
1.081786827860370837e+00
1.065343667945809258e+00
1.073371548753530913e+00
1.038931476534228349e+00
1.062869364800318017e+00
1.048734039663121731e+00
1.016023988578634185e+00
1.016704210753782700e+00
1.067633527926863390e+00
1.078471277658777261e+00
1.049908318891593195e+00
1.002485511561452158e+00
1.023381452586689333e+00
1.097214483348122549e+00
1.017813963071855898e+00
1.000741049156089080e+00
1.065046201557523275e+00
1.087860608925800276e+00
1.036835535115442131e+00
1.010628028762207586e+00
1.035652057940364079e+00
1.052293254386748034e+00
1.016760022754755743e+00
1.025786777556051854e+00
1.048825865524759093e+00
1.053508787404334957e+00
1.045181390530772303e+00
1.023780298960196067e+00
1.084189684246355645e+00
1.034339363121760780e+00
1.060328282135021061e+00
1.062465712934490991e+00
1.025609332032595633e+00
1.005270361957152137e+00
1.087801384040198105e+00
1.056737083012347478e+00
1.047364365023196076e+00
1.084586265343388201e+00
1.084321869168836106e+00
1.098457429078621317e+00
1.098745545105351828e+00
1.006571426895279009e+00
1.092064277905268721e+00
1.031903775103554688e+00
1.053695932080501274e+00
1.073393672889203287e+00
1.053488527417761667e+00
1.051634877767144038e+00
1.044245221928087330e+00
1.050747057671214346e+00
1.069609721944900560e+00
1.026909053666497762e+00
1.076524692035101261e+00
1.091783067569260579e+00
1.051063748235093964e+00
1.080654501024328251e+00
1.090947697095441482e+00
1.048581551267234291e+00
1.081161121139049719e+00
1.024964427163644443e+00
1.029232702574849778e+00
1.066930880402197301e+00
1.048901719897956664e+00
1.011218913910330253e+00
1.057983707308479682e+00
1.086997308168700105e+00
1.022114423134727446e+00
1.018681066767157306e+00
1.027475812245335351e+00
1.088762355388866787e+00
1.033731205012742294e+00
1.083054121102309031e+00
1.090725286779389513e+00
1.029534392866298331e+00
1.058571528083510627e+00
1.016260462655930175e+00
1.044866758715500943e+00
1.061872745512612459e+00
1.077397397315899896e+00
1.096601532300798931e+00
1.008361097057522082e+00
1.094263334839710611e+00
1.032210741618697414e+00
1.036868222700260356e+00
1.065959877597147054e+00
1.066861998449034399e+00
1.008758594769034733e+00
1.083806427892816560e+00
1.065300610913124446e+00
1.051198836909447820e+00
1.076633656769461433e+00
1.063107389606495978e+00
1.067086905830894272e+00
1.059202415916496332e+00
1.079700015803103819e+00
1.056529975287490597e+00
1.018534118254580845e+00
1.009349097874761902e+00
1.085972145907963426e+00
1.026564809768783837e+00
1.046208482936024309e+00
1.051454798150768477e+00
1.050310316275183453e+00
1.047085243417629208e+00
1.069266732552434096e+00
1.091603634476070672e+00
1.093604072718621367e+00
1.015803706183185717e+00
1.099379087964788004e+00
1.014430752611890085e+00
1.028202036980667478e+00
1.061135824744609657e+00
1.042018795917271756e+00
1.045649565823443261e+00
1.063084502921658681e+00
1.048178062358876339e+00
1.085331872224623906e+00
1.073408574689939110e+00
1.089695024724460781e+00
1.031643244355516353e+00
1.002537428763593752e+00
1.013526598951376423e+00
1.045242347872848976e+00
1.044998855814103900e+00
1.012649832645503345e+00
1.061919114892030169e+00
1.060778544464866968e+00
1.052536072264111722e+00
1.060861593383260360e+00
1.020099523824442800e+00
1.005778532538031067e+00
1.069224831191993852e+00
1.025153760630606259e+00
1.050908355425806073e+00
1.055702031294250887e+00
1.095187184339583730e+00
1.003736740199680844e+00
1.078609693658176827e+00
1.046109933876259612e+00
1.037483345296922543e+00
1.003231194659890857e+00
1.007830297537702258e+00
1.066285540559502865e+00
1.090018773755607517e+00
1.084970606586256103e+00
1.066625004143455069e+00
1.023309905009651244e+00
1.010372928420089522e+00
1.042491838296804696e+00
1.016894611246493607e+00
1.081333498328270082e+00
1.098462892838796945e+00
1.010431790048436751e+00
1.080476638061601102e+00
1.065128311023570529e+00
1.005062280189558788e+00
1.094611544011651949e+00
1.096256871728148230e+00
1.084350192529704326e+00
1.054660592863895463e+00
1.073976348701278116e+00
1.081394583021365818e+00
1.013464421879304744e+00
1.091713580981079845e+00
1.077940846409888076e+00
1.047893795555394414e+00
1.091045351223319804e+00
1.051933779697705740e+00
