4.099897914799567611e-02
7.940967362991689649e-02
6.595527651813991310e-02
9.610367092502121455e-02
3.436756972031669577e-02
3.491422495258848790e-02
4.324421534854543114e-02
5.439911723487896034e-02
-1.944195077306539940e-02
-6.640125263596993385e-03
9.795161116354249298e-03
1.357125623534065698e-02
3.036381238872228397e-02
2.176694454472493864e-02
1.567215247530840891e-02
1.454478568923863943e-02
2.809642983266345470e-02
7.478131147153696534e-02
7.634519676235893004e-02
3.108069696086620745e-02
2.222259379669487209e-02
1.393442079164364245e-03
7.852857546539815381e-02
7.771662232156120731e-02
4.828663822970542807e-02
4.081278618350578369e-02
3.275551807570956098e-02
3.144433598848885014e-02
2.407358221102422549e-02
2.779016575029318384e-02
3.802282462174834399e-02
5.393997646810794189e-02
3.252062003195548001e-02
-6.276376624891413097e-03
8.664793211631409420e-02
1.172303821709649516e-02
8.420735444849888202e-03
8.834038079845472902e-03
3.457950780484912723e-02
1.347980822063074222e-02
6.247782970640236577e-02
5.891182059344581001e-02
8.902096909199580521e-02
6.280753027786346865e-02
-1.636172921492927423e-02
3.708732451479644643e-03
1.236565643843281007e-02
2.727798831498450330e-02
1.605330172800204305e-02
2.523935223462396918e-02
2.509984673333595304e-02
9.661649280155588937e-02
9.678572577926241455e-03
3.229888768302584257e-02
8.954934827644130124e-02
5.296068214257015905e-02
9.415500541338164830e-02
3.725179750282293922e-02
1.882016704973324753e-02
3.699915668150542680e-02
5.271921922015747330e-02
4.719805710360608364e-02
9.020539905255760271e-02
3.874996685591054757e-02
7.701403386811141172e-02
-1.015197876969471842e-02
5.552288316700902671e-02
4.261309517453762408e-02
3.966583138232088190e-03
3.315430945494322879e-02
6.057459881275485680e-02
7.089862525237575208e-02
7.238618199183866064e-02
5.369924816770041409e-02
2.274083278369240513e-03
8.411949669805975083e-02
5.434691735873044272e-02
9.834353783243776626e-02
6.010994986605795731e-02
-1.022592680926681652e-02
7.920591613150620991e-02
8.508134126169361600e-02
7.060791295949978008e-02
-1.186826437958285636e-02
2.229951006616286494e-02
9.399722091420904813e-02
3.754687105894975729e-02
4.057267820674498315e-02
4.609099295456184353e-02
-1.865577259730892556e-02
9.905107660199707897e-02
4.332681829775333893e-02
4.322997877540472877e-02
4.027444900633919689e-02
6.007059026489465492e-03
1.045197226552507450e-02
3.502201338379379303e-02
7.283097557747586492e-04
9.783077406680347476e-02
2.704136090332044315e-02
8.234015919254514260e-02
8.168351085016369029e-02
2.919926254521178210e-03
7.843697521780072790e-02
-4.876281444940379350e-03
4.992224102084437398e-02
2.937353945613992504e-02
3.516623458905766830e-02
9.129650407177186677e-02
3.734440733182230188e-02
-1.343125742496266428e-02
1.253425748614047860e-02
4.630307131492540640e-02
1.956007843160790724e-02
7.808055909694927577e-02
-4.203919936339877567e-03
9.403348863153455917e-02
4.531067323025132765e-02
-1.728146859187959170e-02
-1.974150358688706725e-02
7.683944990919847062e-02
5.233301247708783965e-02
4.459694075088978249e-02
7.049761107408282490e-02
6.845402040972245472e-02
7.273709709177882815e-03
8.337206399661654943e-02
3.388452051302895396e-02
6.578663508517901271e-02
-4.987322105338129474e-03
5.214866571228869707e-02
5.278019073446359177e-02
9.743253370058194140e-02
4.529600996498636678e-02
6.878078942500565063e-02
9.712106248840834954e-02
6.401084374901699903e-02
4.876698377559161857e-02
8.171695067853389227e-03
8.258766115878932168e-02
4.040040197827035606e-02
8.594375849227491038e-02
5.622802462043523242e-02
7.871247352003218900e-02
8.710973162297157291e-02
5.226360438051622093e-02
6.259263202213305455e-02
-1.377744341706363916e-02
8.856223335530773177e-02
3.668361497799128845e-02
5.035240961760918676e-02
6.113077103183509053e-02
3.560492301244494451e-02
-5.298495733228707205e-04
3.556808993710097733e-02
-5.704632184062807809e-03
4.009258951411297234e-02
7.995466714696228272e-02
2.269893571061276996e-02
5.992200042736280097e-02
3.971528140363579651e-02
4.661919341682574380e-02
1.892020110038951028e-02
9.147866882697684721e-02
1.536121327109018012e-02
6.305961100723217472e-02
2.185100721687197392e-02
2.640267972833146640e-02
7.861817850632276533e-03
2.752496055880743545e-02
2.433559217222876561e-02
-6.433329269195330741e-03
-1.120958262469968700e-02
9.374956488428438928e-02
3.669991138527621544e-02
-8.219378516403329227e-04
7.962088958723702314e-02
7.296746239998531947e-02
8.727569648336580554e-02
3.741878188666065974e-02
5.580721271645075476e-02
6.948728818342392310e-02
1.884692097576361539e-02
1.162501547955030815e-02
-1.152922575074724967e-02
-9.266846947673244156e-03
1.924091517406183519e-02
7.638758863573769098e-02
8.077717257542176010e-02
-1.134179019943326074e-02
3.838779588697986689e-02
1.672612192606299369e-03
2.407393902758444074e-02
5.006468579441571143e-02
-4.536648106635276026e-03
4.586379992407613182e-02
7.151807817755903574e-02
8.452335122664031419e-02
4.375398402654556707e-02
2.318606890262957590e-02
4.279801268903284106e-02
8.317662627312055745e-02
-6.446691843103952158e-03
5.402231188218332980e-02
-6.254173051979446812e-03
7.524180789825489490e-02
3.024345668497353465e-02
2.020534335487289904e-02
5.149530158157893112e-02
4.387848616170333255e-03
1.738534870518171002e-02
1.550427729116284764e-03
9.613915460707034288e-02
1.712888050041088198e-02
6.300365146047784415e-02
6.375792152917895972e-02
3.980343044287456417e-03
5.806338421520175486e-02
9.591180646999340753e-02
6.084673012212443721e-02
3.022473991966303716e-02
5.585749416698465586e-02
7.204751444241222491e-03
2.763746386591844559e-02
4.860240784886975252e-02
8.135230721662217723e-02
1.253252895722456114e-02
6.024122667232705008e-02
9.046351807016166091e-02
5.525485655554351894e-02
8.452077934741525356e-02
4.991778722359928311e-02
1.893460372663326521e-02
7.446361942726995031e-02
-8.402859219224567688e-03
7.555130259928762720e-03
9.114315646667821291e-02
8.653458844437814101e-02
8.876557211924367141e-03
2.914775787350310995e-02
9.390907877100401757e-02
5.228220439860944979e-03
3.352611499272344087e-02
7.994822008971155802e-02
2.084665490737756463e-02
8.055393876538000097e-02
-1.231612727580214464e-02
4.896105154733795817e-02
4.038049923587151702e-02
1.170761336157092811e-02
4.142291106745138451e-02
8.760013273616951146e-02
1.993271062478710678e-02
-1.289014128220264052e-02
4.666630806622919236e-02
8.557455349441929482e-02
9.023122035235819904e-02
3.946012743381882570e-02
9.105268127801456612e-03
2.091836333606498025e-02
3.116940245472395524e-02
3.274878430144938929e-03
7.655604585263638129e-02
1.607167885149445377e-02
5.788625515893738860e-02
9.026036202888851334e-02
-7.333315045116689870e-03
8.853835041089615221e-02
9.486425326740520469e-02
1.558299317130227776e-02
3.645094451222495591e-02
4.003070008618425657e-02
-5.550386585127541073e-03
1.576563124095048743e-02
6.258822985451817367e-02
3.616599561452417400e-03
5.232706019909302841e-02
1.617800319965319658e-02
-3.306808506288679006e-03
4.718332337811746713e-02
6.069633883631038451e-02
2.601701568113023652e-02
8.745495746972628548e-02
2.091973417077880662e-02
3.853559858427049734e-02
4.603805870999014976e-03
1.855872279266905858e-02
-1.398280172627029000e-03
7.413145810770574440e-02
3.000968343028442495e-02
5.553519315397677236e-02
3.180372755455561362e-02
4.757424149511406408e-02
8.140787050723032048e-02
6.482144802596016830e-02
5.028119626901469963e-02
-1.246036047877904437e-02
7.931855028869290447e-03
2.066726586196013585e-02
2.135999026983892782e-02
-1.368517931697601012e-02
9.937440141921649595e-02
5.904254737236581951e-02
6.573697321943015870e-02
1.937406637705689841e-02
1.455112627507771164e-02
-8.144562397512560351e-03
5.718293372262364671e-02
3.917683404053372287e-03
6.034342468287687972e-03
7.897792612607680562e-03
5.051489280973353591e-02
5.896960702321754622e-02
5.750348277640787709e-02
2.894447971423401086e-02
7.694881504580670939e-02
-9.726173383766849312e-03
7.890596290910199817e-02
8.951355382363720969e-02
1.370610424166610400e-02
9.978405460552938755e-02
1.139863997030650389e-03
5.234552752459044334e-02
5.568354214509996236e-02
7.878897564123760189e-02
5.832122421851382299e-03
-9.591879243568786004e-03
6.349803591433436645e-02
2.589535424254637772e-02
3.335853913801557769e-02
9.239787586901090921e-02
7.292278323024752040e-02
1.930706827609077539e-02
3.330509317253227408e-02
1.982708388779276867e-02
3.323816845294734479e-02
9.448823262348766960e-02
-1.676237985536976893e-02
-1.217789192115462799e-02
-1.821755182904895298e-02
7.107429145029529882e-02
-1.142213267935303540e-02
8.522132952444430587e-03
6.159213902103756466e-02
4.071907032419470884e-02
5.925178394815100447e-02
5.053402157656236571e-02
1.808860475944295762e-02
8.510398595591717186e-02
4.625691335842442575e-02
-1.856951778141722673e-02
1.510868709986804004e-03
5.944670153771437759e-02
7.035164191051615501e-02
9.246001539360362842e-02
2.859771409260131528e-02
9.466434802548923111e-02
3.552298182176559516e-02
3.178615146815182146e-02
2.349392240477436375e-02
-4.076705807366534651e-03
8.391357890902673144e-03
2.653380289423072982e-02
8.576734241102913769e-02
8.206887587645401994e-02
4.534082149732432399e-02
3.803168936882660167e-02
4.986692262096026340e-02
2.121103943423517310e-02
8.304877783181081885e-02
3.194652367401640269e-02
3.804267030705134334e-02
-1.244420032328035636e-02
4.669311046759064276e-02
4.596291323677693941e-02
1.382500966284856345e-02
7.451009700152787241e-02
4.316617741342540504e-02
1.286909095511571885e-02
8.086733022244407820e-02
3.692043284436845318e-02
-1.102082215455531776e-02
2.477367566862384574e-03
1.093720226587019742e-02
9.566631701925233655e-02
4.975911122243084628e-02
3.047622054135676675e-02
6.904184041094435509e-02
6.712521139598709441e-02
9.530201329830263746e-02
4.604532908606541464e-02
9.778776907563234422e-02
-7.084014825193295228e-03
7.417417755651702083e-02
3.700431936764225771e-02
5.929920203993166439e-02
-5.037521989590499488e-03
9.013889535188725211e-02
6.620224492859946852e-02
2.210522516116694355e-02
2.240450413021025447e-02
1.546908346312373880e-02
8.192575338647885286e-02
5.322906227398657708e-02
1.501485344579748041e-02
6.859080670313846828e-02
-1.081506203703173040e-02
8.003934292501925507e-02
8.473626173787432436e-02
8.979638313734748800e-02
7.172494855151564930e-02
2.851491224878558231e-02
-6.155129656830777771e-03
-1.204852729764614369e-02
2.386500904378777502e-02
-1.115100327985905915e-02
4.606908683312486985e-02
-1.503875901051254793e-02
3.886753943995038818e-02
2.536966029253749297e-02
5.408202586001793766e-02
2.656948500606478789e-02
6.881692482114475096e-02
3.601803832099848002e-03
3.491543780998928453e-03
2.660848499612180826e-02
1.301025428056138203e-02
6.030208962067476475e-03
6.472520541306164832e-02
8.504997992180793331e-02
-7.989737485058767685e-04
5.590941824111479719e-02
7.273200611621261080e-02
9.345474999913756797e-02
5.334743102388204983e-03
-1.981845409279262699e-02
8.588143596673659952e-02
-1.962690467338550071e-02
6.275781394422891291e-02
7.869484452067382341e-02
6.658301499626448350e-02
4.592232552628087994e-02
8.459490513127511380e-02
5.756399232731668203e-02
1.441978566692610556e-02
-1.624441068790332537e-02
4.157410936132160950e-02
-1.344381150233834969e-02
9.361635093286356513e-02
8.591472044694144217e-02
5.619991351004971492e-02
1.293244642926110258e-02
-2.312792992583093121e-03
-1.568234161167039731e-04
2.542964355569229604e-02
-1.318455041293303473e-02
4.547698070303128615e-02
2.952904286840059636e-02
9.719199990214211216e-02
3.997997911398308568e-02
7.709333637011181461e-02
4.261245493818729274e-03
5.149938736889135560e-02
8.977143970297597753e-02
3.165121457636457802e-02
-1.373247783402201452e-02
7.410307478952296578e-02
8.222146523964463105e-02
2.937938009601928982e-02
6.554642848681165035e-02
1.557909005190604573e-03
4.322750262640549790e-02
4.123375776812961135e-02
6.686246794774249741e-03
4.216871773981085980e-02
1.112142272018835226e-02
3.539032211908638148e-02
-1.793449283577767950e-03
9.469474314557746464e-02
9.106893379196576155e-02
-1.460405873159864587e-02
7.343822608527502543e-03
-2.385869800106930894e-04
-4.422345398250676629e-03
6.417416671389655769e-02
-1.619567188680455169e-02
3.713951188351241606e-02
8.023793045546930014e-02
5.317069308545374628e-02
7.804088488399338330e-02
6.265405747503807743e-02
4.426833114921076284e-02
1.328776713574273891e-02
7.599918227166402307e-02
2.993901002363845432e-03
6.573717280180785272e-02
3.034222110657451912e-02
6.427500599201575737e-02
1.477308304476598541e-02
8.656639978890283416e-02
