1.005639773506876500e+00
1.096602946832796022e+00
1.067620950020400139e+00
1.013390004236380149e+00
1.057003825949769826e+00
1.019979483235172513e+00
1.061397920866883782e+00
1.006321103797423344e+00
1.083521935959972149e+00
1.015443070582807250e+00
1.003748610651911566e+00
1.030619518518297362e+00
1.098904072730363168e+00
1.030953807766086028e+00
1.026792943557857551e+00
1.047653370661150163e+00
1.086271827927985045e+00
1.040058681821221409e+00
1.039008604171325567e+00
1.039468353076578699e+00
1.008499645173858816e+00
1.075445867591214411e+00
1.078543990197233127e+00
1.048885477087823093e+00
1.060169247622073430e+00
1.060435478049273739e+00
1.096471286168424264e+00
1.076914262295113112e+00
1.044973489077009043e+00
1.070622099859532383e+00
1.045729327123089414e+00
1.084634380423159739e+00
1.094480608384490905e+00
1.035635467274013344e+00
1.046354904688092002e+00
1.080693980133523135e+00
1.063239442517807776e+00
1.001210323880967978e+00
1.095161015781010772e+00
1.069123662321894042e+00
1.003248792827548419e+00
1.089819203059564812e+00
1.038555405886332439e+00
1.059720109230998908e+00
1.058994434148294639e+00
1.078658856661210308e+00
1.019501718921512978e+00
1.053025698499794105e+00
1.010509591676664209e+00
1.044127138438289082e+00
1.051705092178897960e+00
1.084272959243406609e+00
1.042192610124459407e+00
1.045412622483187226e+00
1.036233511388243267e+00
1.056099606823166059e+00
1.075399312614395919e+00
1.026699699919929598e+00
1.044316589111627946e+00
1.012270553232985870e+00
1.065492086111059278e+00
1.058794577651445357e+00
1.024608089720311144e+00
1.061425738837194377e+00
1.091765588401497844e+00
1.024148220935317433e+00
1.003272749500888406e+00
1.090441930794901593e+00
1.093157571989603394e+00
1.051152031767896400e+00
1.003372575926550825e+00
1.089558353594448192e+00
1.008351746493431733e+00
1.030903147678074783e+00
1.058022991926160783e+00
1.004787451911737906e+00
1.036644863608844558e+00
1.042476453019829830e+00
1.004784397245921612e+00
1.041880309246326020e+00
1.095125697787505903e+00
1.059968874089386892e+00
1.086024609457825418e+00
1.007811315411340614e+00
1.095168489431125991e+00
1.078793285639988442e+00
1.097760737160476063e+00
1.017499607766137792e+00
1.005450290525056634e+00
1.038443101834077398e+00
1.042326653681364235e+00
1.093484838433403272e+00
1.083216913947714355e+00
1.096414604468321841e+00
1.051108465625831156e+00
1.085252130708792118e+00
1.054367313710089293e+00
1.072684251004856426e+00
1.002908661221814990e+00
1.069942517115642033e+00
1.054098609852012203e+00
1.090864484429226566e+00
1.057420725089195157e+00
1.000213630862900382e+00
1.036505983360378247e+00
1.081797439450489007e+00
1.041972232960253875e+00
1.017259396283506145e+00
1.005616760809681764e+00
1.072840218379505162e+00
1.014695530489496678e+00
1.021135135918643799e+00
1.023602316841436988e+00
1.088186725527584331e+00
1.027171322788609897e+00
1.045071250397020091e+00
1.080448459833381669e+00
1.072412898948011284e+00
1.061852156157684801e+00
1.053550245246682504e+00
1.011689128448505448e+00
1.024094293593405425e+00
1.032718608835628160e+00
1.008638330881685974e+00
1.060281572542951301e+00
1.050134602444586118e+00
1.003862144233928611e+00
1.070928202780650151e+00
1.078659340226743479e+00
1.021094288309397413e+00
1.017216156280203787e+00
1.045363193399055257e+00
1.036129011355664931e+00
1.063786406428598230e+00
1.041237572717551352e+00
1.066237205000547750e+00
1.050746025499299741e+00
1.054929589149948388e+00
1.082411511919544989e+00
1.043963149333448248e+00
1.070929154983561782e+00
1.000790331837841496e+00
1.000920947859552435e+00
1.018747226879209489e+00
1.059307317530432835e+00
1.077641350929289699e+00
1.050978263051036254e+00
1.063905451939628932e+00
1.001556922944327521e+00
1.013030581336292979e+00
1.000739861168024047e+00
1.078178221942765802e+00
1.096038775637096618e+00
1.098212306280155870e+00
1.044455324113187089e+00
1.085670622242803862e+00
1.095067536103113914e+00
1.035466638361749014e+00
1.078870334662708208e+00
1.007435263446031071e+00
1.043622331733018660e+00
1.084766966244779196e+00
1.075056977854307316e+00
1.088361544071246856e+00
1.063027545648440819e+00
1.055380927047173012e+00
1.009573767751798190e+00
1.001224536492227646e+00
1.066935684439465737e+00
1.074132039254617199e+00
1.054331222816534908e+00
1.006108852823500266e+00
1.021694935822745176e+00
1.031229292629320948e+00
1.037405053071416061e+00
1.060652835284894513e+00
1.080565052359356626e+00
1.055433464126565246e+00
1.029095166838245756e+00
1.059648174148426714e+00
1.041168307853062913e+00
1.062745487898948404e+00
1.010824089419850136e+00
1.099024419452123258e+00
1.042549711999581019e+00
1.049166299261311552e+00
1.017582089143896473e+00
1.000720066648741469e+00
1.071297708986653108e+00
1.022553079509735507e+00
1.009725797605418363e+00
1.019527558751815555e+00
1.078222695600544956e+00
1.034643835381147570e+00
1.018599452077238565e+00
1.044158068755943081e+00
1.093823916722127532e+00
1.094808087719779000e+00
1.034414055655380471e+00
1.058155608184492946e+00
1.014721635018380530e+00
1.023442017280232541e+00
1.022536906956415192e+00
1.093445218816470943e+00
1.099842578410059390e+00
1.082765656275708643e+00
1.041248878085487162e+00
1.015674157922998866e+00
1.080957079805114240e+00
1.088344847032831186e+00
1.033620496971508818e+00
1.032368459568852703e+00
1.015764851268928348e+00
1.055704284017009442e+00
1.017741577891420723e+00
1.018596621865324847e+00
1.000749902753618858e+00
1.055702928581340627e+00
1.029964855199266394e+00
1.003327571924199191e+00
1.094889464799743584e+00
1.004739639473014146e+00
1.021477430735385550e+00
1.079058275695186975e+00
1.076194902209905990e+00
1.038391311327832467e+00
1.079016173978696314e+00
1.082905676395301775e+00
1.019146996373093694e+00
1.097220434473810347e+00
1.081479230565302041e+00
1.079692058538423094e+00
1.070826004459255021e+00
1.094314452868740073e+00
1.056138161567162337e+00
1.022186329475382571e+00
1.041396720443859225e+00
1.089605855303927839e+00
1.026771153997079189e+00
1.044120341092534598e+00
1.030169599196660180e+00
1.002915869578111518e+00
1.083748885435174891e+00
1.035673393502524853e+00
1.098126966709823460e+00
1.073067458906469263e+00
1.008504647781316876e+00
1.091080904295308240e+00
1.006298169671809406e+00
1.081748871779121490e+00
1.016634890009360248e+00
1.069977143625089333e+00
1.064061427044438624e+00
1.016421445613964192e+00
1.071546396578020977e+00
1.085814417751506111e+00
1.091745692665917034e+00
1.072491574913027490e+00
1.046950426665588019e+00
1.038879245247179339e+00
1.089310158120035732e+00
1.089444299704587227e+00
1.017713184521601200e+00
1.093310422377356650e+00
1.061708142069005545e+00
1.005950085966281105e+00
1.026603016146465874e+00
1.007218849864646382e+00
1.098278824969186385e+00
1.070712150585862110e+00
1.085077246778978433e+00
1.086787055575316741e+00
1.050965328017760880e+00
1.013785699748455338e+00
1.002901935332176864e+00
1.074694481138620761e+00
1.006093578679987610e+00
1.024499755985963656e+00
1.084253216583497714e+00
1.029799134132757255e+00
1.053220014899662438e+00
1.050969804537967844e+00
1.038229014403779571e+00
1.081493795869423513e+00
1.017447323521412761e+00
1.006292963283336173e+00
1.071743123965646305e+00
1.051288409799689960e+00
1.011638744417751257e+00
1.058995865246167511e+00
1.001601104689457733e+00
1.059988010975029926e+00
1.077966430417906629e+00
1.063062975384325259e+00
1.093858355581503794e+00
1.086855731092041477e+00
1.075316181987332698e+00
1.089022867766102687e+00
1.080032873718944852e+00
1.065546812197120330e+00
1.046142632831833730e+00
1.085059877939809958e+00
1.080055078120821355e+00
1.036905551420895355e+00
1.042051948012680862e+00
1.029686223618442309e+00
1.060298189160344240e+00
1.040139650944293503e+00
1.017042148640646904e+00
1.099658112704404500e+00
1.084917852502405466e+00
1.021360821370648653e+00
1.006859157695862317e+00
1.090914170786315918e+00
1.018636447728179961e+00
1.067572499421945320e+00
1.059610494148070625e+00
1.008101607008788703e+00
1.085776432225262322e+00
1.061068136346515312e+00
1.069367056510765135e+00
1.081917789675293395e+00
1.048858579496712684e+00
1.059168559589461989e+00
1.089998749130176137e+00
1.048411247573991734e+00
1.020081304986021342e+00
1.082966674379420180e+00
1.085725204677602473e+00
1.044400332835204503e+00
1.077905262867828506e+00
1.000832318954030020e+00
1.046480154148913710e+00
1.054126527372622135e+00
1.021489073996887598e+00
1.064404630510692673e+00
1.044066838596552138e+00
1.083662712911962700e+00
1.005211518505263468e+00
1.081249187456175820e+00
1.060701840624516112e+00
1.023694210554614514e+00
1.047142018834672950e+00
1.001503419615515478e+00
1.020529425091620146e+00
1.098394217708782650e+00
1.030675558185313978e+00
1.027582224305915615e+00
1.077323411766856420e+00
1.058030378509830616e+00
1.049103777688691785e+00
1.014927522668917836e+00
1.086863597379957191e+00
1.060130504467107437e+00
1.017148562580078686e+00
1.018641427980899961e+00
1.082868579997169789e+00
1.029427654691340122e+00
1.088175392203264868e+00
1.076169983660674623e+00
1.031493708973098666e+00
1.066474998874233693e+00
1.039194575923341857e+00
1.018331879737565115e+00
1.057505966893531157e+00
1.031400026806330583e+00
1.070418173629080538e+00
1.032226172210802151e+00
1.009299167727238933e+00
1.089186684500230928e+00
1.071400761765674670e+00
1.061141698178990067e+00
1.047452211394089838e+00
1.062428805156131695e+00
1.057623021903142835e+00
1.042730146580695738e+00
1.006571211465791871e+00
1.002405650593349407e+00
1.077657506572119006e+00
1.016495894596929128e+00
1.009801155065353617e+00
1.080817903299887028e+00
1.092700950730350451e+00
1.018857716474645958e+00
1.037717635962593477e+00
1.028717082237230684e+00
1.085642708996084060e+00
1.036264509773455522e+00
1.000109421433400758e+00
1.095030531661224771e+00
1.009461945572557307e+00
1.012803804508582983e+00
1.077328788488191913e+00
1.086798257643472931e+00
1.094160267046124790e+00
1.019099531645819123e+00
1.075568833318126805e+00
1.031666070798036072e+00
1.042176196586408921e+00
1.067949091049211763e+00
1.086571256665294083e+00
1.007147102549499795e+00
1.013066121271020137e+00
1.051248052255037813e+00
1.017479074441676179e+00
1.069872848770189844e+00
1.040192575744656400e+00
1.077981509191164866e+00
1.030334777339995123e+00
1.019403428837810210e+00
1.043090907626861075e+00
1.026159135746314899e+00
1.063747346306632924e+00
1.095997522657090828e+00
1.052686969220682389e+00
1.047683207071549383e+00
1.010137483232116162e+00
1.020280193494099041e+00
1.013455083410077728e+00
1.060746194258741060e+00
1.023635611988216176e+00
1.057766398326082991e+00
1.013337599317863269e+00
1.000323830712943618e+00
1.078610570710945016e+00
1.024565026119117483e+00
1.045349508043340814e+00
1.045089236795673227e+00
1.005810606041395827e+00
1.001274060165222579e+00
1.059969808482376985e+00
1.091036656390800053e+00
1.039625896867624411e+00
1.043215175346902557e+00
1.062787091686378416e+00
1.018011111196818641e+00
1.042985178027955540e+00
1.088104072625287744e+00
1.077241357801392629e+00
1.012095290136572956e+00
1.037254900006731262e+00
1.067021805091538322e+00
1.096541710952681825e+00
1.062014390461021529e+00
1.052421477577281550e+00
1.031955116599650779e+00
1.020801315982328594e+00
1.006420628749896240e+00
1.006365319318541562e+00
1.035899223981795236e+00
1.080364601539498981e+00
1.018171071049909671e+00
1.070543594808327503e+00
1.068865727104376218e+00
1.034057870606928553e+00
1.009705482253667297e+00
1.015091698742103477e+00
1.010063513733509444e+00
1.071295483824318717e+00
1.010571367378755969e+00
1.056774347937373681e+00
1.071742011438992614e+00
1.015728100390422384e+00
1.010822545588950572e+00
1.077708258404927344e+00
1.061869267764321112e+00
1.047637502583245839e+00
1.077843431038085109e+00
1.093909562781610445e+00
1.013293402804549492e+00
1.033114618661851614e+00
1.055573007172324829e+00
1.075584385662070819e+00
1.052262024759224257e+00
1.019205629354028586e+00
1.032490175395796683e+00
1.007327805293973588e+00
1.009275494524691341e+00
1.074611772539246779e+00
1.037496503032676154e+00
1.022891405244623630e+00
1.080284704330927603e+00
1.081297821304723517e+00
1.074966637745347953e+00
1.059161466390381001e+00
1.039586446232657613e+00
1.058229855499170480e+00
1.043860497269018639e+00
1.025292495258250725e+00
1.065559606234743217e+00
1.057146213500440357e+00
1.079331953507140840e+00
1.075553597818417417e+00
1.004714476223302011e+00
1.081515567401799993e+00
1.041303213440485154e+00
1.003982167520153013e+00
1.031727519259370451e+00
1.040635437195445157e+00
1.032056980102283861e+00
