3.967986135821252591e-02
2.611632040240279354e-02
-1.950780835601209628e-02
1.952873228934605063e-02
-1.889407180275564507e-03
8.052486237730134555e-02
8.551670931094022821e-02
4.026406071848773194e-02
1.787549111782653702e-02
9.497201079693141923e-02
9.950379101600514975e-02
8.797130474089899510e-02
6.722844317925070340e-03
2.336352308073374670e-02
3.025628163244982460e-03
9.527799444181171695e-02
4.598629315977313670e-03
5.246417934590340282e-02
2.825487421703350502e-02
1.211721864535164964e-02
7.711826513162343966e-03
-1.643196553659726292e-02
9.174845315704441284e-02
1.410334898324714856e-02
9.677387958152745828e-02
2.998030260476639355e-02
8.071095979378425933e-03
3.229565354934192667e-02
3.630540160501653790e-02
2.745851455427053903e-02
1.027087729287469095e-02
-1.295057747873985809e-02
9.258421759733360956e-02
4.788781129176612750e-02
-1.816471678776967330e-02
8.649686154440490438e-02
2.562001158823705091e-02
6.909170135801526169e-02
2.487862759974392504e-02
7.745988187360461352e-02
6.759835070713211824e-03
-6.313354814507182375e-03
7.400548459121870926e-02
1.245422483421860030e-02
4.350411426958676608e-02
4.403292471559651367e-02
9.296205932359161150e-02
2.876016595433123976e-02
1.121642142102332457e-03
-1.269410059261902660e-02
4.033626451052786666e-02
-1.325833671201008361e-02
6.667926333520401982e-02
1.868836618642450917e-02
6.368362752958101058e-02
7.696727306681777625e-02
2.791463266296146176e-02
3.999601975505163998e-02
4.255088207195370509e-02
9.675525213430273552e-02
9.316894326847041663e-02
2.305164185473759439e-02
7.809184516186262748e-02
6.126414859774987481e-03
8.297647654196778355e-02
1.040688046276366796e-02
1.175233506330264702e-02
2.030573963942596330e-02
5.719368258052016929e-02
9.134376951345408308e-03
9.164602541710115124e-02
3.579870077244388937e-02
3.051963812720261474e-02
2.285830963319740103e-02
9.606526519438106371e-02
1.513809355605954740e-02
5.578315374439093977e-02
2.174561457389371719e-02
8.424213654888168534e-02
1.381150802964497062e-02
-4.763249429826772047e-03
7.448047683217465242e-02
5.899687178592100123e-02
7.502296430836548347e-02
4.699167861184684603e-02
5.209582846471590145e-02
2.435561367068836067e-02
7.905532068681600522e-02
7.312417037609156290e-02
-1.839355542447955461e-02
7.696787714992665841e-02
9.426105097245648934e-02
5.784371301441068591e-02
9.149130322450861608e-02
1.137912461526785143e-02
7.328234542845982191e-02
2.928915186226109177e-02
-4.505083007460471481e-03
4.212769505574465168e-02
-3.019166958625363328e-03
8.768400882368636295e-02
8.182151734964462908e-02
-3.584403462613221930e-03
-1.225013493341794643e-02
1.719121196581472819e-02
9.784448174261403675e-02
5.712053938287865729e-02
8.205805640698221604e-02
4.588449002417975542e-02
-1.525595722571121068e-02
1.866015295018954787e-02
7.799990677630459779e-02
1.143680933414178633e-02
-9.820568531680881619e-03
6.254138127893879573e-02
5.702262890549156249e-02
6.291764502690141980e-02
6.451519783312259504e-02
4.142683966196911149e-02
7.451546313554878453e-02
4.535423473433244923e-02
8.762812339933945260e-02
9.759323852832811619e-03
2.962791249024155846e-02
8.164693945828135901e-02
9.719328992954152924e-02
8.079325105416687580e-02
4.425333578402550205e-02
9.785834096992147846e-02
8.040495896239621687e-02
5.186447222124164480e-02
9.294571356389380590e-02
6.759121374489211742e-02
2.897933447216099329e-03
6.985050988936253313e-02
7.324216579388237447e-02
-3.450186743036258441e-03
-9.836752838123574705e-03
3.176395707302863414e-02
8.656037650465664424e-02
3.154149054017899023e-02
7.299630826951408746e-02
1.530427150044038828e-02
8.209358074859077203e-02
8.373618144461572599e-02
8.211635218653057233e-02
1.376098813571314736e-02
9.705831755032372221e-02
9.804507939338384659e-02
1.372118155198509895e-02
8.078295298106034916e-02
4.516668514894975339e-02
1.788583121730608419e-02
2.559437651511270798e-02
7.896428405286157193e-02
9.473220612087625281e-02
9.666032781501480986e-02
-1.611527953518207545e-02
9.239656193268054596e-02
-1.388529396255419254e-02
4.983292044290403566e-02
-1.042942590709162835e-02
6.246287383639632929e-02
1.227524234944147100e-02
7.945969672882922941e-02
1.511191662005370237e-02
6.811881332385440191e-02
1.717611434364833475e-02
6.871746616791525597e-02
4.835211794480888392e-02
3.397653550588357330e-02
-9.587630024611075094e-03
4.871179316798579517e-02
6.791094018609900029e-02
5.938059087073677134e-02
6.076529071095407297e-02
6.370721085590155819e-02
1.910871554031732741e-02
7.442181149240895133e-02
2.394455613960853532e-02
8.088401930206885748e-02
5.938565026867578811e-02
3.377719814703535051e-04
4.714913685967832280e-02
-1.242091358852761077e-02
2.689140059108225192e-02
7.429521701061778116e-02
7.659828758176943919e-02
-2.660432864000260994e-03
-1.120438867594306803e-03
5.011850057465387642e-02
1.807245100107417526e-02
7.513306669807366667e-02
8.503659375774715035e-02
1.768235179239656743e-02
4.775135924155729517e-02
7.268297568278676846e-02
1.528691405739736678e-02
-6.066758102721480847e-03
1.739366066569944871e-02
6.445852124690183704e-02
2.656973585248100997e-02
6.228680057065642817e-02
9.785906196990892814e-03
5.533711280256849163e-02
5.016822284790582731e-02
5.634729043611665100e-02
7.120961496435197768e-02
7.305738299343003672e-02
4.543760835188241642e-02
-1.598351678402438331e-02
6.183362016665257255e-02
4.908887879662796050e-02
-5.117317561182804786e-04
8.240702517866552168e-02
1.663331997862523351e-02
-8.078480649006229697e-03
8.855920583443883942e-02
5.455303542552483731e-02
1.881911659741265438e-02
-1.482353667888473663e-02
4.179721536098868206e-02
6.519320742051483430e-02
7.006313429336122334e-03
-4.884615479917777531e-03
2.592697527493665818e-02
9.651786775383057460e-02
6.524900234723428338e-02
2.168725250009042108e-02
9.996785448369904792e-02
6.921354632625636993e-02
4.783410439721554053e-02
8.375307898840755882e-02
8.033680564606152097e-02
7.833559904573633714e-02
6.571764939790099291e-02
7.449560735318712379e-02
1.960971180684198054e-02
-1.968825040295215517e-03
-1.630961702064202129e-02
1.982075362286553691e-02
6.607261758858451461e-02
-5.327127699645547304e-03
9.026850971571161175e-02
8.173306435646064683e-02
6.140622874045489898e-02
4.777256884006372828e-02
2.134627141549337928e-02
1.202806922531298242e-02
-1.095886797387476963e-02
4.251451364843912561e-02
2.681078977103564659e-03
6.115672173196996797e-02
8.962217198481417513e-02
-1.833650294226431277e-02
3.235951532615102821e-02
-1.670882434696531818e-02
-1.732868082528139092e-03
3.188082037911675604e-02
6.738775080033231057e-02
-6.462788878108301910e-03
8.164151572251612810e-02
5.661514178566129374e-02
8.893253488364798176e-02
1.420078170136115578e-02
3.591319015530645975e-02
-1.228085895291386453e-03
7.523915084093456274e-02
-8.038984429544307128e-03
-4.950272923953669135e-03
5.175494796884098914e-02
-5.668938110990562329e-03
-9.986572994632351291e-03
8.306993845261834153e-02
3.993998531205297103e-03
7.653434681946905821e-03
8.891316402436212629e-02
9.396001189364522332e-02
5.290895017672588019e-02
6.528822725313047914e-02
-9.292933757159532737e-03
6.749095209689449926e-02
6.690655927783505097e-02
9.832424520114729782e-02
9.517104347614958881e-02
2.000264493731624196e-02
3.337741684354202099e-02
7.223916501456352501e-02
3.744921559972760883e-02
5.979367624612857285e-03
7.788600270652880353e-02
4.923982355258872678e-02
3.652424941199716724e-03
6.862966270689425941e-02
1.745598992095270460e-02
9.294006796794927749e-02
2.221304633750512472e-02
5.881303530061245122e-02
3.080648697098855096e-02
9.834308977698053011e-02
7.051966755790620850e-03
9.819252104168596507e-02
-1.147789437972963553e-02
3.925572540060776050e-02
9.148895027688094816e-02
8.540367774138409029e-02
3.913198198157294416e-02
4.121842820837866295e-02
9.136232290698494130e-02
5.446857907941160537e-02
7.620143815989370573e-02
3.868683770501862851e-02
2.716441176114762004e-02
6.448591646741685945e-02
1.065324176520398083e-02
-1.830405259414118885e-02
6.016046502311482580e-02
7.125823763786373610e-02
6.635980082291982607e-02
5.720092210758903617e-02
8.271038686136050755e-02
4.189734887698400023e-02
1.178683470710821177e-02
4.786244365206879237e-02
6.061086145167909889e-02
1.568864972604156957e-02
-2.161020034641050053e-03
9.699628236959247085e-02
7.246249312952046662e-02
5.117750791175358638e-02
1.592026977013484904e-02
1.136658912679743005e-03
7.823883372027780336e-02
-1.378686736347878999e-03
3.384832338374216265e-02
9.829066170436789873e-02
4.166059328012287899e-02
4.843151178403160700e-03
7.448418163480685639e-03
5.691996533504234401e-02
8.794072547682911523e-02
-1.756693291892969661e-02
9.476284589404491976e-02
3.116349201035078023e-02
9.580932251222031015e-02
2.010759834149178013e-02
9.572054320515771542e-02
8.544613473724867181e-02
1.274002503419435425e-02
-1.907002287901414517e-02
6.099035924049880930e-03
7.672411822834887540e-04
9.613743002807477456e-03
7.502462521857652944e-02
9.741018423050136488e-02
9.359380470369844940e-02
6.065717540555745635e-02
4.543608486852991624e-02
7.803037939346205154e-02
8.635215149253232247e-02
2.295522904201864264e-02
7.384301642556674594e-02
2.358638669278123254e-02
2.767268958843129359e-02
1.890407005147132918e-03
7.553681262628467175e-02
3.830407004232677659e-03
9.754104550147774111e-02
-1.453379450178964721e-02
3.862949863962181207e-02
1.210817018104934015e-02
2.133369054597674883e-02
2.172105645698471296e-02
8.955856234700647345e-02
3.476671251627454218e-02
8.739491215774189414e-02
9.281182148777135377e-03
8.316077049157533790e-03
2.223828978516948982e-02
8.070178958613372089e-02
-7.397827198649639321e-03
-5.063829776682670161e-03
-4.091504830570573403e-03
-1.884007237959014341e-02
5.400388911233601485e-02
1.822021816268984754e-02
-1.145059976590371079e-02
8.843989891549086657e-02
4.451444890482006422e-03
5.538109454956875732e-02
7.906263309501147807e-02
-1.695957227304857248e-02
5.629739237513867178e-02
8.872290386171917398e-02
9.780018481867072677e-02
5.128993362051277594e-02
1.945541537736023355e-02
6.287665000603599730e-02
1.367718912928612626e-02
5.200396623349164138e-02
7.163012797534817899e-02
3.957182058158047189e-02
4.467021742625082448e-02
8.744265825907583667e-02
9.537334441193305590e-02
7.171846613008460436e-02
6.114357743722186045e-02
4.713016357023801228e-02
9.350899946192650636e-02
8.665293512414162791e-02
-5.581091317049650252e-03
2.892025273021001097e-04
3.446986142389456970e-03
7.835430895518337435e-02
1.395664108057670036e-02
8.413985624549569220e-02
6.758897214076210747e-02
6.092246998738369557e-02
7.316502950280137640e-02
6.419922727692087272e-02
1.391847144378002485e-02
3.602030713433294895e-02
2.607798154343968569e-02
1.112156375118713778e-02
-1.294498136778136216e-02
6.283068955317097637e-02
-1.394296101070727906e-02
9.294267278015197475e-02
1.216741510726515943e-02
4.057163340884267777e-02
7.804270639033293600e-02
1.457052598082856157e-02
9.362202733780246311e-02
8.629457418184814654e-02
9.147997880134609017e-04
-3.767859478110185262e-03
6.043597951619135433e-02
-5.381426023046590595e-03
9.474043401387514940e-02
2.348398036761921090e-02
-1.718966466308104873e-02
9.017395240777577314e-02
5.078275024940842597e-02
8.382618960161958288e-03
9.572090326008883543e-02
-1.455678644425785484e-03
-7.897167220210459318e-03
5.755335567662663021e-02
4.632674043147674836e-02
5.418470491857500793e-02
9.518279999982287576e-02
8.310371836337690499e-02
8.878959744579015267e-02
7.189619928337487309e-02
5.483442105824380686e-02
3.185066164131553079e-02
6.937282870168395843e-02
-1.067199798052105748e-02
-6.473413786238224610e-03
9.349372275529273246e-02
6.077511438344752881e-02
2.319201273558337342e-02
9.301939123552338540e-02
5.639238533757523486e-02
-8.792817886313204767e-03
3.036466634823276403e-02
9.754354945348130135e-02
3.037468498940595549e-02
3.885157840596727141e-02
7.373896936376518607e-02
2.287132897067486667e-02
8.315430323445138772e-02
7.091549732656712846e-02
9.878869097724647663e-02
6.685926524297829132e-02
6.731231336752205308e-02
6.432094910527061393e-02
-1.073095792865986879e-02
4.541597853403483986e-02
9.291720153550628303e-02
6.464610035263811116e-02
7.473416539548860538e-02
5.502150375519560682e-03
4.500188651851065591e-02
-5.570181640010662960e-03
8.935543795342766604e-02
-1.106164756186850569e-02
4.576400117310631954e-02
1.773170164327490111e-03
6.922552684282201607e-02
2.611489635661321321e-02
2.454138209305075161e-02
4.611816742773194866e-02
2.438229722211486886e-02
8.040914343602380276e-02
9.184705778234843188e-02
-1.061108185768874779e-02
3.882900457195152810e-02
8.206967737036553745e-02
-1.976278152615806860e-02
