1.077176201111120557e+00
1.050047701787364396e+00
1.060809695168930977e+00
1.043066131341563452e+00
1.031223874453288225e+00
1.067130111864054598e+00
1.059217743657180355e+00
1.062394954043802686e+00
1.037806858391590037e+00
1.088023860300611378e+00
1.012384517705763987e+00
1.068105639586098832e+00
1.011877998091215591e+00
1.055265401349676502e+00
1.074364960996200047e+00
1.080969818917276948e+00
1.063853866173360974e+00
1.043144291179155747e+00
1.050829075611497965e+00
1.036253418486055899e+00
1.078323674371565177e+00
1.043361352319599700e+00
1.045905020197809288e+00
1.043105429366461001e+00
1.097445758366957680e+00
1.027497491769083560e+00
1.005566738999506216e+00
1.092712847859797165e+00
1.069315635177790380e+00
1.058585205582888822e+00
1.034648982160616404e+00
1.074908233155268400e+00
1.081454570279175353e+00
1.028769564017028681e+00
1.096416028079090443e+00
1.097341137724046067e+00
1.014320609971449016e+00
1.036761525850966148e+00
1.006206310374653690e+00
1.027045250262558884e+00
1.004913423004735407e+00
1.068457683308818851e+00
1.054305468498867970e+00
1.024104101552017587e+00
1.018263548013704112e+00
1.063672273254238521e+00
1.050287507093100148e+00
1.020479017072927652e+00
1.082702579341106475e+00
1.020609165268044682e+00
1.079032199981252216e+00
1.025247958611947618e+00
1.056885714844817192e+00
1.043209879512527971e+00
1.007343224615515842e+00
1.072177833484474263e+00
1.038430785907427101e+00
1.068813422036670513e+00
1.068869892876145089e+00
1.096018171971042232e+00
1.053869248062221153e+00
1.090447839609511860e+00
1.035804569988044488e+00
1.051298198929490502e+00
1.000654742193041624e+00
1.033427508268712103e+00
1.081380330957047331e+00
1.024807772377696713e+00
1.065135111499116771e+00
1.020845073925513713e+00
1.004480638757312860e+00
1.069714278123674811e+00
1.033778344705840180e+00
1.049889499956845107e+00
1.014957524259014976e+00
1.096261909576502713e+00
1.012758107182980094e+00
1.072082053200323237e+00
1.014607200968332901e+00
1.029621197505264929e+00
1.079786215521642001e+00
1.056244241815332163e+00
1.030158712897676576e+00
1.093508919922437927e+00
1.011279470404603531e+00
1.070654030411073876e+00
1.064613169954592431e+00
1.077458264360287465e+00
1.015596516837781849e+00
1.025436165982019476e+00
1.002681969671605389e+00
1.042531531719791849e+00
1.015570142340862958e+00
1.070024761583455941e+00
1.023633787278429796e+00
1.076260264385104692e+00
1.057090529305812376e+00
1.022839704739810340e+00
1.065125704800969242e+00
1.052838379079228837e+00
1.030623285980888593e+00
1.050427272676962565e+00
1.019380620448249619e+00
1.088172296294391161e+00
1.080278091671199592e+00
1.062719787833522389e+00
1.001070051213562628e+00
1.019567045013620499e+00
1.057508325235502866e+00
1.036130506832093623e+00
1.063254007229713860e+00
1.025710234082723105e+00
1.002329667052964002e+00
1.022769578174588911e+00
1.022669870779701062e+00
1.017962698390304732e+00
1.017607570179975385e+00
1.078862685777067565e+00
1.049658314528984393e+00
1.067530339522461347e+00
1.055812943589182762e+00
1.055726463756849087e+00
1.036332075334968739e+00
1.082517302301392537e+00
1.018283774531962393e+00
1.097580607012395681e+00
1.045277432684082353e+00
1.033860494756342341e+00
1.021700474652994517e+00
1.051397414674398290e+00
1.016262807441214999e+00
1.095410817957561456e+00
1.090068100457968425e+00
1.010987979153531446e+00
1.064000276327896621e+00
1.015217403606957891e+00
1.057672347219605680e+00
1.045969739548498589e+00
1.088691201985779733e+00
1.011285329875871497e+00
1.022721739856624623e+00
1.015020726387193983e+00
1.036581211855605700e+00
1.051984867071932506e+00
1.072471636412573703e+00
1.047184412674160292e+00
1.046001932916391208e+00
1.045191305711876684e+00
1.069129260125180281e+00
1.021079009079020938e+00
1.003524808740951624e+00
1.081597592469624836e+00
1.089503413002557597e+00
1.031335206147634631e+00
1.028272638572254927e+00
1.029881675020502207e+00
1.005041731099648006e+00
1.069151215816383393e+00
1.051966776902039769e+00
1.070263487610808584e+00
1.059219729180746361e+00
1.080160265210893034e+00
1.077014164459808132e+00
1.023891756675356479e+00
1.047224541353012128e+00
1.042806767913636135e+00
1.021891513036820243e+00
1.006382348098816326e+00
1.096720531589226333e+00
1.074042669640832504e+00
1.015111989641951151e+00
1.094400067328344051e+00
1.020089460988129693e+00
1.068579624318391597e+00
1.095536945894670877e+00
1.033182616282774635e+00
1.020739152565070640e+00
1.083354111520788976e+00
1.035439769929062059e+00
1.016568209028118064e+00
1.068266560086903461e+00
1.068041783618313589e+00
1.095259564408659125e+00
1.024738096588200476e+00
1.088006994574455932e+00
1.022361762761137438e+00
1.076035391229320792e+00
1.026773411784232426e+00
1.030377981509757346e+00
1.036981371198228974e+00
1.068041891855005199e+00
1.004644453230828516e+00
1.046658375941913022e+00
1.029529154618732401e+00
1.048895113816583624e+00
1.050990533919823555e+00
1.046218587181135806e+00
1.092356559000874805e+00
1.012240830268502201e+00
1.051567979295089605e+00
1.015566912006091060e+00
1.055881076934080731e+00
1.091274674489913332e+00
1.058090529937921964e+00
1.036802427287600414e+00
1.007825483322893678e+00
1.084052841002039358e+00
1.081221779969405494e+00
1.008073381613936004e+00
1.040910377447691548e+00
1.024319872530148334e+00
1.067015786558135337e+00
1.036493342591431333e+00
1.098389422658118342e+00
1.076382937372822424e+00
1.086823928965330754e+00
1.030341631199610086e+00
1.015487199469808255e+00
1.067680796956507416e+00
1.012351860787065849e+00
1.007521055658009868e+00
1.090614479950204885e+00
1.070153584140073333e+00
1.073696565323227325e+00
1.043981791025857975e+00
1.069377855914690700e+00
1.078696021231448032e+00
1.037475265387902690e+00
1.022654523608459431e+00
1.035429775141321729e+00
1.004480865690950298e+00
1.084309651492708193e+00
1.084511997742930278e+00
1.099620615986939720e+00
1.082142067022186183e+00
1.047457096815285205e+00
1.050679886691439746e+00
1.048733370074709015e+00
1.007075432544725313e+00
1.064564055072426685e+00
1.024190878224137125e+00
1.037097822128018487e+00
1.055871458708489863e+00
1.098349559544800957e+00
1.092057769301529424e+00
1.089518944648315335e+00
1.057768941624830372e+00
1.044165415571024491e+00
1.030071433246537271e+00
1.043355870263419582e+00
1.056264214073775909e+00
1.097079244358927452e+00
1.010823879146518278e+00
1.075290205090637885e+00
1.048002968075621766e+00
1.009463965392469520e+00
1.005121247731102674e+00
1.027961858043729304e+00
1.047035384458518514e+00
1.062122097800489717e+00
1.022858266578500430e+00
1.077264780389802334e+00
1.065419669880218745e+00
1.044706356710217943e+00
1.025149992936858379e+00
1.026022569148328012e+00
1.082014373111104710e+00
1.088838260676134873e+00
1.008331794119701641e+00
1.022128027773298031e+00
1.013793976266556429e+00
1.060136516743432011e+00
1.072256905514045844e+00
1.090309579566258735e+00
1.063968867070870461e+00
1.022221603485268915e+00
1.071334277649766964e+00
1.065348289356160993e+00
1.002187741425607292e+00
1.082012279592853954e+00
1.012478932525396891e+00
1.065120891823637672e+00
1.067642186105173252e+00
1.033017715397789305e+00
1.003705291299167079e+00
1.022852842412871777e+00
1.026226756138286955e+00
1.035031765748299692e+00
1.040963999829927378e+00
1.060053895148888259e+00
1.052520168583514160e+00
1.031919062310993951e+00
1.022423580276557109e+00
1.091104333518081893e+00
1.051058748143191446e+00
1.077339670982071507e+00
1.086314770474907210e+00
1.084668004663030150e+00
1.093064158882826264e+00
1.037553676190154706e+00
1.017571204957314901e+00
1.030057379302918630e+00
1.071507289519930239e+00
1.016445748789026382e+00
1.010087211628306614e+00
1.084922029077537209e+00
1.051975901706954986e+00
1.075871198863580069e+00
1.097718090872371821e+00
1.038838185335435149e+00
1.061085123312654144e+00
1.025244449766604449e+00
1.085476134912717772e+00
1.018651633550618163e+00
1.026564414894469479e+00
1.056092826946392504e+00
1.079000528613729193e+00
1.086632526772961516e+00
1.068377781380415392e+00
1.062775283845581731e+00
1.064379311822535090e+00
1.028005522192802168e+00
1.008864846315118191e+00
1.043164880880173895e+00
1.057251839658966297e+00
1.036698536772951540e+00
1.009427361711091375e+00
1.084007858032505434e+00
1.093172854431534891e+00
1.046404477587129733e+00
1.088231890792080936e+00
1.083032850883326459e+00
1.027138198937037616e+00
1.019621579824324442e+00
1.088742151977927675e+00
1.091162553276664005e+00
1.056441647082007274e+00
1.049098050679153404e+00
1.066951342155800342e+00
1.017090035003788584e+00
1.067224686264947930e+00
1.033866219399974362e+00
1.005260918058365593e+00
1.001193031640105202e+00
1.098656617750082942e+00
1.085038547651774099e+00
1.043586833416155990e+00
1.015142008384759764e+00
1.085721068416490853e+00
1.013484732635623775e+00
1.045513136555431766e+00
1.016770312205083515e+00
1.012504227922252920e+00
1.071335944958343944e+00
1.093806339357444424e+00
1.097254116716598782e+00
1.082027492635248667e+00
1.079117693523180099e+00
1.088326561533129233e+00
1.030442780811205994e+00
1.051346111678791662e+00
1.083465044037337233e+00
1.067889589330775379e+00
1.063098440902484842e+00
1.044918632606602671e+00
1.078994724805166117e+00
1.061499471038412468e+00
1.084129561731802971e+00
1.051775665205414878e+00
1.088864598526515071e+00
1.061091854557760561e+00
1.071069980432198809e+00
1.067985990015673847e+00
1.069311075781376630e+00
1.054286317066296830e+00
1.019359461683828849e+00
1.021064503003076718e+00
1.046571783284812929e+00
1.057790419330697729e+00
1.061891913921658714e+00
1.074302287851008453e+00
1.045771328952461943e+00
1.069864247049707284e+00
1.015736244030456037e+00
1.021015076538482669e+00
1.025086374175845805e+00
1.066591374434607609e+00
1.023740089976656442e+00
1.069627019500891008e+00
1.048749346501201662e+00
1.059495642960032624e+00
1.014636237067843672e+00
1.000958293696927015e+00
1.037271722931743412e+00
1.028922363448914634e+00
1.093464898478428760e+00
1.055090224710332425e+00
1.059107764383870887e+00
1.079995092573538207e+00
1.047765861285443467e+00
1.040330754819722703e+00
1.041624269625184285e+00
1.072399688770317772e+00
1.003814331114416092e+00
1.004315376925165593e+00
1.058150974116848442e+00
1.013401101101562229e+00
1.034200900100154863e+00
1.062328584694663292e+00
1.042754964243714833e+00
1.056694138726485210e+00
1.078272834504009348e+00
1.046419580721453579e+00
1.007584477407523993e+00
1.091208685631521957e+00
1.091634247332628149e+00
1.014507269850865701e+00
1.064343734071323100e+00
1.043301805752136158e+00
1.001642883255238647e+00
1.029854873854809449e+00
1.085090023933562575e+00
1.082211244319294385e+00
1.004135004333419179e+00
1.046357732716438838e+00
1.026759971441839836e+00
1.078228696306004819e+00
1.067519589573547867e+00
1.004930218289959765e+00
1.014703908478865158e+00
1.023652267721418152e+00
1.064004214673806903e+00
1.048572370708885204e+00
1.087660933095408566e+00
1.073229151787268743e+00
1.050952314187245884e+00
1.092482038395017785e+00
1.045833090921642006e+00
1.099047800993799617e+00
1.031452239273656923e+00
1.017504120418128544e+00
1.029466050195878557e+00
1.082929772170288185e+00
1.078130316113115050e+00
1.050158409862109288e+00
1.010841531084738509e+00
1.098723517317396148e+00
1.062177463435727942e+00
1.022624224819011385e+00
1.014846378618188716e+00
1.072148447007571948e+00
1.086477098920782369e+00
1.025190508952280366e+00
1.061469599527536056e+00
1.091094112919654746e+00
1.068338135029677227e+00
1.071713278924863788e+00
1.007075646249706358e+00
1.077363542370202598e+00
1.021115252196796996e+00
1.067380722568632923e+00
1.016407531727782754e+00
1.062324385675417204e+00
1.051339027021018335e+00
1.041755730621037657e+00
1.063922446553520196e+00
1.097127078346649798e+00
1.055937739674263076e+00
1.085820936134373138e+00
1.057374339099721006e+00
1.078656316679406091e+00
1.023157162474004567e+00
1.093204520627916621e+00
1.013025612819301813e+00
1.010779285317770615e+00
1.054062221811900457e+00
1.062444456973823836e+00
1.026805576283626342e+00
1.004228442417531619e+00
1.096411546931123526e+00
1.083192492258560513e+00
1.027226059271282965e+00
1.068515763635423221e+00
1.049157506722329325e+00
1.008045818885758171e+00
1.098502525876356994e+00
1.023232836869122808e+00
1.005263105449164085e+00
1.049352901347741840e+00
1.053511580622044086e+00
1.029930159015012947e+00
1.028160972796280381e+00
1.024850270321443935e+00
1.076313248694545699e+00
1.028450080801853517e+00
1.065228139820938225e+00
1.045384902026864848e+00
1.057836275138473114e+00
1.041703070203634063e+00
1.088562451300251421e+00
