3.350878550590932065e-03
9.866782116821180837e-02
3.482937199191731004e-02
2.561511144680528665e-02
7.680325268640732922e-03
-3.466454872065927173e-03
2.306397095323491422e-02
1.308413950968188508e-02
2.102277803882217008e-02
1.936278914969621553e-02
3.068344653866275987e-02
5.779210647847053683e-03
-1.061577785618068176e-03
6.993520982738424263e-02
4.471082963922212716e-02
8.585660012667878371e-02
3.895999769455503470e-02
2.825592858308949989e-03
5.327628577816036215e-02
1.931424377572623155e-02
1.713911985892584491e-02
-5.733487251173424726e-04
7.478413495851372883e-02
3.763213999540647448e-02
-1.710781809454334224e-02
9.556095260518059076e-02
6.336446226403048138e-03
3.246430364423026627e-02
-1.866646470392663293e-02
8.740369677790980896e-04
9.186514844947456238e-02
4.241149406646306519e-02
4.826068404306105286e-02
1.097374233932925380e-02
3.472634792791907260e-03
7.721478705381205898e-02
-1.849312187526583329e-03
3.554878180987680603e-02
-1.204247649655430449e-02
7.109087002370471919e-02
4.333150524353640565e-02
-1.834771410705908837e-02
-1.803436602307172121e-02
5.420236874841243002e-02
6.696637198780623634e-02
6.106667037463782421e-02
5.040497119105009916e-02
-1.489568402116276183e-02
7.059964684619716990e-02
6.940398879027730172e-02
7.423165308841642163e-02
-1.763541356545540034e-03
6.479541791503978798e-03
-1.583745018716250716e-02
-2.672188115478542347e-03
2.955716165023042699e-02
6.398256912269205399e-02
6.178543056652113785e-02
6.973324929093414892e-02
6.658975057480913395e-02
1.413151870261581192e-02
2.146658377736663723e-02
4.025880235010919489e-03
6.549470667026324744e-05
3.595770769729331184e-02
3.953747826983500246e-02
5.067833485165512686e-02
8.015288472869842862e-02
4.268559420119877323e-02
8.553330128999911408e-02
4.094273716351515269e-03
6.903129265932206327e-02
6.453894015453080779e-02
1.752832289731470761e-03
7.345086612682900917e-02
-1.245745404666106712e-02
7.958497759254255788e-02
1.771622627666702074e-02
6.682502639558541430e-03
7.072410571314723116e-02
9.853444554102040731e-02
5.239405246777906200e-02
6.726582215807731802e-02
5.917170594655664362e-02
7.144973612074773106e-02
9.166474338161270663e-03
7.326545520385696619e-02
4.808927454509870358e-02
6.624846255973444037e-03
4.206495352007240396e-03
2.694675113726469409e-02
9.024726316861859943e-02
2.693698587459204472e-02
8.423958648994757381e-02
5.420394340766614832e-03
3.486107845026294172e-03
-1.471849653897345372e-02
6.497033350671443941e-02
5.388755587983209971e-02
2.928642177006385641e-02
6.261680664850712008e-02
4.772083679345585916e-02
-7.766947628351150365e-03
7.190704322440918950e-02
7.621063426155615106e-02
9.745365704024055997e-02
3.236552993313605853e-02
1.778699909408963317e-02
8.834268626727223572e-02
6.452930891340433184e-02
-1.347999625300889438e-02
1.240277731921707663e-02
1.304990521447130583e-02
3.787931131677405028e-02
9.933924009665931476e-03
3.178837700235970232e-02
3.107777960795717401e-02
-1.071788956976971532e-02
9.995305858228617502e-02
6.148640676733906074e-02
2.236110114233201204e-02
1.971703618192382004e-02
8.459090281919079413e-02
8.878344459964482294e-02
9.225101437185949382e-02
6.656461055391557635e-02
2.062792917269647489e-02
-1.649038344369489067e-02
9.843306038446343609e-02
6.416343164147246536e-02
1.342209065452091774e-02
7.494121173828104110e-02
3.763801830937561765e-02
6.436268886552320989e-02
5.198917072082029356e-02
3.836557542866848858e-02
-4.124005851474772666e-03
1.267610245276952138e-02
-1.762630475285974913e-03
9.036732919909189199e-02
1.869860771169120153e-02
7.365481833166850900e-02
3.926043955974464761e-02
8.795505065812607437e-03
3.451805599533969149e-02
3.440085404512036038e-02
9.661471967305348962e-02
-8.803423963132134267e-03
4.255953935486113393e-02
5.225153078726919864e-02
-1.364248299503023273e-02
9.617121970294954802e-03
7.410875608206925202e-02
-1.598975681720030476e-02
3.765518116742819221e-02
3.160989660784875588e-02
-5.213094501437710512e-03
-6.516602853356111280e-04
-1.439229640244250180e-02
8.490643128083075197e-02
4.024038469409584734e-03
8.145637527697607849e-02
7.398159647885195478e-02
3.617303835763756303e-02
2.159628125260461967e-03
9.439520532844805634e-02
8.588699529088755780e-02
3.725935932048911325e-02
-3.905036570959440068e-03
-3.803668821856714261e-03
3.072686419665046978e-02
8.974730378891064564e-02
3.868015470078202400e-02
6.907945378151122973e-02
1.420589822363874447e-02
-8.404206631174474668e-03
5.230474945590109226e-02
-2.225006646573497726e-03
1.961568440465509891e-02
4.955379370993304861e-03
-1.061363468319665229e-02
5.649663904443094631e-02
-1.588462702487136030e-02
2.156782427354727097e-02
9.419736121480974667e-02
5.603388551748533786e-02
-1.946367008958676398e-02
7.874367691532051239e-02
5.939462176051114178e-03
-1.725390436590090379e-02
-2.855367931003185283e-03
8.932713115196143361e-02
5.748013959431035047e-02
9.326574649251986870e-02
-1.188928782624164814e-02
6.841182105423282422e-02
2.162907787852587707e-02
4.991843722329974975e-02
5.297118147430569801e-02
7.655838223714690749e-03
4.701341766615983742e-02
-6.081214160106589162e-03
9.702239747125557257e-02
7.411154490992620525e-02
8.461166940448190676e-02
1.557678620404285771e-02
7.542289237316850137e-02
5.038324837623435470e-02
8.776677365301306655e-03
4.041344316049673424e-02
-1.803777607307253603e-02
5.930381765689449192e-02
-2.110134847732404728e-03
9.497778308094902144e-03
9.121326398202722618e-02
6.243082687849674239e-02
9.471325761656372577e-02
8.270840571775606165e-02
9.896698275168973324e-02
6.204686214588786553e-02
-7.547715378595927158e-03
9.656606554164051670e-02
-1.659509595243494062e-02
1.215682222040115681e-02
9.840769338035408598e-02
4.948090464797492982e-02
9.675524433540973190e-02
2.550568754612208069e-02
6.782527518396846977e-02
8.527168219184144693e-02
3.050299892505845337e-02
1.909439226033364523e-03
7.900031968882437194e-02
9.991755860483464424e-02
8.583209716787606330e-03
1.149527768432957384e-02
6.421207848430482423e-02
5.559751283666936050e-02
-9.206829802360160658e-03
7.809924156666994688e-02
3.048215429052723510e-02
3.348394590026798623e-02
3.383226954499478356e-02
7.393667293644524963e-04
5.613045580177272731e-02
1.854320112720870065e-02
-1.904319628885039334e-02
-5.941563889822192024e-03
6.656818047971636843e-02
9.725621618911227395e-02
4.880397060610629223e-02
7.080338167664280979e-02
8.936799943478219987e-02
9.553369512130867325e-02
5.985467519669326886e-02
-1.036147551855405406e-02
5.110244853475884308e-02
-1.704400004530605764e-02
4.537985747160674932e-02
1.412075632174286319e-02
6.313399664354225199e-03
6.702390802208482712e-02
6.979018295360743529e-02
-1.740527576129249215e-02
-4.828855789353946742e-03
6.220246086805297780e-03
-6.283750617884952677e-03
6.772919501032012568e-02
7.540349263192046292e-02
3.187252052574578165e-02
1.978147537689154203e-02
3.077423012630420632e-02
-1.641617547453239415e-02
-1.398601945674826305e-02
-9.198161600212868827e-03
7.979477000217537197e-02
4.514205098691605189e-02
1.443063619162119129e-02
6.362007102107362921e-02
6.413256027972823181e-02
7.987336238449266324e-02
8.975125348439590145e-02
5.733683300399704252e-02
4.685724143664994623e-02
8.111025963582202403e-02
-8.462245009498266940e-03
4.017520012147524078e-02
-6.683152594325156293e-03
6.080393171562890886e-02
8.824856215546550420e-02
2.925073182223094509e-03
4.074986578049527575e-02
9.585714535379454004e-02
6.482760294360460918e-02
8.355506769358525543e-02
6.561546254118476307e-02
6.844152495733585306e-02
-1.734949144841746102e-02
1.145026431338260625e-03
2.501240735348787478e-02
8.433791733350076703e-02
8.945514331582483936e-02
4.057507220705611206e-02
8.457398129311677337e-02
2.146313089467796406e-02
8.187793745485279218e-02
1.802375598696191739e-04
-3.683932196071569576e-04
-1.694676495492557916e-02
6.178545791493043893e-02
8.952318800625565232e-02
-1.152225367154604933e-02
7.953662522070473195e-02
1.306439075189117296e-02
1.573120834614291641e-03
5.637806762208387446e-02
8.110226397518313646e-02
4.378283761398231444e-02
9.386415268380347843e-02
9.754744507573065437e-02
-6.086269184533235968e-03
-1.067968339971914205e-02
9.318460991417999717e-02
3.996174368224003626e-02
4.546004289266279697e-02
5.385967156243051668e-02
4.960356792310784135e-02
3.537190328180109256e-02
9.055700176043346428e-02
1.163794427259129058e-02
3.307575236437551580e-02
7.849134192106201058e-02
3.847636650450921014e-02
7.243393159371834533e-02
3.000837427012699801e-02
9.854672082932017241e-02
9.157957251883956651e-02
6.945072232115787059e-02
8.128431384744999599e-02
5.465923464043065394e-02
4.575425013311019973e-02
5.229196687120143960e-02
1.803465349561428691e-02
8.941740795463558322e-02
2.098501020501894812e-02
6.536143764919769006e-02
4.204297401633434739e-02
7.156452127075574321e-02
2.979629409603182580e-02
1.715901774389397630e-02
1.193093282582973272e-02
1.876485625854066794e-02
2.888402155863337498e-02
5.656177755185599898e-02
1.980213343627507463e-02
5.565446851517052984e-02
7.097062174667945200e-02
-1.448658536683673087e-02
4.619071698840190865e-02
3.839252733253253891e-02
9.178500615426653242e-02
5.878039019074818294e-02
4.438933091258877306e-02
7.408782199983840466e-02
7.392606615164665218e-02
1.807510733304871706e-02
1.681093108419999191e-02
6.493836864868686443e-02
4.695059921593523755e-02
4.715478803935650720e-02
1.764143379068419323e-02
-4.210579474568348912e-03
-6.168395546177188674e-03
7.300486562028003779e-02
7.161226316591082913e-03
4.009731531277720140e-02
4.640635120616813658e-02
1.190541669351921975e-02
3.968489377779532701e-02
4.702444983524876887e-02
6.430429248893665406e-02
5.977235850569134756e-02
6.785077072958760336e-02
5.214174151779001065e-02
-6.921385857483678197e-03
-4.171531083622403296e-03
1.467761603712063392e-02
6.332626304951274876e-02
-1.517990479688226257e-02
-5.155307935477465922e-03
3.885490965672101782e-02
3.462886894270922333e-02
7.455316791284388733e-02
5.253822317475276282e-02
4.778367496727811692e-02
5.107524326479331855e-02
6.900683757186254486e-02
7.976476991728490007e-02
1.428852165166509883e-02
9.742991947505340311e-02
-5.517399745852049481e-03
1.733798585600125966e-02
9.935213149480648376e-04
6.592300652242967518e-02
4.688548937177246245e-02
3.636828043141049349e-02
7.495567461107723040e-02
9.313123530685338269e-02
8.974200170366010421e-02
4.666160113182021840e-03
2.356126641569053146e-02
7.860509897709182237e-02
3.176932439176012590e-02
-1.464891721169720926e-02
8.113329977369740376e-02
1.514527561600776187e-02
9.908514432656267967e-02
2.221447575168938177e-03
8.844461881750489973e-02
7.784089264926556673e-02
1.844171142418339279e-02
1.537721949316044751e-03
-1.358789061456481401e-03
5.368502302297070011e-03
-9.329959717134040167e-03
6.441899383441114513e-02
1.656476086591671809e-03
-1.459710893713466254e-02
7.357589818283287453e-02
6.217169314780579548e-02
5.155627996793046841e-02
4.630381998469768057e-03
2.653885559523242940e-02
6.101503631807511652e-02
3.685577670707053388e-02
5.929844956074034612e-02
3.006024542025343207e-02
4.106769646452058942e-02
1.656474099637248940e-02
-7.728810567253855887e-03
5.859976786263508541e-02
2.219160699810808143e-02
4.895806462102982037e-02
3.011203431251316745e-02
3.690297553890835303e-02
-1.355180004998519233e-02
8.821847772585886260e-02
8.848621451779871416e-03
3.153776664991700396e-02
8.228048861561129690e-02
5.775236912802945988e-02
9.824614606215417711e-02
9.862096397204475617e-02
4.565326034932662425e-02
9.558719834138890148e-02
3.230003350839982801e-02
5.132065241973211844e-02
9.762859302775692139e-02
8.540554474787649675e-02
-1.614579521685612779e-02
4.021527316750732328e-02
5.752982674923343143e-02
3.681434143565373573e-02
7.271572285206366615e-02
6.546003069955307063e-02
1.367796076169703473e-03
2.814811492065214318e-02
1.292984151745353930e-02
5.175851107016707364e-02
7.142185646989213099e-02
1.274520704971984775e-03
-4.636543653847498628e-03
-2.444303699625449688e-03
-7.392184425050074559e-03
4.956617412027687630e-02
-6.256570106836892992e-03
4.751292712936446005e-02
5.032525664972914425e-02
6.700663697893423365e-02
2.140868608628238370e-02
9.746811206105333858e-02
1.353094366625180386e-02
2.086935703296134356e-02
1.898783544051999353e-02
4.914864871484483921e-02
4.400308066309786131e-03
1.832051796433305582e-02
3.356331320330285806e-02
9.280336326568523753e-02
4.779599665562826727e-02
1.306725737618511310e-02
7.613424150551267866e-02
2.682991589986319717e-02
-1.201417577750482635e-03
2.276384627702389765e-02
3.930983809068104573e-02
9.622659689533050176e-02
4.652482456707457414e-02
2.300605233209264064e-02
-1.942356743751001008e-02
