1.017792353788334436e+00
1.024156091341924979e+00
1.050150988797402762e+00
1.089941461077328366e+00
1.050686423754213283e+00
1.041817621619112622e+00
1.083029469779463128e+00
1.043202302260199721e+00
1.090960228012712641e+00
1.042646835313274511e+00
1.001289714746112391e+00
1.074422150049537006e+00
1.053698027735655574e+00
1.003000238225586482e+00
1.043044602014201683e+00
1.028484777728788213e+00
1.070461323526821218e+00
1.089904357803301194e+00
1.080654536982503355e+00
1.051095448491351503e+00
1.083376755905167466e+00
1.082450243172371263e+00
1.015256512221984098e+00
1.061876621186411240e+00
1.007006962549316320e+00
1.004032865671030894e+00
1.095628690588100751e+00
1.039822652602378827e+00
1.051841034672470032e+00
1.021718919954540672e+00
1.034619767126721435e+00
1.087723136735100349e+00
1.054546035066673326e+00
1.059769303554312314e+00
1.039961778575488216e+00
1.091683013385120971e+00
1.012270453997450748e+00
1.036604856715636958e+00
1.095822216932274218e+00
1.046207712358453223e+00
1.062926097867536113e+00
1.011597327029472471e+00
1.060239299678667146e+00
1.053515413987685667e+00
1.041995550175569774e+00
1.006274780290336679e+00
1.072426136187240031e+00
1.073766115892818229e+00
1.057324574489331814e+00
1.065511627094922975e+00
1.036407707493793406e+00
1.032702268351955777e+00
1.079172206737670558e+00
1.090067922342793150e+00
1.033497057279575415e+00
1.050558389580160901e+00
1.025222646331167331e+00
1.068620587296390978e+00
1.070508518684692101e+00
1.022277817870798300e+00
1.018973325580843303e+00
1.049398381957626025e+00
1.019754330473350734e+00
1.066339870964951864e+00
1.052697890929102487e+00
1.073618037321029783e+00
1.085432966491938211e+00
1.004771996139729451e+00
1.010541221163061554e+00
1.042132004577680071e+00
1.006097612713480194e+00
1.011829485392098160e+00
1.033162170557721415e+00
1.077058190551306360e+00
1.047140269070955698e+00
1.011216278814765390e+00
1.094446832229535982e+00
1.025705369967006231e+00
1.090778174421581204e+00
1.015067237405636869e+00
1.009635862216826441e+00
1.028274854246561842e+00
1.000498215965492488e+00
1.089835372730621144e+00
1.049077804680420112e+00
1.075042058766213948e+00
1.094380240052459818e+00
1.084613246432361455e+00
1.033260210166132342e+00
1.064779917816401245e+00
1.076425398513376930e+00
1.018367724857118128e+00
1.014939611252481333e+00
1.055650384343117754e+00
1.047074874397867061e+00
1.009647438568419764e+00
1.094976368028217850e+00
1.041099160833748094e+00
1.052581358218068974e+00
1.010687228860609466e+00
1.089171284896219394e+00
1.040160285490731917e+00
1.097553123116537188e+00
1.080546293177282458e+00
1.083969559825911366e+00
1.098419444531475886e+00
1.027578304180200464e+00
1.029629242553690815e+00
1.070141530468016633e+00
1.030468305259437667e+00
1.038854783979853869e+00
1.054074537990837390e+00
1.025502624392410356e+00
1.042502540395009225e+00
1.024607474916897853e+00
1.030394732850853146e+00
1.066092041495000364e+00
1.071584352661898665e+00
1.022261014986956651e+00
1.094175439965802799e+00
1.024636921283215596e+00
1.063752442216114202e+00
1.016918262249349114e+00
1.056741244645122979e+00
1.052396395955724762e+00
1.009938522338110989e+00
1.059043511635910262e+00
1.013254788496360526e+00
1.052548688818300437e+00
1.073410457775742177e+00
1.094487639568620496e+00
1.034893393276421270e+00
1.007252230228587120e+00
1.026116849891519411e+00
1.077748538622449459e+00
1.032159204583386503e+00
1.068954207611732210e+00
1.073393670439454661e+00
1.056040497332674466e+00
1.084161099767188885e+00
1.056005702598587837e+00
1.069051978979794981e+00
1.088236386021180335e+00
1.082593064341904610e+00
1.017850038792996292e+00
1.097190595766940779e+00
1.003043208958228183e+00
1.023426712959323082e+00
1.046216714908819734e+00
1.084208545749656860e+00
1.091013756483137254e+00
1.035154870168663477e+00
1.036264328903113485e+00
1.079689288424612981e+00
1.037966260193304846e+00
1.012091075806583973e+00
1.068075672446336721e+00
1.073071675496730881e+00
1.009093344522792535e+00
1.031923783332996170e+00
1.004024701941597320e+00
1.080044941856881158e+00
1.009489067832684217e+00
1.041856817546656488e+00
1.073126221945146952e+00
1.074825418578941871e+00
1.090219956202451712e+00
1.026050755728700636e+00
1.048628996006685021e+00
1.009767706060879622e+00
1.071975367635308540e+00
1.003665222410561331e+00
1.006752939722461715e+00
1.009272828288826140e+00
1.036112309004345367e+00
1.028629127504602447e+00
1.096212562025707937e+00
1.035683089689645842e+00
1.005989748532522876e+00
1.071826521749144279e+00
1.027847984202119314e+00
1.017183887147885990e+00
1.068791214279017465e+00
1.021039092722373809e+00
1.054670599104273077e+00
1.029440413086864181e+00
1.036627074735474219e+00
1.025637293191187682e+00
1.020793833431942188e+00
1.084456482049471315e+00
1.014555209565950911e+00
1.042012486869465349e+00
1.098541038488334731e+00
1.065247445024629647e+00
1.078074779568505726e+00
1.035704739323603851e+00
1.021233485444231981e+00
1.074229387366302690e+00
1.097303820945801478e+00
1.055100406658473489e+00
1.079950674188864923e+00
1.027956875919193935e+00
1.092901679601831377e+00
1.013712733826380274e+00
1.073901807077000115e+00
1.043236045478234120e+00
1.072183635576204663e+00
1.078854634555752812e+00
1.081339823154862767e+00
1.022187470648517227e+00
1.013497046577682692e+00
1.050668447458409815e+00
1.075578030085765580e+00
1.027087490490455890e+00
1.039833867091957798e+00
1.030034545243887489e+00
1.034659169244119603e+00
1.042782664283468774e+00
1.036237091740408456e+00
1.059618022468826748e+00
1.088019757091508444e+00
1.004966894689204748e+00
1.052060005375294427e+00
1.037554924129890033e+00
1.040509987189207175e+00
1.091693682300731938e+00
1.012528995813418486e+00
1.077291094560972606e+00
1.069805158726713890e+00
1.098441378674136271e+00
1.039796980570241614e+00
1.026698490761102533e+00
1.047882578140988175e+00
1.077841227121063783e+00
1.025938492082232978e+00
1.048777356510779857e+00
1.085348271937831122e+00
1.015166538267641805e+00
1.083554574725293929e+00
1.067432149877524328e+00
1.036326529311293543e+00
1.022825950340537249e+00
1.086647387984335911e+00
1.014471586902153444e+00
1.075022294680023416e+00
1.057968363113890753e+00
1.013362685447840805e+00
1.019834814200387907e+00
1.035385539557964307e+00
1.062912563223478601e+00
1.039334341700560715e+00
1.092656159623287326e+00
1.042933482577860893e+00
1.096398968254650441e+00
1.003908939594711613e+00
1.074152158132370749e+00
1.012909562596233659e+00
1.085359953341653361e+00
1.032040912992537640e+00
1.016629291386916378e+00
1.048119684680617336e+00
1.037213226018254275e+00
1.090565728743683627e+00
1.060516075024235727e+00
1.027018086026378674e+00
1.046985983595393854e+00
1.054547622411971641e+00
1.041191864313957494e+00
1.024144972969427414e+00
1.074482612280972305e+00
1.018916352283961047e+00
1.011400726704632103e+00
1.070389839148984779e+00
1.090794368937821668e+00
1.086285690681610072e+00
1.045677887943393447e+00
1.027373245779164224e+00
1.022120868674712968e+00
1.021062771001735259e+00
1.024660129493168315e+00
1.034144789563534728e+00
1.083842731398511061e+00
1.002413789071026518e+00
1.069629044281535490e+00
1.005182535550161571e+00
1.043492677043648120e+00
1.018254633216050475e+00
1.002997701765416583e+00
1.064304806340727660e+00
1.064077849442866430e+00
1.067641270396373798e+00
1.004064214089706253e+00
1.024129340194144477e+00
1.036740242211602325e+00
1.051988135775162148e+00
1.093611011131864874e+00
1.088990874827023614e+00
1.038773738091518295e+00
1.070389573086422796e+00
1.085245518976311940e+00
1.045548325685696334e+00
1.019903349954243810e+00
1.002135129472794484e+00
1.066258886733422617e+00
1.009359105909059862e+00
1.079007060622233949e+00
1.000088685835984315e+00
1.033457712395786654e+00
1.088441693503128915e+00
1.080649976415842595e+00
1.060810523111125336e+00
1.022993390879843867e+00
1.085024572719364366e+00
1.096060681357263755e+00
1.007713730247779882e+00
1.020049976972678296e+00
1.065402826185857244e+00
1.022053429406488911e+00
1.003751783352769822e+00
1.026792279373021755e+00
1.043966067877621473e+00
1.072756933109341171e+00
1.057011942992744480e+00
1.012765590814076466e+00
1.054927815686342640e+00
1.056707939847150612e+00
1.082090086277319951e+00
1.081446829836034906e+00
1.049739589899969738e+00
1.005553360087364734e+00
1.071297776321685991e+00
1.037801551175073778e+00
1.091480342631593770e+00
1.080774303738152753e+00
1.045498711257586422e+00
1.052678227016159651e+00
1.079807166315692069e+00
1.069402592874987956e+00
1.033030645812220483e+00
1.044764064266054726e+00
1.053626673619224352e+00
1.085168529028087914e+00
1.048768748746892632e+00
1.078096366603449097e+00
1.011693762583653067e+00
1.073958399524360230e+00
1.095354436575131984e+00
1.034265538701225173e+00
1.017727766505070131e+00
1.076174704256966042e+00
1.018415132160739978e+00
1.038261690814924254e+00
1.093873043359362862e+00
1.026101156321311825e+00
1.024174028349956522e+00
1.026977390244119492e+00
1.070704098073093302e+00
1.066655192024183352e+00
1.099976206913217958e+00
1.023043555836456120e+00
1.073569895154023124e+00
1.002836628519238493e+00
1.093993206153533349e+00
1.019815836887598248e+00
1.093255739102499735e+00
1.034427480008383693e+00
1.042235837126859410e+00
1.084262419152337342e+00
1.024301431391342554e+00
1.054188097472094521e+00
1.008979323977380105e+00
1.056118974933488497e+00
1.081611995877653998e+00
1.007190531072245987e+00
1.061807571676437245e+00
1.048316910794434786e+00
1.053087706348831531e+00
1.082317907392488454e+00
1.072551877074264803e+00
1.061607852563295484e+00
1.031631272807421507e+00
1.094625747200979937e+00
1.064712091624346435e+00
1.042952377919516671e+00
1.008339042030170774e+00
1.010180172712595636e+00
1.021887285719587091e+00
1.007928041482089254e+00
1.083323227829700697e+00
1.027042353503195837e+00
1.098659619585423020e+00
1.050410097237334250e+00
1.034150174322154170e+00
1.009733267921084643e+00
1.099639754726011276e+00
1.011416917153949768e+00
1.000579084019899367e+00
1.037624341735213340e+00
1.030636283277623244e+00
1.084283640498811874e+00
1.034984571293805500e+00
1.069432539977130503e+00
1.046215598133379832e+00
1.008459298665772552e+00
1.070295056889722929e+00
1.036776999528061571e+00
1.016495355139387380e+00
1.074302634842966508e+00
1.066788590120864466e+00
1.015168549933327835e+00
1.060504470153575518e+00
1.054695614274760551e+00
1.043229101659527869e+00
1.019098863880473438e+00
1.054438661945782174e+00
1.010980147971552334e+00
1.074339276570303703e+00
1.017554163000936818e+00
1.074782880744611591e+00
1.030403176450591429e+00
1.044095278764642254e+00
1.044687992016694711e+00
1.025315540900191502e+00
1.095649922666809273e+00
1.031236281224597207e+00
1.084335465778859531e+00
1.075759569409273420e+00
1.019950563399784516e+00
1.071078978961271133e+00
1.071618420171080555e+00
1.070175048294769837e+00
1.062486702401564065e+00
1.075609827935090967e+00
1.043296715815076992e+00
1.035545660070935625e+00
1.078380257282796517e+00
1.027530564704671301e+00
1.007650020013876935e+00
1.017413115430469084e+00
1.029807209121038181e+00
1.098263974664640319e+00
1.080253031005659947e+00
1.070726264665038396e+00
1.002990518471390757e+00
1.080773378045404520e+00
1.016543175917668851e+00
1.030343989046246911e+00
1.088110539695037682e+00
1.074878290941530201e+00
1.095763002188107516e+00
1.091801904711149129e+00
1.091971938413948573e+00
1.052884945369883640e+00
1.023036229021990984e+00
1.034722524779941200e+00
1.053598778518709533e+00
1.085324887403824379e+00
1.003183390482461856e+00
1.038141258477513373e+00
1.080883698655048075e+00
1.051843696725311084e+00
1.082492934144109631e+00
1.049019807462385989e+00
1.006554479606623032e+00
1.096137166884419090e+00
1.041384161181327261e+00
1.062246814132099093e+00
1.001774155785173592e+00
1.062235964091972740e+00
1.016198251372618877e+00
1.043862279843793317e+00
1.011427580698849527e+00
1.090850217402939082e+00
1.082563841237785818e+00
1.031594116173955022e+00
1.029007529459196268e+00
1.062867506688528918e+00
1.087547354159985158e+00
1.078060837191272325e+00
1.074566443489461953e+00
1.083226533690981874e+00
1.085015244821332159e+00
1.043462566188948726e+00
1.004013594557899847e+00
1.069199414891818245e+00
1.009346424256832853e+00
1.077547250775144461e+00
1.022171604486664886e+00
1.067991619305213025e+00
1.021941986432454819e+00
1.048950683915078619e+00
1.095375941970951894e+00
1.046811228761120871e+00
1.093886270240355785e+00
1.052662654478657256e+00
1.018427811428127105e+00
1.042434696622547508e+00
1.076558332926653261e+00
1.022373302829878483e+00
1.018666026639618138e+00
