4.240217548135087611e-02
5.890826906132626273e-02
4.945146433915165174e-02
-1.483124205493331280e-02
6.593064435210015117e-02
-1.989039698132845022e-02
6.049190814929256144e-02
3.605301348204560663e-02
4.895499943883011018e-03
-1.498719925523074072e-02
4.864920453152331292e-02
2.484657192572844661e-02
7.366665278960447816e-02
3.450860807980205003e-02
9.123057225026341699e-02
4.190404518523045685e-02
4.376856176186523506e-02
1.918662487655114698e-02
8.615516453553535847e-02
-6.956478610889663822e-03
5.181501332077458055e-02
3.441591085818032636e-02
8.775518810716378959e-02
5.017108630890805554e-02
6.683900698813055596e-02
3.762680249655406262e-02
2.380869186664649403e-02
2.870646357653491507e-02
9.529217022665165127e-02
2.080563464644701391e-02
2.899116019476778022e-03
4.364831996424349547e-02
4.033485842198916704e-02
4.607433398264473845e-02
7.997296254067559618e-03
3.111528953097984773e-03
5.582339069752399741e-02
7.744098624412054654e-02
5.743402881056426657e-02
9.768793177943839445e-02
9.777185672690778817e-02
6.406348591737855147e-02
6.653040434870798048e-02
2.317748501421108484e-02
3.822584070708417991e-02
1.370037805778059545e-02
6.900521888961293204e-02
-3.478986976041247708e-03
1.030278218334287899e-02
7.831894866271014999e-02
-1.407653557978735814e-02
9.308501886049273810e-02
2.679235180035116279e-02
1.203120292920049558e-02
8.315423229606887928e-03
5.449330593071834150e-02
2.290261057843547346e-02
7.442391268762353629e-02
-3.030678287662371545e-03
1.974797569961972768e-02
7.433217212903125981e-02
3.679707740804769034e-02
9.266296366199831824e-02
5.104198839695997525e-02
8.154059844156473502e-02
5.500950609102960021e-03
-3.911076064012947162e-03
3.498070429641085555e-02
2.850205360831252824e-02
-5.745044118128794439e-03
6.751723757760889899e-04
-6.480308450031099787e-03
5.618295291466836316e-02
2.098120305662619020e-02
6.493989551472852118e-03
8.598358017786711383e-02
7.217094569504337032e-02
9.826674118379215284e-02
8.050440860236195151e-02
-1.939872192593126293e-02
9.978711100034044768e-02
2.912581677459276722e-02
5.962606400468237200e-02
4.640968038892648306e-04
7.623045232577550789e-02
1.418068080219153995e-02
6.494998310088476168e-02
1.798954168556353081e-02
5.852389010729187879e-02
9.590616832271033065e-02
7.217640050478452141e-03
9.880073087961113720e-02
1.222539220547523217e-02
-1.147200778869858495e-02
1.923467921420755553e-02
-1.768904143949521710e-02
-1.568233213416465877e-02
-1.035348038596610280e-02
9.830775713262084048e-02
-4.967828969945216680e-03
7.365562890141130747e-02
2.062997550082907097e-02
5.966060687850992250e-02
8.886405008842868103e-02
-1.331365416030144341e-02
-8.873192520472250600e-03
-5.417643604740875196e-03
6.166088400696811966e-02
-1.661639912398267527e-04
4.741597244306065134e-03
5.020037900923693397e-02
7.638526364708730920e-02
2.868878644039685524e-02
-1.151833586504729529e-02
-1.336841781149059050e-02
5.011405792080812771e-02
2.071705374536957078e-03
-1.583428257855402921e-02
4.870380416374084365e-02
-1.543472037751254453e-02
7.851112102317335528e-02
5.937769417043824161e-02
5.277734220907552565e-02
6.543390582853104986e-02
3.704888998459783533e-02
1.374407570730492092e-02
3.980065923916750042e-03
9.106341697132372404e-02
5.424977982348556937e-02
6.379914116683499392e-02
7.308637503721097939e-02
3.402505814762922520e-02
9.049779208802261055e-03
-1.708149846506031022e-03
8.836773926139517010e-02
9.283355470219896433e-02
7.305284571410898542e-02
2.963715617004379285e-02
6.684538569824377552e-02
9.572613465619220219e-02
2.249780123208152890e-02
6.907675923389429429e-02
1.432405064596228503e-02
1.255379173464199818e-02
2.400108086313660141e-02
1.848595631133332848e-02
3.341303798693773253e-02
3.770571140673169286e-02
5.593151258033693396e-02
8.410454152522511828e-02
6.045954832107517524e-03
-1.665291481337363710e-02
5.711684359954805057e-02
4.700526333387372580e-02
4.336866817940973617e-02
8.969813682570240698e-02
8.960112252569769897e-02
7.117636272220682903e-02
5.065467079634312919e-02
9.047441693783732364e-02
3.518219365284733224e-02
6.492653963572639353e-02
9.364317308262178063e-02
2.785757785041128101e-02
2.216252213831248694e-02
8.539202770707457479e-02
9.992015369142931425e-02
8.960405026800535161e-03
4.969264258016224678e-02
7.829173919649151658e-02
4.394041617902764985e-02
1.876510306226867111e-02
6.660504808284642420e-02
7.195252946246401271e-02
2.285000371000773037e-02
7.346739140551125646e-02
9.235874129628436624e-02
2.480560875207379543e-02
7.332998555076433722e-02
3.677946165272465151e-02
8.529890550870897203e-02
1.864079277894275730e-02
9.228200974391002898e-02
4.822450389843963015e-02
9.551116401112232090e-03
4.101656122024360807e-02
2.894074075497079720e-02
6.974769418396666032e-02
2.901315659010230905e-02
8.954689664172391095e-02
-1.836709816858364888e-02
7.864345581944559571e-02
-6.922906907875052418e-03
9.056502531365751008e-02
2.799563408799440531e-02
8.030501839795957386e-02
-1.863218332368431901e-02
-3.881559502192013372e-03
3.592003758524901780e-02
-3.056388902061595719e-03
2.797068651364520778e-02
-9.912223747619037378e-03
2.224608224788947319e-04
7.576530675598902587e-02
6.637310465948678684e-02
2.382759704602032194e-02
-1.200243813978385532e-02
8.300340744363028656e-02
-8.439527024315548326e-03
2.659736761263701774e-02
9.361321316580245577e-02
-3.911040858523184144e-03
4.545653722337429647e-02
9.062136725988796659e-02
8.692777670847078031e-03
2.317816470216839744e-02
-6.714856033532322702e-03
7.319680923550016260e-02
6.190864024576538116e-02
6.618714305625213179e-02
1.597148116321631464e-02
5.266426993778342003e-02
9.783683100681252881e-03
6.650027085823267958e-02
1.030530683841349160e-02
-4.380787441640306493e-03
7.938322104932303558e-02
1.154636987776872306e-02
3.709137929415867729e-02
3.435210175226761919e-02
-1.263003192321425841e-02
3.910375952894948326e-02
-1.699433772798328995e-03
8.309734947275816686e-02
-1.360001842076182139e-02
8.366324849266135177e-02
4.394813097944487434e-02
-1.450097077109899213e-03
8.817831474339558884e-02
3.022741015081101615e-02
3.621009135027987436e-02
-1.355627369615187983e-02
9.626456784390326205e-02
4.722314279834624595e-02
9.621055154411820021e-02
5.908894905239117645e-02
4.396616514224073458e-02
8.453915262650207874e-02
1.448437413293916440e-02
4.418014765873561067e-02
7.507499682061226365e-02
2.103856794752651319e-02
9.745295222355289388e-02
5.335078263581929936e-02
4.402579367804643207e-02
6.483652574253752354e-02
-1.792339348386116915e-02
2.815071519941304487e-02
-4.582268297572271096e-03
8.956220464893509259e-02
4.588005448633641903e-02
2.578409307123824892e-02
9.382610472379121491e-02
5.652793184688086059e-02
1.754320238337302509e-02
9.924540261593609025e-02
1.933681516020018323e-02
1.363544243202379977e-02
7.539578602915694705e-02
6.551984946713719504e-02
2.401842900602639899e-02
2.569907903686067044e-02
9.305288537945106964e-02
4.072996372278266108e-02
7.615669773824210176e-02
-1.193524832857295950e-02
-5.494396854396205176e-04
2.389728231175023906e-02
8.433147545248684263e-02
-5.534382989613484058e-03
8.556312067873798888e-02
3.643192392770137900e-02
7.015686610381687005e-02
3.759913540158639489e-02
3.949922382535005216e-04
-1.249039713599106594e-02
9.252836562149521771e-02
7.852374663323376247e-02
7.753023573206867247e-02
1.748968178528821291e-02
3.418430165906354012e-02
7.662503688581034922e-02
1.582934895186135713e-02
6.348852085759973396e-02
6.832545572601605999e-02
8.975919439767603147e-02
-1.192047837916623658e-02
1.965499234512562213e-02
5.140771891873019417e-02
-5.139988176271533676e-03
4.027623340820761511e-02
2.076566629595729893e-02
-4.343681137215019139e-04
8.045190198299412287e-02
-1.738713270654740697e-02
3.539117520393869620e-02
7.162455405587395130e-02
5.097771050426667949e-02
1.532763101955931032e-02
7.945911494496422922e-02
-6.841972399988439923e-03
4.975801517579812872e-02
-4.201281954598710261e-03
-5.109774902882108574e-03
8.316914159132557383e-02
9.294925535850012688e-03
4.805327238108730858e-02
3.736656373064188574e-02
8.999801480625127525e-02
3.409437752028658675e-02
6.522074940104109764e-02
5.477310776717353447e-02
8.698759811664275032e-02
4.327280166170756337e-02
4.138739591252739436e-02
4.554586131376184288e-02
3.741223128852773361e-02
2.523772497250665117e-02
9.520001691529431098e-02
3.209432883325721853e-02
3.694353213142320680e-02
1.771148855622850168e-02
4.171417209036808182e-02
3.366493353624087914e-02
6.589251517562344507e-02
7.667769138069399637e-02
6.783357506931543546e-02
7.809560724097404372e-02
1.307063280982495232e-02
-8.126605173840895091e-03
9.752408112001800800e-02
3.716766631990532643e-02
4.063281871612110796e-04
9.094821597207589092e-02
5.354956980872734029e-02
9.059352807201537239e-02
-1.304770214395502975e-02
-1.492579947945824048e-02
4.200103342091792563e-03
-3.130617058983101858e-03
8.274720188253663344e-02
2.075607174255457085e-02
3.150538500829469513e-03
9.043699616430464494e-02
4.286822417662202594e-03
9.447015445534642786e-02
8.257782070167984934e-02
1.855415834031758429e-02
-4.290217574187370209e-03
5.892447880842169305e-02
4.818054217355507984e-02
5.184585194520641149e-02
5.059043797735060521e-02
8.891499250024709200e-02
8.871948178777497307e-02
2.936187551954051386e-02
5.871435035795234680e-02
-8.774815316137680316e-03
9.074511600839360592e-02
1.247753730919392776e-02
9.545539607538160165e-02
-1.697955434531286945e-03
8.008253572826544431e-02
2.955410596059302938e-02
-6.653571164559161921e-04
3.217632145140401217e-03
3.830700717126284127e-02
6.534176212189109212e-02
3.093844102477362121e-02
3.816919779271929491e-02
7.928858818588034596e-02
1.419207627358974252e-02
5.825473012489069957e-04
8.571545014729649303e-02
5.816443107058474893e-02
3.030376853930750319e-03
7.264853693631283249e-02
9.141581091927759861e-02
1.646317415662216718e-02
-1.087284718163920687e-02
9.344104429795026256e-02
9.829285049044435285e-02
2.358318752040030816e-02
7.555860006286435615e-02
9.852794043815990555e-02
3.952088624240600312e-02
6.139942262754426172e-02
2.016363103302677359e-02
7.053394085747102804e-02
3.156935228255608461e-02
6.667563090425088212e-02
2.250605316019536201e-03
5.982130621849809926e-02
-5.056339557501579596e-04
7.814227083142298580e-02
1.501902380889588370e-02
-1.948951833957065019e-02
6.541209891910731988e-02
4.659129124655846110e-03
2.305500804260635431e-02
6.382299424719407865e-02
8.793760718137424992e-02
2.527022042232869928e-02
6.793243332948456503e-02
-1.425730816360072997e-02
4.986518790451262284e-02
7.740558396196334234e-03
-7.201320051661389346e-03
5.914491553924050571e-02
8.861801911779401686e-02
4.121062551380991201e-02
-5.454125984114516212e-03
4.873937006138685801e-02
5.196275431932907696e-02
2.249260936266470057e-03
-3.698078707181529090e-03
-8.101414188224048685e-03
1.140591534011967459e-02
9.820021663967171133e-02
1.378636932185978506e-02
2.187288769064994753e-03
7.543912853356639359e-02
5.726494951545524348e-02
3.401403765815706748e-02
4.765501908223022942e-03
8.495392779297269992e-02
-1.952488406539847413e-02
4.000764637128544077e-02
-5.859110427692647630e-03
-4.161836940533562845e-03
-6.960434106961893921e-03
5.229543680610934664e-02
2.465026349318696561e-02
1.368544943646835335e-02
8.939891942125749447e-02
3.126621799655025791e-04
-8.743172016534890220e-03
1.522723502010298394e-02
2.084343518656314384e-02
8.800179009690925480e-02
7.746938139191272832e-02
3.716251883363580477e-03
9.419245301992711789e-03
-1.984047197617389360e-02
-3.538736624214399579e-03
6.635686860886993998e-02
-4.318860938422042217e-03
9.735246944039911698e-02
6.766521185338422728e-02
9.194441470024590501e-02
8.256417825180066561e-02
6.601519620530811594e-02
-1.373802480013800592e-02
-6.592905292515799376e-04
8.227416892505956536e-02
8.667515335529915599e-02
7.810385224298768692e-02
5.770344090899107853e-03
7.859491524475545332e-02
-5.618301171368668412e-03
4.806207127411130098e-03
-1.112985937094222028e-03
-4.109721613463061807e-03
7.673523084747163603e-02
3.410454220009843940e-02
9.094642301274646901e-02
5.273094116939885945e-02
4.227399307538390327e-02
3.536789656015999761e-02
8.265118413080638216e-02
8.644270052890908052e-02
4.965763659635381855e-02
3.300534955087280897e-02
6.684692339894350577e-02
9.435074135876489465e-02
1.378200325474777596e-02
1.049325055806531529e-02
-1.384426497453300660e-02
9.718250032519898385e-02
9.007919608209895290e-02
2.326059689257564331e-02
5.307658267733300628e-03
4.328984122668143308e-02
9.782059497808973797e-03
-1.106696306358210743e-02
7.972222620132404791e-02
9.037632547413670947e-02
3.917423290507218714e-03
7.997830288513087249e-02
1.226518651221470899e-02
