1.079590091914513161e+00
1.008095388240790369e+00
1.024223029410855412e+00
1.022954821510054568e+00
1.017841437741058730e+00
1.095058545438606590e+00
1.003566215417817320e+00
1.008606608902456125e+00
1.098590818169345340e+00
1.073976208590169845e+00
1.022133161930999679e+00
1.068784263010307267e+00
1.083183169403764357e+00
1.046986491330497815e+00
1.056944783995085180e+00
1.048924175059656294e+00
1.026013399433089335e+00
1.033213881687402136e+00
1.005326101770904312e+00
1.079943666345904552e+00
1.028639188469064880e+00
1.000956225632112284e+00
1.041217253755350125e+00
1.026514966507271476e+00
1.099135026769548551e+00
1.045345422412704339e+00
1.002399779604992824e+00
1.018234577315891398e+00
1.089602919151128280e+00
1.096963257961650395e+00
1.092284780058607740e+00
1.006921384228893324e+00
1.020966283376882000e+00
1.039149823509530890e+00
1.048510087131337531e+00
1.043611833539517031e+00
1.068975158511495938e+00
1.027226325210301772e+00
1.050399260262037116e+00
1.061024896918880689e+00
1.021564326786828403e+00
1.012318942406853051e+00
1.028289151314666361e+00
1.078865596215379918e+00
1.069515913146211750e+00
1.014023259697171886e+00
1.057486116108990570e+00
1.086258751369502340e+00
1.058368159242342621e+00
1.068243316471661819e+00
1.095389409635771694e+00
1.025129313045790580e+00
1.085229034729348507e+00
1.058331598997217959e+00
1.025866469200981124e+00
1.023556202798197035e+00
1.007500505049845785e+00
1.013815574321318413e+00
1.018596782914491516e+00
1.076092353214768149e+00
1.032564895538618632e+00
1.024372264383944797e+00
1.051816488448868547e+00
1.086153755268824517e+00
1.069804793431330614e+00
1.018357979371881994e+00
1.037132207753394653e+00
1.002356106795949442e+00
1.006716840368929056e+00
1.028828206131762624e+00
1.085781992215130609e+00
1.043035685191880280e+00
1.016730424487610085e+00
1.083407272027323121e+00
1.036516909151839805e+00
1.047663021358730795e+00
1.017872986701054971e+00
1.048692804312034932e+00
1.046674745344858826e+00
1.048247587498791322e+00
1.070684195305722897e+00
1.097672301583457521e+00
1.092585769427985021e+00
1.064115711529151076e+00
1.018898114128963472e+00
1.081012763333327076e+00
1.093287800008701405e+00
1.084666814889014841e+00
1.025519690401793138e+00
1.081324030455126373e+00
1.090881593431354935e+00
1.055355190660370424e+00
1.050139643802421086e+00
1.058629882905660402e+00
1.007585040024493894e+00
1.049343639944265050e+00
1.089211111945675547e+00
1.032763564306547588e+00
1.078888846360335663e+00
1.085018109943909570e+00
1.052412778152723494e+00
1.032596976855453041e+00
1.029169267469624227e+00
1.050991215599999640e+00
1.027023802159612531e+00
1.034887262477628411e+00
1.085217016632120668e+00
1.060379325361161973e+00
1.073300711987256628e+00
1.059718594059520180e+00
1.075491149332984842e+00
1.065791716209500750e+00
1.088921492323761120e+00
1.068999933431642679e+00
1.054516439056969679e+00
1.083480895027324475e+00
1.020058332493432030e+00
1.021211953373090786e+00
1.009035784684592985e+00
1.019526713148409147e+00
1.070953078165997940e+00
1.096218190427595829e+00
1.097055302611400718e+00
1.007954982885017836e+00
1.004797688791107646e+00
1.064310812407098572e+00
1.034392208079824016e+00
1.060643516267125275e+00
1.075344098131403081e+00
1.064672234508495130e+00
1.031338228907176191e+00
1.085669426964138928e+00
1.038585985294120606e+00
1.041366067171727972e+00
1.015170085933077448e+00
1.069950142942628357e+00
1.044864980600367810e+00
1.017029349149469963e+00
1.045951869057165196e+00
1.092873758628579939e+00
1.074603282184730002e+00
1.049541056317804255e+00
1.019255045256990178e+00
1.010988197931034227e+00
1.057636922531826063e+00
1.051198254677958355e+00
1.028111921068284307e+00
1.001909548072952738e+00
1.067469349886646546e+00
1.031838451850309868e+00
1.081358348445749407e+00
1.042139396176559929e+00
1.077260026768211310e+00
1.024311066668989634e+00
1.034769130023168948e+00
1.040968404111180412e+00
1.032959471328551038e+00
1.063562563082786072e+00
1.022318172991422580e+00
1.037497937861728170e+00
1.097524384003316866e+00
1.092615746995594161e+00
1.036990220217730574e+00
1.015606121978563259e+00
1.066559241595523178e+00
1.021583965893592127e+00
1.082671564935343111e+00
1.024925798320638792e+00
1.049686378641026874e+00
1.093157775801040676e+00
1.049346301504774592e+00
1.032793887281654444e+00
1.085149460835153956e+00
1.076794838457058034e+00
1.028209438444014356e+00
1.089188628741658116e+00
1.049355882367621229e+00
1.052367378202123227e+00
1.061822658982456424e+00
1.090456121962269487e+00
1.023014891689298933e+00
1.085141875749575435e+00
1.057280978638953206e+00
1.099032027171657599e+00
1.053064575700791927e+00
1.049599755913309451e+00
1.035822962513258894e+00
1.022183435796846895e+00
1.018489846483467964e+00
1.085422320638711247e+00
1.050507012571203269e+00
1.067569640955120969e+00
1.000084904386448814e+00
1.098063367846716210e+00
1.071563010376649805e+00
1.056943025133351810e+00
1.020507620260003190e+00
1.030625076294764186e+00
1.026725919424901878e+00
1.012347844242540873e+00
1.074389385688339305e+00
1.055849189538790256e+00
1.028433053751012682e+00
1.052265500401209808e+00
1.041496354753164155e+00
1.054080439076361619e+00
1.005032136281358790e+00
1.036389371199357701e+00
1.046986992560517304e+00
1.018948235524343549e+00
1.064527388033020383e+00
1.022693780913536576e+00
1.021381299966289458e+00
1.059877880516161275e+00
1.059280773579393209e+00
1.033058460516013799e+00
1.065593607533505738e+00
1.056833241852767280e+00
1.082601794613174739e+00
1.099306372615374006e+00
1.030277525534451399e+00
1.033244081892543020e+00
1.020124278975707233e+00
1.099014919642961274e+00
1.043393386849932991e+00
1.051608961872033454e+00
1.008764298043469232e+00
1.077130661402617040e+00
1.056869736238226665e+00
1.085060132549584111e+00
1.080600983008895177e+00
1.061707411549282387e+00
1.067321945566410690e+00
1.043828592076120998e+00
1.043398541661154644e+00
1.091543376464400916e+00
1.012691849449680603e+00
1.046270082674252810e+00
1.075284245091676860e+00
1.074943395289384318e+00
1.012422280539437391e+00
1.054387849896770257e+00
1.003511026217701829e+00
1.042597923060511356e+00
1.062925008247733283e+00
1.067243800026271616e+00
1.059290909492706545e+00
1.017748207007745487e+00
1.027968010927179376e+00
1.090658324530227263e+00
1.024535172176253228e+00
1.003860152861764554e+00
1.017946125781350020e+00
1.089321825507925334e+00
1.070858343053187500e+00
1.061186531728169902e+00
1.090476498638992542e+00
1.017822562178687162e+00
1.014116632829539011e+00
1.023275749169863635e+00
1.048580689115674591e+00
1.071782888764232444e+00
1.048826676699954108e+00
1.045938734952141624e+00
1.088188628693439908e+00
1.074700683471511820e+00
1.011957678510794434e+00
1.027955601505725625e+00
1.082707122201704397e+00
1.052357206026512504e+00
1.096743052415535047e+00
1.026776870338164116e+00
1.086618523814357085e+00
1.011820324626289347e+00
1.032959066330004116e+00
1.086241805109840808e+00
1.094693035987239771e+00
1.086874034316435367e+00
1.021542772142260525e+00
1.009049179168861610e+00
1.084225692746047853e+00
1.019280073741672510e+00
1.088624735540429489e+00
1.039323716997887059e+00
1.032434394021639612e+00
1.063025616248092664e+00
1.016651433056280140e+00
1.024136205810703082e+00
1.015998599810180592e+00
1.057008592608974507e+00
1.077248239446513933e+00
1.032986814614858195e+00
1.051000446656287890e+00
1.014624209112491959e+00
1.072259195008733679e+00
1.011562102622030057e+00
1.053022384429070923e+00
1.079321945181578091e+00
1.014355083720258621e+00
1.013459127004129767e+00
1.097440643980891251e+00
1.049351904323160500e+00
1.010820691059315601e+00
1.074547663433040867e+00
1.007156536835955629e+00
1.073769161844945863e+00
1.017651289136378701e+00
1.018153817326758137e+00
1.066898066983824833e+00
1.096014811136143186e+00
1.079796750540976458e+00
1.005248611326548858e+00
1.051229229229550644e+00
1.035094562936381690e+00
1.047443126415307679e+00
1.035073780187724335e+00
1.067040755718721368e+00
1.077318942248575606e+00
1.077070953690733468e+00
1.076215764524382834e+00
1.050115306846428176e+00
1.016370928940340645e+00
1.094317883393546298e+00
1.004497911278863898e+00
1.060028081605443484e+00
1.085990926938715129e+00
1.097528962041752543e+00
1.018791652787730539e+00
1.019317481460507713e+00
1.087167063535140477e+00
1.087570028782545828e+00
1.019637942759452631e+00
1.077149285964080550e+00
1.008116649118879105e+00
1.063602236246505628e+00
1.049773889780854397e+00
1.029139350516246942e+00
1.028620955602167042e+00
1.086966415416077414e+00
1.046962548000770044e+00
1.046508495713440956e+00
1.067867154817981667e+00
1.078895544290825015e+00
1.085903975952988931e+00
1.095221472116504557e+00
1.044571744056072449e+00
1.077156159903497112e+00
1.069583388848651673e+00
1.004091966175727935e+00
1.057376039169837023e+00
1.093779355747737325e+00
1.058324006410503060e+00
1.021946431266524069e+00
1.076886163711719968e+00
1.011579694037490151e+00
1.054751084741552214e+00
1.043535296584590988e+00
1.032460200618026125e+00
1.075100176328583901e+00
1.026807236013683511e+00
1.099885372657011029e+00
1.036060257709332078e+00
1.073717016949684577e+00
1.066923586147709324e+00
1.056233942359101396e+00
1.080179295223713920e+00
1.071979690541569719e+00
1.055981101016673307e+00
1.056917212984447296e+00
1.048659371753635217e+00
1.036973446912532459e+00
1.085397709481700446e+00
1.015568589483717199e+00
1.032846571730973384e+00
1.043848864129058862e+00
1.016994009120818054e+00
1.010677685939106007e+00
1.090550121855491605e+00
1.033204251653090155e+00
1.056412048002943971e+00
1.010756624973255802e+00
1.059405830750895117e+00
1.093589078129751924e+00
1.073807757588631118e+00
1.094094547702637810e+00
1.051830394817909520e+00
1.042783266435146183e+00
1.064440819039728758e+00
1.066903851770516054e+00
1.041684630581243054e+00
1.081127204004638687e+00
1.053682998874649668e+00
1.056442502075453538e+00
1.050791337781070700e+00
1.084656241009917421e+00
1.086719792511906535e+00
1.067017466267938808e+00
1.043579171062132493e+00
1.068181080943223504e+00
1.015269869301377303e+00
1.020684227050431048e+00
1.068503275306031064e+00
1.047336235672069904e+00
1.059210393065878275e+00
1.076360190351628665e+00
1.035306568603927113e+00
1.081316239918249211e+00
1.060300328364203626e+00
1.079678462745528256e+00
1.082658304491351586e+00
1.076847695940462257e+00
1.081822389961108355e+00
1.077211022161800980e+00
1.083729855522130192e+00
1.023831861029619539e+00
1.006186654379694678e+00
1.098812364920150886e+00
1.068314134075556865e+00
1.063712977538988858e+00
1.029320449824196126e+00
1.001832287025667512e+00
1.079742439918630836e+00
1.046199373977050984e+00
1.059256092981166519e+00
1.030435811316852579e+00
1.037532131670294344e+00
1.023582946948133454e+00
1.052734264206282688e+00
1.089875653096777031e+00
1.070347666135083253e+00
1.025063878569131948e+00
1.076290933812298789e+00
1.039064295869367438e+00
1.087012320696544521e+00
1.063818008733254716e+00
1.068296476914580406e+00
1.057493744042043771e+00
1.070927420466590174e+00
1.084934358373393026e+00
1.088311420003216234e+00
1.039469289259361773e+00
1.068034438428949739e+00
1.060060789976725593e+00
1.033621419142716658e+00
1.024520145462223475e+00
1.038427736133392898e+00
1.069153109336080210e+00
1.093938684826103014e+00
1.069950502137952286e+00
1.013715466045255198e+00
1.099961543915766393e+00
1.042549065179972922e+00
1.021703754856306157e+00
1.063133343125495900e+00
1.008538233662329420e+00
1.087736334213905032e+00
1.025296978015522997e+00
1.095551860839328429e+00
1.044683940332176153e+00
1.007011576625619353e+00
1.056283930963780371e+00
1.010887287565564785e+00
1.056942052387902731e+00
1.001624016764348646e+00
1.073560930034807903e+00
1.016287631390627721e+00
1.011937528536803965e+00
1.068724902259302834e+00
1.028480247201189135e+00
1.088233794724960291e+00
1.029305136119249786e+00
1.017416692661236688e+00
1.018432844716733676e+00
1.026126355230075005e+00
1.065415989094675941e+00
1.076958433931194614e+00
1.027722856309047694e+00
1.057972854096932203e+00
1.033211856376157201e+00
1.050151456154693852e+00
1.083218772260909235e+00
1.068978168808037088e+00
1.061848642009001420e+00
1.053974546318475980e+00
1.035022272896209516e+00
1.044552735126780041e+00
1.021519357872382017e+00
1.069469066441529170e+00
1.026998637846985973e+00
1.099143265844332307e+00
1.010854230567988177e+00
1.097518088637478018e+00
1.010376207816869654e+00
1.040644897859371643e+00
1.023729924810844238e+00
1.056127088801043890e+00
1.082983825852718462e+00
1.030393100231892678e+00
1.021563859002805774e+00
1.075565141428326044e+00
