7.181559126529350745e-02
1.406372376634994550e-02
5.210042956141572312e-02
5.278929609659878397e-02
5.641258125588116679e-02
2.704742085639103011e-03
-3.531298882347454204e-03
-4.449859440691907031e-03
9.133053706934270155e-03
6.563454519397067533e-02
-1.947961748091511791e-02
2.730649294994360460e-03
6.498493626468525297e-02
4.511108152133280758e-02
-1.546888577584076135e-02
8.980532059496758313e-02
9.603855084806994791e-02
7.341817199952652140e-02
3.323314288971472574e-03
2.476218237382718859e-02
8.983572095231202870e-02
8.229203695809223645e-03
1.809095517170400055e-02
2.993632990700005950e-02
2.751190561835182777e-02
7.206364280777025066e-02
8.439379678434687226e-02
9.768429529077454765e-02
1.979195303476171883e-02
2.347950945082202465e-02
7.251314260203438333e-02
4.500649539112049069e-02
5.662307453186796180e-02
1.006085596356183845e-02
5.840684724066719236e-02
-1.246287548437097562e-02
1.855150382172797777e-02
6.362106201851640275e-02
3.066093299867885327e-02
-7.517920520996330264e-03
5.808307419340508204e-02
-1.009819730559068963e-02
2.123527379882459917e-02
5.853718292396854067e-03
4.715104025956205758e-02
3.362097847396645911e-02
7.271236765006149072e-03
6.640861091727467275e-03
4.007087366105462067e-02
6.553281424308474157e-02
-9.789889256251873423e-03
9.091147704393054418e-02
7.618144829366163551e-02
7.995087822815426237e-02
-8.198843907866728772e-03
6.915181187261584123e-03
6.945567722620406281e-02
-1.876978263119729803e-02
7.164774488905149841e-02
7.008473161515312716e-03
8.947062586576345899e-02
1.611342480372209007e-03
8.411733958304931646e-02
6.812439766081253290e-02
8.464748913193349822e-02
7.491146613959845380e-03
4.384950138988689960e-02
8.659649816805672917e-02
2.828343604845389922e-02
-3.897589581994900104e-03
-1.223808387397624584e-02
6.277591642505578329e-02
1.693701914451557419e-02
8.699938884255128957e-02
6.963407713232847018e-02
1.501905473131048482e-02
8.772468328157123629e-02
2.737297644794342913e-02
9.858459751041782904e-02
8.822959872738306286e-02
9.349806084317181798e-02
1.004779426488931413e-02
4.937672905461697181e-02
8.803437961524017419e-02
-1.382013427720775456e-02
2.426681852278844351e-02
3.996148487955163142e-02
1.415365225525977086e-02
4.734003211534504318e-02
-1.617368828436081471e-02
-4.249740609640836192e-03
9.491244773662348838e-03
2.303557897632949394e-02
2.719370512825241074e-02
9.696533725444016205e-02
8.935414237344935229e-02
3.483806232469026376e-02
7.402437316664185751e-02
3.989513858570460647e-02
4.663783839862135905e-02
9.908912568975837554e-03
4.277902771805425219e-02
3.996399061850336443e-02
6.811486794691835878e-02
8.786539576054014367e-02
2.763934536086875768e-02
3.546439099735092249e-02
-6.290337289324194822e-03
7.811238571067320724e-02
2.551995876575681790e-02
6.223921595922280586e-03
5.826277786697718619e-03
6.651584813195955681e-02
4.736345143272434333e-02
4.540515081879438475e-02
-1.967479361034079818e-02
8.508620620785349586e-02
6.142560078412019620e-02
-1.344306697836076051e-02
-1.935799658693477393e-02
9.859450580368810113e-02
9.643428796809455639e-02
4.181226588892514306e-02
3.669316842413376800e-02
-1.992056137842114494e-02
4.878571552088591112e-02
7.028896513637808430e-02
5.729144223415212622e-02
8.906913474923175422e-02
5.851613193602296648e-02
2.821413932052059884e-02
-1.812265310466300988e-02
2.645741576012405546e-02
1.313549202115804268e-02
4.009261035189416733e-02
3.971230781986342939e-02
9.239861276055520711e-02
9.602063668509222549e-02
7.628565378314625112e-02
-1.880853298534039542e-03
1.901234580420803344e-03
6.756666538050060816e-03
3.286919556234536854e-02
2.043166532444399761e-02
-4.270980866388243008e-03
8.217965539292884647e-02
5.741391671801905627e-02
-3.687488406876094499e-03
9.133045155764844825e-03
-1.938314116014137195e-02
5.454274358947995560e-02
1.779689227739567406e-02
8.088672650765957317e-02
5.708281910881375654e-02
9.085800330442028727e-02
5.661548959650734847e-02
6.697842594449332498e-03
1.801100169046101693e-02
8.137164639218687212e-02
1.730267334483428718e-02
-8.279907421159179992e-04
5.952682389939267793e-02
-1.996493168159764811e-02
4.863478058935470638e-02
5.242154801842838219e-02
5.858810637173310354e-02
8.266727841205678828e-02
5.203997422769592041e-02
5.588271966610361408e-02
9.403992530387188242e-02
9.364241833168669704e-02
9.910137935093497885e-02
5.740517281591597798e-02
7.701556134293190137e-02
-1.277494566281957983e-02
8.051211520652819253e-02
3.060306970830442563e-03
7.330011162618377957e-03
2.436381464751407114e-02
7.805551338774301129e-02
-1.003984507591081966e-02
6.151503096006240290e-02
2.515186609488817213e-02
3.070742047810278222e-02
4.240651310753978942e-02
7.179050259233182851e-02
5.863923844306630218e-02
-1.836407372834425109e-02
5.196322823196446172e-02
1.091184980796930382e-02
6.939192288186528390e-02
9.153044263765534871e-02
4.713211203312632491e-02
6.183297818553518121e-02
9.718705941870442455e-02
1.439183509669636138e-02
6.836164273019326720e-02
3.406645822344005203e-02
5.524231050544615995e-02
-1.692795589353839059e-02
8.234457650508804349e-02
8.091730609137186281e-02
-1.460929686585949600e-02
9.841061454702809685e-02
4.553445225632338222e-02
7.243974456692059416e-02
7.381343753627003790e-02
9.036110454620278898e-03
9.558943464008569368e-02
1.478547187398267238e-03
9.297920890777024161e-02
9.410138638823044299e-02
-1.391637591313256428e-03
-1.158848589552848030e-03
9.807337228864000667e-02
3.417124849125905556e-03
4.650622472390661399e-02
-1.278965241876416081e-02
3.501000922701365259e-02
7.007078681296702305e-02
5.941415054775936455e-02
-2.908886881553947312e-03
-1.149694291878396342e-02
-6.205631393823591441e-03
-2.418928132826639321e-03
5.418707257838235869e-02
7.488116156547172664e-02
3.025754844210300568e-02
8.733549251005295888e-02
4.621549893135873388e-02
9.506249730642438167e-02
8.271066621608329228e-02
5.483699979555595183e-02
9.219455339982679520e-02
9.419415349803543502e-02
2.642570613740105948e-02
5.108670720292557421e-02
6.729580948268465423e-02
7.332891176490040352e-02
6.394064218122838539e-02
-1.822959913046301797e-02
4.363985412796377722e-03
5.436902414361521885e-02
5.062979071519831120e-02
5.592766520781089490e-02
3.931027224817945642e-02
6.702859717461744776e-03
8.433107452236732193e-02
-8.093129169573635637e-03
1.258324275150062357e-02
-1.599517527678417581e-02
7.726997317446580860e-02
5.026610126033394244e-02
8.422324627286029153e-02
8.009572834447550860e-02
5.297526249745170002e-02
3.689580691106686405e-02
7.957107305825161792e-04
2.082255687984054318e-02
9.283874759934133969e-02
9.909400801331139097e-02
-1.940296209205410322e-02
4.985842619504446405e-02
7.345890054495871069e-02
3.772402552602610593e-02
5.541898722729705906e-02
7.083016917199484730e-02
-7.681404985216300219e-03
7.314004369948400031e-02
5.739886028700923182e-02
8.092445402888368694e-03
8.536854039808759731e-02
-1.130739150787481682e-02
5.581415766146340107e-02
5.691492662340003061e-02
5.871351662116243431e-02
9.750879602578939320e-02
1.880122364263738660e-03
7.084780260339942903e-03
-1.062470336382131259e-02
4.022597657460928733e-02
9.090821231585606566e-02
9.822165202078866897e-02
9.787994877444120001e-02
-5.459043124300778232e-03
6.133555591035481924e-02
6.601578387587492269e-02
6.343016729014908095e-02
1.837901066503997913e-02
3.565626699425047952e-02
8.059728853992992326e-02
9.346203532042401951e-02
-2.448164918556729880e-03
7.673718293042802729e-02
7.501421662793643363e-02
5.661312800712538229e-02
-1.665296766167217307e-02
1.426868493821887435e-03
7.918799198589180494e-03
2.405821302485243798e-02
5.557267820432872096e-02
-1.044288432070476953e-02
2.880510963869901617e-02
8.434660468566598790e-02
3.119408664407915047e-02
4.107545889178687570e-02
6.486562675728232974e-02
3.581263754282847100e-02
5.449495228908034228e-02
6.371237874749835495e-02
9.757713955759268754e-02
5.765990803213601190e-02
4.834899510001677836e-02
3.196414698944101407e-02
3.325697476350379655e-02
2.391130189549260307e-02
6.759416984319104038e-02
8.337071724288866448e-02
-1.748595298029693296e-03
8.675229173499603152e-02
7.028746271238384136e-02
7.934881806669912691e-03
5.957265036509357126e-02
1.508741301844418459e-04
6.876972171941599099e-02
6.150644196830368227e-02
9.432784802490755405e-02
7.467889649569967037e-02
1.584782586153416287e-02
8.735113294798980965e-02
6.975038254168408614e-02
-1.208555978285590776e-02
1.514569948956786746e-02
-6.851684805392874167e-03
7.483822432715257073e-03
7.341416490802557537e-02
9.693830760972189931e-02
8.996899715067102621e-02
6.242718273354476433e-02
1.320095813224285083e-02
8.096697872405293761e-02
7.841837145100571949e-02
4.392984701823918203e-02
8.477504340805822047e-02
1.629052132147213935e-02
6.041721312814266054e-02
7.424084035927688840e-03
9.654054449868110233e-02
5.271052295271808075e-02
2.147897285165643877e-03
1.791068476027398923e-02
8.763619693409957501e-02
5.403421617296981505e-02
-1.394846709350338297e-02
6.368404546339233308e-02
-1.680893807636501744e-02
5.456935691343527128e-02
8.004463849065562853e-02
9.641792963220403856e-02
6.284003178694946845e-02
3.138203295299418771e-02
8.662763688993617428e-02
-5.700064107859182869e-03
9.879425992189248829e-02
3.551426981427169283e-02
4.665727566677900506e-02
2.901600533917922040e-02
6.106940924983615682e-02
8.548283581884000282e-02
4.615844982658247331e-02
9.095607560891000309e-02
7.507499182504474844e-02
1.829464684104956107e-03
3.039242096459227049e-03
-1.021874965485605573e-02
-4.712083403838492751e-03
2.512067928949502857e-02
-5.238514735766303457e-03
9.481350037738238423e-02
6.601476225634154982e-02
7.241678904424128649e-02
6.741284186588963889e-02
-9.560497829825166313e-03
-1.952801901411129956e-02
7.388563452433785650e-03
7.816409061571219508e-02
5.233371770886835472e-02
8.024825959029567579e-02
2.859413000046976891e-02
3.068214651181866773e-02
1.361505504023280411e-03
9.828441707501237024e-02
1.521367614506262747e-02
2.638165208857976354e-02
5.359206749748990362e-02
6.270563750092328359e-03
6.178552483082357105e-02
6.161909031249912516e-02
8.123620211442077188e-02
4.976367362142168627e-02
-6.282457517750236753e-04
3.537836952919558298e-03
1.657730836074549144e-02
4.153826495353600545e-02
9.327400446981248816e-02
2.124523372364374094e-02
7.447942329533999845e-03
8.660785643266601108e-02
5.168164577977478469e-02
4.698950570044511943e-04
7.153557022278735078e-02
2.135214121581567245e-02
3.594481815051200901e-02
5.107080266730223972e-02
9.501765167513283317e-02
-1.304495371172634602e-02
4.347857388527615052e-02
9.804214372636398112e-02
8.241034644140984855e-03
3.245978284117348456e-02
5.267300698764799949e-02
2.689245022451655295e-02
5.265410085569306731e-02
7.680816583586769219e-02
-1.895623394217065688e-02
3.759120308182442582e-02
3.880919939977325178e-03
5.153808166731840834e-02
7.640990412606731008e-02
9.652608172679420784e-02
-1.363290488249340945e-02
3.380166544879714685e-02
1.521277698497552899e-03
6.585061131301300774e-02
-8.250258656472622687e-04
9.733601950635822897e-02
2.081910798713828767e-02
2.678154610698264826e-03
6.555929874760704767e-02
9.040712318692717409e-02
8.060626077692954750e-02
6.271272473008086823e-02
-1.413124196294610752e-03
3.164318790362999345e-02
8.147127026231507085e-03
1.891880477048443407e-02
5.325972701848123714e-02
-8.101179226308910866e-03
8.785411341865520529e-02
7.156200231593699834e-02
3.558789326369517225e-02
9.923318911579104284e-04
6.684923432560120615e-02
9.215934950649538882e-02
8.986622291050888611e-02
2.892784506482080562e-02
8.677404560612271556e-03
-6.805405309454032325e-03
-9.301919628445259880e-03
6.938597131332896462e-02
4.964795892092520313e-02
6.711613170579008858e-02
4.399860420793183513e-02
-9.181321920025528951e-03
-1.568546827616050521e-02
7.221531778435631710e-02
1.851051558625853646e-02
9.983160005382260560e-02
6.006063484879776981e-02
7.258859848281794258e-02
1.786309647879226123e-02
6.051506452058014185e-02
3.410218990630504987e-02
6.603523957105408848e-02
7.342300063974981084e-02
1.379817471413290544e-02
-1.223384738794061274e-02
-1.010527175934688299e-02
8.484017774841962067e-02
4.279884281381524103e-02
-1.022343727178304067e-02
4.010752421507359639e-03
3.932419558953147154e-02
2.570117035705334757e-03
2.504739510290392157e-03
5.132449530912981672e-02
6.544484426372465524e-02
4.253613106347726991e-02
7.453353673064004592e-02
4.832575591629580114e-02
3.787617115612024188e-02
7.641846025925315422e-02
-1.831151525469945987e-02
8.845524441941013394e-02
7.018883717200431749e-02
5.160316553954225061e-02
7.796696766504498943e-02
3.977265818434828903e-02
-1.214141624623898963e-02
2.864163496562019753e-02
8.757861489984454517e-04
3.935334648445583394e-02
7.017736234034926968e-03
3.591682251265024967e-03
8.363223620131388092e-02
6.841525035153687984e-02
3.184532375676026039e-02
6.891280743797148500e-05
4.439235890921751360e-02
6.358253102184678596e-02
7.001320939713280567e-02
1.264375240111781720e-02
-1.471516261298549261e-02
-7.129373440957868791e-04
8.222796963283283966e-02
1.748078119275375472e-02
-1.794135496767598065e-02
9.466945487581858443e-02
-1.218623342085132198e-02
3.902076058312188567e-02
2.346013658885072115e-02
7.760659110628395640e-02
-4.127675072448457744e-03
-2.813914862370786585e-03
7.030588773590482066e-02
4.224372987141737645e-02
-7.414776990187976410e-03
1.647753671671542061e-02
-3.714990306953821347e-03
-1.832053304147981954e-02
3.423348237707291020e-02
1.457430705928109901e-02
8.354720993134522045e-02
-4.347905704724590314e-03
2.175861718580640591e-03
7.096002262020985329e-02
8.721821948497560095e-02
2.165748497900711958e-02
-1.482383922714543452e-02
6.292624517929656935e-02
5.512999394356326438e-03
-1.700117072104715549e-02
-1.308857707141179022e-02
2.158120829104468938e-02
1.627945925534231286e-03
2.020166926929252427e-03
2.807228419842520278e-03
-3.598369183412768180e-03
9.700690717110949102e-02
5.616478542336181268e-02
-1.020303050014260450e-02
8.281145386918409290e-02
1.823597076133123482e-02
1.196514870294564450e-02
-3.583274951225842025e-03
-1.055935521203436693e-02
-2.348549154972148084e-03
2.320099429342466560e-02
8.064486601776366115e-02
7.682975698646568596e-02
6.010203629324018665e-03
7.432331818336510021e-02
-1.046639360801052826e-02
1.762112575431678055e-02
-1.444864587187200990e-02
5.394888571134756616e-02
-1.432817341216725132e-02
8.232087504505811171e-02
2.116065239094890374e-02
-3.532680077905778898e-03
-1.724694986452640633e-03
4.293059474645032070e-02
7.294542411705325080e-02
8.436212016996857965e-02
1.410782597261038204e-02
9.240033053984408884e-03
4.483770495501011866e-02
8.883342595560284050e-02
1.213608823223841574e-02
-1.127603129360131226e-02
9.499722593004640558e-02
1.013362531193046784e-02
4.697699690975347397e-02
8.100470976214359242e-02
-9.090955601752329779e-03
2.920128512900519238e-02
7.199035593645281700e-03
2.056869077890813649e-02
6.469737096993441461e-02
4.008534017134032790e-02
9.984534082996758542e-02
2.733505975607141911e-02
7.947524525769847359e-02
1.892122838004662091e-02
-1.724444224897327821e-02
3.159964141586497910e-02
9.492107280793454782e-02
2.525223507369963108e-02
-3.984130173307245948e-03
9.435858947918502465e-03
-1.303718881135058211e-02
8.347647368674615542e-02
3.191631613520137800e-03
8.494487129361087685e-02
4.061020249044504371e-02
1.713240630130031736e-02
3.048352675462544584e-02
8.072773990902229468e-02
-1.236699992744130089e-02
9.160609535517995339e-02
6.088729406287914092e-02
1.675732553015584284e-02
-4.330674582421437102e-03
5.094262802648184818e-02
5.356559257232554327e-02
-1.554413741278145786e-02
-1.990918962717824411e-02
4.249099001873632431e-02
9.160243427995957977e-02
3.439041769194957354e-02
8.598695863002717155e-02
9.458466036776980168e-02
2.111318578758784870e-03
-3.530873731304933621e-03
7.798513088566927376e-02
7.344174560095023674e-02
4.239599037641306883e-03
5.802482868745152678e-02
-1.113916516882839693e-02
-4.872701535574326323e-03
8.503445203150863940e-02
6.594472739241145909e-02
-9.716378708028404476e-04
1.726834222679371825e-02
9.936866092225123126e-02
5.153693097298278625e-02
9.523508187291140903e-02
5.658306547470348669e-02
7.765562733535262552e-02
1.330354145972745608e-02
-1.388027758479338548e-02
8.943680201091071258e-02
5.671943148690905545e-02
5.874812444011225099e-02
2.308274324921165757e-02
3.410154959888653248e-02
4.749928296822322760e-02
4.764338561100725511e-02
7.649865081860085514e-02
6.753024269192922646e-02
-1.410125051558930309e-02
1.481694674368006989e-02
4.532639435405219630e-02
1.232498265028294029e-02
9.031113554142132516e-02
7.317665918077698173e-02
9.386524390974261556e-02
8.851763711209752888e-03
-1.159922410095220839e-02
5.593314690676898238e-02
5.866647002418848289e-02
9.373103857750690604e-02
-7.255719332508715758e-03
-1.214244263757615142e-02
6.574375006066895955e-02
-2.749925182676297986e-03
9.108037275662694832e-02
1.319118453269156957e-02
1.843992517757578678e-02
3.721150489466011624e-02
-4.278882064746896557e-03
2.472745735025378908e-02
-1.116726831836414684e-02
-3.500007914988657182e-03
-1.958798951715674461e-02
-4.617945994978746999e-03
4.928780814682330591e-02
7.253823592091875050e-03
2.734795449696638889e-02
2.716894717437484327e-02
-1.557866110333468342e-02
6.819176570309080920e-02
6.444826552778773476e-02
9.297925208602379754e-02
-1.243143512777049667e-02
8.248794391444391749e-02
-1.228908712284811251e-02
5.083123301396022531e-02
9.088170018283379947e-02
9.654391419045324496e-02
8.086174755623243282e-02
1.510057509238294307e-02
7.691336388852711148e-02
4.724610340260228247e-02
6.119665108330207826e-02
9.529184558392019000e-02
2.655813719006384563e-02
8.586009353846511816e-02
4.955213686066630568e-03
3.803346256393776159e-02
9.530210551881508618e-02
9.146294947837259326e-02
4.628008796805066494e-02
-1.280715544885177581e-02
4.338499541449142294e-02
2.820106739497837620e-02
8.438706661210106097e-02
8.533076827232753681e-02
2.173599694251717243e-02
8.251834804895188946e-02
9.473505296984648105e-02
8.817231153905967511e-02
5.459630282628173681e-02
8.438091188945349985e-02
8.663192815451978279e-02
2.018586438891726079e-02
7.604924928104893345e-02
6.525176826099633731e-02
7.233770637756957445e-02
9.561037384986691146e-02
8.218511819671966978e-04
4.244598659190483569e-02
9.599178182658850422e-02
1.737258646667069403e-02
6.865708518395298443e-02
5.367126244675939073e-03
4.428598442926388878e-03
3.018658571203110610e-02
6.243600705403747758e-03
8.589598384639930695e-02
3.748315608629154694e-02
-1.904019867073702271e-02
1.547003276212651976e-02
7.867123195704738003e-02
8.644251276611841783e-02
9.495968750343899978e-02
-1.474428721366937388e-02
-8.229715982586895823e-03
8.914697093196223554e-02
6.993642109208687840e-02
8.525949826898711337e-02
9.929215887995732071e-02
-3.995819376914407084e-03
6.122279064453819974e-02
8.195761696843893718e-02
-6.529935736237332117e-03
5.948767818118760875e-02
-8.049018952636396648e-03
3.053087438121983646e-02
5.484798987077290494e-03
3.624619811351904863e-02
7.970981616298956907e-02
4.899542577127607990e-02
8.028742733411420307e-02
4.181725902112565230e-02
8.016428375479156543e-02
-4.079201962851601582e-03
1.338215149248300415e-02
7.956814051540589405e-02
3.841073681030035547e-02
9.150882791378327219e-02
2.013031743422738842e-02
-1.901447465624491254e-02
8.649340699167362700e-02
4.993865083350454426e-02
4.956818691105077668e-02
5.816590831868710676e-02
-1.176590212492570169e-02
3.055217719614647734e-02
5.917519147768841858e-02
3.460022731739645363e-02
1.235250272609818636e-02
8.567042164961539974e-02
-1.645990448009990864e-02
-1.447892352171729555e-02
4.543396376353289745e-02
5.588151942381429371e-02
7.692977138937205639e-02
5.940436135654987571e-03
-8.003176761319643479e-03
6.703977307050808243e-02
3.544562347503768529e-02
6.165534014532177143e-02
2.209461563815913812e-02
2.451388488018054965e-02
8.439361331413691020e-03
5.835188017430087415e-02
2.785621978087840858e-02
6.737241526713165507e-02
3.082385017192943930e-02
9.886068735214609271e-02
3.307697525960244522e-02
8.025978624957744167e-02
6.625649221304345804e-02
3.851169622902694822e-02
3.627308622068906030e-02
5.701137055029982526e-02
8.803367324125627169e-02
4.348342534499219370e-02
-5.226634268735680378e-03
6.602725791874018701e-02
-1.005903846544810125e-02
8.013360590341195300e-02
1.071478419075396274e-02
4.237269472466806408e-02
6.372499323643022323e-03
8.061063538109065896e-02
3.423628532443658001e-02
4.577679867690913340e-02
-9.494252982941339333e-03
-4.322633158996919134e-03
-2.168785717545189395e-03
7.787209841863740323e-02
2.647063991791539020e-02
-1.786054177573938653e-02
4.887032042962643347e-03
1.929767527925034185e-02
1.974684253737478065e-02
2.663955988738485672e-02
1.679023214526068411e-02
7.951915141290261113e-03
3.099985154598536644e-02
8.470305323309702816e-02
5.799445617593704250e-02
4.054960046348077274e-02
4.660816578582577252e-02
3.085944023065660680e-03
-7.066804154227205106e-03
4.767601566294601967e-02
6.863936520671926750e-03
9.195490714542868538e-02
-5.278417246976675747e-04
9.883745032082644211e-02
5.807696851534650817e-02
-5.330930773068835726e-03
4.221416409708615702e-02
4.539730631580179976e-02
4.502540988273900924e-02
-1.641325446050103179e-02
4.992649879835711624e-02
1.382764528933636342e-02
4.173347340619795731e-02
5.496967727623529310e-02
5.235321317037852640e-02
8.520261325342066983e-02
9.279748552991980148e-02
4.408737014182928515e-02
9.210895961011471983e-03
1.564781575337580860e-03
7.812691691127966742e-02
8.774773662898817383e-02
8.732843620142929919e-02
3.730567801743983614e-02
8.565404053278367902e-02
4.581092447417915714e-02
8.229302462640936122e-02
2.390846114110089723e-02
8.547355417512753073e-02
3.096661053157941448e-02
2.073691111966351891e-03
5.781267518090391078e-02
8.963300600063406343e-02
7.824672558212142359e-02
4.847275029287376191e-02
2.106755330030734771e-02
6.181738808091775950e-02
9.008808128203102394e-02
6.834786747855015054e-02
2.338337647513101525e-03
7.605909872205496303e-02
9.828594196444561532e-03
3.300864329761021843e-02
1.549461320167981951e-02
1.577447678952492369e-02
4.398074601232612735e-02
9.652339362396709921e-02
4.851257730758283537e-02
-1.344840596169859931e-03
5.249522918813925854e-02
3.610800239961270419e-02
7.013125103253166348e-02
-7.540874100087018028e-03
1.647380001270975017e-02
6.629926609982697561e-03
8.892919515354238968e-02
-8.235695827488931017e-03
4.705882758257573517e-02
1.903087392016626980e-02
7.220585700782629346e-02
5.891413959300301206e-02
3.888388952753370209e-02
1.089461459579931651e-02
-1.151709270277459854e-02
4.204656472847759230e-02
-1.925328017692514923e-02
4.317129823263551880e-02
6.944446588716846058e-02
-1.340842721815934876e-02
7.123247079345543242e-02
6.480342141537787093e-02
-1.556337436533440123e-02
1.664337791864424140e-02
2.780498009107042548e-02
-2.385951401988353066e-03
-1.302812610538327774e-02
-1.277973033346594539e-02
-1.377654664013784093e-02
2.149983437676226614e-02
-5.588537683645155435e-03
6.277436680061126983e-02
8.296085289798350859e-02
1.768400185261491050e-02
9.659274700634085109e-02
-4.072561528262789998e-03
2.677977403202569037e-02
-1.327566878387486868e-02
2.126077646467853036e-02
5.524612512108786899e-02
1.577363997205060916e-02
7.420989860238438873e-02
5.628063168556937668e-02
7.820262783826720243e-02
-2.915205579961388516e-04
4.322813567813862945e-02
-7.810958585928630057e-03
1.077044065672880940e-02
8.006296283058821073e-02
-1.596921830323641892e-02
3.435907200574989107e-02
8.107689319284573648e-02
4.860639321231240151e-02
1.835714465243018859e-02
3.850659935048303395e-02
3.780054874646406049e-02
1.330803977203864549e-02
4.723883487926634761e-03
-1.707978631645361289e-02
9.365796622339171706e-02
6.899670150164986804e-02
5.010441980479311830e-02
6.205537997994951815e-02
1.694585009033200071e-02
-1.885804979231758133e-02
9.121819960329739102e-03
-7.894509045139774805e-03
-7.403671686557315029e-03
-1.245582953621947320e-02
8.878556170796803038e-02
4.996155063057455825e-02
1.322463720411004226e-02
8.897444005816451673e-02
-1.299828829394482181e-02
7.070982275003895312e-02
-1.012709510582232575e-02
-5.008513619936247330e-03
8.473616484652439496e-02
-5.019675558616158023e-03
6.451218246086846964e-02
3.757569714530349658e-02
3.020730923454335512e-02
2.216818198258739200e-02
2.543439946273595362e-02
3.856109792163456285e-02
8.628932446087894670e-02
1.008476283975912741e-02
-1.988591507512460499e-03
-1.543073697362504215e-02
2.648333435560297142e-02
1.923900434365008114e-02
-1.734418226683537984e-03
2.577080268649608111e-02
2.377580854813417591e-02
9.832303067884201608e-02
3.704402303208588487e-02
-6.268968191396355125e-03
6.465200848932164956e-02
6.233765575822512728e-02
4.497345643291457418e-02
8.069653066580556589e-02
-1.683882078255118098e-02
3.553282631940615777e-02
8.609919301754498377e-02
-1.610157637720061735e-03
9.248631072152255217e-02
9.108465064779468212e-02
3.373592974887447415e-02
-1.778045270559899804e-02
1.509822982119907175e-04
3.046610087749983611e-02
7.707402243038836975e-02
5.284372337830352262e-02
4.654591572093760843e-02
9.694601029998153874e-03
4.570398559162348884e-02
7.470117848001445182e-02
7.039125349378050345e-02
1.334464774339916629e-02
4.651967157774646033e-02
-1.438981246803496677e-03
1.233124827470740911e-02
