1.079731826775770287e+00
1.071214438373713884e+00
1.078963884855758559e+00
1.059098835042322495e+00
1.094994063600682965e+00
1.009735488353820987e+00
1.007834135509215079e+00
1.093999854696095619e+00
1.054911002398754460e+00
1.029329508443562524e+00
1.098003405901547991e+00
1.001397156202975980e+00
1.084002750556169348e+00
1.001101202574593119e+00
1.098727438513018573e+00
1.094523548308178107e+00
1.051579022932086716e+00
1.011657951606649952e+00
1.041444842253661074e+00
1.082743605690531741e+00
1.000401066702448549e+00
1.097150894774620022e+00
1.001846423564535904e+00
1.096664451241535110e+00
1.016643935260484133e+00
1.042275675864930085e+00
1.005535805906643265e+00
1.079809485205789787e+00
1.072665358204690111e+00
1.034520224542273326e+00
1.079169052339261858e+00
1.069201903544037657e+00
1.072300729925950602e+00
1.046830160226826401e+00
1.058933560439765165e+00
1.040078044268144097e+00
1.000835195057689031e+00
1.098779132611223952e+00
1.048043763229964176e+00
1.055405807895475556e+00
1.078102702622987907e+00
1.079422563645864752e+00
1.087392230731211162e+00
1.031979545586731772e+00
1.070791325530340066e+00
1.012469538070239317e+00
1.036706720356953326e+00
1.039333293360834798e+00
1.089946121083182673e+00
1.070092893706528381e+00
1.000393900663574920e+00
1.099995448454864411e+00
1.025812899364118014e+00
1.006650172632417961e+00
1.022141837014333809e+00
1.049338940691673105e+00
1.080062513526018231e+00
1.026700416415432748e+00
1.014962969846282537e+00
1.004605668709363187e+00
1.099881286019941840e+00
1.009662542544480290e+00
1.031250071716113048e+00
1.027279402083518089e+00
1.061332020977371560e+00
1.093511669159045407e+00
1.062877196557183712e+00
1.069018222439890087e+00
1.099815897739783832e+00
1.020896088290826897e+00
1.071154852251895662e+00
1.021092452153299579e+00
1.027315537221764830e+00
1.069965303532210976e+00
1.085705342280456343e+00
1.009614426461572290e+00
1.007141082528754117e+00
1.023323669282043991e+00
1.086799967874005901e+00
1.078563830127786227e+00
1.003902844228545810e+00
1.097714524134905556e+00
1.077965724994735863e+00
1.037181904171192270e+00
1.017691038118312630e+00
1.099934480187019670e+00
1.061309981537853275e+00
1.044629525262836811e+00
1.017778736757936731e+00
1.040618574626249071e+00
1.086456331205290615e+00
1.036070086367726129e+00
1.093891577287607664e+00
1.033111866329523787e+00
1.004251793606368404e+00
1.058603084214159828e+00
1.098609898630594772e+00
1.026799245112679282e+00
1.068565590605139448e+00
1.004140108326211811e+00
1.012009819799998711e+00
1.067814597819922273e+00
1.056368878766624997e+00
1.019288464109737280e+00
1.025767394473158900e+00
1.099657819416414162e+00
1.005935885778047378e+00
1.043324563657533455e+00
1.060980242868807766e+00
1.051777881592364405e+00
1.046280556031230047e+00
1.037213691932078463e+00
1.035686227124548608e+00
1.088485040844381357e+00
1.000407152655807153e+00
1.019381393225606836e+00
1.026058261145139650e+00
1.068551684531647394e+00
1.031268255220834984e+00
1.068262831432857496e+00
1.040808044658390941e+00
1.031678333725399632e+00
1.049512323297542293e+00
1.039791220726627330e+00
1.002309442444336396e+00
1.032319925226126811e+00
1.000042099268188434e+00
1.047989854827249045e+00
1.019350493326820928e+00
1.028309140928070686e+00
1.046264010369120090e+00
1.040755670453209047e+00
1.020752709262170654e+00
1.095338736589519968e+00
1.096713634960573280e+00
1.074849925359117941e+00
1.071144526622867188e+00
1.086241715810536856e+00
1.037718284357608711e+00
1.055936751657057249e+00
1.095628026458231652e+00
1.033120988700253484e+00
1.065134561252791379e+00
1.088468215857930410e+00
1.049598336468896331e+00
1.077874125644905368e+00
1.036624838575546992e+00
1.086683865668093274e+00
1.022482414281983942e+00
1.073990316854585458e+00
1.073378432171905317e+00
1.033809241497730458e+00
1.062332735249231774e+00
1.038823174205804278e+00
1.013335970586704660e+00
1.028827531517530369e+00
1.002520853519766941e+00
1.073917069064422192e+00
1.075677099663762126e+00
1.037537224082804688e+00
1.081884475300703086e+00
1.074496448982273256e+00
1.063254304538142403e+00
1.051340427032067648e+00
1.010354557469818282e+00
1.021653550696100199e+00
1.061808329819463159e+00
1.033595155503223451e+00
1.055191987958110200e+00
1.054798022989373418e+00
1.010191325236769799e+00
1.073255605250240441e+00
1.051170246320352497e+00
1.014251409651473868e+00
1.084747855039472020e+00
1.047097400080125862e+00
1.047253859342169635e+00
1.083495582745620744e+00
1.055084017961737120e+00
1.093231150129201801e+00
1.032004679761351573e+00
1.031099263741093841e+00
1.047478858366240217e+00
1.086786871921704867e+00
1.064999247254112769e+00
1.048961627889088533e+00
1.087944419351702718e+00
1.073039555641190468e+00
1.011459515333607229e+00
1.030965893385375365e+00
1.081396581375901889e+00
1.068156384538383907e+00
1.011536296442425487e+00
1.047759784428005769e+00
1.038143550123434178e+00
1.063718688806077006e+00
1.045494093093962906e+00
1.005213774692178763e+00
1.011809703012063189e+00
1.049025866954761188e+00
1.054161023542170339e+00
1.041573005227903970e+00
1.075664559642468543e+00
1.030157183751218231e+00
1.038675548986797148e+00
1.011475462133510916e+00
1.063895071808772297e+00
1.099955000790904913e+00
1.059697767468430030e+00
1.071845142368496928e+00
1.040546947133089040e+00
1.008436947270102912e+00
1.017509214127726214e+00
1.057635472055988402e+00
1.015966863092598649e+00
1.042833098128441938e+00
1.096638896461397783e+00
1.030638015694746557e+00
1.039721711082619793e+00
1.075329998865800274e+00
1.050301496306330629e+00
1.084334693940944172e+00
1.056509099189593126e+00
1.006456334143189801e+00
1.058046261796306675e+00
1.002247139651402996e+00
1.061137351635799364e+00
1.077160336191777423e+00
1.057428140056166033e+00
1.009242634332961686e+00
1.052267343859550008e+00
1.086667452619292318e+00
1.026484307136255492e+00
1.016758332529932085e+00
1.036764207183993536e+00
1.063766893566803429e+00
1.098617647803544983e+00
1.092205428573516324e+00
1.027383392675180307e+00
1.099306778783724736e+00
1.025366535239516708e+00
1.003016357194091768e+00
1.048373432672053296e+00
1.012256619121381762e+00
1.023939217998669049e+00
1.045192224011852744e+00
1.076732663361136488e+00
1.063157789033930767e+00
1.038626951559356693e+00
1.054223880028167581e+00
1.023043121074464379e+00
1.077156673916086715e+00
1.027244015710115699e+00
1.003759497609880924e+00
1.006318733030262758e+00
1.062909575879929180e+00
1.088244756645738498e+00
1.084907131930688884e+00
1.092379526868698436e+00
1.039345186396649856e+00
1.090413421772993718e+00
1.028073323554239416e+00
1.097561885373579793e+00
1.025111926252881611e+00
1.068175407924518927e+00
1.032364217853889876e+00
1.054593178498987482e+00
1.056871087074165327e+00
1.033394391739512752e+00
1.042268812466813799e+00
1.033036450942945494e+00
1.024145041449961546e+00
1.076225271563438612e+00
1.074633901720146945e+00
1.098250554424352154e+00
1.006185179575750155e+00
1.063605793884482287e+00
1.075772710969236545e+00
1.033353933674819869e+00
1.046584093996269615e+00
1.040173559879000065e+00
1.082267453947055813e+00
1.082439122305536516e+00
1.025572158023801528e+00
1.077701684415409922e+00
1.096701497793863833e+00
1.033881395258685387e+00
1.044905062370955262e+00
1.099032970606648396e+00
1.096820139242032477e+00
1.023888012845193041e+00
1.071090791024142952e+00
1.086369345743604553e+00
1.055595559351823809e+00
1.005562496662343763e+00
1.030432904466851207e+00
1.066307936906415232e+00
1.074292471870003318e+00
1.086322984179259210e+00
1.033367178927767860e+00
1.052490951471767966e+00
1.043347373870847861e+00
1.048849232347478067e+00
1.081648217079463015e+00
1.095159271040781146e+00
1.008932264546980706e+00
1.000522784450121438e+00
1.046445139087897047e+00
1.063274651512657876e+00
1.082010320498488332e+00
1.098258904862187801e+00
1.040251471143011086e+00
1.027335069910967347e+00
1.060572628244102811e+00
1.048228130021005899e+00
1.075382471931876527e+00
1.012690084318823347e+00
1.007461160772735509e+00
1.027341555467814915e+00
1.068748709927165530e+00
1.049855577930290718e+00
1.084793735712868079e+00
1.073455496426348077e+00
1.090331880664070496e+00
1.051964023725137976e+00
1.098985736027545457e+00
1.003689233489852839e+00
1.039014343972999743e+00
1.094266761389681486e+00
1.056130596939170552e+00
1.089976428172247935e+00
1.047136569189454081e+00
1.061956045447669750e+00
1.023053436792839666e+00
1.053345009645608066e+00
1.003033948991797430e+00
1.026809198408306756e+00
1.046443554033150702e+00
1.019853556566268749e+00
1.083225698932435588e+00
1.050467166403659336e+00
1.089651512716228510e+00
1.041300554283559165e+00
1.040207951193530711e+00
1.054339471028541197e+00
1.091809757234647682e+00
1.044867043250732763e+00
1.018609347999543946e+00
1.075935587993978038e+00
1.063934447133175087e+00
1.021013624738535741e+00
1.066996095870141881e+00
1.031891597380024006e+00
1.075561394635630164e+00
1.046000907681746694e+00
1.087490811838065730e+00
1.033319241043459291e+00
1.053287262529406743e+00
1.083963521415121534e+00
1.025495088660362653e+00
1.086238780056660191e+00
1.004664217250833991e+00
1.013550187576164552e+00
1.054456971045184543e+00
1.025880026572782544e+00
1.067538436098363963e+00
1.053578773752994691e+00
1.071545100043564958e+00
1.076709091498319726e+00
1.025994980608161411e+00
1.099424630297000993e+00
1.010761133725692762e+00
1.059151136296223816e+00
1.007478485037218263e+00
1.054948571552287273e+00
1.048166272505098640e+00
1.041860020837680478e+00
1.012954263602962257e+00
1.035194345850949604e+00
1.004252485775495751e+00
1.038485248881918288e+00
1.074462766468074593e+00
1.038936477754859311e+00
1.012142515253713348e+00
1.094003585978274184e+00
1.045785961519934970e+00
1.081853694306404323e+00
1.007055681915717038e+00
1.090344622246403272e+00
1.028818348251566261e+00
1.049700543246797624e+00
1.097796056820746324e+00
1.064632634264187416e+00
1.041124428282665271e+00
1.050735707429321542e+00
1.085180685055471272e+00
1.068214027344315697e+00
1.008951550953009590e+00
1.065504738198012280e+00
1.089913930245212992e+00
1.099141119979489156e+00
1.055491903010122856e+00
1.017467328555687001e+00
1.002578851467175403e+00
1.083984893228048030e+00
1.042038473349874428e+00
1.065613545861976652e+00
1.070363305787928709e+00
1.040127187325254221e+00
1.068011332015178949e+00
1.040716100225493879e+00
1.021575869534673942e+00
1.000723020771600913e+00
1.010564161559425411e+00
1.032456354714495150e+00
1.025165629787194721e+00
1.019827554469180608e+00
1.012403471053891613e+00
1.022384555658840899e+00
1.004635874197465029e+00
1.075246110159580271e+00
1.067072576448251597e+00
1.030424124309164302e+00
1.055847498105299209e+00
1.016876084750455878e+00
1.099645524452000478e+00
1.027727298361219122e+00
1.027622205269645095e+00
1.095365652229405296e+00
1.057207869749031470e+00
1.017096894388812567e+00
1.099196111783727448e+00
1.062325829054606707e+00
1.086422164672576907e+00
1.066830593503568236e+00
1.062960880818745846e+00
1.023925905401688929e+00
1.025930976782986948e+00
1.021004968868980622e+00
1.006004631441099306e+00
1.060669679686069955e+00
1.013623931790143207e+00
1.038614304006699740e+00
1.017943854696201411e+00
1.017360856681832182e+00
1.092677857516407114e+00
1.065759806388760556e+00
1.061503714796798947e+00
1.016188532953927748e+00
1.011246803070047440e+00
1.091893195153038176e+00
1.044315434281439137e+00
1.092988386019738467e+00
1.063142320395775275e+00
1.043425594694724623e+00
1.043827725485853231e+00
1.010901431683660423e+00
1.013137974445949663e+00
1.034085269221068248e+00
1.096207972070412984e+00
1.009324278679104792e+00
1.084084352137513418e+00
1.090316073499987937e+00
1.090803301966986050e+00
1.055146101001295689e+00
1.016026568646345662e+00
1.003932170396950818e+00
1.019349383592076386e+00
1.037005296339890803e+00
1.016092467454062787e+00
1.082233889024505569e+00
1.090580645039457952e+00
1.096938707312212102e+00
1.054790728627765128e+00
1.042095190200569732e+00
1.054936699448153270e+00
1.069413628454552123e+00
1.093593744271439627e+00
1.049011182541349507e+00
1.035258187610214931e+00
1.021884801980175617e+00
1.079016593608135732e+00
1.071610509782796594e+00
1.057011985733135928e+00
1.033132226085510030e+00
1.015355437363602231e+00
1.091700324296620339e+00
1.086693631139699079e+00
1.061034460225076526e+00
1.031316604246616642e+00
1.056123511420999694e+00
1.062350618001297597e+00
1.097094094909457862e+00
1.079672927374652591e+00
1.057927956636231182e+00
1.062075915384353975e+00
1.081225730314262057e+00
1.079503229671423759e+00
1.035492681464176945e+00
1.077446682318366378e+00
1.053679840215174801e+00
1.025858784919290390e+00
1.044967746609622994e+00
1.055882687988898061e+00
1.098799737233495222e+00
1.020135358186768260e+00
1.038363778501073309e+00
1.018726353542647400e+00
1.093173950335951883e+00
1.079195144964359532e+00
1.003195133399237937e+00
1.031042656934221702e+00
1.034881684830524895e+00
1.081199501428934173e+00
1.041811937405394239e+00
1.028068368391567233e+00
1.001119649833087655e+00
1.069964542807910313e+00
1.065363979713260134e+00
1.070205276734144340e+00
1.003648776550437161e+00
1.099698062582260327e+00
1.050201974175238417e+00
1.060240056505455053e+00
1.082767208867442710e+00
1.034322333593347132e+00
1.094132253582565051e+00
1.025304769406856664e+00
1.031178904049096401e+00
1.068890425578240766e+00
1.025782052875848338e+00
1.095743413424430157e+00
1.082347650659699845e+00
1.076308344970900999e+00
1.064652165915805915e+00
1.004134489080820147e+00
1.077639322107151409e+00
1.047361565662694671e+00
1.005932880265640206e+00
1.058036903680578567e+00
1.070440223584588679e+00
1.077686605795145081e+00
1.057272286058144495e+00
1.035049154596011212e+00
1.097039629761209500e+00
1.054823957672516688e+00
1.000400474011419627e+00
1.023645773469147757e+00
1.002704820441202349e+00
1.052578959734496555e+00
1.092578882670971696e+00
1.087529606740032406e+00
1.036285321775052948e+00
1.009606237916353288e+00
1.030753609939352833e+00
1.068751893640995654e+00
1.075424582995257117e+00
1.031166778608464618e+00
1.057635830480032624e+00
1.002155404000128591e+00
1.093291287824017299e+00
1.087729982315355670e+00
1.046956784283155306e+00
1.018172389283568569e+00
1.009749946964440870e+00
1.024131187021155576e+00
1.050466981335107741e+00
1.002623099556842590e+00
1.068586468774022302e+00
1.089308649745589497e+00
1.026441107897314575e+00
1.054240365103936705e+00
1.090691981989557968e+00
1.010494046131874546e+00
1.076456167144965947e+00
1.059242378373220106e+00
1.074066771099851270e+00
1.069992855687209810e+00
1.046171349830059327e+00
1.087744944043420814e+00
1.066766479462777140e+00
1.060412723621811493e+00
1.079798644574824440e+00
1.083657401649139373e+00
1.073561210989847137e+00
1.029822375267961831e+00
1.014396975577619209e+00
1.097914319058059363e+00
1.054985395104668600e+00
1.077625626967741557e+00
1.045708090863928685e+00
1.025840931218708674e+00
1.078791709964715073e+00
1.017066175379323090e+00
1.098387628916009495e+00
1.083049039669232716e+00
1.022715343594002624e+00
1.050722960872057410e+00
1.040257085909156887e+00
1.015163318128219583e+00
1.032181982114213525e+00
1.037112940351064383e+00
1.065515305246428790e+00
1.040452177413699886e+00
1.075479150681557750e+00
1.080101409319860872e+00
1.022405282172083707e+00
1.019421619737227003e+00
1.007616247716491165e+00
1.069405061088954501e+00
1.052034084440433448e+00
1.092286220822471066e+00
1.071929741323267571e+00
1.013194438383817175e+00
1.074854828253488881e+00
1.085848636133029732e+00
1.005193535501013313e+00
1.062558751411447622e+00
1.033062853155046090e+00
1.062313879624980029e+00
1.028487235808875688e+00
1.049234305648621746e+00
1.099445793018928530e+00
1.088657190234958216e+00
1.095787601430588509e+00
1.081391266580239874e+00
1.040203548202551342e+00
1.010057275138223742e+00
1.084366576726475628e+00
1.025064381310000439e+00
1.078309707888950530e+00
1.075951415644744724e+00
1.085576990421992294e+00
1.071205921106315184e+00
1.048999976208966123e+00
1.038895125702769651e+00
1.090051820826690721e+00
1.017841640274449233e+00
1.064033827882615579e+00
1.099468231524726169e+00
1.095695035106547977e+00
1.043495723237080730e+00
1.090341593382091023e+00
1.075507212251630706e+00
1.071598304819855629e+00
1.064147373111596240e+00
1.059375010782584114e+00
1.029801197322142148e+00
1.002858660775585609e+00
1.034670189706548449e+00
1.042277370174502726e+00
1.072044960996181739e+00
1.042181554232606278e+00
1.087034117344315209e+00
1.097245071843322650e+00
1.002183867294924369e+00
1.068406400309624971e+00
1.018471410421036172e+00
1.099369940261792911e+00
1.057223970759906040e+00
1.076197851979457276e+00
1.030473711269768167e+00
1.084693078543850442e+00
1.025048509185075396e+00
1.047588134371785218e+00
1.098966186579168891e+00
1.054176118054512168e+00
1.017492235281866275e+00
1.044141787585200376e+00
1.051063905649872066e+00
1.030854297865672731e+00
1.080811123802900786e+00
1.090060917471630031e+00
1.046020103617516517e+00
1.013068628521622161e+00
1.087656823429157704e+00
1.038080175746557643e+00
1.063361642086555259e+00
1.051487114270700518e+00
1.081730985746924611e+00
1.075850962066956074e+00
1.020328840676304694e+00
1.070828635448316968e+00
1.050348602415285049e+00
1.095216742834169033e+00
1.061504591206947845e+00
1.015189417216400214e+00
1.067649248397366302e+00
1.073194775615172514e+00
1.087802210680894444e+00
1.060355682116303599e+00
1.028456405025344189e+00
1.027495098489414005e+00
1.083241794429073757e+00
1.090697706224417640e+00
1.012796254535148766e+00
1.095554270511713169e+00
1.083203769266953387e+00
1.058644550621449021e+00
1.064675394577492051e+00
1.090148843610595053e+00
1.010994839239945930e+00
1.034962221247863301e+00
1.004640395036357603e+00
1.005477078253325329e+00
1.078410702801413823e+00
1.050617404707645530e+00
1.046997921196843651e+00
1.068193099092116904e+00
1.073096465673349487e+00
1.095671478926241171e+00
1.079519572363873525e+00
1.082447156973311619e+00
1.029834859872771125e+00
1.039448181895314738e+00
1.045195858960263902e+00
1.077848237422281308e+00
1.043565239274557577e+00
1.013779662597287690e+00
1.029478116488918626e+00
1.094587931968038053e+00
1.046939637206642848e+00
1.016849786184242266e+00
1.076526549329274163e+00
1.068354900803342167e+00
1.068017084413652951e+00
1.085938298377953748e+00
1.071981642666248291e+00
1.096019039172535514e+00
1.041663743912272677e+00
1.046740316192230180e+00
1.061400921193792257e+00
1.011668329081535589e+00
1.075214214332606444e+00
1.063342508524577124e+00
1.095392040386153898e+00
1.002330575116579414e+00
1.046027796485051065e+00
1.039587016758442006e+00
1.019182052487549450e+00
1.083787781983555076e+00
1.088571971592761312e+00
1.094340754466015087e+00
1.047797601679011814e+00
1.056835649425505563e+00
1.095219732080877417e+00
1.048127347959866063e+00
1.018550477373979080e+00
1.005406075894643703e+00
1.097595503526669791e+00
1.010409376624975319e+00
1.089692598261800871e+00
1.023983551449272777e+00
1.048317851539266155e+00
1.046428429233100088e+00
1.051733514453384144e+00
1.001174841168228191e+00
1.087595257938727356e+00
1.071969309426892059e+00
1.018990219116483242e+00
1.029209682126697389e+00
1.071377178012431708e+00
1.087902254424569559e+00
1.020991092527865574e+00
1.088528858236858632e+00
1.001207818655299064e+00
1.036371628190522642e+00
1.002758760586894615e+00
1.054099829188750226e+00
1.084321849565677232e+00
1.028541373270661419e+00
1.055454499088376297e+00
1.070748799704748455e+00
1.015460495410393627e+00
1.042013489314044250e+00
1.017568898726146198e+00
1.086314299377016734e+00
1.033069458305485133e+00
1.012624917736010710e+00
1.037734552880809291e+00
1.051639116664620621e+00
1.038340486998800882e+00
1.087728467038732827e+00
1.026158310376930727e+00
1.051661294062306462e+00
1.021666490859270082e+00
1.077015951755726286e+00
1.099994790981350778e+00
1.060492112457760205e+00
1.023823875365248437e+00
1.056114925014254302e+00
1.046949922269622579e+00
1.056866326944440493e+00
1.057949324655637957e+00
1.079673470557511950e+00
1.087756295901107340e+00
1.052278781829565135e+00
1.052960752012583878e+00
1.035306813765165534e+00
1.016106575838824133e+00
1.088875895716236109e+00
1.033919569405802097e+00
1.060648216981988412e+00
1.047939116388405090e+00
1.061505560630786160e+00
1.088100124360589227e+00
1.096744913603802329e+00
1.047156189881808919e+00
1.024302526961670567e+00
1.001825919206450699e+00
1.008081177350743429e+00
1.036615306012011128e+00
1.082773859613699541e+00
1.022088608352526462e+00
1.043162065249898740e+00
1.085619287328614568e+00
1.004716066093044091e+00
1.070745269151106793e+00
1.054365684147159810e+00
1.056737386952603330e+00
1.053037151506782010e+00
1.052744977381225633e+00
1.061268059522600060e+00
1.015890191086262329e+00
1.082086270592327981e+00
1.059645336533187709e+00
1.058278847494893649e+00
1.039056938100329397e+00
1.036932951531301716e+00
1.069258131148630886e+00
1.028581631596784174e+00
1.051294187125101365e+00
1.007297378729015147e+00
1.088996256035994259e+00
1.035424675814123674e+00
1.058031418730977835e+00
1.024538889231752847e+00
1.061161077786685558e+00
1.013529368915554230e+00
1.056612720667416738e+00
1.016063174823654602e+00
1.033021746639570360e+00
1.036239076612159415e+00
1.054888036201639068e+00
1.010097690407151694e+00
1.030121501353935765e+00
1.001798439074759628e+00
1.026252716215750871e+00
1.082173410173830286e+00
1.019484037879920368e+00
1.009823497207892329e+00
1.005134140701843704e+00
1.058178847466032302e+00
1.056465226599986096e+00
1.035138682571649982e+00
1.020000407825945699e+00
1.078274797365257553e+00
1.068390172392184923e+00
1.029650423416953231e+00
1.002417934961581825e+00
1.069415872482114338e+00
1.067076603052634631e+00
1.048223789609176393e+00
1.020033921133533195e+00
1.062267585456431851e+00
1.087464408639102986e+00
1.078053455736000199e+00
1.070233649486317828e+00
1.077436698739944854e+00
1.019945705927379320e+00
1.018789827695449901e+00
1.050278936809015962e+00
1.073005380543681442e+00
1.092083666405125442e+00
1.064441626388267892e+00
1.008577874498577831e+00
1.017841145790282731e+00
1.028032887794503303e+00
1.050267628342815174e+00
1.087364555839595681e+00
1.064494365321646097e+00
1.037779779299221605e+00
1.040670354592216240e+00
1.068613984718941312e+00
1.047181257029569545e+00
1.027883064118202849e+00
1.043779679660830073e+00
1.043151003094800133e+00
1.049283705248859722e+00
1.048269821405761748e+00
1.061252562001458122e+00
1.034706561499515898e+00
1.021768638552441155e+00
1.097934545822068397e+00
1.088888420837866189e+00
1.024003192347971325e+00
1.037893858346269571e+00
1.093837803694703181e+00
1.069627414664749976e+00
1.061097643222968179e+00
1.043197137826030740e+00
1.008673105403663062e+00
1.095046419893169976e+00
1.058803667045465247e+00
1.009376515104125627e+00
1.077795116885827076e+00
1.074273084823602620e+00
1.016095264443420687e+00
1.033052324912830500e+00
1.017448896647949352e+00
1.006568364619879752e+00
1.034536107776975911e+00
1.023164374801868171e+00
1.050710181108150731e+00
1.009327508920478289e+00
1.063310091763759679e+00
1.076665224992570336e+00
1.090428408010670980e+00
1.038927125280461938e+00
1.005141852320138751e+00
1.086810110763174464e+00
1.000861303098985466e+00
1.099791528524823425e+00
1.060165310735599498e+00
1.099526196159515523e+00
1.002957591362605205e+00
1.048603323947162380e+00
1.083483207574464924e+00
1.062474084555764531e+00
1.045394834905958970e+00
1.002454324590441814e+00
1.076973943577025805e+00
1.018550114830364617e+00
1.037996055357020442e+00
1.090326207631185484e+00
1.083647307161181184e+00
1.029660334033875912e+00
1.050123086502099623e+00
1.043816718805481880e+00
1.054919266025841740e+00
1.026561724880970639e+00
1.090928366407981409e+00
1.053077244206138463e+00
1.034361105168699835e+00
1.012786296805914255e+00
1.013855437125439574e+00
1.018379444859319749e+00
1.070411270441007590e+00
1.057227905804794199e+00
1.086869398996154867e+00
1.098649137751999572e+00
1.066228383570259508e+00
1.077985058392810114e+00
1.050053685453341101e+00
1.040651890462945595e+00
1.005894520591326335e+00
1.012991106025510568e+00
1.017915175211201673e+00
1.072325767771860505e+00
1.028207530255734525e+00
1.067259475061139051e+00
1.027392371318357478e+00
1.043282647047961920e+00
1.049573677642695824e+00
1.020580817201369062e+00
1.009195130353364167e+00
1.019262365107295176e+00
1.066998329119449584e+00
1.039464139463867953e+00
1.017690000360373270e+00
1.024661735355399728e+00
1.098753037658926068e+00
1.003120083034539922e+00
1.080880880127353727e+00
1.031072624711275587e+00
1.096778522286584456e+00
1.005553700415566354e+00
1.096606151683897856e+00
1.039346903029615188e+00
1.037314278239340082e+00
1.062746657382380722e+00
1.070979286324417856e+00
1.090461520281573948e+00
1.047355248774993974e+00
1.013853299204943603e+00
1.056491101705336888e+00
1.076940465705734873e+00
1.096218533945956697e+00
1.031710350971164702e+00
1.056177594803024311e+00
1.042410410833096934e+00
1.091403743238425372e+00
1.030926303657138998e+00
1.091264468060794801e+00
1.030697237980791270e+00
1.009858980617368340e+00
1.038901148289479215e+00
1.051368673607498749e+00
1.008093701192293246e+00
1.077701843534424553e+00
