-1.983679965447933055e-02
5.614574708418296201e-02
6.060265279224391621e-02
9.905374344989750779e-02
6.784820486694131958e-02
5.414165774495004191e-02
1.427002436635095919e-02
3.524841849025667218e-02
3.695091938899895678e-02
7.063771189679877993e-02
6.969430491637172709e-02
7.867072746140782447e-02
-2.965683393434632303e-03
4.687618368979720729e-02
8.282786744885087260e-02
4.754919097138243789e-02
-5.882470535272727938e-03
3.327635126719781511e-02
2.618285889179023176e-02
6.505212733864222663e-02
3.349346088077352623e-02
6.438291921746067126e-02
-2.423875758130251967e-03
6.525970760268630377e-02
9.468805496639580432e-02
9.373831970343736442e-02
3.625651852098965566e-02
1.686539512121318710e-02
2.039646707974185000e-02
7.505913157803371927e-02
2.115781928147520211e-02
8.158768866717860946e-02
9.175070202795690411e-03
5.917552302004036591e-02
5.255592908009829034e-02
5.109127642946031944e-02
8.678355965942442796e-02
5.261544119227942740e-02
9.362338303270091588e-02
4.261652089256492970e-02
1.546449925400945544e-02
7.424736630417733130e-02
7.244380690490535846e-02
5.834629904090583852e-02
-1.861342254323276185e-02
7.093852738626016396e-02
3.497856721403024005e-02
9.730128390812402273e-02
6.383649651209209741e-02
-1.464596876438705418e-02
9.468404710090529142e-02
3.639175497191965425e-02
1.687579141753150699e-02
6.248747342549788863e-02
1.878590538249210948e-02
9.193612530115775894e-02
-8.259205572632389789e-03
8.366533300020902175e-02
-1.446413306067262372e-02
-1.438207653130775011e-02
8.592957971892736802e-02
1.240714288171328519e-02
6.764553063977933600e-03
9.156965172759924665e-02
9.666243218517353575e-02
2.865443720579929562e-02
8.187885060296804657e-03
2.068900236321734656e-02
8.443753330173973948e-02
3.765457785780138011e-02
2.690656440014618442e-02
-7.494868169200653504e-03
5.630506990647431154e-02
-5.482136469728197611e-03
2.026228976416736063e-02
8.763350564511009078e-02
1.707015393201368955e-02
-6.149556215533124801e-03
1.499484414732073570e-02
-8.084307658768826593e-03
9.788854448041302281e-02
4.397502077570243639e-02
4.340040400597357240e-02
6.394560627687284615e-03
5.337986655623647159e-02
2.830475577048692862e-02
9.193604415789444206e-02
7.061063482023176296e-02
2.900273497314833498e-03
8.907163084293742705e-02
7.447945818635758053e-02
9.796802381163115248e-02
4.623161221494116735e-02
5.542843081179364695e-02
-9.991211670960056454e-03
-1.951104450014218977e-03
4.488934998615404237e-02
8.420601289895396357e-02
2.912690135520390119e-02
-1.508229736948792261e-02
7.064213198641346170e-03
-1.865678473097556050e-02
4.851695027491628731e-02
-1.031718350451557575e-02
5.480121089577745519e-02
1.922136911641314852e-02
3.897409017070292692e-02
5.112889962083033701e-03
2.580640065944979702e-02
2.189752936706897482e-02
5.466265956371160750e-03
9.383494526215702125e-02
6.060599579447313590e-02
8.909243063509109106e-02
4.504520063730729773e-02
7.901983434525651495e-02
7.064125544613489294e-02
4.399895778948700875e-02
4.806554885978205072e-02
9.343226017395245275e-02
3.315084814238924982e-02
1.584962126620492393e-02
9.573830355371105993e-02
6.274302437445800074e-02
1.183145844850557946e-02
-1.238966430354427120e-02
-1.604328472737826319e-02
7.725182053547198502e-02
-1.368942385114869410e-02
5.361347956294344741e-04
9.265692525390711864e-02
6.549282328649334850e-02
6.401191455270351105e-02
2.797820097740728526e-02
2.055813084564797957e-02
2.832346884556140656e-02
3.219581539216469224e-02
-9.393967499059963089e-03
-1.358449482283397361e-02
-8.930200159268953178e-03
2.652700365023680576e-02
3.425132209883385848e-03
3.658680496329926035e-02
6.616361900924996875e-02
4.296405152437574038e-02
1.851275282946353642e-02
1.247156550692480811e-02
-1.802144212614240071e-02
7.007644115361981452e-02
6.760698325368791339e-02
-1.896819947672725992e-03
4.107546216088329982e-02
6.130486606873553068e-02
8.763614086883071697e-02
3.586240952455903297e-02
-4.488593628030600538e-03
1.481216353528215859e-02
9.124070065434534971e-02
1.024148698141335093e-02
5.246385131226764809e-02
7.927256945379047848e-02
4.577731067119721053e-02
6.098292070111921426e-02
3.000621795169730252e-02
9.848248252629460131e-02
3.552363525440786762e-02
9.181230274415762282e-02
-1.188750245940150586e-02
6.990781535910876865e-02
7.464988725155552451e-02
3.895570011782642506e-02
9.942940041808692730e-02
4.274776611088083877e-03
3.886195979992866645e-02
9.789369121680065178e-02
8.075190607757364025e-02
5.043247846436053894e-02
2.472302327630360522e-02
9.550576229485549518e-02
2.030429601051243413e-02
-1.383090661997937038e-02
6.544711833004021595e-02
-1.865753014676638927e-02
4.148288616641604420e-02
3.054591116106157231e-02
9.313296345057353598e-02
4.421665392783351300e-02
7.819043928473479871e-03
3.252590787605341704e-04
1.897488941210928245e-02
7.726708482555316726e-02
8.192866415965151250e-02
7.023643217810865425e-02
4.246571981467715806e-02
7.424333668586365065e-02
7.088306078214101635e-02
2.844479393146641735e-02
4.538420313246684101e-02
-6.905295953904658918e-03
7.311690578323287726e-02
3.957433392710700548e-02
9.608410054438508430e-02
2.846610385102911825e-02
5.643983558526698141e-02
1.202747672168806917e-02
6.004555169075322107e-02
2.544972603201111142e-02
4.351549175540005837e-03
8.377906549222838284e-02
-8.937321900983813405e-03
8.475134161094154128e-02
2.783992240290682207e-03
1.311672546936904979e-02
8.050962557283827814e-02
1.892974799638821523e-02
2.330113867067451147e-02
-1.570342053967668100e-02
4.694944667028135010e-02
5.759519783464132903e-02
1.026844058229949702e-02
3.559986003124040316e-03
8.169285413480747993e-02
5.322918047252878093e-02
6.949619523706551671e-02
3.106941950275128941e-02
9.525561156413471509e-02
8.879126749712143440e-02
6.105013784756975481e-02
1.046868936389065349e-02
8.237299004271757263e-02
1.006128762971759266e-02
6.139446854363907191e-02
1.589188722658289171e-03
7.511232778154129652e-02
9.585432251026144990e-02
3.588138113743841867e-03
-1.864089131480686778e-03
7.550854964079993514e-02
2.495104631434494694e-02
3.646157213526757257e-02
2.902692296076391995e-02
8.879155482537944011e-02
3.775654528126708154e-02
6.500008221541980769e-02
6.031197742070971979e-02
6.123510495695103084e-02
7.642103426473238759e-02
4.679564865309467081e-03
6.774102969921740047e-02
8.088729482831860662e-02
3.126956979180810225e-02
5.144278031302459975e-02
4.543861235857765690e-02
1.878180349155872744e-02
-1.427732890892292189e-02
8.307583662204681696e-02
7.160988820213101680e-02
4.906984966394803416e-02
1.617354702453989782e-02
3.481432691045380223e-02
9.591999298086145709e-02
2.143784167691302131e-02
6.989473348705302347e-02
4.056408137359204802e-02
-6.744740616525222304e-03
-2.935694798983232850e-03
2.814389001456543693e-04
4.376411693374653022e-03
-1.540292350014217659e-03
7.527880765665526108e-02
6.559147829696744536e-02
-5.954816134397130506e-03
8.260168446844266821e-02
8.175787475746462696e-02
3.209563295479787859e-02
7.238145508383357629e-02
5.457107028508921542e-02
9.939266913759270405e-02
6.048967116082493156e-03
7.866878154910911247e-02
7.084524929777567814e-02
7.682461092497432087e-02
1.954439409894007454e-02
-1.582895342190483029e-02
9.693458071697332035e-02
9.893061971894677453e-02
1.322346040536909531e-02
6.202358369434488039e-04
2.018288685771735605e-02
6.913348236977955030e-02
-1.337415407987714751e-02
7.841984713758028136e-04
-5.778260131867239691e-03
-1.256305948146704474e-02
-1.170109136466980504e-02
5.666283078882285162e-02
6.506952336990291796e-02
1.953111915981709315e-02
5.146716719017670194e-02
7.889536379128832266e-02
1.462916865309311920e-03
5.872552724869430085e-02
-7.345644542539888147e-03
3.332262262646673578e-02
3.428731301175007296e-02
4.967601998342958958e-02
3.698110405815849266e-02
6.344325007736653643e-02
2.809882143192718104e-02
3.457126075482189198e-02
6.748717792836173013e-02
6.574162693223194187e-02
8.172835563150639138e-02
6.959077778669467418e-02
1.060657350895362339e-02
8.337165022589052704e-03
6.053331649037740902e-02
2.446913473476750381e-02
1.190569246191037003e-02
1.456657693815942636e-02
4.304363733623048360e-02
1.354432550194594256e-02
6.384823465353588190e-02
-1.178857132331273712e-02
6.847072747550379812e-02
2.868151201077431822e-03
5.083227314095707661e-02
1.157149720801772461e-02
5.661387000494796928e-02
2.668955095057638435e-02
4.902593765582814733e-02
3.587952900708005211e-02
5.412362172961526774e-02
4.317469472944233250e-03
2.404186490599306836e-03
8.972760318122435796e-02
3.987201281721758361e-02
5.900096715147018500e-02
-1.241830771648540915e-02
-4.788828516855185569e-03
2.250803392518386029e-02
6.813166412849622211e-02
6.435515150215455338e-02
3.645748675499108082e-02
6.065365712818099331e-02
3.233753242063278077e-03
2.890712044131469108e-02
3.834892894444708045e-02
3.199922724746520619e-02
-1.701162172156912844e-03
4.510988217212796858e-02
2.861979752543536773e-02
9.139877464904147542e-02
6.933594505410048403e-04
4.752978491196860333e-02
-1.546544660481586134e-02
7.558711444441537641e-02
-1.755984628545901455e-02
-4.911582531660617715e-03
8.999984567982795280e-02
-1.407783828582914384e-02
5.337419301978885838e-03
2.388788239892852480e-02
4.568846755543188448e-03
-1.041129035332813771e-02
2.915940281320425140e-02
3.279941106597954181e-02
7.120466438933964470e-02
-1.221088328808156431e-04
3.210771225320929734e-02
5.042130827708096730e-02
-1.373973091695396449e-02
7.743014826414179597e-04
-1.265335389389103497e-02
-4.181933882187530149e-03
4.432337820707529796e-02
9.126430563983153194e-03
2.858310138442715989e-02
6.240447418817435254e-02
9.054969490266265297e-02
3.552909736603344915e-02
9.222697271237054184e-02
7.345411285456886902e-03
9.371138273398062213e-02
1.845238676111589371e-04
1.349692149867409707e-03
-6.975214379211197580e-03
9.240479453332228754e-03
6.189077343564126921e-02
3.723328798369228421e-02
-7.060571750051210238e-04
7.599895092445603517e-02
7.303643754833492874e-02
1.765222607712161121e-02
3.350346177153493143e-02
-4.595360939603016642e-03
4.136975510855844806e-02
4.107460405261868785e-02
1.189540829679790537e-02
6.078192431304939303e-03
1.725369806209359549e-02
5.107645067798259608e-02
9.207281258145509628e-03
6.154706143435671739e-02
3.083834302078113099e-03
8.335642694750997062e-03
9.414592627161300076e-02
-1.402429311681357288e-02
-2.524852012093750653e-03
8.431429110005386751e-02
7.304629836010236021e-02
3.063650852787308879e-02
7.621445784536969026e-02
9.494551024326883248e-02
1.548539804436803446e-03
1.471160709334179764e-02
6.727480779380309861e-02
-1.488076634895445921e-02
5.097576585612305367e-02
7.358486486347823319e-02
4.787487351140827518e-02
7.388481275368555257e-02
-1.346931845944791123e-02
9.845376823928919663e-02
-1.616606282037156769e-02
-1.764083108100968425e-02
9.280528812130230121e-02
7.876138567746257535e-02
6.739284996200013700e-02
6.084261575198270100e-02
5.870695091165281654e-02
1.533849749522006242e-02
7.736304743666645722e-02
8.947503900463955884e-02
8.209942670770299655e-02
9.149320995919682509e-02
5.467048880306334124e-02
6.944959543944007052e-02
8.257323846686560886e-02
8.607425600547377598e-02
3.000517029246273573e-02
-1.029670256078336552e-02
2.557285039998073717e-04
4.420921180330319999e-02
6.844597689033747601e-02
8.542380064875493284e-02
7.907077141743752702e-02
-9.866785671281456949e-03
5.381367315922419570e-02
9.229911748014443806e-02
-1.441831287324473951e-02
1.799045341370504938e-02
2.377156529415188832e-02
5.332588322235425060e-02
1.860702437738595907e-02
6.159101791548639293e-02
2.944182834018508124e-02
-6.008043784994584330e-03
9.708532093129627893e-02
9.543153612955367071e-02
-1.560122074229167155e-02
1.722224059457645381e-02
5.091001397152748742e-02
9.454611220553739426e-02
8.023817454605422506e-02
9.477500734470774291e-02
-1.366302849207769524e-02
-8.160730459463872918e-03
5.547443227935507093e-02
-8.201449834600875802e-03
5.604047210171241022e-02
9.879123160248681756e-02
8.090086954023600896e-02
6.437654483939686534e-02
5.984705313326817155e-02
-1.546507241953470196e-02
3.574890290716324637e-02
9.429066942212535607e-02
9.054923973437614682e-02
6.815918940724603747e-02
8.691885075551787632e-02
2.806858308927560539e-02
4.591930217545818482e-02
9.563200390760803749e-02
9.561701612346703433e-03
8.081186124718914288e-02
-1.149344900854743293e-02
1.750172017974451280e-02
4.532938816746873156e-02
4.699935145136358017e-02
-3.506504595535957919e-03
-5.692957584829566944e-03
7.174942431991061798e-02
8.628504287926069827e-02
6.762323891109042751e-02
6.349753902711996467e-02
7.003715192993036076e-02
8.812360896502080543e-02
4.341000351320022099e-02
2.729704980146660173e-02
