1.028355842164053735e+00
1.066281045726524157e+00
1.088199328213881101e+00
1.024360752506859207e+00
1.055103481244826114e+00
1.090842118434924846e+00
1.048202971316812837e+00
1.097760236747040707e+00
1.058914365811121527e+00
1.084893851039562707e+00
1.030125433423120906e+00
1.065408941690734856e+00
1.091544825344867853e+00
1.017125044947393642e+00
1.066014573007540100e+00
1.005569676315036576e+00
1.080892535756108774e+00
1.022022374996472749e+00
1.072817376407137591e+00
1.003453769184157851e+00
1.042268460330819879e+00
1.033492459898890603e+00
1.047813336627372749e+00
1.099060001126456187e+00
1.054393199535832437e+00
1.019466047182867596e+00
1.049844973238790002e+00
1.060739603122834440e+00
1.016642004485910800e+00
1.094135869474924583e+00
1.001817568383519097e+00
1.066244504262355619e+00
1.094990762170783283e+00
1.048390755432464738e+00
1.064082464719406040e+00
1.093239019787715316e+00
1.018485435012366214e+00
1.029299057848163335e+00
1.030088562746912961e+00
1.060846739872293387e+00
1.031494315493909131e+00
1.039454649435396894e+00
1.059583656099561066e+00
1.003331188797086382e+00
1.022169720024018957e+00
1.094530551453411382e+00
1.009984923945683954e+00
1.051905835455626548e+00
1.060521617761215341e+00
1.067758868797632932e+00
1.015080859564444049e+00
1.039357865080079435e+00
1.083766048833382012e+00
1.051106254503883397e+00
1.078233817981212761e+00
1.020281494060000460e+00
1.053476767219969190e+00
1.020806644308743349e+00
1.096405623003256613e+00
1.065173952723766471e+00
1.044822470159948669e+00
1.095964309010858173e+00
1.024978358111160004e+00
1.070853398412189961e+00
1.092475084186030232e+00
1.032537473564111075e+00
1.068450273538269713e+00
1.064029376704128005e+00
1.068825122853604759e+00
1.007001542614311296e+00
1.095351868882608048e+00
1.077348292419096687e+00
1.026170375793337808e+00
1.093746865465566653e+00
1.039727592818879609e+00
1.003319573534443565e+00
1.089534383215134072e+00
1.044970919608583904e+00
1.030531808888157208e+00
1.089898573180132502e+00
1.061259174891467927e+00
1.095922612453761325e+00
1.041605361034440458e+00
1.011951122128660119e+00
1.075971520486584065e+00
1.001261464520791789e+00
1.096692004049799385e+00
1.097622625372743688e+00
1.079720528226462362e+00
1.053821382980066446e+00
1.089795263263587444e+00
1.062770797559851488e+00
1.007723401174237088e+00
1.096588758674708064e+00
1.064303297186993014e+00
1.072139406303107778e+00
1.080967763103043211e+00
1.025501325960920473e+00
1.073890546026717852e+00
1.021888176365807865e+00
1.074301369014109220e+00
1.073289935134600581e+00
1.070534678549618146e+00
1.054804889301999671e+00
1.062025912090059254e+00
1.034773671916060511e+00
1.000653136710561553e+00
1.060139913179850124e+00
1.044525217007432172e+00
1.082276799586545435e+00
1.092214336599357960e+00
1.081053150641975158e+00
1.012008786639811087e+00
1.014160937795957729e+00
1.029892555059559012e+00
1.049761617646793876e+00
1.068303110665850264e+00
1.026188444104566999e+00
1.037058439190440717e+00
1.097442819198417574e+00
1.039434938240894279e+00
1.024097433023461790e+00
1.089835703896157471e+00
1.097001836668429986e+00
1.041220454040270083e+00
1.068067426721871716e+00
1.013210508272271770e+00
1.050232239579636184e+00
1.072508571342029482e+00
1.097524893447927363e+00
1.021818842167513397e+00
1.004864454972864696e+00
1.080514818952133860e+00
1.090086612700871926e+00
1.011372907483438777e+00
1.082414086072279069e+00
1.092008018409774017e+00
1.064305266982613185e+00
1.081819239036465152e+00
1.095253320881913961e+00
1.069245495426720316e+00
1.085206863299133628e+00
1.036567398387349570e+00
1.088089935311366441e+00
1.002940449809224477e+00
1.069418432536160868e+00
1.059310711112065428e+00
1.013950604489860963e+00
1.079678643345969746e+00
1.015755062521082275e+00
1.051634380147273617e+00
1.077075330316594748e+00
1.093496143005467269e+00
1.019396195461827137e+00
1.019805652269244023e+00
1.069270259313819027e+00
1.048150233298390521e+00
1.058016487638922865e+00
1.031157055215983442e+00
1.049234860828022642e+00
1.053058299273179621e+00
1.008128177534880043e+00
1.061855716110250647e+00
1.005930572942748569e+00
1.079375895360350945e+00
1.011765198984094560e+00
1.082858459822172437e+00
1.037210409795144228e+00
1.039102510115065492e+00
1.041281489859148035e+00
1.052530069258568624e+00
1.006185286132202039e+00
1.062143600942198285e+00
1.025928516559816428e+00
1.095616512766993456e+00
1.017916836721599827e+00
1.080627834977490709e+00
1.008788704885178911e+00
1.038405385444091111e+00
1.060899257065164081e+00
1.072771335574236540e+00
1.086829705968681559e+00
1.055280854436318805e+00
1.080430303648336698e+00
1.097732103407272675e+00
1.009085653950443806e+00
1.010119716174464388e+00
1.079625664513002681e+00
1.021452174764535759e+00
1.069082714664214784e+00
1.051057971154409243e+00
1.026218696061027336e+00
1.098868891465226261e+00
1.055015469158926189e+00
1.009478911305476290e+00
1.054555846665730545e+00
1.091316788551879302e+00
1.069360855245653052e+00
1.004568329712994590e+00
1.054032234133289725e+00
1.084040994838845640e+00
1.059193523205498311e+00
1.098406860490343639e+00
1.044313258540349842e+00
1.030527434892119176e+00
1.021588743652327214e+00
1.022818296239459190e+00
1.056632598568098880e+00
1.065742616534102849e+00
1.090447897528125099e+00
1.059911932166487825e+00
1.011638001609865833e+00
1.036226947950134702e+00
1.080265182435955484e+00
1.024190487833933183e+00
1.035044826613279678e+00
1.000798195885756803e+00
1.064019790887076322e+00
1.049736076256183592e+00
1.021756773540535512e+00
1.045263546645164521e+00
1.098326955467281429e+00
1.095612915943546817e+00
1.011509799849600988e+00
1.082835009663166481e+00
1.040709623811158835e+00
1.036217765373841360e+00
1.005899616392681439e+00
1.021629351191768231e+00
1.019916968126323820e+00
1.000567593266899591e+00
1.044364464728464004e+00
1.096717660850506482e+00
1.018995496655221711e+00
1.047441582044956965e+00
1.031798295583042258e+00
1.074859680593228894e+00
1.036846690521455283e+00
1.073648771232718513e+00
1.043958992159667476e+00
1.085446685658543187e+00
1.006197513275558508e+00
1.065347711687590904e+00
1.081881632650184333e+00
1.060613822473426504e+00
1.078940071073486440e+00
1.005980716263803476e+00
1.005250968917847043e+00
1.091036107956476542e+00
1.093839631974502513e+00
1.076920994620160110e+00
1.066290646349036475e+00
1.078206942518722400e+00
1.064485851916827430e+00
1.053329579454085563e+00
1.006488713059588314e+00
1.078408403791437431e+00
1.085236915216429843e+00
1.063653375463735395e+00
1.059116068106698227e+00
1.047666304104176049e+00
1.098074277775535457e+00
1.044435296636081922e+00
1.043179204595414022e+00
1.044504099753964077e+00
1.088450293354068732e+00
1.083021070992191692e+00
1.046536565117580420e+00
1.020020654395676241e+00
1.059733269612942674e+00
1.066614055971975228e+00
1.007359081134433954e+00
1.044250743147290716e+00
1.070625235007138354e+00
1.045180412437841211e+00
1.054635184419838945e+00
1.084108847790268282e+00
1.016579000337902050e+00
1.041170592132369954e+00
1.006394359611627820e+00
1.092378169471659222e+00
1.086427565824148456e+00
1.096507916449977582e+00
1.003105085432514088e+00
1.035524389276874624e+00
1.025822954385872565e+00
1.011454864703217549e+00
1.072544725458683956e+00
1.003876255991217548e+00
1.000674869688310098e+00
1.027940292038190595e+00
1.033288769240813254e+00
1.017233036777022592e+00
1.021861400884169546e+00
1.011101072641835019e+00
1.045363626291767156e+00
1.007502801986269736e+00
1.017030504025393745e+00
1.045136859884825631e+00
1.074143408287049350e+00
1.073080847917177394e+00
1.011663870354998718e+00
1.018638523469961754e+00
1.005813857385643439e+00
1.019081562563512566e+00
1.019139902193438862e+00
1.066245787134099565e+00
1.092532683628949730e+00
1.074326678659961898e+00
1.056931947737037580e+00
1.073790861448777889e+00
1.086841046509956499e+00
1.047854905970306394e+00
1.015346621615530243e+00
1.054103477623822283e+00
1.020722647685240680e+00
1.084306853946791938e+00
1.072104969039599398e+00
1.048164014749016104e+00
1.033624775833272391e+00
1.092466681112197691e+00
1.055191514247466156e+00
1.020892244653192282e+00
1.049202086352705843e+00
1.003388315812856479e+00
1.072847548342277024e+00
1.048863044975679726e+00
1.083703972807299243e+00
1.010317021058769082e+00
1.059712058668185852e+00
1.088891040242168540e+00
1.090310473588567808e+00
1.031588579525340110e+00
1.030899567742320055e+00
1.044315536725729521e+00
1.043520825932791274e+00
1.084520757516762579e+00
1.020482738188838834e+00
1.047551496160185724e+00
1.052659264568234665e+00
1.044148704008957651e+00
1.019552882358718104e+00
1.061938164035044707e+00
1.000240162803243793e+00
1.006807901416057360e+00
1.007914990547311485e+00
1.016868464493669633e+00
1.085282699087904756e+00
1.090423461259423910e+00
1.080709137414209042e+00
1.080341143304466289e+00
1.071028517937564262e+00
1.070016456723890785e+00
1.009825459297735151e+00
1.087958112034381974e+00
1.029609192077696633e+00
1.095399780862353234e+00
1.061499608940610129e+00
1.069082693615111879e+00
1.026261452789106965e+00
1.008490913523559795e+00
1.021696119678123793e+00
1.067127262657491027e+00
1.043257790445714317e+00
1.058222090019050876e+00
1.006643775450970946e+00
1.078887852475501674e+00
1.050904761053160996e+00
1.087657745810244103e+00
1.062856790456252698e+00
1.013320093712713810e+00
1.083056231256541269e+00
1.044138733919784734e+00
1.014271100601459530e+00
1.048342435268014405e+00
1.039945265360901594e+00
1.092660930663702512e+00
1.047881546868730140e+00
1.099141364745037874e+00
1.045275922309413907e+00
1.087512211423924846e+00
1.097911933747622415e+00
1.069107869741528605e+00
1.039753404830964678e+00
1.022698818980909197e+00
1.023571216154931074e+00
1.097218296204719667e+00
1.011839167722252908e+00
1.046850862604211452e+00
1.076210154487111659e+00
1.032782454021412999e+00
1.034370348089357572e+00
1.083023008431603262e+00
1.044452140672447849e+00
1.020311820321548435e+00
1.017433013151955778e+00
1.065620187485996073e+00
1.031129314264481289e+00
1.037842544070582074e+00
1.073473049722659223e+00
1.086730033736815315e+00
1.092156529561276068e+00
1.023822353259162377e+00
1.004952314349222275e+00
1.082007887786577749e+00
1.053484151798082191e+00
1.086349646149582071e+00
1.020459713558479420e+00
1.031273192242392334e+00
1.084730968906616688e+00
1.007769281367101533e+00
1.098367952929879765e+00
1.069167843130284901e+00
1.082500464950084673e+00
1.055090724541320135e+00
1.027554507908431836e+00
1.076549142991908292e+00
1.020016788497200011e+00
1.037608594908252968e+00
1.048059207533703185e+00
1.082422509832944968e+00
1.000725478616334430e+00
1.080517871821542020e+00
1.031262972198808470e+00
1.030598888655659850e+00
1.000052346321065988e+00
1.085016043785096196e+00
1.063514806295399628e+00
1.083017900489722241e+00
1.019598776166724896e+00
1.040719066066759568e+00
1.083400507730702289e+00
1.040271981655177980e+00
1.051028690945488009e+00
1.075843643484035939e+00
1.078146001646692165e+00
1.003626467225801289e+00
1.020999318570159131e+00
1.019050857478534189e+00
1.016556959503659430e+00
1.085330769375716375e+00
1.060603167727553142e+00
1.008412269167691555e+00
1.025695499171472180e+00
1.064034600119948104e+00
1.020929389295875955e+00
1.048058258876491511e+00
1.044105674687794361e+00
1.089347869600176155e+00
1.009849837303430586e+00
1.051665050667046852e+00
1.091467701869792029e+00
1.024807419658566809e+00
1.037764340427051790e+00
1.011672093411633222e+00
1.088376160762281053e+00
1.096583734205655247e+00
1.088145661486761062e+00
1.059703670416196397e+00
1.072112494722931242e+00
1.092696445651521797e+00
1.074116320642444444e+00
1.056910938352703333e+00
1.058979847961468490e+00
1.092400059261763756e+00
1.005898825228787929e+00
1.040938540483991925e+00
1.026056696259038281e+00
1.072972997314949328e+00
1.021869368690103919e+00
1.082139127303102466e+00
1.000848833715292097e+00
1.090516068122336479e+00
1.077381154703830335e+00
1.006471180809017207e+00
1.047747248697966649e+00
1.077307009449268271e+00
1.022262585939337942e+00
1.046157547465398574e+00
1.037255157347950041e+00
1.021979819163015391e+00
1.072694913236733161e+00
1.044545377660545338e+00
1.020950330414675644e+00
1.088471103715570987e+00
1.057259074499369733e+00
1.006084482283789772e+00
1.038507763034043130e+00
1.076256571442931520e+00
1.001602017527963850e+00
1.030908379944895925e+00
1.072175489961253447e+00
1.044220896941483012e+00
1.030608026569519886e+00
1.006514001461743302e+00
1.055530473862385632e+00
1.041471314177020213e+00
1.047347910872508336e+00
1.042259333237409491e+00
1.079738483142622218e+00
