6.318442586037573139e-03
8.672933154517611931e-02
3.609863247345836135e-02
1.200285522341934183e-02
6.016483619879424427e-02
6.960735142024220001e-02
3.517492306434766292e-02
1.143389233139850344e-02
1.294602378980678689e-02
1.754162126200695809e-03
5.670591895760820900e-02
9.038740742136025519e-02
6.317980825899691122e-02
3.203932458214889256e-02
4.718499584074360709e-02
7.448253657744591250e-02
6.986313958611561903e-02
1.530199085146190588e-02
8.443467788229952475e-02
8.364516781506189935e-02
-4.091734542551569292e-03
7.262603874065699794e-02
-8.934919239683085379e-03
9.638801313375749968e-02
4.622456627138137042e-02
-1.164973717881826257e-02
8.858439269347001543e-02
7.781736251164940443e-03
6.375675297785808604e-02
4.894132198037882964e-02
2.217027279853442043e-02
6.557848711084379723e-02
3.285219190524144017e-02
-1.514377321088448795e-02
8.139506097576525157e-02
-1.756008226940511743e-02
5.976833363242534114e-02
9.051874815096873361e-02
-3.926296479398641570e-03
6.219773103493336786e-02
9.897725676304516829e-02
6.846180034619853139e-02
7.731615886140776051e-02
9.897267429703773822e-02
5.159376634735376999e-02
-9.554207017923820738e-03
8.747783613263744595e-02
-1.367599078401473579e-02
-1.292851407128324179e-02
6.549209312663306637e-02
6.439363488119617673e-03
3.888210715985231103e-02
6.204675396070309656e-02
5.748720210204741332e-04
-9.012237312663637367e-03
7.880254207905350305e-02
2.399507648177269178e-02
4.248073159970254531e-02
2.373077249154122159e-03
7.990059934261263541e-02
5.248486103780276857e-02
7.373495490128743890e-02
-3.040368413582496265e-03
-2.994046325732937358e-03
-1.193857508377515510e-02
8.931310855800543569e-02
7.511390645631881025e-02
7.600370686690254007e-02
3.247067122380802029e-02
8.886147082188770863e-02
-1.399412219607777154e-02
-1.420371742541088472e-02
4.953541055603406795e-02
9.538941738904717360e-02
-9.284572836301026311e-04
3.540027003669672656e-02
8.711578223906563112e-02
-1.925150407062434232e-02
1.169469978791965251e-02
8.845208370071745707e-02
6.644705205976923768e-02
7.324710238606402246e-02
2.698505910159178581e-02
1.776323772082960203e-02
5.734932717529535318e-02
9.284848368146200737e-02
5.299542774777871168e-02
9.421508414784877938e-02
8.076885141003800617e-02
-1.956054661527229302e-02
3.423431958937683817e-05
6.066693266281071584e-04
8.016247239006474984e-03
7.922227294016087606e-02
3.712738901538388536e-02
7.041393909504244097e-02
8.349403949453679252e-02
9.845097174177136479e-02
4.882039747709879252e-02
1.733872770853687670e-02
2.280964916943946721e-02
3.920383483053220541e-02
-1.909056280201120240e-02
3.524667064675510164e-02
9.798311923994187933e-02
7.330972222727252796e-02
2.420455965772421239e-02
9.780481892239857589e-02
4.900209496904096851e-02
9.376356363317527032e-02
9.546560097245743171e-02
8.394322366017237247e-02
5.485524559102561426e-02
-3.898957512126509373e-03
-6.499476731029586382e-03
3.329572898222227240e-02
5.017217833899821622e-02
2.532352893229020477e-02
5.493502305055808499e-02
2.731564241039930938e-02
8.199771530503156824e-02
9.755029843183989080e-02
7.994577596309312972e-02
2.106478226113008348e-02
-1.051801578735127307e-04
9.357709280044165800e-02
5.657798091180840649e-02
2.128657630960597083e-02
8.932896993899228089e-02
9.398024577717012384e-02
-1.654543133910460831e-02
3.895792658139309028e-02
5.023014250206618569e-02
-1.844462994525531904e-02
-8.137182427223320705e-03
5.832781089403586694e-02
4.397342645822978346e-02
-8.963881876937031604e-03
6.508840625347060704e-02
3.983090842145134425e-02
8.264899259368921336e-02
4.939713713810808815e-02
-1.681834597721481445e-02
2.427777778419678775e-02
3.144409222256252384e-03
1.012315239568372174e-02
3.829083377970612934e-02
4.830632656495471855e-02
2.097058331625260841e-04
6.977214204316399548e-03
-1.364379776860597665e-02
3.998241157873752560e-02
-1.643569280478490019e-02
5.477692632892368352e-02
2.591563878587775302e-02
-1.517668806071518876e-02
6.374764235143584590e-02
-1.041084241245799485e-02
8.923918121961203764e-02
-1.107518683344903276e-04
8.699934908427424396e-02
3.958763210192797755e-02
-1.995713006733274356e-02
4.869359342673773572e-02
-1.922621235280214808e-02
8.260938477528628754e-02
2.939963482162715261e-02
5.601416100649402041e-02
9.072734253221659273e-02
9.256208363326083599e-02
8.367878585538843228e-02
8.569012117682195395e-02
8.202915531410931438e-02
-9.875491882927125639e-03
6.426215777409922947e-02
8.144034363502823670e-02
9.028205835559148518e-02
4.493817663258067863e-02
3.659525779020471326e-02
4.511035291965526106e-02
8.360883428598127332e-02
9.502384140629216436e-02
7.754580258155266415e-02
5.687328793131618543e-02
9.015307426763616294e-02
4.564005118356151414e-02
-1.350560842246650503e-02
4.769943871566502402e-02
7.704862268394541136e-02
3.456805728197583083e-02
7.109156669288684005e-02
2.429644854508440990e-02
7.591247156079913849e-02
-1.129299437961523572e-02
5.072012327515458552e-02
3.687244187232312231e-03
8.255649432618021588e-02
9.107284894375003437e-02
5.513303065883767839e-02
9.966196573933701341e-02
8.453291343861187024e-02
2.555209127293368507e-02
3.188270499540823977e-02
5.412403726082020555e-03
2.033206719203186838e-02
6.243481903792764964e-02
4.066813383262907200e-02
1.042343548371819570e-02
4.798209580499253335e-02
4.206937492538974366e-02
-3.028294967575593383e-03
1.514637413159853827e-02
-4.175910499134769666e-03
9.088616482309470890e-02
2.449247057384386014e-02
8.557630501071507301e-02
6.645013467856400458e-02
2.729948337765253016e-02
5.973274040268379548e-02
8.916434195007056501e-03
8.572371244034406035e-02
4.819152460860846865e-02
4.611073043533399363e-02
3.719949922908680207e-04
2.656147390110551523e-02
3.573261378151564027e-02
4.180340786065384062e-02
7.027473261290261008e-02
9.445548720422840272e-02
6.082976073532432582e-02
8.919120905561854495e-02
6.854040909248999836e-02
6.858381704788460431e-02
-8.527694667194810410e-03
-1.158916801644279890e-02
6.265536571757200635e-02
6.485794847383037631e-02
8.169510779512698107e-02
1.473221798494794496e-02
-5.281514890125764070e-03
1.339335688728788762e-02
9.300672839851452378e-02
8.402515591603847145e-02
8.740941827549708609e-02
4.969032880930894513e-02
2.456334416102850735e-02
-4.276297643562125550e-04
9.224791719766933795e-02
7.627402153716943828e-03
8.560365799272103005e-02
9.296517903989269527e-02
-1.511914714326326528e-02
8.938575403344053982e-02
1.304138752153397376e-02
1.108709201410990053e-02
1.887550190771523570e-02
-7.647011238451940918e-04
-4.743788416048813975e-03
7.667918975276229177e-02
3.479611921517824363e-03
5.889525951487915856e-03
5.886063989382836481e-02
3.012948880634122237e-02
3.902786055711521263e-02
-3.088903711421012860e-03
1.958308778427678490e-02
6.420624668800263557e-02
2.703334795931247939e-02
-7.468200828874151098e-03
9.097977114482716510e-02
9.415914685861809241e-02
5.508850970378563472e-02
3.109331455938868852e-02
-1.113242386383649953e-02
9.273610435090859361e-02
6.778544667642459609e-02
2.479317482130918501e-02
-1.833850296273924207e-02
-1.517169921063154722e-02
9.421670224679434824e-02
2.675726208981333773e-02
-1.626709858657187507e-03
-3.171604037445430180e-03
-8.950872694326261758e-03
4.025769298665779483e-02
2.577552148273702659e-03
6.294285676356753401e-02
9.552348191521134457e-03
2.380412386656185000e-02
4.311529869083628730e-02
6.998683133028044123e-02
9.314757377247676051e-02
8.995821362029657320e-02
2.875489159187165703e-02
-5.738732392674850830e-03
3.072217785348058464e-02
6.038836817823006048e-03
6.574267686536307276e-02
9.001928075109359717e-02
-1.079464390160739425e-02
4.983004866338579253e-02
7.811684251154224490e-02
1.935458102875326977e-02
-2.839567969500494948e-04
-1.609138399885467335e-02
2.852456119793263592e-02
9.247406001320288005e-02
-8.173309804360706643e-04
5.046086602789688624e-02
8.429582119580118771e-02
1.368619995199698083e-02
2.566210799975311013e-03
2.671700069713522224e-03
-2.858420068284871218e-03
7.212047245518071747e-02
7.738665267668237702e-02
2.889893652454331510e-02
6.055725052484560444e-02
1.228036516043490636e-02
4.094129164202453541e-02
-6.228146145412609413e-03
9.089296808126212657e-02
8.084454253630968257e-02
6.412609232136290416e-02
5.132603772029302458e-02
5.826799608292132504e-02
1.378809895425120793e-02
9.404285952904532786e-02
9.713096979890439853e-02
3.345342708300558243e-03
-1.612484073536418067e-02
6.117825215010315454e-02
-1.582228773068938832e-02
9.032170976635672810e-02
-1.086567021364849908e-02
7.983449632887427982e-02
5.845628826851853588e-02
5.362481942402508306e-02
4.028417158363845757e-03
8.931326505731654319e-02
5.157230431954407113e-02
1.329862519173488980e-02
7.745284400785751311e-02
-9.022627470039616682e-03
9.788210496956709084e-02
8.413467634200601231e-02
-8.568221843040143768e-03
5.999960631863253402e-02
3.610104834762657700e-03
8.691922621700369500e-02
7.264651486864254215e-02
6.356262515847731220e-02
5.009546006997386836e-02
9.739994059978526741e-02
6.949455295574205604e-02
2.360921399513284460e-02
6.670704222311309162e-02
4.206126932181517009e-02
5.717674927248607430e-02
-1.657642785364363963e-02
1.268575958660430117e-02
5.135455222945788101e-02
1.941476152312951453e-04
7.236246288521021308e-02
6.182339766806810299e-02
2.164139907721822700e-02
9.675697160610946534e-02
4.541437469946160710e-02
-1.007034444351524727e-03
6.024143465236182771e-02
4.484467841958557355e-02
9.124789723964429888e-02
4.171069818838783749e-02
6.883267179453851636e-02
8.930249606755012726e-02
5.489269826063609969e-02
1.607427472685816691e-02
3.025307493693213043e-02
-1.714055800706620197e-02
1.350251727844562974e-02
2.849798154348868670e-02
9.132436832404540461e-02
8.762550846189610942e-02
8.727820251937697116e-02
1.264245076771194562e-02
9.012017348864832800e-02
2.753203783944239633e-02
6.511448431985455976e-02
3.304186539806933109e-02
4.102533172761589630e-02
9.263581750654797942e-02
3.958991977526316042e-02
-1.402655884908895687e-02
7.763815243984706349e-02
1.271761108058167347e-02
1.028160733846490704e-03
5.021770244467203825e-02
7.334736843427995534e-03
2.516645625067600797e-02
8.974999732804621322e-02
7.184682592939316270e-02
1.235971970654859906e-02
-1.809007862224752336e-02
5.315732219742536069e-02
-1.905048341562943018e-02
8.479260959171636136e-02
9.075195100802165016e-02
5.472151638944053320e-02
5.142421349789542961e-02
8.068050906766734143e-02
2.517239718841305166e-02
5.007657401948314990e-02
2.585287159573003077e-02
5.244269583942560292e-03
2.883846025959322171e-02
5.562170098841058563e-02
5.097774654822473384e-02
5.646968028251481142e-02
8.503845732857305550e-03
8.004930230511524136e-02
6.896999917636005561e-02
7.178206693096117474e-02
-1.649702096789741265e-02
3.752687814018922791e-03
7.785000117531835212e-03
8.255227375385384980e-02
6.442794966998945105e-02
2.149071881628499339e-02
5.179575295640037602e-02
2.290236075254828071e-02
8.584349407990220227e-02
7.294307174258170268e-02
1.155238828586421448e-02
5.977903389177983973e-02
-1.276834047894793989e-02
1.964599843257367265e-02
-1.515927545678289606e-02
9.128491587582898692e-02
1.827528746468363649e-02
4.426663195704431952e-02
4.024201968215275482e-02
4.549748235952359721e-02
3.353963584023806482e-03
3.967077447870158424e-02
4.627682704327387708e-02
4.783339380420406628e-02
2.836525378123413640e-02
2.469334090373509830e-02
-4.055435330093604823e-03
7.583916339886742630e-02
8.874935312703532975e-02
-1.553266332215240408e-02
-1.289148994067749847e-02
6.177076808211305614e-02
6.016902918976292647e-02
3.717572595816065473e-02
-1.027258363358072440e-03
6.970777459378645069e-02
9.592826308247672656e-03
6.789441390477891913e-02
-1.872554239137882298e-02
9.965158855881746380e-02
6.509923402323573860e-02
1.020827378193468749e-02
4.614820845326707277e-02
5.159100827310608706e-02
7.644290882467409676e-02
1.838783911087737630e-02
6.910571010038416007e-02
9.166662293806530221e-03
5.148509568174690354e-02
5.952450157554049770e-02
2.849784757784879982e-02
3.334946357647677884e-02
-5.101127405120354369e-03
-1.333211381577701846e-02
-1.684534734945876411e-02
1.305948599224296056e-02
2.121985338963485596e-03
7.218076317789234864e-02
5.439323322819940298e-02
-1.244663778459275880e-02
-1.229082041921996521e-03
3.457548072548451146e-02
2.791607551595772993e-02
1.655156704389926237e-03
1.938046225389574231e-02
2.363895149531951637e-02
-1.284352215739958079e-02
1.325331689270464394e-02
-1.278610063313993621e-02
2.056050142549804491e-02
7.092939701134517994e-02
3.080111558079810449e-02
7.740289011022521981e-02
2.114760113309594944e-02
8.856588352804754816e-02
6.299310437441224542e-02
7.658197669585574408e-02
1.306010630871122166e-02
-1.944620592377041546e-02
3.163399869486155369e-02
1.339373103471913976e-02
8.515376526083030806e-02
6.574298214332517654e-02
8.385935879642467117e-02
6.109035244376874452e-02
-6.599292406249016724e-03
8.009415490577657948e-02
2.202556628462025087e-02
1.313525057935519338e-02
6.109086666544634447e-02
9.136110796148129432e-02
4.832576508710342833e-03
4.328616215576039372e-02
7.493974513243961688e-02
-9.418772962865758214e-04
7.588288498002636329e-02
6.116370408502806721e-02
5.995218012952721609e-02
2.024129082696362117e-02
4.804252019110828720e-02
-1.400326247226669520e-02
7.828034394818703112e-02
4.882683231614096120e-02
4.158343234912858372e-03
5.256294994493063144e-02
8.485432600631773181e-02
-1.228058018348487934e-02
7.387687323253050442e-02
6.890881615980007369e-02
9.012515948120192188e-03
-1.860423476058643139e-02
8.314223649982205311e-02
-1.962230661950424213e-02
2.346015415925800998e-02
1.585123444638922643e-02
1.052314738704013611e-02
9.290548407884831328e-02
7.163185811518714419e-02
9.393455094833710883e-02
4.084189626088254033e-02
6.497819247736394410e-02
8.167451172454384678e-02
3.842417880171937472e-02
9.865168859432611737e-02
5.569121626209139198e-02
9.183629925558812329e-03
3.897368798770031728e-02
7.109738079868235805e-02
4.022285831039786042e-02
4.181181673591692627e-02
2.309732686287674364e-05
1.701613130186074505e-02
4.227007659020781682e-02
6.432835463949376775e-05
5.158374999372360159e-02
1.741541851887393536e-02
3.016791081372953084e-02
-1.847130164026327542e-02
6.426195429134211323e-02
4.558758757440245502e-02
9.828004812679309865e-02
8.244599537034282000e-02
5.788258336044185826e-02
3.272111185824211343e-02
9.181644567416843983e-02
4.199912106789879113e-03
2.886041305864643983e-02
9.899458718882424291e-02
2.558621543991609557e-02
3.244279972500986597e-02
4.096342482007471475e-02
9.450527130715094537e-02
-3.957149188083767394e-03
7.761634586129848024e-02
2.880541491780803584e-02
9.112667366040623496e-02
2.039660609871055477e-02
1.388076753384276732e-02
9.173406517137676353e-02
2.805067411150490020e-03
9.244322287908574021e-02
8.575313716561892841e-02
-5.854678835330145645e-03
4.957757477494679349e-03
9.975642028816371354e-02
-4.834822167978102686e-03
7.058162709731627404e-03
5.742680054326426697e-02
3.868641059449801078e-02
2.316201464587893874e-02
7.974438334503425319e-02
2.283469918478403179e-02
8.617440345723198503e-02
5.078609354367639994e-02
3.975643287450258967e-03
2.441075173594590975e-03
8.498096996370169132e-02
9.209972158275497173e-03
2.681854909098519216e-02
1.418013757058838101e-02
3.883806039544876465e-02
-8.548868196037791301e-03
5.360769510168375551e-02
8.074540371763032354e-02
7.159692977268440617e-02
5.750173655517726301e-02
8.776296215063418560e-02
-1.266818975614711004e-02
6.582627202990010140e-02
2.090793591633611712e-02
5.432752860873472922e-02
9.571823164599750633e-02
-8.254492968699515126e-03
3.062967152514695091e-03
9.473216952811773506e-02
7.460218419021243108e-02
4.445522893115026741e-03
9.794590270905643992e-02
4.133690870297102027e-02
1.332068443643055072e-03
9.367592810355675204e-02
9.134359236649065850e-02
5.673546548221057584e-02
-2.714496336986921277e-03
3.627543256379985037e-02
9.527077816315351888e-02
2.471404947781475833e-02
8.753931709653084425e-02
6.208518012472602488e-03
4.809851964988491602e-02
3.242257965354930493e-02
1.265323192481606837e-02
5.831053820665360599e-02
2.720794222290648726e-02
9.679505603553444082e-02
1.723093133223826609e-02
2.615565338720194505e-03
3.659891038238013983e-02
6.139253712208106450e-02
1.007660655295961397e-02
7.610931441715554358e-02
4.911336324253409713e-02
-1.822750752028647753e-02
-7.181458792475253761e-04
5.281750000145658819e-02
2.924361546836164519e-02
4.407616974666765663e-02
8.681749917259039273e-02
4.022220924851379470e-03
2.672413278829180103e-02
7.219755566265001478e-02
2.379867868040576664e-02
7.141777737804533288e-02
3.945463492056074106e-02
-3.245404408108092803e-03
6.539166738410007174e-02
5.027200565947462230e-02
-1.261155941163606166e-02
5.610460834930831864e-02
6.268597554673413508e-02
9.350874579607062337e-03
-7.378123602415107701e-03
-9.776905292417769483e-03
4.462054787752545160e-02
9.253331944214831378e-03
-4.583012079469690400e-03
3.545084839895969175e-02
2.346948682288938978e-02
9.785715698686740793e-02
6.324306173868995962e-02
7.217542433860256457e-02
3.935954146679184612e-03
-1.425074283363634252e-02
6.093345332912122880e-02
-4.715456972621807560e-03
4.138654287070678284e-03
8.584986682145417936e-02
9.464242935363095799e-02
1.861782649679473087e-02
9.432898096394470855e-02
-2.863119965780362708e-03
3.532373734432164847e-02
-2.466935914629334037e-04
5.353482046256546889e-02
-1.590104348780374890e-02
8.185433407951019091e-02
9.422638573410756224e-02
7.090807106898555645e-02
-1.760724100730827468e-02
-7.212576296627415395e-03
5.125562307984812827e-02
7.597049561334140444e-02
1.862986509471744115e-02
8.578529604112763995e-02
8.867128236046392664e-02
2.486663916303153213e-02
7.880105179193080955e-02
6.663749974859155267e-02
-1.688379986103830110e-02
3.995599700581273228e-02
8.425510544866438023e-02
6.034302130290023630e-03
8.021276995757249673e-02
4.553283598318691450e-02
9.799506146683670260e-02
1.005121040876689326e-02
2.345253172856006166e-02
-1.460487919102014184e-02
-1.731316265411502603e-02
3.832652631066722770e-02
7.678028046723235633e-02
9.383635404857450235e-02
6.924284345942331720e-02
3.439397312154331143e-02
3.158359699906848617e-02
-1.113528525093645562e-02
5.618523525015611114e-03
5.551208488992007140e-02
1.957536286590435756e-02
1.518472024355353375e-02
-1.641171095843833860e-02
1.534929511323056620e-02
4.210210031907588024e-02
2.040721600516439208e-02
4.759809615616240885e-02
1.427882040681963463e-02
-1.941739737043510911e-02
2.581687328663074751e-02
1.398263315714176960e-02
8.795051075898012438e-02
6.199007387836737160e-02
4.326909506601277211e-02
-4.928319443448646309e-03
4.549628559755332369e-02
2.530995441264184340e-02
6.300865403950639543e-05
-2.919679085893099602e-03
4.619316901581836665e-02
4.312465682340596573e-02
1.772475230835447030e-03
-5.018609852511686509e-04
2.929353176751855678e-02
7.526715830469385415e-02
9.965639386006994171e-02
9.119531384946717723e-02
-1.155554814412054765e-03
4.393044994803986525e-02
-2.785469118018329970e-05
6.113054234357900851e-02
-1.148236795431151896e-02
5.951638025700385637e-02
6.954406165238097293e-02
9.555291322239922724e-03
4.167839818811246155e-02
2.593364712570274400e-03
5.151045075402359286e-02
1.916255577540915481e-02
-5.287344616346407317e-03
3.994828491940570492e-02
3.475857025733015276e-03
1.699669093898091218e-02
-7.820128394774340796e-03
1.120384662985577859e-02
7.970418600199760673e-02
9.105078124858301258e-02
5.072193784576889408e-02
4.036964092316325248e-02
9.529605679132593932e-02
7.151534844733799245e-02
5.771366818116102637e-02
8.016105407677661526e-03
7.440213348651469882e-02
4.691095836730913016e-02
7.137865467929151164e-02
8.941055351349140590e-02
5.531343476976194329e-02
9.821090132587260990e-02
3.506036519190988687e-02
1.773459074535389465e-02
2.576429473306664567e-02
-4.748639273739118857e-03
4.367379721983935537e-02
2.929270811548996198e-02
4.693130097280530377e-02
4.991064538543114881e-02
-1.294216344421852960e-03
9.295748447398144432e-02
8.781888627631954936e-03
4.607915920865561510e-02
6.559710957832583234e-02
8.452765682904112010e-02
2.308718439189849300e-02
4.418420830483628381e-02
5.801399000834780995e-02
5.920178672920337060e-02
-4.548290328337220231e-03
1.138278012373885803e-02
-1.690156978556377199e-02
-1.490752311455861151e-02
6.607755647994789650e-02
9.901469374846363913e-02
8.392983826606987413e-03
5.538207038118649062e-02
1.311315271262016371e-02
7.211226350948707342e-02
-6.691402484245405000e-03
8.799876374098031945e-03
6.023410968137347943e-02
7.727203599212643242e-03
5.201315818927047807e-02
-6.891286807354689986e-03
-1.385434793124659669e-02
4.498255913309789911e-02
6.101234802373675659e-02
-3.171392510425381089e-03
7.886281079678755801e-02
-2.741087570026137094e-03
4.855811359262625360e-02
4.289249477929477083e-02
-1.638142768828307339e-02
1.576390387824764747e-02
8.286709733371047659e-02
8.556814511816603075e-02
1.250636198100267202e-02
-5.146602532710868594e-03
5.671013473254821191e-02
7.978749742669660749e-02
9.901899737684340119e-02
5.362023548252471683e-02
-4.186659989510919944e-03
8.948276318932878171e-02
6.622716317996275859e-02
6.994439169059744887e-02
4.525628921358750001e-03
1.502189044483521682e-02
9.059340935905210723e-02
5.928364625971282997e-02
-1.290587723993187087e-02
3.905752640250796659e-02
4.342144050603544136e-02
1.781975262398634643e-02
2.785781512812368285e-02
1.856195648777923465e-02
1.094915039939373808e-02
5.924489120400525111e-02
6.455967571551184114e-02
2.688108023799897633e-03
4.369424604830268732e-02
4.506285732543444111e-02
9.084106068908054388e-02
7.321239432011093784e-03
2.642868692131903133e-02
6.708466203153527763e-02
7.866770477462106670e-03
2.502053158734813057e-02
1.519568051668033701e-02
7.366561971572035267e-03
-1.075029858187425726e-02
2.464271124170413704e-02
4.224624464667932344e-02
5.349388287693794541e-02
9.477635393415136111e-02
8.842421143431135333e-02
5.959918919995527142e-02
9.278624672884916436e-02
2.083224471623640675e-02
1.401632118086710080e-02
4.183076726246255650e-02
8.452677231080413245e-02
-9.572492667525751842e-03
-1.184426788335812830e-02
9.277623455951873599e-02
8.900289366315282391e-02
4.488329748572179867e-02
1.461915715929204204e-02
2.001339300960379083e-02
4.566252887979707631e-02
9.620266810531279134e-02
9.034656768237676883e-03
-3.048348741392072070e-03
7.474825283199779125e-02
-1.054860957952543157e-02
6.109570758652149713e-03
2.946020419856931055e-03
5.932932284255672262e-02
7.219303053437028939e-02
-1.414610444865675720e-03
2.893055316742824609e-02
2.975911399373486893e-03
-5.603374568262186814e-03
-1.322999361521526307e-03
8.401469724707340964e-03
-2.015853164336698505e-03
1.366341065736238411e-02
6.415148677306518887e-02
3.775589759430518499e-02
7.270119477753417270e-02
3.664863327105019608e-02
1.686809913133401409e-02
9.529474511800224701e-02
3.862435812740173946e-02
4.101789283926063345e-02
5.473789110295301796e-02
9.131257457621400064e-02
2.615214336396810488e-02
3.113087026952807493e-02
7.447607443425642570e-02
9.721376391390454397e-02
-1.150741000849036903e-02
8.876449332110469825e-02
-1.264465770255704044e-02
-8.096887569662971837e-03
-9.692326575501952757e-04
-1.282953029644099546e-02
4.412220373399884654e-02
3.800870493861618904e-02
6.114109183968173544e-02
8.415285103871628092e-03
6.930663601551020903e-02
3.708133542568738811e-03
7.142080419973967365e-02
6.895042609239086795e-03
7.310764280091040790e-02
8.016215634676319979e-02
8.850751883929050545e-02
4.077639172629507480e-02
6.184628864554804484e-02
4.306935090974005342e-02
5.389278767349083010e-02
3.558121674170463405e-03
8.854518157289695268e-02
-9.146969615550165980e-03
8.772292741160463148e-02
-1.930498450382494083e-02
-8.192752647834250848e-03
-1.401689361042026717e-02
7.169089039335450886e-02
2.899261525023407240e-02
-1.641341290950521642e-02
7.210414223965516678e-02
8.158716314363179123e-02
6.902033832346268771e-02
8.161979569596006234e-02
3.868729846957567886e-02
7.751040442387144291e-02
1.774181902266083397e-02
8.194449125401932765e-02
3.475182080687011510e-02
3.567053709783923887e-02
9.316840936953428576e-02
-6.826323983154901701e-03
8.888520702492209991e-02
-1.591707742523200408e-02
4.102981231717028887e-02
4.791240055499151884e-02
3.893418507411924856e-02
4.579247112556823762e-02
-1.927881964030258785e-02
8.256449935196551182e-02
2.820403577253336944e-02
-1.872349028810816815e-02
1.023689123221177902e-02
9.080157696500754105e-02
-1.713364534557916541e-02
5.487050563218112686e-02
9.093894745035076277e-02
1.648006665319480882e-02
8.624641585730698223e-02
2.404710927048312255e-02
7.020678359215010850e-03
3.970320865918160191e-02
9.758052508278705628e-02
1.140600031735913497e-02
4.947500155797551757e-02
3.691873677937589082e-02
2.640221118525728008e-02
3.226431496795233167e-02
6.835209028969876921e-03
8.946979761621048910e-02
3.934643583428987235e-02
9.637134670929384250e-02
3.152640160665920455e-02
4.187880395021905539e-03
2.673996551681342634e-02
6.802928475620328985e-02
4.354427021921897234e-02
3.617364558850445777e-02
4.031979118194782552e-02
4.378537573543690720e-02
5.158957690439577859e-02
2.736542480130140301e-02
-1.174892671685870416e-03
-3.234034268747368324e-03
3.173634078248585566e-02
6.711669878467413364e-02
4.247676699189244232e-02
8.834216478834033826e-02
3.377463929705902534e-02
