1.014952783202203168e+00
1.078506018478044837e+00
1.097853260078623494e+00
1.040671145512924500e+00
1.077515518198037370e+00
1.037954648319651785e+00
1.075252435280407148e+00
1.030796455798810518e+00
1.045535132483522478e+00
1.065262370618138554e+00
1.082666808721679974e+00
1.039525618170906940e+00
1.004313639582964823e+00
1.053716393763557413e+00
1.016278875018284733e+00
1.032214623528044273e+00
1.019128311705230328e+00
1.019779438038827202e+00
1.070424514168971220e+00
1.084133226239279990e+00
1.022537738253600503e+00
1.079225300940310106e+00
1.041331847682642753e+00
1.042954877022163940e+00
1.038745161924709226e+00
1.083241029174063064e+00
1.093883402837273477e+00
1.004772972984579793e+00
1.069102385979823211e+00
1.056511935373112498e+00
1.095472414635304315e+00
1.050285541669561784e+00
1.057325314690498175e+00
1.014335881241304804e+00
1.046129017470152300e+00
1.083193657288262779e+00
1.043151932288766348e+00
1.023093923106308756e+00
1.094043237085447817e+00
1.043858819555602224e+00
1.097624776587172724e+00
1.034743741287601715e+00
1.060155962668875684e+00
1.045689637581691533e+00
1.072633465273044928e+00
1.092002513856844104e+00
1.001313651714702768e+00
1.061980759628769144e+00
1.016412188613678547e+00
1.044287818327387374e+00
1.016696296448829973e+00
1.024327798414196078e+00
1.088608380052136448e+00
1.038253788804535116e+00
1.007539793888406976e+00
1.021650875674575909e+00
1.027851361578890010e+00
1.011740987461081875e+00
1.069660236200730807e+00
1.052897711746379139e+00
1.023531975246210424e+00
1.005687810795071302e+00
1.093992914498829183e+00
1.003852239491556109e+00
1.053976412757634762e+00
1.021552398482698409e+00
1.015860870922220105e+00
1.005023852996545175e+00
1.007033818021614735e+00
1.091228344092632696e+00
1.033484806737353212e+00
1.024923074237649168e+00
1.075444943633595551e+00
1.060728785867933288e+00
1.073386303546582488e+00
1.082037101193803030e+00
1.096326386841343981e+00
1.095902383740107400e+00
1.039775454121542486e+00
1.082537994832953210e+00
1.074280030841691769e+00
1.071585443543308980e+00
1.095986585172157524e+00
1.010873331020698984e+00
1.086288196132604522e+00
1.057471527477574336e+00
1.029105343894835656e+00
1.073669179689587638e+00
1.070961708889518471e+00
1.074828481083848875e+00
1.010555607580803761e+00
1.078389557261546727e+00
1.073036478201412347e+00
1.043234462515526539e+00
1.080403961999722107e+00
1.095789132906262342e+00
1.094129904826654620e+00
1.013823793411825491e+00
1.064105309893183415e+00
1.068194369731606308e+00
1.045055470519239860e+00
1.055641099586953624e+00
1.038358146381086922e+00
1.095287293360643233e+00
1.014480187218169904e+00
1.095534836046879956e+00
1.090184753679620089e+00
1.002729411678023208e+00
1.024867556568416216e+00
1.002977739478626118e+00
1.009448760915409693e+00
1.085420803586845340e+00
1.038222343928824509e+00
1.069449773403346127e+00
1.003544403617877334e+00
1.067220406669653787e+00
1.088724024960918690e+00
1.074053887495978632e+00
1.034300475995980850e+00
1.064029343649845583e+00
1.086574358113840733e+00
1.019968855095868321e+00
1.022527973621349506e+00
1.044877014281052841e+00
1.052381311047463353e+00
1.021150717938126062e+00
1.084724623135306931e+00
1.064751617591179089e+00
1.009374170354716993e+00
1.056715132685422054e+00
1.000111281509773464e+00
1.058030987881229068e+00
1.061802665349564023e+00
1.088276796982053041e+00
1.087676898403008519e+00
1.035787473410332282e+00
1.045867300024984958e+00
1.071764925961562920e+00
1.040729731843144767e+00
1.053004859834299589e+00
1.078624233579297487e+00
1.071728419779784502e+00
1.076235316951761334e+00
1.005132982885815540e+00
1.090218370506809809e+00
1.046055187432531008e+00
1.035839613743962495e+00
1.091565638147849127e+00
1.002606827400676970e+00
1.020084481136687149e+00
1.070741599556611856e+00
1.044982729809498245e+00
1.068390880957909683e+00
1.011695059729297963e+00
1.068041606345171868e+00
1.064911242099412014e+00
1.040453935571689081e+00
1.095492317815173866e+00
1.012055490771892829e+00
1.011290605496694361e+00
1.089427787150229587e+00
1.056283649162282678e+00
1.057257016967192431e+00
1.024915475253254327e+00
1.015365485924922817e+00
1.067261436782488859e+00
1.013670986483274694e+00
1.061350598757976549e+00
1.052991528379312536e+00
1.018474293231289352e+00
1.067760284098743018e+00
1.025641291134638866e+00
1.050884937913410422e+00
1.041284818274238910e+00
1.048904823446005441e+00
1.008144253150683234e+00
1.095332884187532496e+00
1.083275232527856069e+00
1.035268091022597092e+00
1.045615140084577233e+00
1.050729582529448258e+00
1.087589541702933094e+00
1.033184658261165900e+00
1.089006711561322005e+00
1.006192953751346986e+00
1.046629285898688533e+00
1.079127378366303347e+00
1.018198158832638978e+00
1.011114480115676395e+00
1.064757866316235591e+00
1.001245512778266011e+00
1.051090512095216312e+00
1.067816512005985485e+00
1.084816050762096085e+00
1.043802560431212223e+00
1.070274423377713058e+00
1.083829859407079654e+00
1.014683025491066370e+00
1.074909082479092781e+00
1.025233450987619976e+00
1.007749125164491222e+00
1.078636625670581939e+00
1.099083088448106649e+00
1.096358381265994053e+00
1.057386509154673915e+00
1.072093275766805354e+00
1.033836371770901597e+00
1.025865929056991810e+00
1.066858645362535496e+00
1.091785048950336900e+00
1.032734738958408061e+00
1.074544730908266299e+00
1.070755239929054525e+00
1.030597680432163710e+00
1.070215439613397823e+00
1.051055597548751441e+00
1.090394050229502865e+00
1.030865054179120222e+00
1.074401543659035063e+00
1.079838351597652846e+00
1.055103706417739540e+00
1.053786832001867735e+00
1.061301012208812899e+00
1.032300878932974841e+00
1.072595606589625383e+00
1.078580579420941987e+00
1.028637534498693995e+00
1.034813475960607354e+00
1.051465203316007679e+00
1.074192471140755334e+00
1.075290447399561922e+00
1.023951055998655990e+00
1.001970973853153479e+00
1.083482794412961026e+00
1.067965512868821909e+00
1.005914756908592889e+00
1.036649789225341456e+00
1.034101951671049457e+00
1.063474979708464607e+00
1.097197876291741592e+00
1.063858186473099376e+00
1.064909857955278261e+00
1.007229992058308321e+00
1.071181201737605448e+00
1.009374099483290044e+00
1.051496744724127019e+00
1.005422084777659375e+00
1.047382984366686864e+00
1.063850946318156243e+00
1.012428853798274853e+00
1.045874731076124275e+00
1.037455699520966723e+00
1.049253165073803507e+00
1.084504181127683875e+00
1.062038879600171404e+00
1.074483200012549267e+00
1.054730463573382959e+00
1.052664064327581084e+00
1.027362634200863267e+00
1.065072749863525070e+00
1.005381687464628859e+00
1.007138192258032694e+00
1.002688691145201760e+00
1.030727494345677897e+00
1.024995642244797001e+00
1.001428968279947318e+00
1.036892440465608356e+00
1.092490534523509194e+00
1.048195245018750832e+00
1.013289088749820266e+00
1.052312429511514047e+00
1.081049880320486656e+00
1.037912771068613793e+00
1.022204879945459499e+00
1.050059313257216242e+00
1.093890515785928441e+00
1.049790678911496800e+00
1.006858938077443533e+00
1.052694793389449046e+00
1.071015750424117785e+00
1.054647691884467386e+00
1.043801468299274005e+00
1.034848565457887615e+00
1.049080506955767600e+00
1.014127341185347975e+00
1.020713236053862660e+00
1.068494813450116876e+00
1.094292513037614434e+00
1.085077245608079055e+00
1.008009005617983567e+00
1.025963138236258176e+00
1.097739414652486589e+00
1.006401852997705904e+00
1.093164232077473041e+00
1.038182994437427453e+00
1.073514187448118884e+00
1.076293086807852406e+00
1.085893321303984749e+00
1.038383485071895596e+00
1.001264828755489278e+00
1.036979154190735386e+00
1.099280807576837882e+00
1.061546054521077753e+00
1.044725889138103936e+00
1.071175623532702126e+00
1.052992689370645385e+00
1.002719847296884570e+00
1.017328942357872190e+00
1.010638338387680468e+00
1.021424673261328797e+00
1.000593532505947625e+00
1.021436462717148386e+00
1.059036480467543839e+00
1.071090966151998503e+00
1.061890682245940409e+00
1.084298149725274829e+00
1.040162845693191285e+00
1.011139213970090989e+00
1.083462214405229718e+00
1.050767084870597001e+00
1.062823155579473378e+00
1.077894893805904308e+00
1.093159762957194303e+00
1.095065848145551524e+00
1.081436589122993119e+00
1.072289834591420465e+00
1.027246073233066603e+00
1.045144225005328442e+00
1.014652826340102454e+00
1.042235553637526957e+00
1.071300292683706079e+00
1.037769747638666251e+00
1.052929250260399074e+00
1.031826164744880758e+00
1.096013823110949081e+00
1.040630893763995202e+00
1.087047188634540973e+00
1.000769529428936933e+00
1.010386675347721974e+00
1.006837940399787135e+00
1.094681264262110654e+00
1.077825036314136842e+00
1.037312831916997080e+00
1.034597501017215482e+00
1.096492150405187882e+00
1.073420540176580618e+00
1.004766007975812725e+00
1.016918804039194768e+00
1.057319688077128728e+00
1.038657083234005851e+00
1.042070762416741792e+00
1.040563012152801781e+00
1.009165253949053431e+00
1.024384806432015793e+00
1.024045537993617305e+00
1.022391216410924564e+00
1.089388288149335082e+00
1.032846377026792162e+00
1.035144783174962502e+00
1.024288565177036148e+00
1.085086881648750889e+00
1.020565455088776829e+00
1.021690646497191324e+00
1.045416030299883614e+00
1.021786632150176732e+00
1.069443044711629875e+00
1.002837406776544871e+00
1.076803612917720532e+00
1.085137454328670481e+00
1.019609293019747120e+00
1.054684407495543708e+00
1.043232149697464139e+00
1.087164086177252464e+00
1.010842308413222312e+00
1.009718214630647148e+00
1.045691095529690084e+00
1.010470027587560660e+00
1.053410568291754723e+00
1.066096821253299964e+00
1.061925288540921830e+00
1.033757676960829208e+00
1.028488404271220125e+00
1.079190369012327233e+00
1.041525676859748062e+00
1.080598363483533664e+00
1.041238631646987489e+00
1.073057383546067722e+00
1.032339577455128499e+00
1.018467129706303043e+00
1.061617681573663763e+00
1.080470065171921901e+00
1.069703604991365298e+00
1.044130867384428063e+00
1.027682627054244513e+00
1.046922736670258036e+00
1.039978137962095150e+00
1.022037954500147006e+00
1.022779196698017978e+00
1.033514738256444909e+00
1.075034510483368289e+00
1.035352617210771875e+00
1.072775068061544212e+00
1.051710592997622484e+00
1.093112673375070898e+00
1.099036498803930728e+00
1.041589437213187530e+00
1.071197061377142212e+00
1.087044774406664249e+00
1.096927573103189779e+00
1.061296697734450456e+00
1.063010189529646432e+00
1.054550985141661235e+00
1.084195585829903941e+00
1.015208442155173696e+00
1.084867793672257719e+00
1.004144097572608807e+00
1.041986554438148138e+00
1.032893500722522173e+00
1.087311046578135931e+00
1.016329430135247458e+00
1.040254330867523835e+00
1.024409384917684740e+00
1.062765301995641787e+00
1.077343591057397187e+00
1.009850074192151670e+00
1.065010544480327281e+00
1.050254440735199690e+00
1.039571068896531170e+00
1.031883051359341330e+00
1.039197552050542539e+00
1.073385967275128694e+00
1.062359138328603958e+00
1.094893198705578330e+00
1.049881686672072378e+00
1.058183583771947767e+00
1.090928477868926327e+00
1.062996570403734298e+00
1.090748814703244474e+00
1.075480424574841054e+00
1.039187822384064930e+00
1.073712221644357534e+00
1.015697746962517023e+00
1.063952627577548826e+00
1.083320637461955949e+00
1.041757844665486488e+00
1.037147221812521725e+00
1.031531753869148416e+00
1.005145182306266260e+00
1.000696178710934303e+00
1.080043043685393611e+00
1.067525008583356527e+00
1.095824129361367749e+00
1.038890413119878176e+00
1.005428642800234584e+00
1.067646997629238870e+00
1.070000350372924958e+00
1.004731823990972828e+00
1.055696023625440905e+00
1.048103390442158611e+00
1.095125150698077476e+00
1.062859939706192636e+00
1.095209702851618783e+00
1.093222684720999593e+00
1.000770656405084447e+00
1.055166266202908210e+00
1.087077120427824894e+00
1.003817898822549015e+00
1.023889600911220166e+00
1.028359544388578906e+00
1.081386315413942256e+00
1.093288794985568968e+00
1.029729108451476360e+00
1.086437242542042991e+00
1.076505179891738440e+00
1.010040686579550817e+00
1.066298684255916784e+00
1.063617931483104906e+00
1.078840893615251595e+00
1.080758556265173365e+00
1.070348318227765549e+00
1.048576733517327497e+00
1.071720845977892189e+00
1.095009177490497754e+00
1.037285819185323588e+00
1.013762117855888434e+00
1.029377712392659516e+00
1.039671516870631196e+00
1.041548099466528043e+00
1.010500296096354056e+00
1.042432540210412428e+00
1.005235147671629470e+00
1.035781837995928489e+00
1.012482256651331181e+00
1.072009741654161630e+00
1.078280906870995093e+00
1.033082577205274077e+00
1.015221115469134183e+00
1.099962508900613090e+00
1.002357236733728341e+00
1.006792741779085176e+00
1.039672657927528832e+00
1.097003295393775835e+00
1.025503523579343712e+00
1.014351623588086726e+00
1.008393838735181403e+00
1.012902417915488407e+00
1.068354832646515762e+00
1.097743466285843850e+00
1.091129623194355691e+00
1.099234717571431874e+00
1.087623588311830369e+00
1.024132138019258287e+00
1.023689395521138357e+00
1.061143685867558917e+00
1.098662277197655079e+00
1.018357560228382974e+00
1.060990653133794925e+00
1.081242275428430544e+00
1.037493976670904372e+00
1.002634274038868512e+00
1.099152823858435379e+00
1.023975512303317181e+00
1.000143231783054310e+00
1.005507169096532705e+00
1.031244246446523238e+00
1.068036286957782410e+00
1.063317730029295305e+00
1.030192991447138162e+00
1.007286673217216322e+00
1.090958505292411784e+00
1.073482350477049430e+00
1.066122075418723947e+00
1.021127186357007277e+00
1.033770360796793630e+00
1.072483718368749672e+00
1.057445044398599210e+00
1.070736025514301692e+00
1.097218373692121274e+00
1.002202698265703518e+00
1.068488159568076190e+00
1.046207467666725233e+00
1.062465001984388868e+00
1.072129566827273672e+00
1.094584958469426716e+00
1.069212320868591748e+00
1.070525170616786870e+00
1.017457592027942281e+00
1.012841678671658530e+00
1.026372366651058687e+00
1.040561172983597515e+00
1.021607800591838755e+00
1.080347793042443216e+00
1.054218463782827575e+00
1.072412210699321022e+00
1.054477292385547438e+00
1.066069862810662627e+00
1.058659519292920237e+00
1.028962203429255151e+00
1.001704984393288589e+00
1.041896444034291269e+00
1.034874584365223837e+00
1.061114135987184071e+00
1.054762787484531339e+00
1.020171287769309210e+00
1.045829053471688974e+00
1.096850577974198826e+00
1.007699437123701802e+00
1.059706851237508296e+00
1.012512622952427943e+00
1.082310971813131184e+00
1.006658320416432773e+00
1.047357846085307020e+00
1.031062995828660123e+00
1.016664944170234453e+00
1.024362918280303791e+00
1.011328960062015891e+00
1.044163007375865870e+00
1.054726629029863805e+00
1.082116796856527952e+00
1.033724781138941617e+00
1.028589625336787439e+00
1.048310760635639216e+00
1.072340776445921628e+00
1.078235494363279257e+00
1.041339124098370927e+00
1.068393810350168005e+00
1.001158554082559160e+00
1.079070668901009444e+00
1.060773790855703336e+00
1.055847168055463969e+00
1.087272603073978106e+00
1.028259889778840863e+00
1.075859460714221560e+00
1.091787889296456981e+00
1.061375655859238432e+00
1.098550953380212469e+00
1.028081544370857747e+00
1.096786500237564965e+00
1.009641925090031256e+00
1.046631558051551281e+00
1.058058605656526874e+00
1.036022436778152755e+00
1.004930346388746454e+00
1.000694980482580876e+00
1.019668608623630179e+00
1.006484708332665567e+00
1.088836324103693132e+00
1.077878118335820368e+00
1.040591324678624474e+00
1.049763377517082485e+00
1.087459616092252723e+00
1.052807970339713295e+00
1.091258990890127789e+00
1.024086111640893026e+00
1.097534757957311813e+00
1.083935996766612009e+00
1.076708609447600162e+00
1.054565481845559871e+00
1.024016391145534666e+00
1.083545248037872888e+00
1.010410283959874311e+00
1.083382249252236917e+00
1.020869614894924116e+00
1.066051345808294970e+00
1.022442996137447935e+00
1.000771576537526464e+00
1.051913857669895425e+00
1.066625139134007361e+00
1.000894613218703100e+00
1.072544191765940402e+00
1.091062040623249185e+00
1.091928811421130296e+00
1.008007554614899215e+00
1.089751590412914251e+00
1.085131093135835334e+00
1.043263576129490611e+00
1.006912088052198895e+00
1.071028429487133726e+00
1.043944516047232485e+00
1.055587880653027000e+00
1.057074923273656930e+00
1.025609214874094288e+00
1.095656436272033574e+00
1.002859275783944293e+00
1.030244066314037310e+00
1.078256584300257837e+00
1.051620343936310764e+00
1.021141107068681109e+00
1.051480033003820980e+00
1.088554159584791403e+00
1.015935562989742857e+00
1.045698062050842037e+00
1.069835520667112849e+00
1.023058118102761149e+00
1.093804126574371427e+00
1.021268957832991431e+00
1.016053098358489670e+00
1.029076454312343847e+00
1.007559188628938340e+00
1.042392359682512426e+00
1.089145146538088360e+00
1.012185670712019370e+00
1.005947676786387968e+00
1.035662565307338356e+00
1.013487511011599951e+00
1.083489217906576485e+00
1.052749373954881884e+00
1.053060710058919769e+00
1.073129542261559877e+00
1.043893312277305085e+00
1.094678061216832532e+00
1.013387811370154212e+00
1.086107208670202384e+00
1.015099199230561799e+00
1.002405872033942602e+00
1.064548188981917942e+00
1.064360990175577504e+00
1.093006733171232980e+00
1.083720900489078875e+00
1.009954495130832797e+00
1.045492944277063296e+00
1.028806917269375676e+00
1.067484979845688242e+00
1.049965127568653678e+00
1.058063623080535809e+00
1.008109731940003861e+00
1.070122669931689918e+00
1.008209176431782428e+00
1.028150542774151521e+00
1.081405733229721111e+00
1.088216341642679330e+00
1.060089375039263482e+00
1.031592437665422191e+00
1.091612637467324731e+00
1.001773337233669681e+00
1.038677226108050577e+00
1.083875832749215729e+00
1.035213879026015471e+00
1.026330862485763440e+00
1.009106401173752277e+00
1.044141758991885327e+00
1.007703459838225291e+00
1.060922301721037186e+00
1.062492987568121050e+00
1.092139343327345635e+00
1.009226518913183268e+00
1.081634929900115116e+00
1.049169648331153226e+00
1.016668981496009039e+00
1.065161799740601101e+00
1.016363657719486557e+00
1.050448681759766023e+00
1.039294852852009843e+00
1.045812794633001142e+00
1.038447886054656655e+00
1.098176594287333163e+00
1.004437262927035501e+00
1.064639613160755172e+00
1.070205031252592587e+00
1.021986755354578502e+00
1.076360299243746210e+00
1.007194568386026390e+00
1.028593230795521452e+00
1.067031519336210099e+00
1.007844813847297294e+00
1.035715543238978853e+00
1.033721778014911052e+00
1.045986898640086205e+00
1.033588896623755193e+00
1.078817751289291360e+00
1.088799885250371746e+00
1.070961458767245578e+00
1.055464178930872299e+00
1.024892701100232895e+00
1.071968343828924253e+00
1.000211131659289654e+00
1.060675202548170049e+00
1.030963066669546846e+00
1.036471612258740738e+00
1.035089553102729321e+00
1.078791067133522130e+00
1.014265327220578605e+00
1.002925662247393213e+00
1.001929467014769592e+00
1.060889964378700867e+00
1.027582912072713572e+00
1.064954693773626282e+00
1.006900893219940141e+00
1.044406567427465626e+00
1.048012948314679837e+00
1.032070616470073254e+00
1.087200244770203161e+00
1.015427463472897474e+00
1.059522687249747630e+00
1.044660570497923269e+00
1.057331762012779786e+00
1.025923444476058322e+00
1.071568404775090855e+00
1.007664958424598467e+00
1.027318206606419260e+00
1.032198795970816541e+00
1.005904715348286071e+00
1.089660501966394968e+00
1.099423372447349001e+00
1.092425463062551838e+00
1.093104665220457017e+00
1.020859902488158166e+00
1.041573287287433702e+00
1.098091854465418571e+00
1.093360360898813388e+00
1.024233810922454468e+00
1.069831765266241241e+00
1.024809567430694068e+00
1.051598189075096501e+00
1.040438972462716105e+00
1.026643819576442684e+00
1.014384706393377522e+00
1.062500736017390368e+00
1.071609017228418947e+00
1.031190551686255619e+00
1.005941045358715868e+00
1.098953043100296956e+00
1.028665151033419933e+00
1.078376470179835511e+00
1.002368392654403806e+00
1.077288695048735034e+00
1.000655349603059241e+00
1.025736001185332036e+00
1.066070568198669966e+00
1.001753573520856033e+00
1.071050129576352594e+00
1.076198278810727604e+00
1.080288673606794481e+00
1.007194405834729301e+00
1.093856311256460989e+00
1.069930664769133566e+00
1.068061184650238360e+00
1.052331066140292704e+00
1.035246628106673894e+00
1.012479773005332095e+00
1.092490312358244786e+00
1.033159537676948236e+00
1.025685566648209646e+00
1.059327380130211882e+00
1.008102678841775734e+00
1.051848191015464673e+00
1.089866949552378728e+00
1.092471170582192341e+00
1.075164788480818423e+00
1.019388318168077845e+00
1.008904438002477866e+00
1.037858816589775524e+00
1.056669515574015783e+00
1.045097539611993032e+00
1.067542161156853187e+00
1.061976879443671029e+00
1.047160977045078489e+00
1.026192261523410476e+00
1.005293881376346121e+00
1.050480951340041935e+00
1.038855001524216837e+00
1.099717979107056820e+00
1.022470653125534756e+00
1.014557032314522989e+00
1.085247060908091532e+00
1.037570082250861114e+00
1.050669925572091268e+00
1.051486435828352217e+00
1.080915476475379222e+00
1.002448865478150486e+00
1.057476481280898994e+00
1.061897557956355875e+00
1.012479577243556417e+00
1.073269013285249596e+00
1.033838958205779868e+00
1.054063551983670965e+00
1.055035826237196384e+00
1.087512750031782272e+00
1.067052885687123753e+00
1.089306040248978480e+00
1.078919769460827682e+00
1.059220248035354528e+00
1.012519157270657999e+00
1.051496873714917291e+00
1.089942066534694387e+00
1.072599510509119503e+00
1.007000179069294621e+00
1.084300664430188466e+00
1.067105975714489619e+00
1.068143495456708836e+00
1.052905115612014830e+00
1.007690034923369726e+00
1.036011177287918805e+00
1.033322126369018656e+00
1.070852320768616250e+00
1.019447698021961113e+00
1.034992591163432563e+00
1.055773619317921685e+00
1.053852461760296233e+00
1.073584430966363801e+00
1.047943447491895164e+00
1.038578420346661702e+00
1.051291274033097523e+00
1.034756799420764928e+00
1.055760885626348289e+00
1.021896352400347041e+00
1.076570904421366714e+00
1.086104708869856772e+00
1.061322899164326428e+00
1.055359932439344561e+00
1.090590728841989376e+00
1.057329466983810695e+00
1.045703532704178595e+00
1.082847118726687263e+00
1.067343643486683424e+00
1.070486931155821386e+00
1.001065857217626309e+00
1.056127176049261873e+00
1.013833448131150394e+00
1.084806041191839654e+00
1.033444913485907612e+00
1.026080884523281833e+00
1.030066831201330579e+00
1.074145662055825401e+00
1.092529939659920402e+00
1.005728492860407775e+00
1.059446399943776873e+00
1.085200856791664226e+00
1.007150689893650419e+00
1.076611387245512086e+00
1.091840763339762210e+00
1.073642893033775803e+00
1.062009722667157652e+00
1.025294726310333582e+00
1.011683365630684506e+00
1.084442692921684159e+00
1.019929474783527690e+00
1.096649668403644418e+00
1.059475243385566534e+00
1.073865195674134299e+00
1.060286493094256821e+00
1.021260327735971973e+00
1.079819323679760412e+00
1.070079681157682039e+00
1.031772883259949092e+00
1.009017066355020864e+00
1.066464116023567943e+00
1.039660031839999554e+00
1.035891763999878368e+00
1.042423464863222682e+00
1.096339710363072983e+00
1.095857427164555364e+00
1.085442378284242171e+00
1.086711671674577051e+00
1.048596718262093663e+00
1.071958359694379803e+00
1.011203593389559563e+00
1.008223958342439719e+00
1.062177096092361106e+00
1.086321820595872012e+00
1.028828664652978064e+00
1.076407753601933415e+00
1.078152914216601310e+00
1.031979818816355143e+00
1.033265515386336819e+00
1.097353174602956560e+00
1.042299662128786775e+00
1.041372052956679894e+00
1.038808583334753344e+00
1.080693514635618246e+00
1.097875312515713020e+00
1.096925162197601056e+00
1.079423123977971244e+00
1.083490566579210279e+00
1.097617848151884568e+00
1.030724651204276032e+00
1.058713084217939526e+00
1.013762475703037014e+00
1.092800811314112552e+00
1.029428935756510510e+00
1.031188621875027911e+00
1.060725337838024585e+00
1.022984323085557756e+00
1.052090612674006387e+00
1.067431956791923930e+00
1.041209340984503795e+00
1.033224348967566986e+00
1.015409553584700308e+00
1.020829620993932041e+00
1.023856998457814083e+00
1.088314318028835270e+00
1.058848911624103772e+00
1.082475951469726860e+00
1.028736410704029769e+00
1.044293981380269631e+00
1.049812150478324657e+00
1.065575987886383302e+00
1.026426167965418967e+00
1.094811193046888009e+00
1.058066736529935437e+00
1.073812249493970583e+00
1.066149448733390903e+00
1.083266667471247002e+00
1.024086230287960753e+00
1.027195184536971784e+00
1.001140681348831496e+00
1.086064150633456515e+00
1.067545810489919589e+00
1.039631352656832597e+00
1.065325852993217026e+00
1.086960136478352101e+00
1.084788517200463653e+00
1.066112619269142803e+00
1.018840058727886522e+00
1.055579617359073907e+00
1.054776147620676063e+00
1.057182499224074590e+00
1.052055344274810844e+00
1.029702317859812588e+00
1.000707523290325973e+00
1.022623047170929000e+00
1.060713784008870952e+00
1.089296373016411579e+00
1.086096891975825818e+00
1.059605393193133516e+00
1.085642947630020450e+00
1.084269861743423435e+00
1.048396308559994328e+00
1.086497930021430802e+00
1.048620505902219113e+00
1.045159362126128144e+00
1.038398953931413127e+00
1.059883155852323622e+00
1.064664722034336597e+00
1.061267701510575145e+00
1.057923903870097382e+00
1.079612774362015415e+00
1.033931991175174758e+00
1.035059459053766062e+00
1.041083231455809166e+00
