9.123928109275039611e-02
8.554492424169560238e-02
-1.684088396759188602e-02
6.432641083179677088e-02
8.940794205543484141e-02
-1.678181067380903058e-02
2.366838253880470047e-02
3.585410551031810444e-02
8.677628282100975643e-02
-2.550356093319074841e-03
-1.203924105896877692e-02
6.692288806572128934e-02
-6.622002444136888821e-04
9.148285555416615922e-02
-1.930060775818327051e-03
8.960178931472163877e-02
2.637498256084916046e-02
6.144031851165999980e-02
2.471340439501455016e-03
6.846787601588093242e-02
8.260592482786768831e-02
6.748977917630685774e-02
7.574012310254689406e-02
3.839715487336128885e-02
6.125939197325956653e-02
6.854175353279712279e-02
-1.766802212938151789e-02
4.150135237314069026e-02
3.019940571628371498e-02
3.303204801858078410e-02
-1.616538145127028106e-02
9.868334729231519054e-02
8.497051932967593368e-02
6.086037524179314928e-02
6.046509308271297289e-02
-2.124943733835607529e-03
-7.209332022004745835e-03
2.605353457121980382e-03
5.539582437658907565e-02
-1.610175048566659523e-02
-8.614321112144062570e-03
3.919907755594088938e-02
5.788744133142657844e-02
1.020660482962092511e-02
3.083510801768899953e-02
4.536882598818224588e-02
9.135858078155278950e-02
8.283954556866834906e-02
9.117608365248287827e-02
8.503131250185612389e-02
6.322149534712763475e-02
2.904872905216883058e-02
-1.310385835724793904e-02
5.583743642393153295e-02
-1.826840467577497268e-02
6.306189360833111546e-02
3.449391527699159632e-02
8.262892810483819794e-02
6.028356782099182631e-02
8.521919354832613314e-02
8.974707620913353889e-04
-3.698576532084656143e-03
9.778701587491035740e-03
9.431470789011651978e-02
7.720252565737568962e-02
3.124328203387372049e-03
7.677426867348946526e-02
5.177740743604494766e-02
-1.093203176513477502e-02
6.367708569022896559e-02
4.030100294650358628e-02
3.135652131743903170e-03
-1.652929857767522492e-02
2.772369160743941643e-02
9.516430553618804300e-02
1.440095360932430388e-02
1.462149309191975236e-02
3.518579222524712002e-02
8.749825744123655713e-02
9.487517417528422425e-03
9.551699561897775137e-03
9.749409430265741638e-02
-1.808448758720409069e-02
7.964236238776072063e-02
2.931082211672289203e-02
2.996103399852173901e-02
-6.257391104809439941e-05
9.333963477932225028e-02
6.298008723031127409e-02
7.742673683114655037e-02
7.370976630065792512e-02
7.074515581074006243e-02
1.493747507057921822e-02
6.034582521999459770e-02
6.167370820443514312e-02
-7.687929655658898298e-03
3.322082023533944051e-02
6.003686442900978137e-02
4.887717426678110655e-02
-1.133162262621616005e-02
-1.111734822416708679e-02
6.100140834049920524e-02
1.619524654401290412e-02
5.596447446894343980e-02
2.229318098438389309e-02
-9.579781349849708985e-03
-1.092266975709050777e-02
5.740238806229955304e-02
8.967948739478318054e-02
1.574060527609790275e-02
4.005369431026827021e-02
6.949467380889812196e-02
3.002578231650151683e-02
-1.084924545104812808e-02
6.275075389291827344e-02
1.570917776457110906e-02
2.255818580327956582e-02
9.299338395605041829e-02
9.285350013678918268e-02
-2.872461854294374589e-03
2.326732920110423028e-02
3.303303840412914749e-02
2.726000511966183634e-02
9.275562838614809236e-02
-1.848175563256336182e-02
6.385300924910378151e-02
5.870920647626311911e-03
6.320889286353244263e-02
4.694256138667697587e-02
7.947090101959035369e-03
-1.205371451264557192e-03
-5.680857973365304250e-03
-1.393742517136091312e-02
6.166991960547317519e-02
8.348780111648829161e-02
8.566631280067540932e-02
6.985251555416599478e-02
3.828301804530021002e-02
6.794452031397940628e-02
-1.073853869250363836e-02
4.628577229865332709e-02
8.339019453073913402e-02
1.109908139480622266e-02
6.579995011976298713e-02
8.730010554451504701e-02
7.660968719551028427e-02
8.627434627331337369e-02
8.372393984999361438e-02
4.692284788737018097e-03
-3.545192615730906327e-03
5.481739137564008157e-02
1.713662270867160123e-02
1.418620837884028082e-02
-1.076474090106567701e-02
-1.127531022008993085e-02
8.127014982953575939e-02
9.928246955266999130e-02
1.908017234834266315e-02
4.251784346875711607e-02
6.528289396792998078e-02
1.865808303293215245e-02
-6.945752144874507705e-03
-1.966265851484399682e-02
6.409378384811409424e-02
4.226558515843331643e-03
6.724219401882725045e-02
9.210550675509314444e-02
8.719115875660930770e-02
8.639253954069243957e-02
7.808858212698017304e-03
-1.071192619632881787e-03
8.188692182764068656e-03
6.905927908783854319e-02
8.141397881002838954e-02
5.981577537291389579e-02
4.517974331030985558e-02
1.305271573209687910e-02
6.227016129486892537e-02
3.136998242083070820e-02
-2.852230516309436914e-03
-3.846238377757590921e-04
-1.999730615770530309e-02
9.080451093482944103e-02
-1.262807745160963134e-02
8.382130568399580317e-02
3.803944512619321372e-02
-3.518226257740519197e-03
6.971262711818269897e-02
7.932347783820085929e-02
3.544926631300324843e-03
4.833419999193400152e-02
1.541608287416683029e-02
3.036709715827756728e-03
4.156851863915507483e-02
5.169979760940526803e-02
3.545227902895063676e-02
3.428146370200119142e-02
5.460492788978699163e-02
5.692153257555726542e-02
5.723382349909282574e-02
-1.071208909366003215e-03
5.530679327674971335e-02
2.949375586152131259e-02
8.796229560806440029e-02
7.191467678513408651e-03
8.798334061296937680e-02
4.336422908503521911e-02
8.471087175439030031e-03
-1.492796779275556637e-02
6.932640414627565251e-02
3.932256057648583769e-02
5.366260455711374666e-02
-9.722149375489043746e-03
2.690976102840622261e-02
4.404369719005093997e-02
5.973802067276784422e-02
4.286889144425935771e-02
6.686335486692324137e-02
1.725085709348865223e-02
7.862943757024554864e-03
8.507441879962992365e-03
4.318717932349167010e-02
-4.580528026412346645e-03
3.990517067808552198e-02
5.962911932274815585e-02
-1.005013682690314436e-02
7.426498938979869679e-03
1.691702684358382253e-03
-6.588775563682619518e-03
2.893350661803540877e-02
3.613694951781960818e-02
5.847368272211153628e-02
6.906536735455795495e-02
8.369328927039619559e-02
7.885579204237129491e-02
8.958474663778114022e-02
8.904292591687473779e-02
2.771664480827654500e-02
9.848940851286661080e-02
3.833260512267303022e-02
7.045885125900473722e-02
3.716874296146786827e-02
9.204629169925335197e-02
-1.898028149765552605e-02
-1.498784967959829878e-03
6.769267792646516818e-03
6.480870961413841280e-02
7.254639037256724321e-02
5.641432295143851416e-02
7.101017300228301687e-02
4.072736019090281157e-02
-1.902775052417225721e-02
-4.967995350201110522e-03
-1.339856828659714838e-02
-1.611956730908787466e-02
3.850538072253095745e-02
8.453625921265062182e-02
-1.768020737385132130e-02
-1.420414624950180199e-03
2.889502052633950366e-02
6.446513348101960694e-02
7.968819865075334186e-02
4.481444581329105392e-02
6.561642731569006237e-03
5.695757411405766302e-02
3.373923569692299784e-02
6.378341368241230436e-02
-1.041707939777058133e-02
4.852599385649070118e-02
7.420879261840460789e-03
5.462983914321802026e-02
8.958996376455058419e-02
4.081266525462028116e-04
1.822448063914807251e-02
7.606307645792990957e-02
7.808576716146596597e-02
-1.747821839824138454e-02
4.581943220190881627e-02
-1.691695820326524768e-02
3.733612380977477385e-02
8.303659788648083684e-02
1.377526456824748960e-02
9.968888116711961678e-02
8.054377928642296458e-02
8.977415064055736804e-02
8.024247917537118135e-02
-5.354299483563348949e-03
1.865129171642470121e-02
2.265037742895235559e-02
4.178252558366890579e-02
-9.977913240544283857e-03
4.332395881755822520e-02
2.449541629799811479e-02
5.938778407333672460e-02
5.371193448270807080e-02
1.806716991052418134e-02
5.010210817384405657e-02
1.382561587116578825e-02
6.828598585075240646e-02
4.666161466352576614e-02
6.480006104715348159e-02
-8.419946165610077068e-03
5.942591217226253497e-02
-1.711218746419396544e-02
6.838380389653037073e-02
8.365849550440417060e-04
6.651213111277840678e-03
5.909278997425404523e-02
3.782754606991391155e-02
5.506582890487128623e-02
1.871371326841606009e-03
2.079776063998036925e-02
6.392289258779350336e-02
-1.166467292837924941e-03
3.738505635720576481e-02
6.327127501058114889e-02
7.892426296994248247e-02
9.095344374468307402e-02
8.129613515273151347e-02
8.257948358682910828e-02
-5.724365223683828760e-03
5.377199575213618965e-02
-1.550944252999744179e-02
-2.370813342056313222e-03
8.966079592973023871e-02
9.396976998929633396e-02
5.955219256563826918e-03
3.375350125374655674e-02
2.038478199293187673e-02
9.172408569911373599e-02
2.914276940247838288e-03
2.329244978870409835e-02
9.157960561065468796e-02
-4.597580316030878966e-03
9.894122316587228294e-02
2.210671483609632018e-02
7.881541418184475484e-03
-5.828660338025447307e-03
7.201678633731797841e-02
-1.913505454852647975e-02
6.682426503122451678e-02
2.897758118856508594e-02
3.979306466066015457e-02
8.378540986080518227e-02
2.644402223383277711e-03
7.180842164946635298e-02
4.806660477017991873e-02
9.784877168472150277e-03
1.334342238343138795e-02
8.165564910901922102e-02
9.786484468146640359e-02
1.708578805570602419e-02
9.691562147067869781e-02
2.298996842388194642e-02
4.976222965341819959e-02
4.196182335651069129e-02
2.356471482359872791e-02
-1.590057099275484984e-02
-1.100834779992145365e-02
7.072952744170142581e-02
-1.797481506965561970e-02
3.535107704929206507e-02
2.661610304768125684e-03
7.930991645921525723e-02
5.513464368467661803e-02
7.600304427174923994e-02
-1.477190302407664635e-03
8.370742164342508118e-02
1.006156753331353265e-02
4.337257853328774226e-02
3.063080121786232110e-02
7.632917622185626805e-02
9.927366659356567924e-02
2.292833412256389813e-03
6.268696538671167384e-02
6.182510989975084637e-02
8.751005393155401879e-02
4.672155214307087412e-02
4.678735006893804810e-03
7.537368430607951919e-02
1.967065372337827370e-02
-9.172186995609322990e-03
9.608615713913726264e-02
2.645527298974746991e-02
1.136133577010791165e-02
2.447762601009753278e-02
1.969067594498972312e-03
4.416708001200973788e-02
1.292965237181996005e-02
9.753249427727769816e-02
2.398460530899059265e-02
-1.689991940112573962e-02
3.588435109713594695e-02
-9.897479828700119636e-03
5.772293810342477016e-02
1.293381118756320794e-02
1.310504007755064829e-02
5.712757114372786493e-02
3.188464209591049259e-02
6.235817679584083895e-02
7.774211109855524993e-02
4.066503473261388890e-02
5.695166518378144693e-02
8.368896283351663634e-02
4.727622954583739212e-02
6.274242541541512341e-02
3.235416730089540893e-02
4.219008210277203075e-02
4.460551815172815460e-02
7.378962354900686638e-02
3.785584871075824143e-02
2.044262882025518410e-02
-1.651728830966194689e-02
4.854621184503353504e-02
6.446197102707554305e-02
5.202796022716447977e-02
3.995821714126376878e-02
2.303957053917720862e-02
7.811743902505247084e-02
3.473148604727024913e-02
2.414975718644687616e-02
5.881820837708377769e-02
9.022699384945069567e-02
8.443611353999840030e-02
8.842745293905565629e-02
3.703140824298137290e-03
6.355891766035758061e-03
2.349265085171925102e-02
1.927756957454186335e-02
5.533313050393533217e-02
3.135178090152766772e-02
6.956160494039685671e-02
-1.705074943558644585e-02
5.400844836983144381e-02
-1.136299841359500462e-02
9.585233781521659835e-02
5.453629425093181604e-02
8.292579900294901052e-02
6.281297205602387468e-03
-6.549322454325037443e-03
9.265526451862374224e-02
4.894906978401506598e-03
8.104345137011262357e-02
5.285658758907493815e-02
3.857107142169852176e-02
-5.814793090221832134e-03
8.585248510071988304e-02
3.138403388951427342e-02
9.421165444666816657e-02
4.254640752998042896e-03
-1.528947570812679013e-02
8.446892176695033894e-02
1.735683704858565976e-02
7.961014256350190665e-02
3.373463354576150541e-02
9.077504901909909385e-02
8.593052018832263161e-02
8.178598947600389246e-02
6.768167903380674366e-02
5.735180894846805821e-02
8.519846797703059527e-02
4.163896383812444590e-02
9.500935537721789947e-02
8.086306985017109594e-02
-1.659348305799542705e-02
6.882812407054361009e-03
5.034046819347281349e-03
-1.023069509806233401e-03
2.807517072415694967e-02
-1.727671235401048028e-02
-1.213613986984499876e-02
-1.451886571881642538e-02
6.149726794986373757e-02
2.664718921840198915e-02
8.999268963121365150e-02
1.162253480629087121e-03
6.064850791644902511e-03
1.740967987860768743e-02
-4.193721822541605221e-03
9.040458881137189429e-02
6.158089380432604787e-02
1.534204162143407504e-02
8.080481607255017573e-02
8.767497847284333456e-02
3.803356663061099874e-02
9.358975322393263407e-02
5.958261156237791567e-02
9.771574204778206429e-02
5.577215097119465198e-03
6.158967674377867352e-02
7.358837290181712010e-02
-7.993218819267421116e-04
9.214383305986913186e-02
4.749291342488301537e-02
5.605744594323402996e-02
2.667135431499419521e-02
6.951493673201145085e-02
5.907832059043255368e-02
-1.680760704040528894e-02
-9.097543226939119876e-03
-1.908056390259156229e-02
2.417666695811849717e-02
2.218783687534808466e-02
4.283854366560171933e-02
-1.533905533128839156e-02
4.166204389093955407e-02
2.551747875455673623e-02
-1.603990229145819957e-03
2.654706694876609110e-02
4.171826309422935197e-03
7.518871965260730261e-02
2.954503671846265764e-02
7.029714042109845573e-02
7.046745565079287621e-02
2.962831700091582074e-02
4.613234762643181330e-02
5.972320976589044761e-02
7.227129403771345023e-03
8.976984963701765963e-02
-1.095925018999167368e-02
4.357388479736930970e-03
9.687587166289990392e-02
-7.736559989228019435e-03
-1.497524016430075433e-02
9.247463582264917048e-02
4.656595436437573066e-03
-1.951790382429677284e-02
5.315835316140082867e-02
-4.579596451945418603e-03
9.887186378783267837e-02
5.994225994604873708e-02
2.334351465146197388e-02
6.979659479377368914e-02
3.639434278075817653e-02
6.369857197209245758e-02
5.560376094015825887e-02
5.686483503048753163e-02
1.182894391759327715e-02
7.049223786006601766e-02
9.642143482340320704e-02
5.241762500111160628e-02
3.581108500392667093e-02
8.399851799398533325e-02
5.580708615261030514e-02
6.841038142130154154e-02
-1.729049450944543723e-02
-1.340809887791015974e-02
8.404041710021176170e-02
-6.500095145966605995e-03
2.579098357259419425e-02
8.491108891316580254e-02
6.848550076164405809e-02
5.055950944644568845e-02
-1.282496423533271632e-02
8.278771386741459737e-02
-1.236596133126829228e-02
5.570445768941967302e-02
-6.400722569592950245e-03
1.254626044718362352e-02
5.202259078841410533e-02
-1.659080670035505134e-02
-1.326847549574057712e-02
3.753938925170285934e-02
3.460630767115887435e-03
2.480181461222232334e-02
9.934534513428215641e-02
5.045930844425666750e-02
9.569087156574883346e-02
-1.402183775914282032e-03
8.105757910299878077e-02
9.957811566100681355e-02
1.311935951216446419e-02
-1.673939882716003746e-02
9.313895944143706085e-02
1.384093788899504532e-02
9.741119007613094349e-02
1.149116685072594859e-02
8.987704445568547862e-02
9.161216976668787315e-03
3.835060350256901118e-02
6.564330818338107165e-02
-1.146766607470916209e-02
1.473168828158563995e-02
4.881893562433996248e-02
4.637877500266895936e-02
4.034093108183516019e-02
9.571860851176351714e-02
6.739900109356207480e-02
9.884170428371019668e-02
-2.923084955360075177e-03
9.144689131994092335e-02
2.841188390919898929e-02
6.500458790710073043e-02
4.245212129126280792e-03
-1.614304601400418440e-02
2.517437154003221780e-02
-1.728262552603842747e-02
6.857133084789360233e-02
7.561529970317094895e-03
6.981726325573960751e-03
9.643921982349645816e-04
7.509314304096256776e-02
1.407194160157179338e-02
-5.145371192284338771e-03
1.216763889740368407e-02
8.994922300211885546e-02
2.859226177393658572e-02
1.961479984837102494e-02
-7.156220744592952862e-03
8.323515781606107000e-02
1.696759553597149833e-03
9.417294457636660177e-02
-9.069102324687361091e-03
8.912925574063600143e-02
7.109154175388932018e-02
5.825393698723235758e-02
7.729152761244888203e-02
-1.525782220237571069e-03
9.550926942427806488e-02
7.817452146667996232e-03
6.137843011607728438e-02
9.648562542708481737e-03
6.251447646146823800e-03
9.595969614079304100e-02
4.892267300775850897e-03
8.278720609012918397e-02
2.489375554662895049e-02
-1.819947043952274690e-04
8.601217851116829682e-02
1.873834146862181707e-02
1.988251436581500373e-02
-1.866777461674837268e-03
4.709141916019370100e-02
5.091171349389511658e-02
9.459260719609009771e-02
5.050687310494347132e-03
3.765983744001927258e-02
8.820596221301928164e-03
9.953533823345668552e-02
3.718869514358008610e-02
8.141085911379669637e-02
3.086280754059804107e-02
6.194558868852190897e-03
1.917607777798223043e-02
1.710683509421414769e-02
4.812871762545788135e-02
-1.815418648441715146e-02
-1.062324775521866077e-02
2.518505642143889847e-02
3.499094804619763688e-02
8.592641485900641418e-02
5.708537177056030587e-02
7.129288126671398662e-02
9.084971104075124926e-02
3.619303399701782886e-02
7.713572862603286506e-02
4.178539165209591011e-02
8.474135237871670279e-02
7.889590211704286538e-02
8.043847126078139398e-02
5.054781436011519802e-02
2.511066543837145101e-02
2.847908956059171451e-02
2.591226810077381856e-02
2.889444435659240321e-02
7.243576937272895588e-02
-1.841715838074873754e-02
7.998047816559479550e-02
6.035049806444305054e-02
9.781961452665261653e-03
5.704888743688288355e-02
5.118600888434196583e-02
2.595444175090886804e-02
1.346235229801134511e-02
7.853440045568831074e-02
8.583643382632796803e-02
8.676552253557272276e-02
-1.372151588467166589e-02
9.760416439182902082e-02
4.169649806315806062e-02
-1.329055007442581440e-02
2.124068119956669040e-02
-6.983147374305359589e-03
5.824420610845833235e-02
3.280529551976540947e-02
4.182637493715514465e-02
8.785643743545380746e-02
7.682715694079940427e-02
-2.532650137887462738e-03
3.481894514698087584e-02
4.130096028749954962e-02
1.178367794413039474e-02
9.175297276328893414e-02
4.694540377868951231e-02
5.801780627630087617e-02
2.836715097857037474e-02
7.585969578363938037e-02
-4.948882268427120742e-03
3.897700305607004756e-02
4.654178297647090790e-02
5.308712357810671523e-02
-1.249794745157016551e-02
1.189493263797082936e-02
4.987832521646314021e-03
4.006654605092591082e-02
7.382813018145271966e-02
7.079769160249342608e-02
8.432939057777925906e-02
1.095707810698247700e-02
3.967708554735457915e-02
7.275483211606786904e-02
3.670456883504864820e-02
5.656097660861067467e-02
1.954028851726798480e-02
3.094122647528609396e-02
2.869134189625678968e-02
6.818018546421500403e-02
3.836146846660755394e-02
9.014402891523268235e-02
4.527532644049374333e-02
8.174273471118691237e-02
5.653672678597494727e-02
6.576424968739566501e-02
5.434692618674229203e-02
-8.562578342156625458e-03
-7.999810444058645317e-03
-1.180321660358488178e-03
-6.626264610615611658e-03
3.274562066817260364e-02
6.253587589361576937e-02
8.426648236456207863e-02
-1.737548974089512047e-02
9.002988773608067152e-02
3.429859444991177619e-02
4.392410609842091473e-02
1.169194288967068465e-02
8.521573550913780215e-02
-4.203070255887748213e-03
2.920430786330486736e-02
2.422523996020012685e-02
3.870072808315618007e-02
7.260978359085105971e-02
1.215720930644854578e-02
5.577070539855645548e-02
3.714792633299703051e-02
6.940024719354614957e-02
9.770304841673332213e-03
8.757605388995642892e-02
9.484328087871596313e-02
-1.263723931394622468e-02
6.394062709517783771e-02
2.393249109610870104e-02
4.713658875051542074e-02
2.983222464764953910e-02
1.317654938542335216e-02
9.167613476891363355e-02
3.666086565811893516e-02
9.750728718237909598e-02
2.893800353027288150e-02
-3.144574697372479882e-03
-1.208462768775583028e-02
3.480509505890252986e-03
8.566477083015194838e-02
6.937703630358156570e-02
4.775057851972809575e-02
6.793004212200920433e-02
7.660586682481720922e-04
9.260967717885064399e-02
-6.925013781712337918e-03
-1.865914027464798605e-02
8.898903320454537580e-02
9.110997859376346319e-02
-6.974978523218529000e-03
6.375561140428524787e-02
6.967865185539115491e-02
-1.564667809540085802e-02
6.827178360720065342e-02
1.557869570082323282e-02
8.459200605361193170e-02
5.843767316610937179e-02
5.082347837627571030e-02
4.004909769610320858e-02
3.389528020603115033e-02
3.230506413098732654e-02
3.576390678468678586e-02
3.191061511470991152e-02
-4.763702942653224442e-03
5.786667248978552558e-02
6.624839207657103046e-02
2.015333511253116286e-02
-7.740023293480122538e-03
7.746662585781258215e-02
3.610680869194245191e-02
1.496287668573736615e-02
-1.255035466554579177e-02
-5.627250421920016593e-03
4.099392813165186888e-02
1.723210793021086665e-02
4.997653500686305428e-02
6.372288313504677337e-04
9.102178433603737295e-02
7.245081360660145242e-02
2.849181674365259057e-02
1.133855023129015996e-02
2.669415066984481485e-02
1.412057736214930234e-02
4.002021401166157288e-02
6.417993184992508426e-02
2.913097111889935073e-02
2.332639202751539756e-02
-9.024285637474682362e-03
9.491347728161989017e-02
8.859501352405894925e-02
9.685364049291669830e-02
1.478142893581946629e-02
5.753303655275597561e-02
9.962669101956189710e-02
5.534644136631086675e-02
8.336559951511963995e-02
9.816925540436553799e-03
1.196813016730285603e-02
9.156252039487504379e-02
9.982330170345722620e-02
2.443496866349345251e-02
2.180494520469682465e-02
5.513393651722378608e-02
1.780800254319947137e-02
1.126349908135064817e-02
-1.511072416436000376e-02
8.295270173135235736e-02
-1.376014365930159494e-02
2.567614294412202611e-02
3.167572907118786085e-02
5.284653664934060857e-02
-4.865735806020014126e-03
4.687432102383813637e-02
5.520891879440154026e-02
5.266946879580704233e-02
6.078710817476952466e-02
2.326149384326325550e-02
3.491305916419866484e-02
7.292440583479571636e-02
8.153865077607941325e-02
3.326658262910477115e-02
2.022054456995046531e-02
8.373649089491047581e-02
5.673346051965996728e-02
5.685198674172736721e-02
4.085986289116912140e-02
9.777088834023432706e-02
5.767839758612994250e-02
7.891823370921684927e-03
5.961392796073856915e-02
8.824343260948146195e-02
6.136105683935476340e-02
3.577727562860920363e-02
-5.552468439567354377e-03
5.301168306112528927e-02
-1.045967407912946553e-02
5.919851488350305613e-02
6.624614413152367376e-02
8.476375364404941520e-03
7.260355458194613087e-02
8.722607249054471767e-02
4.959728124921011783e-02
7.955480921873804567e-02
7.510757974090741251e-02
1.283510096198210715e-03
8.216706240408119810e-02
7.773328802850516805e-02
-2.427532285158334052e-03
8.380917288373367080e-02
6.837206184831724765e-02
1.935780712266422718e-02
4.966125736272069408e-03
5.184306396296931019e-02
4.108858060815587243e-02
1.430071122673654341e-02
-4.503260663797289953e-04
7.135887394091025571e-02
5.228887854545861968e-02
8.202481185511925621e-02
1.650920534338686310e-02
8.478955955664828348e-02
7.949841422238634880e-02
-1.267534364513909183e-02
6.809260609691658583e-02
3.707374940322376300e-02
5.927034814112390471e-02
-1.967412705365640530e-02
7.599639734728332041e-03
1.286597476006826404e-02
7.237143509139633279e-02
9.091409862742894088e-02
5.477647420083931601e-03
3.810729477062588244e-02
6.353662786155002407e-02
1.314453808005394339e-02
7.965596186286828806e-02
8.120465103380432315e-02
3.776930093768100793e-02
1.606153133889751464e-02
9.612143669058187401e-02
6.172789104840721575e-02
7.511550321328643032e-02
4.415429451753823120e-02
7.794140666463879319e-02
3.500327462754082575e-02
8.634203331753834143e-02
3.854359075487058528e-02
5.759491449906915805e-02
4.626301527563107807e-02
1.336375174717592193e-02
4.789955597528687548e-02
8.736805505470678079e-02
5.068914088689496777e-02
-1.475778757991087070e-03
6.651980078538738406e-02
-1.775902257376314047e-02
2.278623826843148223e-02
5.247013296866981369e-02
-1.560946510128240552e-02
7.785803728924944878e-02
1.827871392502056561e-02
1.350959373773725006e-02
9.588312283326320962e-02
6.757430344301103287e-02
8.526282297978242386e-02
2.894342871332377873e-02
9.619097957354458273e-02
1.734433265385272246e-02
-1.750918529052440664e-02
1.851657339935145266e-02
5.403839478592807610e-02
3.533343172477390604e-02
-1.175312365160736255e-02
1.630761690101037789e-02
7.779100892738073647e-02
2.283223095218380252e-02
9.182422945457799357e-02
1.992572969960148752e-02
8.180576111579450360e-02
8.118696764412720868e-02
1.456486502210007847e-02
1.878729866997989884e-03
-1.280455459337630914e-02
7.146981296558653496e-02
9.308827957183492263e-02
8.970068587706576946e-02
-2.276699709790473009e-03
-1.454653410794156873e-02
6.582793362503951140e-02
-7.279248114126812483e-03
1.316829933170448816e-02
9.081330705746418208e-03
5.030211055374791962e-02
8.945081841326980865e-02
2.084193009154125184e-02
5.905350830825230324e-02
2.849826406571586909e-02
1.331574879198605885e-02
4.554911227994198897e-02
2.797289680442679657e-02
9.663674263110948182e-02
-1.256150495111356229e-02
8.999883299716132656e-02
8.644786931007921588e-03
5.545945777233880769e-02
-1.319849865903680031e-02
1.633795954232402856e-02
9.312857483383597812e-02
3.931443592314008695e-02
2.752528100302760808e-02
7.981319040460495284e-02
1.966176875872275784e-02
-7.466983989475654143e-03
1.892564558063247401e-02
9.506211786003362918e-02
2.464015753745149931e-02
7.030404953474087004e-02
1.045463239558935137e-03
6.751867832849743623e-02
9.410261428259840411e-03
9.063834443592268253e-02
-1.415115203423833110e-02
8.408176570650464227e-03
-1.058151746761389067e-03
1.388485629920875250e-02
9.588116120660385155e-02
3.012211490483212781e-02
-1.995611622715156089e-02
-9.506971885394012792e-03
8.923897731114079079e-03
5.920217798006821575e-02
6.979176432364976590e-02
-2.173796217406070985e-03
-1.171974134025483699e-02
2.315471079716090869e-03
3.580855479651057216e-02
8.730828000353250962e-02
