1.009902785844128070e+00
1.046382628807764004e+00
1.082009767790898636e+00
1.088595495468226870e+00
1.096612294814163446e+00
1.079183750394825392e+00
1.038486695303341145e+00
1.060417636357698923e+00
1.041896462196513218e+00
1.035734989264017303e+00
1.062811295651952648e+00
1.026549507847200227e+00
1.095003406683411562e+00
1.039616952460136856e+00
1.037771067132911007e+00
1.061320268798075839e+00
1.063722931135831828e+00
1.085732571259235391e+00
1.049130882477898430e+00
1.086329374238208745e+00
1.084125791483496526e+00
1.050705541388339714e+00
1.017456591448171022e+00
1.038124453665324465e+00
1.071091505797771903e+00
1.081471878903297323e+00
1.064673073545086224e+00
1.027070140507869045e+00
1.077100628001614879e+00
1.001026439202715723e+00
1.026944909795848515e+00
1.010761853664925880e+00
1.068137663882851696e+00
1.090072372379325083e+00
1.036690298390108733e+00
1.088532994169158608e+00
1.096929347960494239e+00
1.038123192903834147e+00
1.026865873289823039e+00
1.064891165879988222e+00
1.073949292629765351e+00
1.080657390268235041e+00
1.073095861879184154e+00
1.080894332325728069e+00
1.044144902144432452e+00
1.021505692625148010e+00
1.098336342158904744e+00
1.017031398935891451e+00
1.080468463058449125e+00
1.045636202252241409e+00
1.039722941196182582e+00
1.004950974884700310e+00
1.076685338630352984e+00
1.083142082090672975e+00
1.099700604270877680e+00
1.085651333791443074e+00
1.013267259298339384e+00
1.059976304706340189e+00
1.050888572883589500e+00
1.093481849489488233e+00
1.080818381442832488e+00
1.006012829204842696e+00
1.066461891808921036e+00
1.087572053512800174e+00
1.058080460305469206e+00
1.095368746262516790e+00
1.081488702151496062e+00
1.024282051313308850e+00
1.067433725788459631e+00
1.070345310566629182e+00
1.045555235478844214e+00
1.029694602037910967e+00
1.099003195066341476e+00
1.055393013797788937e+00
1.074956286762658086e+00
1.078676566213782051e+00
1.099848640209224016e+00
1.037003171238519039e+00
1.055806306366749991e+00
1.044316008858733547e+00
1.096585761795799252e+00
1.079492710991822202e+00
1.039906080678534517e+00
1.033691041033928171e+00
1.098255333553550761e+00
1.047053991125723060e+00
1.022795101642906879e+00
1.001945158274694103e+00
1.069282112258587381e+00
1.078914761761205821e+00
1.098338815699672733e+00
1.099944597392153778e+00
1.028265180119597666e+00
1.005033316204121396e+00
1.093231391687935261e+00
1.024333042278320338e+00
1.088920259730217222e+00
1.064812285969948258e+00
1.066320351576413250e+00
1.007933295924575701e+00
1.068787876634771372e+00
1.058636337359391000e+00
1.006511205810906251e+00
1.057037125800960542e+00
1.015258939539825267e+00
1.040138285637869364e+00
1.072229875391542020e+00
1.026350253758841813e+00
1.029431943319779386e+00
1.069794835536889144e+00
1.082884993689645414e+00
1.001932738734536699e+00
1.095571123504079480e+00
1.073096407158806942e+00
1.061423180854771608e+00
1.067204263151859900e+00
1.018618772752665214e+00
1.037380440926103153e+00
1.008465329597309168e+00
1.047183226199192907e+00
1.034969834656794152e+00
1.077145043380902223e+00
1.096650652161972772e+00
1.042211700341913794e+00
1.067796252305333482e+00
1.050634604185447296e+00
1.022798343659092613e+00
1.082630978615301665e+00
1.057514778745715978e+00
1.006939368292577131e+00
1.075519902033565289e+00
1.062563084799606816e+00
1.012641832824371591e+00
1.074271753624689518e+00
1.014914844029324525e+00
1.016360934144948436e+00
1.059777711640617959e+00
1.070295092339212939e+00
1.002903853652580946e+00
1.085615705996522351e+00
1.021161095425182852e+00
1.028669789658868572e+00
1.007569965190876715e+00
1.099226061802685672e+00
1.015927127404213648e+00
1.022926855030830806e+00
1.015328116347566034e+00
1.077277792837143755e+00
1.016466052868413072e+00
1.057735621093039535e+00
1.044048485233715962e+00
1.056088984385591401e+00
1.018160460486483343e+00
1.016365451653501895e+00
1.024364815870026035e+00
1.052309325297484888e+00
1.063921632319993593e+00
1.026270015037992867e+00
1.046791817190345864e+00
1.074516049868122547e+00
1.099597082127507619e+00
1.094442330828467647e+00
1.008213201576770635e+00
1.049891608921549757e+00
1.078094324347560917e+00
1.006387825189265062e+00
1.053743039753871180e+00
1.059775640189762669e+00
1.038034972516643339e+00
1.059684844915415258e+00
1.078553132292036532e+00
1.025229666553183039e+00
1.042097980487739495e+00
1.010672566861025912e+00
1.060316742441689719e+00
1.044723126406073010e+00
1.005515257932766859e+00
1.091421660740576671e+00
1.048976207640083702e+00
1.016152228924763978e+00
1.084644203515266803e+00
1.044914837723571521e+00
1.020195480870800253e+00
1.058214700663833607e+00
1.032200532690261463e+00
1.075360883294786740e+00
1.058073215925929400e+00
1.078245668578083905e+00
1.055049244753301085e+00
1.064399205133742754e+00
1.093083972893493794e+00
1.045925154355177744e+00
1.036686740435863729e+00
1.040969432082685886e+00
1.017641018218075066e+00
1.019558956489061030e+00
1.026811937965546928e+00
1.043122616914675005e+00
1.059518432126818066e+00
1.084859191338098272e+00
1.049672804904673518e+00
1.007666588770488536e+00
1.072477749811905579e+00
1.099867742197333742e+00
1.086400551630027245e+00
1.011752545773447753e+00
1.087251031398121626e+00
1.021335284240927566e+00
1.068505583374323553e+00
1.008489248096083424e+00
1.041337210412406344e+00
1.012261631480772639e+00
1.094040854041180566e+00
1.097311439640828556e+00
1.014859585704947831e+00
1.052950650144618416e+00
1.059422650616337780e+00
1.019517725492150584e+00
1.067210683243952740e+00
1.003938387625199935e+00
1.050777452190172045e+00
1.031997246211856512e+00
1.075277701022440358e+00
1.047415093983494305e+00
1.054196527498119318e+00
1.096695209137059202e+00
1.024496840176560619e+00
1.034645934383409349e+00
1.011469493770655870e+00
1.022066453544401066e+00
1.072300403324007556e+00
1.041959988470342990e+00
1.064606605576563725e+00
1.045697671571673260e+00
1.037852981473069036e+00
1.003858848233175172e+00
1.000713101055289433e+00
1.061748941194968765e+00
1.075800124683004899e+00
1.051459077389293784e+00
1.070793822270033280e+00
1.078450439069047917e+00
1.044851248045277403e+00
1.074476475377657891e+00
1.004117279350974945e+00
1.088965588056091116e+00
1.009609143050255398e+00
1.015194331133639771e+00
1.020433690533199433e+00
1.096343350980051978e+00
1.096387535202523189e+00
1.065290328950954990e+00
1.068834537874131296e+00
1.060370997032759721e+00
1.012727588732315498e+00
1.058076935449751454e+00
1.042760427202737095e+00
1.030603023226839499e+00
1.080899973335950337e+00
1.068196131992337206e+00
1.015955086901149551e+00
1.097347861076931608e+00
1.007861187659196966e+00
1.042892995231159414e+00
1.019643870490402504e+00
1.070502107415506776e+00
1.035607057742407022e+00
1.044365699487244337e+00
1.056652753193257688e+00
1.038699554953165904e+00
1.088591427744056706e+00
1.053684148439254953e+00
1.055053432084634535e+00
1.042395353731354168e+00
1.040779210581987968e+00
1.095320242999059168e+00
1.082681615929965258e+00
1.079335890741984105e+00
1.083537028640111810e+00
1.090676505226977344e+00
1.072809702438469515e+00
1.032522519688742646e+00
1.006220222672233433e+00
1.059212541539523267e+00
1.038931937768130087e+00
1.041362608032738502e+00
1.082256377389844815e+00
1.089075935179471211e+00
1.040129104009581695e+00
1.085695158534208282e+00
1.023388132348209245e+00
1.013991912227958370e+00
1.064872992761545012e+00
1.001536495226444723e+00
1.083873142701496928e+00
1.095665771934161370e+00
1.090378550262895763e+00
1.052440446759776993e+00
1.087850815403956783e+00
1.092238998183302501e+00
1.076978497305243421e+00
1.059599280359786899e+00
1.087691191939995861e+00
1.064410048014206245e+00
1.092711198525895266e+00
1.054294296020561239e+00
1.038145948628446558e+00
1.035214094172081767e+00
1.072273746295389074e+00
1.001214965288759862e+00
1.026017256055159921e+00
1.092665034410885694e+00
1.031425164078620726e+00
1.022987225950126255e+00
1.098396265512448844e+00
1.051724903769968966e+00
1.042789305044751202e+00
1.077970311941160775e+00
1.005278248875137725e+00
1.017964245981229476e+00
1.064262226456332616e+00
1.028252729168467328e+00
1.098060110344422524e+00
1.030712798081599102e+00
1.053503745840687733e+00
1.094330771636214727e+00
1.019507677026393111e+00
1.003488733071807193e+00
1.089824398755540935e+00
1.053660556532810100e+00
1.097784640188554484e+00
1.064192385695157617e+00
1.057252287492042031e+00
1.025432595342748776e+00
1.082088228764193305e+00
1.029461492228094022e+00
1.082094031664438294e+00
1.060124157313565352e+00
1.072927789692456502e+00
1.013797423635013351e+00
1.082585414667433854e+00
1.001704338958882889e+00
1.058096197322257348e+00
1.053519088899823153e+00
1.069422255837408464e+00
1.061836354831479978e+00
1.054845843981712328e+00
1.090469299134868786e+00
1.037672432059443928e+00
1.047910431356933847e+00
1.034578241835452550e+00
1.025251035858759430e+00
1.084554785068011951e+00
1.079424871436406086e+00
1.035916050070859074e+00
1.004818309549753597e+00
1.038760160897384655e+00
1.091651442660455329e+00
1.038305495900479825e+00
1.000996932280250551e+00
1.091107415337372544e+00
1.005909011662422303e+00
1.058489259617350298e+00
1.077704177566746857e+00
1.000525511422497571e+00
1.008750317920446227e+00
1.067507751673974825e+00
1.062034388510796790e+00
1.065991819016649300e+00
1.061786813432579857e+00
1.007276720766574485e+00
1.030903442407910209e+00
1.074694709165448625e+00
1.004587238368186419e+00
1.043369055625389175e+00
1.057259681461262035e+00
1.056391691022240842e+00
1.069593497009718064e+00
1.075572843846377191e+00
1.052484294546606192e+00
1.004518065168722440e+00
1.056057258489794926e+00
1.029170278158065610e+00
1.035583113976257463e+00
1.080666305568449115e+00
1.001591079755562719e+00
1.084699952857411054e+00
1.095624172472105640e+00
1.002419099727727358e+00
1.033720512058229790e+00
1.016165281540998944e+00
1.003049777028784728e+00
1.087015455172487766e+00
1.078060472579477347e+00
1.068340906282908342e+00
1.093320276709068173e+00
1.091395889675269126e+00
1.076636106854148567e+00
1.002623064530757446e+00
1.097154986753301698e+00
1.084333907345162773e+00
1.054639389682185957e+00
1.004231112016492178e+00
1.094837192942299087e+00
1.072266314308574220e+00
1.066290969090199825e+00
1.056223708381347715e+00
1.047430704458229833e+00
1.040256873828321549e+00
1.013872263597982215e+00
1.018793278905998134e+00
1.094964746240751463e+00
1.012294966245986583e+00
1.089020152860374235e+00
1.045068017688632667e+00
1.044446259601166327e+00
1.041272380694239219e+00
1.093778618662369473e+00
1.062732162062912655e+00
1.079951591532800625e+00
1.099083300936703367e+00
1.053576165597769121e+00
1.037442110678878704e+00
1.089097834221977035e+00
1.089350870814145056e+00
1.092298579854183327e+00
1.030270601125469421e+00
1.041355304057822062e+00
1.073472719867101022e+00
1.011148432223219151e+00
1.052895877299272254e+00
1.074782553432508836e+00
1.032053914102408543e+00
1.005786443734077773e+00
1.059087279094469203e+00
1.082892009330022276e+00
1.014037964146077053e+00
1.093259621805660053e+00
1.004224059707148786e+00
1.016293921615930351e+00
1.002974700503084460e+00
1.018746016352752637e+00
1.011536882840742724e+00
1.039905480062259135e+00
1.063093756772696352e+00
1.050360783388867958e+00
1.006697221500929329e+00
1.060271109059726102e+00
1.007251996345073453e+00
1.097284903383976440e+00
1.043877017941554630e+00
1.078803083343434999e+00
1.023087307767140519e+00
1.060191653275089685e+00
1.040970239970695488e+00
1.050284435786907222e+00
1.018386916948255783e+00
1.057712329265835915e+00
1.011577187005732181e+00
1.068020779950337174e+00
1.099565988536306937e+00
1.077130586825043590e+00
1.009621574113556797e+00
1.084798159754042146e+00
1.021401832644320384e+00
1.078309948690477693e+00
1.077305278862049187e+00
1.087223540898095697e+00
1.012699289180750917e+00
1.076857737499028023e+00
1.057277922631151057e+00
1.013713684410331384e+00
1.037406362706497776e+00
1.021615762715111897e+00
1.011581268319666993e+00
1.021620737843484283e+00
1.084377011894078313e+00
1.058146537485791905e+00
1.021288591868572126e+00
1.087736708247427853e+00
1.052582741453443660e+00
1.062359780730910419e+00
1.063649337779221771e+00
1.051806481659150139e+00
1.069470878636442635e+00
1.049404682814730982e+00
1.031918351684624424e+00
1.072149950941875929e+00
1.025302624394510032e+00
1.098557714794790030e+00
1.019307193562076108e+00
1.072163398656388544e+00
1.006394437112944074e+00
1.003886982771475367e+00
1.015780138501951146e+00
1.033922454067207619e+00
1.044022411397165673e+00
1.071476363462906534e+00
1.094611002033525571e+00
1.071123402712910400e+00
1.060905763605058949e+00
1.015852624181846409e+00
1.004536291183278696e+00
1.048562645016176686e+00
1.039607093043176889e+00
1.003825086614607898e+00
1.095240107340788027e+00
1.014403419644211324e+00
1.021787908124424549e+00
1.012815411688715361e+00
1.046114488296280953e+00
1.032171832792154298e+00
1.006971047592688739e+00
1.013933419138943970e+00
1.043681941398194590e+00
1.006862031286735348e+00
1.050017316264741929e+00
1.070389272530907210e+00
1.052410153840547702e+00
1.019404686165100937e+00
1.064897919666317305e+00
1.095454175408932196e+00
1.073667230745685597e+00
1.060586990877091074e+00
1.060366548598643321e+00
1.023010835247123440e+00
1.014323150168257248e+00
1.065027000532509982e+00
1.033361005692415846e+00
1.002081172597890646e+00
1.092189414505334799e+00
1.081869650320597120e+00
1.097182374760977908e+00
1.048841531832975571e+00
1.066235044311311997e+00
1.086238551506367056e+00
1.010708920374470132e+00
1.005755973050419527e+00
1.059706189967010381e+00
1.034760262825152211e+00
1.058051364552543561e+00
1.094856011992684230e+00
1.001617387133729942e+00
1.086545263876412371e+00
1.031219199828792510e+00
1.047707765481507902e+00
1.009132770368457832e+00
1.037557855472639678e+00
1.070199142273381421e+00
1.082333715554490094e+00
1.027667664812092374e+00
1.023063560876648959e+00
1.050493862337890327e+00
1.012124481856474967e+00
1.022323115379967895e+00
1.070056960732550078e+00
1.092812372065286697e+00
1.085849672098965657e+00
1.069078393942383798e+00
1.075819604704294274e+00
1.082847619720429089e+00
1.048770902206225930e+00
1.029712354301545174e+00
1.012795467032323149e+00
1.068845023936682903e+00
1.041092166491621729e+00
1.024133398914682358e+00
1.000143710429596045e+00
1.060359469456448878e+00
1.094477168343385820e+00
1.057534082079704785e+00
1.026630357561549411e+00
1.096450588167499296e+00
1.045835314119288650e+00
1.023568484615931418e+00
1.030572157739260142e+00
1.016513508712808544e+00
1.052502191825662070e+00
1.051868428213543316e+00
1.087589483668760737e+00
1.086899065604958636e+00
1.067249181933159541e+00
1.049383562256354763e+00
1.090987829008956966e+00
1.080764505809407972e+00
1.030029358708850706e+00
1.058482272382522238e+00
1.062187527656446084e+00
1.054131162930505239e+00
1.040668195585398692e+00
1.019708187588918236e+00
1.058624098809483272e+00
1.082280680210446100e+00
1.095888738359225512e+00
1.041296556304675880e+00
1.005473079911777257e+00
1.032656371813067464e+00
1.050754166208236251e+00
1.029486157225780074e+00
1.080855630817293633e+00
1.083964479798398051e+00
1.047281369981374333e+00
1.072237754233329676e+00
1.069740646761849323e+00
1.083637900686951205e+00
1.090057839668478579e+00
1.058260364392249464e+00
1.055076318932820056e+00
1.062384956959918414e+00
1.036083453606031490e+00
1.066684305562051849e+00
1.019046726530253411e+00
1.071306800224375078e+00
1.010543647754748475e+00
1.055409968417204247e+00
1.078789224870525976e+00
1.063777698429740459e+00
1.086358629388877173e+00
1.093271718909763379e+00
1.094528426858505377e+00
1.093692649049332388e+00
1.093266407836541276e+00
1.073709517576417527e+00
1.034291354812379549e+00
1.069492192180979462e+00
1.075626809677214579e+00
1.009675542753936339e+00
1.015617902830431518e+00
1.072712026306252842e+00
1.049864719419577819e+00
1.075950635288161150e+00
1.064653340014448890e+00
1.035089263982053698e+00
1.091239188550528594e+00
1.039347681751750851e+00
1.034522479442919973e+00
1.024616810192279681e+00
1.028597995649832120e+00
1.057398977132386175e+00
1.084622298664222884e+00
1.094260112195239332e+00
1.026663720899186893e+00
1.039620201815427025e+00
1.073437658195079969e+00
1.005387427967721958e+00
1.083996550029920902e+00
1.001870323493389892e+00
1.062614177324430198e+00
1.012877837059869890e+00
1.075329130792225030e+00
1.052337689664312181e+00
1.020585951712566830e+00
1.023554342510961002e+00
1.035644301585239901e+00
1.071299083528848506e+00
1.076396829525572807e+00
1.085494879704485882e+00
1.029676780042289241e+00
1.005424443869686657e+00
1.090612461330150884e+00
1.049466901570195398e+00
1.076136899820210990e+00
1.019634528691162334e+00
1.022417448476124147e+00
1.083797550756218531e+00
1.012543107334770154e+00
1.001141088383295630e+00
1.094741327483643945e+00
1.009924346746096324e+00
1.075052272397294395e+00
1.081969790875696669e+00
1.079484110841285149e+00
1.082519023160106286e+00
1.059531844829823211e+00
1.045981734395840412e+00
1.012175472600148840e+00
1.097802832140927443e+00
1.084421081970295075e+00
1.079136566474352632e+00
1.004410612335528974e+00
1.084094062210596565e+00
1.004445717817215034e+00
1.030688545030773451e+00
1.046954896326291129e+00
1.074423940545164102e+00
1.079326029987982771e+00
1.010874887471667982e+00
1.008483563909694292e+00
1.083324357271385319e+00
1.098548478146862406e+00
1.067153607516000857e+00
1.010315701899484608e+00
1.066621185499100788e+00
1.048202124245884770e+00
1.044280751559856668e+00
1.040977023873800533e+00
1.096647160045498115e+00
1.011575405002957728e+00
1.046275224632532197e+00
1.076586035977294964e+00
1.053732916863858948e+00
1.091413933434255856e+00
1.009955910786923816e+00
1.021116913882330390e+00
1.022271813732806622e+00
1.053593037017065193e+00
1.004846384939289017e+00
1.053598504524157375e+00
1.003796376218960784e+00
1.092066657922853512e+00
1.058446295068296239e+00
1.087244852436055620e+00
1.054523998228072301e+00
1.040956240823860179e+00
1.059832402433709575e+00
1.017715652875755827e+00
1.052537379315907184e+00
1.048164659938688237e+00
1.089874596345975499e+00
1.099804639981497800e+00
1.015613273985809251e+00
1.050986850298108566e+00
1.093783750300105329e+00
1.063576256750287774e+00
1.020781591080640816e+00
1.008819907166835783e+00
1.042890079290928362e+00
1.002855486844106414e+00
1.009817735482196888e+00
1.069962185079448957e+00
1.008991096328831327e+00
1.045022268168609658e+00
1.030153624452412320e+00
1.039004167100797682e+00
1.048787714351895106e+00
1.009059420920510819e+00
1.072420945794148706e+00
1.012999045402241505e+00
1.098715189465662823e+00
1.025636936326145943e+00
1.072783213548291315e+00
1.028550090268134376e+00
1.099652116518169409e+00
1.051864229783378679e+00
1.065313204965279370e+00
1.082699927025103648e+00
1.095797119471131342e+00
1.062270294569047424e+00
1.050038346161108693e+00
1.098404820523553038e+00
1.069297569974539952e+00
1.004785957586732392e+00
1.012640527785702904e+00
1.072885251591743305e+00
1.016346233107103592e+00
1.014820251272653628e+00
1.070384163089992180e+00
1.044245152286299216e+00
1.028492165526514013e+00
1.046727575586889891e+00
1.086082986636752956e+00
1.063068821858292656e+00
1.036738823874329585e+00
1.052749045589911336e+00
1.001026082313886789e+00
1.044538311666883601e+00
1.047423963604332986e+00
1.045855184664151061e+00
1.050754236767906358e+00
1.047129354976477966e+00
1.091114677690460777e+00
1.074213623799592732e+00
1.063357557529811759e+00
1.060649514183120035e+00
1.069938305920226984e+00
1.022645113700430652e+00
1.083328152756559248e+00
1.042724115881423108e+00
1.030037615455104527e+00
1.035452136170521786e+00
1.036731698665510182e+00
1.064520698711580948e+00
1.073030793932525651e+00
1.022414167294195320e+00
1.094847870536324042e+00
1.022241119741647442e+00
1.033260262007452690e+00
1.047923785974198108e+00
1.034503077319691711e+00
1.026585155483517697e+00
1.028461462101550206e+00
1.047300733240499770e+00
1.034811375152316915e+00
1.008570731510228802e+00
1.058053935387879951e+00
1.074639103966086529e+00
1.070202809762965890e+00
1.083011251696692989e+00
1.045254172972142293e+00
1.047050725481216249e+00
1.057475769463270376e+00
1.039300644838049736e+00
1.002261326262801955e+00
1.072476910555322238e+00
1.001460117285837503e+00
1.009643344323200242e+00
1.039479735693670470e+00
1.057568755876694633e+00
1.056475914035070129e+00
1.073654191195524854e+00
1.025094459203578445e+00
1.070200472681846371e+00
1.023871060251265952e+00
1.085728974730222562e+00
1.081212679181795977e+00
1.053150756653041142e+00
1.089106467284316704e+00
1.055690398488107862e+00
1.054469128946888157e+00
1.066881059060711401e+00
1.002792655365802199e+00
1.021783734621375839e+00
1.061670528768539290e+00
1.077656772315066069e+00
1.077353850891849651e+00
1.047525473307624688e+00
1.058140594642919430e+00
1.098250157856558884e+00
1.052587429450902556e+00
1.045587090907911909e+00
1.002814554003585767e+00
1.098479973106627483e+00
1.000057296227012671e+00
1.016998045790608485e+00
1.083208041629885487e+00
1.043457806671404198e+00
1.011828494564200209e+00
1.092747878794490424e+00
1.099444079667179608e+00
1.030170353766367120e+00
1.000080386904868890e+00
1.030481842377438895e+00
1.076048044032514195e+00
1.098333598255201160e+00
1.041642322133650156e+00
1.093652964014606432e+00
1.087561930428307733e+00
1.046197605587877000e+00
1.086913687057309064e+00
1.074272964988795431e+00
1.078901261321552729e+00
1.036793334203492734e+00
1.004922080671801332e+00
1.092821794679267544e+00
1.093387609296662122e+00
1.086217762575032886e+00
1.027792043348680462e+00
1.015425363009892390e+00
1.087233081028465831e+00
1.057821131144967453e+00
1.055546889563026447e+00
1.029497119664914084e+00
1.091479233491414291e+00
1.001573221666025804e+00
1.071964653926821054e+00
1.074439355487781578e+00
1.061913547357301812e+00
1.015390644404203790e+00
1.012981209119213410e+00
1.059744451320261183e+00
1.072054978005416048e+00
1.001440239290201539e+00
1.021623909718931023e+00
1.072873935817157287e+00
1.052672843602303177e+00
1.085872897367698986e+00
1.073842649149347128e+00
1.058410815086358925e+00
1.074037633829818761e+00
1.078303845810952399e+00
1.000652285332318980e+00
1.076668083547135168e+00
1.098679957947310548e+00
1.060364025742760230e+00
1.055765131307554006e+00
1.029602859103112777e+00
1.031140735051337076e+00
1.029528224786261825e+00
1.088807027056534205e+00
1.060240230308860720e+00
1.053296253080395761e+00
1.043016549741382137e+00
1.093055321767061550e+00
1.062472441866523898e+00
1.026770100712343314e+00
1.005245464536683064e+00
1.014254988829850879e+00
1.022348911391409265e+00
1.020161834217216068e+00
1.079514255068544371e+00
1.080187114513503133e+00
1.001511674374222283e+00
1.063139730955870110e+00
1.020851270824626678e+00
1.019784903990265335e+00
1.021731356844349570e+00
1.071235057355614195e+00
1.026073462200329134e+00
1.054925439328958658e+00
1.030517105624813246e+00
1.064630980118321135e+00
1.071299286061220490e+00
1.089232329407428201e+00
1.013697495955939720e+00
1.068643301583771743e+00
1.077481403466734378e+00
1.007566708261538269e+00
1.006377677962265960e+00
1.019497001973958872e+00
1.005156544793740725e+00
1.018176079442070670e+00
1.019340764117197207e+00
1.093391717334282642e+00
1.053199461559019223e+00
1.024145413036360752e+00
1.028655616077320589e+00
1.002372604515156196e+00
1.034105707116165895e+00
1.057944253365188603e+00
1.091959472160686229e+00
1.016583273817087907e+00
1.061959661549878753e+00
1.007245350332528044e+00
1.022560956878775906e+00
1.059738920128223461e+00
1.050164252956334421e+00
1.070785794283974246e+00
1.068064313994282033e+00
1.019049727547690187e+00
1.006926314611880757e+00
1.038055666831126933e+00
1.043886552624677666e+00
1.071775539663272436e+00
1.055204925870057098e+00
1.049128032283646261e+00
1.003201203989604551e+00
1.005414451458277458e+00
1.045796705248693392e+00
1.041459232893521714e+00
1.002805472878109727e+00
1.076284573827758217e+00
1.004921272652752107e+00
1.088024829489130152e+00
1.018769662420999866e+00
1.089772325702971445e+00
1.071074522658350237e+00
1.062376458139117963e+00
1.037768441931608665e+00
1.045719422616723904e+00
1.048321384418666957e+00
1.021077331825531509e+00
1.079283585058339767e+00
1.099256994214417915e+00
1.077471337260359263e+00
1.071903010146813218e+00
1.061375831655607005e+00
1.004782343173368897e+00
1.096385980971574359e+00
1.007771815909182633e+00
1.032046304124676350e+00
1.011916992013806693e+00
1.087432464980361724e+00
1.009337463224176279e+00
1.053189240356761536e+00
1.002524073676125616e+00
1.097772284235994045e+00
1.087970222736557080e+00
1.093456220777877741e+00
1.074416850725797845e+00
1.025314546329443077e+00
1.062027282713982945e+00
1.033104429550034897e+00
1.096131785276494019e+00
1.042982213143431869e+00
1.059893110599416044e+00
1.079394017893564595e+00
1.039687975706804268e+00
1.091094231027870620e+00
1.076550490327236043e+00
1.085870296659973366e+00
1.037432265165420420e+00
1.015626102384399099e+00
1.080060169310780749e+00
1.062876166782639187e+00
1.028031306452783955e+00
1.005083106708150709e+00
1.046134879621923197e+00
1.020958113499907505e+00
1.070092417475457580e+00
1.000463953721463906e+00
