9.614795134095316387e-02
7.102553291654602197e-02
3.797080582578861441e-02
7.809795827057311457e-02
9.468792230231862228e-02
1.330468136964063977e-02
7.199535688019065294e-02
8.430406649505456373e-02
2.277187446774764021e-02
-2.026403007242012083e-03
-1.636113406547811538e-02
4.357590589601428865e-02
1.584516783154611697e-03
2.358442634657159295e-02
2.028016347069678052e-02
2.554556516119174323e-02
9.851838684916096323e-02
8.594302776046904013e-02
8.139609338288052165e-02
3.386203004874324685e-02
1.579290356363274514e-02
5.735890348020762641e-02
2.860112881175322710e-02
-1.134545581006625448e-03
1.638566244977014350e-02
-7.600943015626100002e-03
-1.676521913714103598e-02
9.924872519806929305e-02
3.780850989880303603e-02
9.621841190052775328e-02
-9.575550156234071200e-03
9.524568421349535741e-03
8.583904523681548659e-02
9.139432057319948899e-02
-1.238054786029087889e-02
-9.769326617885765174e-03
1.680000368793883522e-02
-1.921297902320436013e-03
3.767436120740055849e-02
8.458257981837462303e-04
8.851961458700206842e-02
-1.458938174709403096e-03
9.425763122430629026e-02
9.783379902195896149e-02
3.797325109105735563e-02
8.470626252621851759e-02
9.079470850677052313e-03
6.242217046918806245e-02
6.321843801907060800e-02
3.661201176391887246e-02
1.620120011346212405e-02
2.113256858127639595e-02
9.135893079273216255e-02
5.552339708827103149e-02
3.360153270967462802e-02
3.557171302847138283e-02
2.093392529550027956e-02
1.906003353474373593e-02
8.011201504919077121e-02
2.221021537212303568e-02
7.452750855947748443e-02
1.979345661045907659e-02
-1.988903015802127167e-02
6.195167688550499985e-02
5.961384036955919008e-02
-1.753966364964734681e-03
7.642841753593117293e-02
3.101511840062819506e-02
5.497884064541994076e-02
2.584641260973807517e-02
2.203993319541450516e-02
4.589373977981890673e-02
8.186155412477640059e-02
3.420479134283692380e-04
-1.242998310596071972e-02
8.044438923186073009e-02
7.168416983460695890e-02
2.108884080710706280e-02
5.869959085390430431e-02
3.746264156027620529e-02
4.880722223946715177e-02
9.979789065148975125e-02
-1.887849080652280118e-02
5.765901341859921980e-02
6.340978372426815668e-02
7.349350278446042939e-02
5.313039089562975048e-02
8.926311426924492254e-02
-1.924827689377577727e-02
8.868884477626516605e-02
4.881865764828773047e-02
4.371703990444797405e-02
2.152552454898534404e-02
3.859938539481999609e-02
4.360075435171502367e-02
9.545590751768104343e-02
7.057037906547823647e-02
7.528225643361176334e-02
5.178980883585473927e-02
8.535999450980759351e-02
7.132541141590828526e-03
4.747311426793918154e-02
4.971649336000225072e-02
-1.174740984621121254e-03
4.061541948786860645e-02
7.695231446391406771e-03
3.169764087259732688e-02
5.134996863002974643e-02
9.546077118941255490e-02
1.439027307349256476e-02
7.162375661991222942e-02
4.142046989033036641e-02
1.877709848837941578e-02
9.076599237366740625e-02
8.357859703185001321e-02
5.688040965967113005e-02
9.258944493225074179e-02
-1.287497227448123130e-02
2.960880307066306519e-02
5.380130057331458659e-02
2.953108283691837158e-02
8.069558190013678689e-02
8.334486494686398073e-02
1.475109105024101711e-02
3.119016443626980092e-02
4.425494549618724793e-02
-2.573104311936347949e-03
-1.377904585922781408e-02
8.491450778830400559e-02
1.338046687914105567e-02
9.363840950788891726e-02
-1.395788356436974270e-02
9.151422568008367453e-02
3.547115325846879330e-02
7.305155949453523423e-03
9.969592923671979912e-02
5.257448901724356971e-02
8.205678663404766815e-02
8.147690502335894203e-02
1.675863480583779028e-02
-7.597383384091339550e-03
7.867206222056474796e-02
2.156296143874999668e-02
1.561842570407853334e-02
5.466052258868396574e-02
6.079315086428117854e-02
9.275043427291830567e-02
7.292926088747453406e-02
-1.322518622163097561e-02
7.304566759616659688e-05
6.743230007373209045e-04
7.371638850444911517e-02
1.299348139853636827e-02
7.794859396769397708e-02
5.944782581666199772e-02
3.493929984277087397e-02
-1.326435252085938002e-02
2.598164132092528264e-02
-1.291860483768936599e-02
4.574966904653296473e-02
8.322885199652024779e-02
9.518777044144662025e-02
2.185025629427847157e-02
4.532844011101384851e-03
5.208699968045125972e-02
1.906746646523546293e-02
-1.826274343897416746e-03
8.355211336286344492e-02
5.836593111763460628e-02
6.361585463673297136e-03
7.595963263382886355e-02
2.316536228920266019e-02
6.810984515350487767e-02
-3.411453003593870048e-03
3.783380964032780069e-02
8.473904451483048328e-02
4.647793158439311040e-03
3.280838345586795102e-02
4.173864051757673888e-03
3.630566838332223434e-02
6.500851754414027628e-02
-1.842988952035751193e-02
1.244242420369506483e-02
3.892335707411563595e-02
9.687862391842196053e-03
4.515813214750560856e-02
6.697244164523320775e-02
5.740842225580752856e-02
9.168506324181563416e-02
6.261964807327434490e-02
8.731263692750713956e-02
7.254616855281892374e-03
5.599609032225255634e-02
6.723845011826892759e-03
8.533424518709818718e-02
2.705413680762727355e-02
1.497695518618276031e-02
9.763333240979402139e-02
-4.347472949625501293e-03
4.523776583639889382e-02
2.225596864288990548e-02
1.259536966894670915e-02
-2.201738824080042012e-03
7.418759893131074423e-02
6.826202089346528057e-02
4.857672674454090178e-02
9.699190670155087568e-02
1.617583944554535150e-02
2.687341261956121760e-02
1.556148904828198384e-02
3.334249728245058941e-03
-1.536765912764066419e-02
8.347207567046315002e-03
4.517793249565343894e-02
2.160447688546194775e-02
8.211679746465508356e-02
-1.708773015277008020e-02
2.649524417486610536e-02
8.175037321220095243e-04
-1.797161901968378356e-02
-1.319878031832604978e-02
6.380459977572928987e-02
-3.840280653105536401e-03
-1.523980897733651779e-02
9.492941427985933378e-02
6.671204294202538743e-02
9.709638722876827444e-02
5.057374899303300475e-02
2.182878557810865108e-02
9.420736371105288554e-02
-6.970525231221658125e-03
8.306886114925574049e-02
9.008027450477007481e-02
5.806626788572079312e-02
-1.127394056033251962e-02
6.753723841370946890e-02
7.317223814651975522e-02
5.965086845080913580e-02
9.526366584319428954e-02
3.904191355207398129e-02
1.807580264453568716e-02
5.357283691426235894e-02
6.496611039364789952e-02
-1.493609208346749484e-03
6.073297734983429397e-02
-5.543964869245193369e-03
4.261583484128551869e-02
6.217378021125680165e-03
7.741106285223200295e-03
9.721208068908791800e-02
1.731397846339950350e-02
4.273916797764448772e-02
2.004388048805275102e-04
6.211962306145898949e-02
1.839104996531011962e-02
-5.832637688932445705e-03
7.866941150349152090e-02
2.395032353242100218e-02
6.151248277918418272e-02
8.444700965569676421e-02
6.694940437104543451e-02
7.725121797703363158e-02
8.991134851626944591e-02
4.120697993131935966e-02
8.544405473784820459e-02
2.421125613606533306e-03
3.870012364164630847e-02
8.374738209443449710e-02
4.594779842639067080e-02
3.843529413299172359e-02
-1.210801556492532502e-02
-1.397076552529444640e-02
8.813345831002437902e-02
8.723675974636348196e-02
7.858714485613410572e-02
8.795985733377156834e-03
1.876019256674940974e-02
-3.308318416861997374e-03
-1.601593371183586759e-02
-1.758319553422997561e-02
6.023562785907748268e-03
7.629720007364879097e-03
8.922306723202988454e-02
5.811340135244238980e-02
7.100920827489219656e-03
9.268294027831520954e-02
6.925248196112233912e-02
9.368666724491395148e-03
1.056706198106393407e-02
1.961806699768676651e-02
2.168258819492366665e-02
4.613351855754388442e-02
2.410604577527561757e-02
7.960700117724868463e-02
7.829415786277481304e-02
3.673216504102914948e-02
-3.726833671991766628e-03
8.507499981566264691e-02
3.148596178494966757e-02
1.964666798206830475e-02
3.932361403456770266e-02
3.847505864602128456e-02
1.957308319015297129e-02
6.436806179361723168e-02
-6.356465825069395129e-03
3.142516512756091118e-02
6.531458032162897054e-02
5.788446473728044162e-02
4.564145454557086423e-02
1.066784745435441287e-02
1.165988872992402767e-02
7.409855418291699802e-02
6.698923552756878841e-02
7.292029939014783857e-02
-1.557380556333670500e-02
9.240987097352329482e-02
6.705641756598168524e-02
-1.539814444944784255e-02
7.099158378585131157e-02
9.922972715776089137e-02
9.341832285839352101e-02
2.064318889926246292e-03
9.769886145973040448e-02
6.223643131055357769e-02
4.953739568651020775e-02
6.687557866517417071e-02
6.962793659809725366e-02
9.119722994727037790e-02
7.468438522293954773e-02
1.653781021150425509e-02
1.708197435368692327e-02
5.176600636451653137e-02
3.365699033688429598e-02
8.079060620267336512e-02
8.385995772491675049e-03
9.575080757195325587e-02
6.054058349826003937e-02
2.644293274115417161e-02
4.183481304384964461e-02
1.060634793192507391e-02
6.146129395174883270e-02
8.345883566334538761e-02
-9.948162345440358587e-03
5.183818309994139839e-02
-1.340413795985945927e-03
8.767483010158134277e-03
8.490367314614237493e-02
-1.914811195719532885e-02
9.988833091713344992e-02
8.548979284038681070e-02
8.443038913159746361e-02
9.773821004659140332e-02
-6.076086811586027189e-03
2.551555205734597556e-02
2.034676759019942230e-02
6.296098351387909020e-02
3.484867204968400412e-02
-1.612461298551213715e-02
7.819415383639921613e-03
9.000733680674898041e-02
4.819848518353034295e-02
5.510480247630726580e-02
5.883673191143648507e-02
3.063656960688165842e-04
5.633309276456489878e-02
9.728066071681948368e-02
7.640708146533771450e-02
7.920325503814529267e-02
3.069288395133530287e-02
-1.375476475607967028e-02
9.902186227499222559e-02
-2.065038854015627257e-03
9.583513060681865536e-02
6.014317034915038496e-02
9.586018569270172984e-02
3.455940920230378410e-02
6.675812005396998539e-02
2.473656390617768111e-02
3.503306878985961575e-03
5.147210343548083711e-02
-8.090938788514304841e-03
8.160551708383903535e-02
-8.301721661790901347e-03
9.387387851820779006e-02
2.309933887425085278e-02
6.485266343172738090e-02
7.342920560370680416e-02
-1.277444209560975666e-02
2.272731510983852510e-03
6.612514289502899323e-02
7.576172106197084921e-02
-6.116557820043526036e-03
7.066204646125057165e-02
7.492756253876564632e-02
-1.093887505139695682e-03
6.944297999955899303e-02
5.407166098377830243e-02
9.891406942405192582e-02
-3.366272864296405293e-03
5.697058822603964789e-02
-5.888377724781700129e-03
7.647310109994243099e-02
1.482529163342876169e-02
6.075993772512140734e-02
-1.753032486129945527e-02
-3.953348210363704512e-03
2.250909389058352791e-02
4.177307465666103836e-02
3.471230223638853418e-02
1.409464659128698352e-02
3.552330315121782212e-02
3.010509062533277616e-02
1.796948650141949252e-02
7.704064714016013032e-03
1.818959251175011546e-02
8.281968451279354826e-03
6.866131922471918614e-02
9.873292947722744906e-02
7.011140240201990670e-02
-4.559277494080461041e-03
1.398948798017831188e-02
8.438510197868746843e-02
5.501950662785661667e-03
3.774177017449745208e-02
9.202578924363399859e-02
5.594087295620699118e-03
1.733139617411126251e-02
8.018495065458210169e-02
4.980661012647986940e-02
8.318578846094623613e-02
-1.593790023435293080e-04
1.075785071294004663e-03
3.016852843613502394e-03
5.841501091339895702e-02
5.146745293795945697e-02
4.979637136938643016e-02
6.740858692627216264e-02
4.352072420148364595e-02
1.224693133979385187e-02
9.374924326716076173e-02
3.380105060426322194e-02
8.789016992301774966e-02
1.237630036570439365e-02
-1.389884407365868033e-02
2.039073771783098468e-02
5.107230491331406219e-02
2.808946921265658217e-02
3.338560040789352590e-02
6.974550866349105149e-02
9.537909662336789551e-02
-1.502534822564912526e-02
8.301516732982811009e-02
7.788148226631419480e-02
9.634846369715829861e-02
3.507394415075736072e-02
4.223397898149972018e-02
5.254385581734485888e-02
8.532148004998466040e-02
2.905417021902119423e-03
-1.886446296053242294e-02
3.431647244493345184e-02
3.268746078538783961e-02
7.499414486242000910e-03
5.089879295198844467e-02
1.663370721956609552e-02
-2.206831121819512187e-03
-3.794537832471717165e-03
5.092682885464522302e-02
9.940924098001764631e-02
7.361843700989049999e-02
3.809390340579781042e-02
5.144402541231651860e-02
5.012695273354736414e-02
4.734806139862934860e-02
1.671651017893964822e-02
7.184058808353475933e-02
-9.455178418223270098e-04
6.378575698492075507e-02
4.524347912406830041e-02
6.449195344265065688e-02
6.687144922862944818e-02
1.115752623313060604e-02
5.933360454320901756e-02
4.923169935833623945e-02
3.353552413297700152e-02
4.716490562614172877e-02
-1.955827103607039527e-02
1.749267460806254795e-02
6.524218048135807524e-02
4.728002257992297563e-02
3.983203595543995112e-02
4.515648348837685011e-03
9.943733835841986335e-02
-1.786781233933406807e-02
4.383112540514784439e-02
3.043459922375013268e-02
7.576219881638768250e-02
-9.900547714560233026e-03
9.202501773272472874e-02
4.335994382041065409e-02
