1.027198861457194301e+00
1.047026807523672165e+00
1.085410148114485551e+00
1.051343398287964526e+00
1.012240219436827626e+00
1.080565178126469128e+00
1.062791197551324895e+00
1.090215172039662228e+00
1.052618023326001184e+00
1.020545913819868256e+00
1.065770801915953303e+00
1.013478765515750890e+00
1.091542953130738569e+00
1.083692703519638201e+00
1.007436954442272325e+00
1.019404455390730435e+00
1.040314071799436357e+00
1.081051314852819578e+00
1.093378084073509893e+00
1.031970058073669483e+00
1.005607486576265197e+00
1.093228657247585112e+00
1.081430279688777141e+00
1.011787362701989545e+00
1.071883419881344501e+00
1.035037023925021726e+00
1.037157440573947431e+00
1.092487553046986193e+00
1.044783934870147757e+00
1.045650343545213357e+00
1.071459986722784308e+00
1.043634129849125847e+00
1.051980356243321202e+00
1.075497874353431360e+00
1.084286802371254410e+00
1.080685100392105857e+00
1.018606506549263102e+00
1.031953556664365168e+00
1.012878882236108113e+00
1.087033975752013548e+00
1.069981909884284210e+00
1.049024735067023206e+00
1.047564613836422742e+00
1.033089686314981659e+00
1.037279718879716039e+00
1.014075104413471706e+00
1.012639898419099627e+00
1.027632520665678895e+00
1.078786389078914221e+00
1.041902927259392930e+00
1.013757268588601823e+00
1.009080011124168674e+00
1.086222921673194008e+00
1.066330379306862364e+00
1.063341022201060193e+00
1.068596457556738821e+00
1.043300942164103073e+00
1.086341715207829850e+00
1.054613208258125878e+00
1.031393823916152197e+00
1.000110238332114765e+00
1.098256563813909903e+00
1.055955179995831994e+00
1.013824321543187468e+00
1.070635999926733195e+00
1.060265683062464825e+00
1.046673361617151743e+00
1.028533270704743430e+00
1.043562228754046473e+00
1.046421049229796951e+00
1.033685450788018878e+00
1.077348235729665094e+00
1.047371421598004337e+00
1.044602877327794443e+00
1.092666656797771418e+00
1.015497896470918704e+00
1.024996026342775979e+00
1.021575113315252858e+00
1.001113509228849896e+00
1.094631391626275985e+00
1.053221314871412906e+00
1.001619267422266146e+00
1.021690397603218559e+00
1.089984986197767292e+00
1.055633267282370280e+00
1.046446841018391360e+00
1.022602835588319659e+00
1.076154721672543335e+00
1.007836036893924314e+00
1.072172858342181456e+00
1.029203494092394866e+00
1.036408502793000341e+00
1.078811836031366100e+00
1.093577234387056452e+00
1.080644891509323857e+00
1.090408816217649512e+00
1.017220840072783128e+00
1.059190258389839379e+00
1.046752407742753022e+00
1.029062739390822490e+00
1.060219866281948864e+00
1.069505554343442633e+00
1.061550103606571538e+00
1.036246322811824605e+00
1.037779691188313480e+00
1.000550117676006101e+00
1.093427023978965851e+00
1.018918125582357392e+00
1.093559605249300182e+00
1.002979489725609685e+00
1.066406869176367733e+00
1.014455921633457214e+00
1.040602233526665588e+00
1.013429289374758735e+00
1.043984435939854238e+00
1.068710287641939871e+00
1.018746964892679907e+00
1.041854322838517533e+00
1.002529484484211419e+00
1.005743122084768792e+00
1.073269263162372367e+00
1.085856683859270477e+00
1.018374696264884971e+00
1.095959913484175097e+00
1.087465234864284813e+00
1.066727277262749407e+00
1.035898909749806363e+00
1.080877354007708124e+00
1.055442531484011681e+00
1.086395762700457013e+00
1.017205716886873335e+00
1.054725122544069471e+00
1.052026037367521649e+00
1.026649057470988335e+00
1.088630665599757741e+00
1.027408423086343170e+00
1.047749121394462080e+00
1.050371193333981434e+00
1.074559934802388650e+00
1.088121665148599426e+00
1.072630543306222206e+00
1.018267291508613281e+00
1.098983359300002238e+00
1.065628923455020027e+00
1.058614814694081474e+00
1.077253183372778533e+00
1.044211052523917216e+00
1.013454204004171411e+00
1.053688522843824638e+00
1.078463324348464702e+00
1.062488896714990139e+00
1.026550117135552664e+00
1.038927055511618347e+00
1.078428662880562383e+00
1.087088470027244957e+00
1.013018799842250850e+00
1.058214440841469317e+00
1.057816623221224273e+00
1.061905749994227488e+00
1.093284006089288773e+00
1.027480662495229069e+00
1.039342200955826190e+00
1.096313740339130316e+00
1.092595265671681304e+00
1.057212394452936799e+00
1.089586397005961382e+00
1.054933105962137629e+00
1.019960520589178854e+00
1.061808579649058393e+00
1.025410475765967000e+00
1.067952657833934671e+00
1.076060649846347861e+00
1.004969238720557767e+00
1.062405848354031956e+00
1.040500756196080401e+00
1.047810034200706841e+00
1.080099381142151982e+00
1.066715321752328416e+00
1.058988856059289718e+00
1.006584481893037619e+00
1.052061773381901544e+00
1.070143042507180731e+00
1.035979336832328013e+00
1.055666185099181975e+00
1.033802935016124636e+00
1.080969543056545357e+00
1.055379686335677025e+00
1.019225971026831212e+00
1.040794889215622021e+00
1.013377342466670106e+00
1.029654317723430523e+00
1.045063356194018134e+00
1.054037871650582936e+00
1.033730698176805518e+00
1.095433736867242880e+00
1.025362018847660206e+00
1.041139323671480987e+00
1.068476094258831832e+00
1.082311623810451540e+00
1.068565912003962781e+00
1.090455472991332275e+00
1.009978925716627396e+00
1.098298148128139307e+00
1.024430770498711896e+00
1.034651875662594867e+00
1.070601116031960620e+00
1.021453001772947289e+00
1.083871842660183882e+00
1.014744754208971145e+00
1.042359407274429106e+00
1.098999714390978655e+00
1.047029025743859698e+00
1.073999558425679623e+00
1.007950912416071265e+00
1.009652762184876096e+00
1.077196308613090014e+00
1.026235936550045302e+00
1.006443057895038518e+00
1.012215164740507545e+00
1.095696024003371738e+00
1.081500937244445071e+00
1.009267908190929708e+00
1.028684146777628428e+00
1.069343717427381213e+00
1.037042992939803288e+00
1.040400736716862840e+00
1.008234427302783454e+00
1.045214894384190130e+00
1.090052604087868637e+00
1.039222704030058120e+00
1.074468297363620373e+00
1.027862837596924761e+00
1.016639556143773993e+00
1.011869614779741466e+00
1.023194885158325240e+00
1.088368529367912840e+00
1.040807624112744856e+00
1.094256545638804479e+00
1.081395654867363554e+00
1.095357048472733075e+00
1.025005338976167302e+00
1.073501370371942265e+00
1.004099241270492326e+00
1.042375709654179472e+00
1.068543030588684939e+00
1.065625849197255670e+00
1.015986820083793374e+00
1.081634105554321046e+00
1.089540676774090500e+00
1.074930064515383865e+00
1.051787316662144312e+00
1.003013187100097570e+00
1.068404322543055729e+00
1.086240910722547248e+00
1.009537343061260195e+00
1.002730451061310202e+00
1.022973765075786412e+00
1.046249259730805958e+00
1.004553078353491058e+00
1.075859215481962616e+00
1.013429339290323528e+00
1.034937539955798069e+00
1.029059966888750788e+00
1.039435857828666432e+00
1.078002061599600880e+00
1.073828669845442230e+00
1.016323445979714579e+00
1.057145616335355198e+00
1.090659877733526129e+00
1.068144935426647457e+00
1.020742801264375554e+00
1.013951266915514182e+00
1.088372223451774978e+00
1.092185070382738488e+00
1.057852889439625965e+00
1.058811713804817201e+00
1.065734100865433964e+00
1.042806851512319666e+00
1.019013124045686780e+00
1.050198573173593219e+00
1.095869092148904045e+00
1.046540451692746121e+00
1.017709266103940413e+00
1.009618564241617999e+00
1.095757452855623537e+00
1.077661484706743389e+00
1.063491305758125449e+00
1.019346158520124890e+00
1.093978429731741420e+00
1.091035926063323114e+00
1.006411553846924711e+00
1.069289585294216138e+00
1.004101119756947602e+00
1.047434104686815415e+00
1.027566540069885459e+00
1.021594018916612834e+00
1.063724001875217651e+00
1.091681445158533936e+00
1.036946287099362651e+00
1.042857708636289349e+00
1.020780058618701691e+00
1.030585466964041297e+00
1.094031284653907754e+00
1.061088519107735717e+00
1.060259328871387519e+00
1.096630779777484799e+00
1.045390376827347367e+00
1.085953777498038342e+00
1.098317762226842298e+00
1.081584634345539753e+00
1.050880547633485707e+00
1.004826153008855805e+00
1.007608749343384513e+00
1.069758409946320210e+00
1.090963577032812770e+00
1.074435733214486488e+00
1.036521066674625624e+00
1.022438038290816253e+00
1.085058951752331025e+00
1.095252397048551929e+00
1.086908112465009957e+00
1.045050952283935741e+00
1.093469937891443422e+00
1.025656176993592128e+00
1.068860567098332659e+00
1.087678297636896607e+00
1.084537889397128474e+00
1.031093501500859988e+00
1.002198162240496737e+00
1.080617759783235377e+00
1.077810990414205916e+00
1.095997102293611913e+00
1.007037524107041948e+00
1.000805384979069679e+00
1.014130825841724981e+00
1.042573554661017088e+00
1.071485898157655825e+00
1.087537078966486659e+00
1.051289583776212400e+00
1.008133451959440707e+00
1.060166590876282955e+00
1.000450709186651022e+00
1.050679025863103133e+00
1.079682746044639208e+00
1.059282381788621219e+00
1.050067647963230044e+00
1.013921202070230398e+00
1.069273853257926898e+00
1.005994383957383720e+00
1.019104526729338822e+00
1.001078816161295792e+00
1.058038196011885868e+00
1.063653491600456746e+00
1.055628789958629410e+00
1.072625051259985529e+00
1.090913616413924370e+00
1.048951095458687366e+00
1.012066794537328951e+00
1.056970446377092143e+00
1.062599666584803426e+00
1.080982910467665814e+00
1.017201617840347794e+00
1.038074598167687768e+00
1.077393576305507805e+00
1.088307912241905484e+00
1.056832705305499776e+00
1.022210214226158875e+00
1.068042531929428218e+00
1.014643975300324907e+00
1.007888004424978501e+00
1.083162735275726041e+00
1.091018852190314359e+00
1.039674123594691357e+00
1.078156374275426987e+00
1.094669103500250040e+00
1.046863452425976559e+00
1.096140257586033506e+00
1.050541345726254017e+00
1.078773162242241401e+00
1.059799423542462815e+00
1.028966251305756252e+00
1.024135716493963733e+00
1.087180105969317578e+00
1.026247240449551956e+00
1.005072847054338414e+00
1.059730947323117123e+00
1.043126235174313132e+00
1.036802478260098193e+00
1.057974301856999588e+00
1.074936521144265633e+00
1.076644550599596073e+00
1.084268933239241672e+00
1.050307612628811782e+00
1.014987577528428053e+00
1.041959664299731969e+00
1.024771378379714992e+00
1.065213186098772580e+00
1.096213306681670829e+00
1.038389180582219407e+00
1.088092600021995260e+00
1.084745373239047739e+00
1.003152718082553907e+00
1.040322394280235541e+00
1.081957464942100211e+00
1.091737363828822804e+00
1.043321792172640983e+00
1.012252271026668371e+00
1.019476260296653169e+00
1.024267180933926547e+00
1.063912145348712368e+00
1.076041741187250933e+00
1.036754467053132567e+00
1.072754079334781396e+00
1.088371543765582983e+00
1.093507633133506962e+00
1.068020675072159920e+00
1.011530441818907944e+00
1.021236277020460603e+00
1.045968548083637595e+00
1.027270866661516679e+00
1.011415052235997702e+00
1.095886220908824926e+00
1.081042729214785059e+00
1.066769560295139918e+00
1.006891367019656203e+00
1.037533639665061846e+00
1.096402910125142682e+00
1.082076118857757452e+00
1.037809321195529932e+00
1.001244470157696576e+00
1.073122855198916037e+00
1.070270734491086673e+00
1.014546119259065460e+00
1.062621290231952287e+00
1.013418195960463342e+00
1.051618300186410115e+00
1.065197195434137267e+00
1.015530407563420168e+00
1.047439211486900001e+00
1.029207583756052813e+00
1.020006546648763779e+00
1.023478520205549192e+00
1.029927295379770458e+00
1.098891035948766248e+00
1.030946386994160857e+00
1.034331521795656128e+00
1.004971630120842896e+00
1.082540230463622244e+00
1.052786338607004213e+00
1.081259866180281026e+00
1.094273593049002846e+00
1.087896347148362919e+00
1.080495171105884555e+00
1.056771567366101783e+00
1.068915307421640870e+00
1.012826574292494008e+00
1.096495246347835240e+00
1.011473485140300888e+00
1.010103852575741534e+00
1.089450379057990359e+00
1.023372817159804216e+00
1.024674539227748316e+00
1.034586121454747820e+00
1.024672880885026949e+00
1.097643858071202239e+00
1.015795023660991836e+00
1.047561276134401087e+00
1.028417992581315055e+00
1.061891549259477152e+00
1.006553523464857935e+00
1.026727733283241184e+00
1.092353073215732717e+00
1.054631576204809518e+00
1.001061830147051745e+00
1.052206844821718335e+00
1.035715942306627557e+00
1.038178070089938565e+00
1.016317909646237583e+00
1.037290573336769661e+00
1.040988130687509949e+00
1.034271912680410965e+00
1.096012267389860240e+00
1.068763193972556147e+00
1.010681331156129348e+00
1.011154869328278361e+00
1.074835226329293292e+00
1.011023371634823587e+00
1.086977283910483649e+00
1.055724707340945479e+00
1.069413472465216453e+00
1.040844613887002668e+00
1.012277301255582795e+00
1.026747625726361690e+00
1.054128591512311974e+00
1.068796674610170472e+00
1.076952093231499985e+00
1.003478566320443299e+00
1.006907047153837054e+00
1.054876849591316113e+00
1.012239886479570083e+00
