3.956742569903441697e-02
-1.108853629262973942e-02
6.695774576009573542e-02
8.761134774771359157e-02
-5.583534605597385847e-03
2.158190273084110641e-02
4.567310729109380629e-02
-5.364912061036680377e-03
-1.160431105245589116e-02
1.890881586719038790e-02
3.197968830539250906e-02
3.571399365045567487e-02
6.760769833207748436e-02
2.723307522309449322e-02
8.642623411878130879e-02
2.314200413199008974e-02
8.483199291162789313e-02
-1.301081319316618745e-02
5.338699992375084413e-02
8.035039561551254872e-02
5.938055622973692493e-02
7.404825948480117659e-04
6.833535272132160165e-02
7.979126205103803660e-02
5.665677205324114174e-02
4.944243561474943871e-02
5.634029866294994193e-02
8.612741534219432726e-02
-1.744545855583525679e-02
5.438572821515452738e-02
6.868481196013959122e-02
3.366913751550382194e-02
-4.315558892612991054e-03
2.231451319698029082e-02
4.736811051830260022e-02
3.499897715768879314e-02
9.446893757245178325e-02
3.617533645788817420e-03
4.275851483598869240e-02
5.820372212694298331e-02
8.107904932918022500e-02
-7.033033400545217820e-03
-5.794242168959410494e-03
-1.329301693694656325e-02
9.474914169294836042e-02
1.844704081555121819e-02
5.381971432751129353e-03
-2.670783916404833452e-03
7.652789398701148604e-02
4.086855320270270375e-02
6.130129275038632974e-02
3.190089863900064104e-02
-1.078519061601911078e-02
3.141721410082977395e-02
1.483048134358968054e-02
9.854263580980202053e-02
9.138444420402236368e-02
2.144371485475221953e-02
1.766601249810953109e-02
1.115927793453586753e-03
4.012226101180503546e-02
2.993674737989589565e-02
1.763050301045097565e-02
9.556833996820210397e-02
7.406154960870876824e-02
3.778662657187516205e-02
3.465266575612575839e-02
3.573359214237445403e-02
6.142173661294483833e-02
8.237636597635612790e-02
5.255042602815072905e-02
3.184174566179330534e-03
-1.717094537263211956e-03
4.671037381136908251e-02
5.527011966484018934e-02
-4.552024317090109379e-03
-1.299844000127898386e-02
4.373486640165814843e-02
9.924579904130388652e-02
5.085767298538830528e-03
4.479820278022388080e-02
9.623271164197119698e-02
8.623501750320491932e-03
8.151418850276867523e-02
7.653104867715040949e-02
6.151642195818383951e-02
-1.493925461100034137e-02
4.470481400214815215e-02
7.857517392489155039e-02
8.520589707279226793e-03
-1.327446491108707702e-02
3.886206961449868713e-02
3.440715389244299038e-02
4.525906539618430868e-02
3.999099038490895597e-02
7.201159996259481888e-02
4.926368750600103319e-02
2.063274673153546110e-02
1.200379065146090288e-02
8.173344383112067513e-02
7.954928165028067599e-02
7.039794140524630039e-02
9.611484831769077225e-03
4.627314114363401121e-02
5.491326535390404773e-02
8.222033750268355201e-02
-1.962635213962799288e-02
6.073223164245093730e-02
9.770851336030311751e-02
3.334071250658297847e-02
9.453690533763547954e-02
9.439916323971822565e-02
-1.403176265225923591e-03
6.304461407641903659e-02
9.703676035818115109e-02
-1.023347918085875524e-02
7.167835980703379795e-02
4.868695417235269218e-02
7.464292372772140388e-03
-1.986308285385325612e-03
7.047539277917548584e-03
7.647996786558623750e-02
4.275226578783664078e-02
3.021345740600533611e-02
3.543286030812466125e-02
-9.718407283924625217e-03
6.618735734103574353e-02
-3.691831597790684594e-03
9.618250563998784197e-02
7.681294621984767479e-03
4.083797207584248523e-03
4.872769527042430937e-02
-1.463639709298689660e-02
4.320521714522677914e-03
-8.826096368348372925e-03
-5.006777391152995860e-03
2.439302564993226993e-02
8.178381574787089991e-02
9.805085115330004764e-02
2.196545388667620405e-02
8.782941894907354830e-02
4.217093991119051644e-02
-6.037897648870707568e-04
4.063159910276060993e-02
5.579376319602477596e-02
4.588013129179999150e-02
3.370315133673289915e-03
8.234241142062731500e-02
9.515201812519127889e-02
7.188801477253801975e-02
-3.692809580541252246e-04
-9.278320275239657078e-03
4.123143424549298441e-02
1.535585167548709704e-02
8.327368021590601799e-02
6.371675283006680846e-03
3.931119370140769009e-02
6.542843572864254220e-02
1.699424523751956115e-02
3.227575543974789407e-02
-1.225881869147468078e-02
8.057329877202472346e-02
2.491771953470170789e-02
6.480854447359968296e-02
8.912803539737360059e-02
6.894208375260690858e-02
4.772735453183922505e-02
-1.402208906933448754e-02
1.915723642989773656e-04
7.862895298662948840e-02
6.583095383077876284e-02
6.111797872757300520e-02
6.669588208905091742e-03
2.333018506282990082e-02
2.029645657171494366e-03
9.573338958578177238e-02
-1.033894189266691341e-02
-8.545155991673540619e-03
1.332305595576908572e-02
8.909085101877987911e-02
7.914511760335903034e-02
6.635664490218515232e-02
3.953783485461877245e-02
4.272631562035089647e-02
-6.669640959067323072e-03
-4.679393937920765800e-03
2.098229375746108252e-02
9.936824796713258218e-03
1.928943172405455861e-02
9.010410093027310108e-02
6.180229711872906734e-03
6.233336744415243769e-03
-1.262553873364261059e-02
1.292620466657621800e-02
1.649466488591202692e-02
7.784370635171095065e-02
9.107569070427311286e-02
1.976806901151692206e-02
6.476305520409197936e-02
9.535337196694561313e-03
2.821742415160353665e-02
3.118322044987811847e-03
9.715267866809966513e-02
9.265122384990897436e-03
6.503607201078893951e-02
-5.402404748168707083e-04
3.259294233584439371e-02
5.488694484582440358e-02
5.898558617821587219e-03
-4.311333983236947248e-03
1.781376468716030018e-02
5.511575799450808832e-02
-5.367735074280170771e-03
8.747703158850846095e-02
6.132959510795430585e-03
6.931257401573745480e-02
2.384859010155247414e-02
1.220428212071853272e-02
5.812143300122631084e-02
9.521211853976831174e-02
1.940728360567256158e-02
9.140318393871216252e-02
4.801386086025648259e-02
9.103510939730277696e-02
6.998711599460255561e-02
2.503413632212407938e-02
1.549534754543835033e-02
5.345846580784660573e-02
3.428154856912116188e-02
4.628070480994991853e-02
8.466385130952019944e-03
-1.908147372639881767e-02
6.969174439755250472e-02
1.812498854818068647e-02
5.859408640776454791e-02
8.915996441276986817e-02
7.211263501065896114e-03
4.684574002124206049e-02
2.705625557015360269e-02
5.493244214759393507e-02
2.246712385736978138e-02
-1.986235007683457773e-02
8.742608855378747323e-02
7.277693654065515994e-02
9.945266065608755757e-02
9.169310033079423883e-02
1.709005433315318248e-02
9.651161974056766957e-02
5.737564927257671199e-02
1.624946408143477725e-02
7.010874403536483668e-02
1.385280756399632010e-02
2.596204938342861965e-02
9.287380444943583307e-03
5.015343734466255754e-02
8.566597203999735954e-02
-3.701478497245523636e-03
-1.813844540194754426e-02
1.969733230413753602e-02
6.445914160558664091e-03
1.247822037901434242e-02
4.920360326926173644e-02
6.500277827259254293e-02
-1.995975322327256385e-02
-1.175506391742552059e-02
8.109202229985455757e-02
7.230168500001597776e-02
4.653580021524163224e-02
-5.435665625832596798e-03
8.843612379519071032e-02
3.334362238770431641e-02
7.088485830036650448e-02
-1.134936501510382285e-02
1.170493904784789332e-02
5.694849465550830270e-02
9.253848988233177864e-03
7.801030189228551348e-02
-1.801376244486566774e-02
-8.623775117206492966e-03
9.746861954387417426e-02
1.184595866886356194e-02
4.815034336541443305e-02
2.494312734455788813e-02
1.512000324182661767e-02
5.614579198937763582e-02
1.672623880816006756e-02
5.130153865745643721e-03
3.758643109951759209e-02
5.662611807427907207e-03
-1.252611093895736327e-02
3.335930768785095452e-03
-8.711155004098164456e-04
8.491967797729838008e-02
4.896543542106175650e-02
5.916627311120237209e-02
3.134050367518899372e-02
8.888409715064563010e-02
6.718816577677304280e-02
-2.928129867891149374e-03
9.465530049233819576e-02
4.024632241311809633e-02
4.349732244420458083e-02
9.005484595408187742e-02
5.950859558734711285e-02
3.985557991702726177e-02
-5.161048565791775955e-03
7.247269048049650997e-02
5.667372669370625282e-02
3.340208069807934499e-02
8.654305434707112998e-02
1.877489312249701336e-03
8.464624785428698228e-02
-3.765139486642685163e-03
6.451337317380302638e-02
3.048172037384802233e-02
7.397635496759050189e-02
1.884209081796193661e-02
6.168946664589566864e-02
2.381601338896986372e-02
7.576584179577081080e-02
7.973923335617934260e-02
7.939395322547797285e-02
6.970090659513671072e-02
1.763316282114013936e-02
1.529383676393622146e-02
8.469275957208234618e-03
2.923317912696888482e-03
7.604560055819171993e-02
-5.739605943924428258e-03
-1.208994823197862001e-03
6.352273224326479562e-02
-1.213932385574705182e-02
9.207646752880760399e-02
6.368465358994487152e-03
8.132989972234997561e-03
9.862185399464494517e-02
3.778620291669419762e-02
7.607556693610711962e-02
8.066582039289144079e-02
5.459468889655583884e-03
1.035853222713693789e-02
1.976667239839758131e-02
-5.955965784534699922e-03
6.066505355128372357e-02
2.212246377350350970e-02
3.227337836483673561e-02
2.959449601161865881e-02
7.978506234448005940e-02
2.633697655707416610e-02
4.326531946503565929e-02
2.151740001298027907e-02
9.389822049976426221e-02
6.052322754028896523e-02
-1.043984254706982646e-02
9.304681972539247115e-02
-2.918574212645661664e-03
2.574179892631619018e-02
8.092673263238139847e-02
8.788241329359093579e-02
4.461022951764670452e-02
2.141153354090086919e-03
3.659858255977158081e-02
4.756641445937413726e-02
-6.839784274460990188e-03
2.808002078450614128e-02
9.369453696067327197e-02
4.559719513656057543e-02
4.634570143416660848e-02
4.292707807178679225e-02
8.516183301050514465e-02
2.352069630693561300e-02
9.834755289295236957e-02
8.581423256783879405e-02
1.417287565825132989e-03
3.186720320096773917e-02
2.908093558497074418e-02
6.925517270732711728e-02
5.861373546619207120e-02
2.511881519486211176e-02
1.801366355271632677e-02
3.488140830757706368e-03
1.225152132159936999e-02
7.884030498698856027e-02
9.183779148652479463e-02
4.760547836905019981e-02
6.248478894668972605e-04
3.644795885379752132e-02
9.609266000393652807e-02
5.923008936021552373e-03
6.092648776581856274e-02
-8.346589920602930437e-03
-3.662242702849351217e-03
1.821220070401023683e-03
9.269778672445529166e-02
6.137053863809563414e-02
7.852631329902404200e-02
4.854422154761774133e-02
-8.638454426018345872e-03
-5.637347077820832261e-03
5.493092966565460422e-02
-5.792704950720404394e-03
2.703574687516633809e-02
4.717680691389185277e-02
1.448722413775564363e-02
1.459531079126527922e-02
5.170681263165714803e-02
2.151730764292671821e-03
1.270839742341334580e-02
3.547017128694780752e-02
4.829707063729969663e-02
6.705132236946109714e-02
5.250306103153397352e-02
1.798522086125095218e-02
8.785917939492865480e-02
5.565892220011925406e-02
-1.727177655583684787e-02
-1.899639843589201807e-02
8.472980193226159473e-02
3.948260848971806014e-02
6.238652159407420683e-02
6.081981291891565278e-02
2.767141836257504955e-03
3.479996387321822315e-02
-1.973974673567524887e-02
1.758817253502501995e-02
8.381368022740234847e-02
4.040997033040033548e-02
8.336963259168103657e-02
6.776427923885000593e-02
8.704223607691177755e-02
-7.778923153103732904e-03
-1.340838658712950257e-02
4.692861628511309224e-02
-3.950155724985502520e-03
7.484821242734314428e-02
-1.808316861995512212e-02
2.357376084298793903e-02
-1.596677782029173875e-02
-1.571494884745145565e-02
7.865789033697093147e-02
9.888736656165919570e-02
9.273337537565558286e-02
5.688388401568807151e-02
9.933849421720584993e-02
8.175793603647160679e-04
-5.808253131384250034e-04
3.821491522240486050e-02
9.564375145202169692e-02
3.576485545685580830e-03
1.906819048107393291e-02
6.719128175639350886e-02
9.785013860426858279e-02
4.166595828936443813e-02
9.402679206157139868e-02
6.426594284632224097e-02
7.710305278448310873e-02
2.032525777050607843e-02
-1.811367064566327123e-02
7.994782691085436377e-02
9.637291243960581510e-02
5.312213890768312241e-02
9.690921377655030422e-02
8.077369566380339372e-02
7.829826863836805706e-02
9.483073732654030696e-02
5.410023563178258110e-02
-4.229417056125579083e-03
9.215281091359081578e-02
1.698033314827546505e-02
3.900364874122988490e-02
-1.638592883381669030e-02
1.043955208183014460e-02
1.552551759216676611e-02
4.480278858996011859e-02
1.164138559701839368e-02
3.324905805851914586e-02
2.588047084884681839e-02
-2.083156658928823901e-03
5.804086962446901310e-02
4.537565527737835724e-02
2.429981006203753638e-02
4.174683687549711475e-02
2.690825046535991194e-03
9.696235095308025631e-02
3.849045658253111291e-02
4.349209586561007812e-02
8.240347820117198407e-02
6.680073445337691984e-02
-2.391358808765859517e-03
8.984334387741188532e-02
4.168369156754322957e-02
9.247142107764978747e-02
1.400306535799708887e-02
3.662778098657347436e-02
4.669450695605183166e-02
6.921980905282999752e-02
9.774878801474093382e-02
5.158499405311252339e-02
9.054144240841746627e-02
2.393767928592928709e-02
5.593980275281511261e-02
5.945837657831336276e-02
4.206974964620067980e-02
7.251920228195599116e-02
1.598963354061691544e-03
4.730182216459270783e-02
-1.552656762548870577e-02
9.748743025370594506e-02
8.220534418030610302e-02
-1.621979513023429076e-02
-9.496401647494833592e-03
6.533808911962646349e-02
5.437175324909215846e-02
9.752870772900093521e-02
3.948887132400147326e-02
8.065819654382679060e-02
7.889926037678643422e-04
6.618661308486228911e-02
-3.986234145437469317e-03
6.569964535322049548e-02
2.027993598539249223e-02
8.598350714563567088e-02
8.193565330615260739e-03
7.767488195280593255e-02
7.943337621487416012e-02
9.705451625389786841e-02
9.649088483626513946e-02
8.460510881878918754e-02
7.644458141769559789e-02
5.673879977940141095e-02
7.493503845586566015e-02
2.510666233329561167e-02
8.407630341115458761e-02
5.790872249318858300e-02
5.878471713339189497e-02
2.484977995363251910e-02
9.407321272569876131e-03
7.735973764884516990e-02
9.981848575382468169e-02
6.704763663721259592e-02
4.979682482136171817e-02
-1.700591198964946857e-02
8.401726486917292236e-02
3.706812607564796691e-02
8.115121525494164989e-02
3.286713777851925367e-03
7.460866826584075517e-02
5.413120216823583131e-02
6.362501945715051677e-02
-1.175533676901378138e-03
7.007449348853282689e-02
6.747238991347828674e-02
5.128677674125715902e-02
6.425641301902931812e-02
8.053390996162777815e-02
6.648361591483584188e-02
7.572009576914104367e-03
7.105457228831192629e-02
3.197362308430971856e-02
5.404762709088510586e-02
-1.738518631107447560e-02
-5.803279986692147854e-03
6.841351064155200279e-02
3.850212355537728504e-02
5.780432504651039638e-02
4.439215687796686793e-02
8.374553964032242781e-02
-1.915555956788243808e-02
-6.431540377401579953e-03
5.339686852695318953e-02
2.648010593816915031e-03
6.953715119543436851e-02
8.302427445525918659e-02
1.072659198134745182e-02
5.471188423355793917e-02
3.698507566468162144e-02
2.475872626565895143e-02
1.504578273518067041e-02
-1.797374033003025506e-02
5.095132811545383111e-02
-9.854221107499401555e-03
-1.931036472110972402e-02
-1.868118052265660065e-02
4.877516338334497714e-02
6.807200984901795593e-02
-2.645456004092272551e-04
2.102430250982702600e-02
2.158344034475689552e-02
6.538378661687141435e-02
1.868501655938171677e-02
3.650258593107331972e-02
2.415037224272361185e-02
-2.725053304711660268e-03
7.584101946891197432e-02
9.311511067808377062e-02
6.021590375088738123e-02
4.461524836005853478e-02
-1.269252767920053988e-02
8.373137624818383778e-03
8.891637732083894352e-02
2.364834611165112996e-02
9.475204319218455407e-02
6.153229858038057609e-02
6.817686655770471837e-02
6.930851649853246588e-02
5.161750215017262000e-02
-2.436987805337836183e-03
8.400122278358089500e-02
5.829623620086590852e-02
1.045418746183928230e-02
2.703410120433843641e-02
-9.430445285853555210e-03
-1.173128170080666582e-02
6.990963433372268665e-02
8.268484881388932228e-02
9.984448449672532477e-02
2.345778074019134324e-03
3.596165647116994490e-02
9.310621952309827698e-02
6.398806440014176422e-02
5.097375029151500481e-02
3.855037592917803790e-02
6.424336434425392817e-02
9.740081544583061024e-02
5.043371522332784629e-02
8.014804312274774467e-02
3.123840047146858243e-02
-1.761317643452925755e-02
3.188025024970436716e-02
9.655068437677322146e-02
6.676279381834573923e-02
1.471584703897491422e-02
4.897567930331214736e-02
1.986414143348491992e-02
4.628205792741192648e-02
3.054032499852303226e-02
2.387409046673862403e-02
8.249971612007099553e-02
1.446312323175348927e-02
8.847084923609924156e-02
-1.238950568093017540e-02
8.450439137206451623e-03
3.789266939565223702e-02
2.166341381280338999e-02
5.583474474400207388e-02
4.479303501618275840e-02
6.223132398083765227e-02
6.496601699653410666e-02
2.790241612004504962e-03
5.113642487724983504e-03
6.122869380575809983e-02
4.373229220899993441e-02
-9.198092504241762654e-03
2.404685204379621369e-02
5.216732456591947897e-02
4.788932341763288414e-02
4.782792419710545084e-02
1.544679566555394110e-02
2.206347764738199671e-02
7.761835790227558651e-02
2.601689521430628274e-02
3.142706791242658171e-02
9.150356208578087902e-02
8.275807835179303795e-02
1.456578904010658385e-02
2.895038295246435064e-02
3.221393934548462401e-02
6.993430953161226815e-02
7.842690042097841263e-02
-1.411764143975354109e-02
2.320338455146596021e-02
7.663777780219888092e-02
-2.323650379043879638e-03
-2.976154164046829892e-03
3.238215331735533331e-02
6.670393995321298453e-02
-1.875434843683962405e-02
5.099745982643362485e-02
-1.225770754539197600e-02
7.464572724994428254e-02
3.102696415796308768e-02
2.204831394652633295e-02
-8.522727265704377678e-03
7.869278692051225738e-03
1.646392775458900906e-02
9.523253089611989630e-02
-1.114556046448325968e-02
-1.912054554016572733e-02
8.776876122193069674e-02
-6.524632488549566081e-03
1.543364581958234574e-02
5.235913657299123836e-02
5.842182779720572761e-02
-5.374411049115956907e-03
5.998016875264344794e-02
3.769858071996588789e-02
1.307000458467727153e-02
8.834599519703389969e-02
1.078815535199535713e-02
6.616978817372624888e-02
8.181646662222590016e-02
-1.885148090466254658e-02
8.369569006199109595e-02
2.212250112307790131e-02
8.434746510445180478e-02
5.605502156404922054e-02
1.676470089886375470e-03
2.815058455627228104e-02
1.613367792867608994e-02
7.340436685938221684e-02
8.295303787630776970e-02
-1.376377077424219275e-02
-1.531883427111031121e-02
9.539192662203026252e-02
6.150371956395227213e-02
9.507850742853589388e-02
7.779959665164436211e-02
8.589910652794248425e-02
3.586354987547450690e-02
3.146616151635740766e-02
3.070907637229553303e-02
3.645494832876204627e-02
1.409515411575563634e-02
3.462348095055398089e-02
1.921863352422302842e-02
3.012351566361823677e-02
5.433769536997795635e-02
-1.248853912164054475e-02
1.637617157290174874e-03
-1.792318252618874466e-02
5.073225035101877611e-02
4.349311151811033338e-02
5.024675665874875352e-02
6.185446219115854627e-02
9.578964058258034042e-02
8.758305467816231149e-02
4.427834616203320250e-02
6.901999651895054932e-02
7.519322053069280032e-03
7.373775016069340771e-02
5.333198253322062043e-02
1.695897191595022516e-02
5.086297345722422258e-02
2.407372049865638339e-02
1.521743634961984434e-02
8.536412109078120314e-02
4.164280122901581338e-02
3.524856728508878045e-02
8.195338922601640153e-02
4.023880718860695094e-02
3.698874320348906342e-02
1.395702056259083210e-02
5.290520917103228027e-02
5.097606308162508371e-02
8.225627758816272950e-02
3.537973159645244059e-02
5.010158640552868359e-02
2.460087241223867308e-02
-1.761674517630556352e-02
-1.760258360423556240e-02
3.071157471210944276e-02
-4.842752691174085494e-03
7.782866747423018705e-02
7.469150349636631547e-02
1.520604346861778935e-02
9.882827462361232912e-03
9.945982200361884462e-02
2.745154253304850703e-02
6.687073000263320244e-02
9.851201645075220725e-02
5.391942978436455036e-02
7.062094417758769949e-02
5.078870910131129401e-02
1.093178484177030618e-02
9.104619498537133704e-02
7.925800484018738490e-02
9.743122816764498983e-02
6.853369696261331356e-02
6.624791253848352768e-02
8.622768502186911599e-02
-1.106899796248635333e-02
-1.519121186486692074e-02
9.983698762276638217e-02
6.658551026545056484e-03
-2.674853925553204864e-03
9.795605148579854260e-02
-1.175433478549546204e-02
1.402625858265519124e-02
8.281504219041746495e-02
-8.780425872781435354e-03
9.053115607520842434e-02
2.427839611784131726e-02
9.657413024957263448e-02
3.967468603462179222e-02
3.318734792041021231e-02
2.614879100509854074e-02
4.295205769506652005e-02
3.798503298032551712e-02
4.211808729906227344e-02
9.908029094839157502e-02
4.741226120735395066e-02
2.118032900927166104e-02
6.205972511931087676e-02
3.572448391634706205e-03
-1.646012164794799851e-02
8.513518508910607185e-02
9.971393336607292657e-02
5.677355170310088850e-02
-7.407462449686085318e-03
2.293350453774285064e-03
9.256084038268048986e-02
3.169640803174610111e-02
9.787295207952954879e-03
7.326740224281017011e-02
9.820579484607980247e-02
-5.142808071331338854e-03
7.892017864736375343e-02
3.424611580153370805e-02
9.215924635006635113e-02
7.217312220357294250e-02
4.904862871493384513e-02
2.348063686393651525e-02
5.551823409158447575e-03
3.133855800744131392e-02
7.040789266004966740e-02
1.384868304841178552e-02
6.199811529542320621e-02
6.760530238411494031e-02
8.383781596602141173e-02
-7.822918315247119961e-03
1.175813430145536756e-02
4.684226515723075024e-02
2.584016936811906959e-02
4.664405162813527184e-02
7.925288659677284797e-02
4.431282946581917292e-02
3.491909049099145568e-02
8.491553579243775463e-02
-1.536226248764161265e-02
5.961836103128159703e-02
3.235116227110304554e-02
9.078195968305137475e-02
6.392247640041785750e-02
8.267868983514499448e-02
6.873312946801644896e-02
7.714686700766225369e-02
-1.900451190716103550e-02
-8.023564375120802866e-03
9.980519266205635509e-02
-1.499091911902176305e-02
8.678612530449975049e-02
7.151863004323086304e-02
1.945017308648118795e-02
6.508966106482494407e-02
5.436882291686184754e-02
5.210308935840703842e-03
1.050954588589150807e-02
-1.259369869366009850e-02
9.178204036497436547e-02
9.761753938629355587e-02
4.694377940237456914e-02
7.921328456491022463e-02
-3.701293797939205626e-03
8.415729169808851273e-02
2.761738136852345468e-02
5.909360879292192836e-02
7.892258853429431897e-02
6.125073894821314591e-02
4.351395560455752209e-02
1.069587959198133043e-02
9.655320737963976607e-04
5.330978924130666541e-02
2.816867930830735042e-02
7.238325979702237012e-02
9.827287487303558444e-02
4.018896034947180840e-02
7.764455862702175637e-02
-3.784142804594364112e-03
-7.184841881216406240e-03
6.524014811464749763e-02
7.053275746180363848e-02
-5.473295716295631733e-03
3.243531996706718046e-04
9.883875267149425103e-02
8.845805845154426639e-02
6.856047874145396182e-02
9.200484055610234913e-02
2.158674042867545981e-02
6.502203617752554121e-02
5.846807434863626751e-02
2.347651968004360948e-02
-1.557330918808598821e-02
5.251917588770764478e-02
-9.035331646819022566e-03
-9.319603399415402750e-03
4.900465529706050927e-02
5.179412241157446695e-02
6.048289935131001549e-02
2.878906584319347942e-02
6.364574471022757529e-02
8.384100346728554087e-02
-9.093187532193396094e-03
-1.883885247408926059e-02
5.800472611899015751e-02
8.081608488597034901e-02
9.391591049337774666e-03
7.977364064407355126e-02
2.185453243955460742e-02
3.892684246683449090e-02
6.076991262228068069e-02
1.983876931615082689e-03
8.576767821316633178e-02
3.039529421008907786e-02
-1.447700207979078085e-02
5.273466625885096792e-02
9.001857072471182442e-02
3.641712331224736254e-02
5.122484219621004087e-02
8.775903828966372805e-03
9.489555422344107816e-02
4.929430634682041568e-02
9.158795865708689588e-02
2.899725042179686699e-02
2.353105967491974856e-02
6.999785656765665498e-02
3.092137990113142873e-02
3.764115351867267090e-02
1.040366396824434977e-02
-1.290704900815428310e-02
1.223895359159927684e-02
5.883649901490253797e-02
1.954919417425056774e-02
5.157145104003754699e-02
2.511568445004050756e-02
6.885724485948328810e-02
8.666597908291478330e-03
9.366315616428689400e-03
7.763125113110003195e-02
7.404852975025695561e-02
7.323091633989656235e-02
-6.815719897709118444e-03
-1.428567771839701211e-02
2.241031833350797323e-02
-1.944560875234462721e-02
3.695213939903328748e-02
6.496378612023907817e-03
5.855629941791327953e-02
8.692363928097097958e-02
8.723488279636056053e-02
2.872541375836174318e-02
3.756845598731983760e-02
5.356889926523898671e-02
1.501123027104913840e-02
-1.210067423451380991e-02
2.187018634070942227e-02
6.630687371956335563e-02
2.414994476876973148e-02
7.343861514448740690e-02
-8.282488678852461400e-03
3.147468451361588870e-02
6.225414179497658351e-02
2.973117822482194625e-02
6.621251206241962617e-03
4.494835287036974547e-02
6.046239891227100927e-02
-3.864519429026554154e-03
6.375374871173719593e-02
8.498551404994407477e-02
6.760615759561595939e-02
-1.762639141483391195e-02
8.350021759964090795e-02
-6.674489509195490056e-04
7.751924886337870080e-02
-1.113672156519631730e-02
9.807222282989150330e-03
1.397452948774879564e-02
1.521034307444765407e-02
2.132283299198559426e-02
2.992720551955177846e-02
2.468376698316701243e-02
3.439852440112504961e-02
6.357176154551683056e-02
2.080344971847545091e-02
2.791666244750886164e-02
5.186736329563777781e-02
3.023730757840187647e-02
8.899744716039141579e-02
9.916949741263793305e-02
8.457982064900831931e-02
5.790281908147368317e-02
-4.073072928610678434e-04
-1.320449154019502983e-02
1.794639801814261471e-03
4.096338419838571610e-02
3.916910186287542173e-02
9.936541243875947338e-02
8.360016211488068005e-03
5.178483188399737869e-02
-1.840226877959259821e-02
6.170776580943077017e-02
