1.026965862321356004e+00
1.031599517728702287e+00
1.074554699295199534e+00
1.017665131770719267e+00
1.039210815393896592e+00
1.074427240541180772e+00
1.025560041897602970e+00
1.054877179449700941e+00
1.041633780468947945e+00
1.073218905312821603e+00
1.082224090824053464e+00
1.046798412752599328e+00
1.019105836071014126e+00
1.039771908091421171e+00
1.010122254990288182e+00
1.025326241365835278e+00
1.081966878007723398e+00
1.039370398214320534e+00
1.024113652304650568e+00
1.060933711181119676e+00
1.011923099150246808e+00
1.083438347081864261e+00
1.082258716595361880e+00
1.069832897578427700e+00
1.042348093656581876e+00
1.017524957976950528e+00
1.000334542205011168e+00
1.037647251347938449e+00
1.062424944933723525e+00
1.075738504575721510e+00
1.039416343992042524e+00
1.021280518804792425e+00
1.024647112197783816e+00
1.060880128829394753e+00
1.018044577335209366e+00
1.007490672492026729e+00
1.021105812108331623e+00
1.097668563756086790e+00
1.075094890425603023e+00
1.031155914719738664e+00
1.096933676881416853e+00
1.008944293703701423e+00
1.014922050109218654e+00
1.032311234898263264e+00
1.065763969310367987e+00
1.000446808117645636e+00
1.033128714818409621e+00
1.016742216604012983e+00
1.094512320537074146e+00
1.036505522206614849e+00
1.058544399083698462e+00
1.042461573104410899e+00
1.035321620941175969e+00
1.088713430111534430e+00
1.006289131716690433e+00
1.034672661349814282e+00
1.003827730949864439e+00
1.057539970678954333e+00
1.055317529314994562e+00
1.078364865591606048e+00
1.027240419194120014e+00
1.021184477176977135e+00
1.007635523119511323e+00
1.048599112108873133e+00
1.092633060389255117e+00
1.099846683263834723e+00
1.038017921223781892e+00
1.004682447279349633e+00
1.089199358470082091e+00
1.094417348268357904e+00
1.061306739877468930e+00
1.001381490092133175e+00
1.005890284537349633e+00
1.046695612787579499e+00
1.018532706557840894e+00
1.055653338878644876e+00
1.092967537217339524e+00
1.009315137243975924e+00
1.025123825927628962e+00
1.092175381479339569e+00
1.026096241988783797e+00
1.052669871280074387e+00
1.001164966820111690e+00
1.021756397206734723e+00
1.029570018740337156e+00
1.083324869935999413e+00
1.041379246227126965e+00
1.001788213157381202e+00
1.090204322260898140e+00
1.086964926023680889e+00
1.087937961543435916e+00
1.040172772602500517e+00
1.080865119023895149e+00
1.006236865572311956e+00
1.074412375545531040e+00
1.060552469624014504e+00
1.005616346317133480e+00
1.001563151456310141e+00
1.093592398868165061e+00
1.051686870798738793e+00
1.089990850523172128e+00
1.008876220829669101e+00
1.024254882327862548e+00
1.024652401404256841e+00
1.070004502655539813e+00
1.093662857024454649e+00
1.061550845023594869e+00
1.018122033149893690e+00
1.042711262026453367e+00
1.046298853102617832e+00
1.078100017650105436e+00
1.086638565162086456e+00
1.071743117189605687e+00
1.030594673937599071e+00
1.060747982485357843e+00
1.034607136669419836e+00
1.026209072268635447e+00
1.021542249961732152e+00
1.003964125197889690e+00
1.061194249585950988e+00
1.066594622762258471e+00
1.098505052617265720e+00
1.035311349359371969e+00
1.011948953823191388e+00
1.039286662354866220e+00
1.053346922899413673e+00
1.069909413102207330e+00
1.060301473395386385e+00
1.015403963399616361e+00
1.060354340654610317e+00
1.001693239126360879e+00
1.080623563850512392e+00
1.020173097950357821e+00
1.017006745953262126e+00
1.010888373730387091e+00
1.017999007337424766e+00
1.017749205655154254e+00
1.031246215952090539e+00
1.079872849150304237e+00
1.078554223685102453e+00
1.060089109050855072e+00
1.000891289754897606e+00
1.021871782516723393e+00
1.057877279523865344e+00
1.035478022711662449e+00
1.038384124999419011e+00
1.012221552183774964e+00
1.051401619340241123e+00
1.074688967571593157e+00
1.067800540164062228e+00
1.046680504642057974e+00
1.034905682788141323e+00
1.029974300895938111e+00
1.030691148562172588e+00
1.072887974297415781e+00
1.028196077530115993e+00
1.095745163226963914e+00
1.046110399330968388e+00
1.097168207041593346e+00
1.027058689374542366e+00
1.024520685693322219e+00
1.052690680448506333e+00
1.092229190298959596e+00
1.013797309704340677e+00
1.011569678872251465e+00
1.033046715778811242e+00
1.074420028107334835e+00
1.064391161972537692e+00
1.067691904583675244e+00
1.016598544794502956e+00
1.098169044246850357e+00
1.062835807738762961e+00
1.084145155679266281e+00
1.070393153684356058e+00
1.089275731640736877e+00
1.088872586447686919e+00
1.094016554086368442e+00
1.098964476401798507e+00
1.016620464989454131e+00
1.061143552642754173e+00
1.038361974497204354e+00
1.013570104012189388e+00
1.021253274343145279e+00
1.065919478145539667e+00
1.001757541093077464e+00
1.083781051703447185e+00
1.092942234916770117e+00
1.083871993702861802e+00
1.008904845387766258e+00
1.002809854673666790e+00
1.097387200158034259e+00
1.074183920491821542e+00
1.036953092772815221e+00
1.070995870709992470e+00
1.090372153041263781e+00
1.043327272608373324e+00
1.061679611499040332e+00
1.060703055475255230e+00
1.033133515964440585e+00
1.052262289881248147e+00
1.048524689719942726e+00
1.053853599379672490e+00
1.076272662533020785e+00
1.096496737520728182e+00
1.061379298556523132e+00
1.011153770652500006e+00
1.017505070310122495e+00
1.060268711128641295e+00
1.001739482493204436e+00
1.042069963619013384e+00
1.023886445395380651e+00
1.079215240809304088e+00
1.046221247855370073e+00
1.082230128026034466e+00
1.069406698767200403e+00
1.070931663971552261e+00
1.088507766402588617e+00
1.013243951404485088e+00
1.040064578633879133e+00
1.098534133551923420e+00
1.016343176533829773e+00
1.049386724115562108e+00
1.006418042668773216e+00
1.023451154516181738e+00
1.075787172188075624e+00
1.021570031477113671e+00
1.013292953493036608e+00
1.048351392770851209e+00
1.007586871486724212e+00
1.040926987041276286e+00
1.066042425006440864e+00
1.047760365270697713e+00
1.033140604085729830e+00
1.054596433710674797e+00
1.092424898134416456e+00
1.077902373315092976e+00
1.011573678796693354e+00
1.022190390605791199e+00
1.004548769941839836e+00
1.063896404801634610e+00
1.095418462847315810e+00
1.054332515483676902e+00
1.056299992311530378e+00
1.093610059291545644e+00
1.081436389349513361e+00
1.043561971357899409e+00
1.060562634708301699e+00
1.060407367328130901e+00
1.029067729284204091e+00
1.088292603821096716e+00
1.019191991817145260e+00
1.026435147270357895e+00
1.043472862452160532e+00
1.091734320513819245e+00
1.068637723899939607e+00
1.004543831783899499e+00
1.057390891610704653e+00
1.088095407447740692e+00
1.020223350784231320e+00
1.054682672393755460e+00
1.005321830299447328e+00
1.093736401546772097e+00
1.071666009574449019e+00
1.093646671834617834e+00
1.025606580271475110e+00
1.062206472068459640e+00
1.035699386089825591e+00
1.086795056434324724e+00
1.097011116171139333e+00
1.072215599648323137e+00
1.078704721166574565e+00
1.054357876315151543e+00
1.057604868981982360e+00
1.025532975578239858e+00
1.067804434521350210e+00
1.080276289994390293e+00
1.026773249172372671e+00
1.016265736670013187e+00
1.005222546640912817e+00
1.034678923185359700e+00
1.079355663020337808e+00
1.094284928611419128e+00
1.096283771704758436e+00
1.038936736801362448e+00
1.025528112934665170e+00
1.031018676761959796e+00
1.016236847199285753e+00
1.042488354443601439e+00
1.063743371347726452e+00
1.016961168203050603e+00
1.092868969048900407e+00
1.028011622467166708e+00
1.074165995791154238e+00
1.076891704452033416e+00
1.003560070964938822e+00
1.078754220097159822e+00
1.090209289266467652e+00
1.001741350622635363e+00
1.096464259278795428e+00
1.022779112574929483e+00
1.010477759961587285e+00
1.053902295754574059e+00
1.026028443178215177e+00
1.026895484733282071e+00
1.015511964981649085e+00
1.063470149311271706e+00
1.035470532492978268e+00
1.044485030877370546e+00
1.094541085885693654e+00
1.090176707531653744e+00
1.038655234896075363e+00
1.029991941468311190e+00
1.026142014426231652e+00
1.057508446907814870e+00
1.034671433007589902e+00
1.054456642897848795e+00
1.079220890441445313e+00
1.074931675219014560e+00
1.040858744215220844e+00
1.062695128728184724e+00
1.044067659742775156e+00
1.097983436902365995e+00
1.095225860152872599e+00
1.038903628797813283e+00
1.031748157922735665e+00
1.062563415620191520e+00
1.098702975957272843e+00
1.039503808399339313e+00
1.046796975134926200e+00
1.030523679484431021e+00
1.075762377231289868e+00
1.038706959434331445e+00
1.088423370729567186e+00
1.018308742198326566e+00
1.077277960895346220e+00
1.051871884049746519e+00
1.013018014143599599e+00
1.081830989018013334e+00
1.033545786493101692e+00
1.056593159307839924e+00
1.007849552860504039e+00
1.069052419681771893e+00
1.015321175097580131e+00
1.091585512207823516e+00
1.015928721813939895e+00
1.099807305600497775e+00
1.008217301527430276e+00
1.094593994439349904e+00
1.027741146530711358e+00
1.048835581522170601e+00
1.036808042208638536e+00
1.008899621714089534e+00
1.056354729895704336e+00
1.097044896196424757e+00
1.097004428613596705e+00
1.004777727462463188e+00
1.043920428161600134e+00
1.062619675884660220e+00
1.003150847698137893e+00
1.037183772983604202e+00
1.075203419973299157e+00
1.093845683370122224e+00
1.032276316883797174e+00
1.004578085003872800e+00
1.076034939911647115e+00
1.073530998680960469e+00
1.006358700070723255e+00
1.089953837441326456e+00
1.032838658611286986e+00
1.018887224045081696e+00
1.060321376767154655e+00
1.031361761452506354e+00
1.043910124475230683e+00
1.095463107608482645e+00
1.040075568292101460e+00
1.024446362974725577e+00
1.016730106678899404e+00
1.089272693857630037e+00
1.006323491848501783e+00
1.026386297877331044e+00
1.076082137582086595e+00
1.071293192475609057e+00
1.091907785441778245e+00
1.038195672159485383e+00
1.078147727750033091e+00
1.017091524836969407e+00
1.064904131992358449e+00
1.010558532777979579e+00
1.017940841866983526e+00
1.048588215243494215e+00
1.052460297379788967e+00
1.063327627948121856e+00
1.095080725305528579e+00
1.035499124016539207e+00
1.063175921144356106e+00
1.086441577074353182e+00
1.015446362663902535e+00
1.086447226222782891e+00
1.079744359853896274e+00
1.096666832368328182e+00
1.079734192580182217e+00
1.063068192332432105e+00
1.034114038618758391e+00
1.072795240111808379e+00
1.057982785990115193e+00
1.073807456001945493e+00
1.067085015779281054e+00
1.035009571867147038e+00
1.097786799165969995e+00
1.015486613706370722e+00
1.011973466361098195e+00
1.057259141396139634e+00
1.016264603148355539e+00
1.066442804240767206e+00
1.077823461188747833e+00
1.055002005903008744e+00
1.018906266962704255e+00
1.041433027141539513e+00
1.083547431307199105e+00
1.084200971065968355e+00
1.093680173187717486e+00
1.096369452335067551e+00
1.055445791617872775e+00
1.054853115800735486e+00
1.053523619919344734e+00
1.060964522734544557e+00
1.046126700404311327e+00
1.088586199601780047e+00
1.020018376808039529e+00
1.004601049043999605e+00
1.053136297392004206e+00
1.096427635764088082e+00
1.087095286351949852e+00
1.045684867726189626e+00
1.084229626570560878e+00
1.069016179423340818e+00
1.027252815295066402e+00
1.016583187905520713e+00
1.075377776175252320e+00
1.056160122757787923e+00
1.092500642802017641e+00
1.049565528716771556e+00
1.000854679151192528e+00
1.080726013001445107e+00
1.075980359325260594e+00
1.006494697960598872e+00
1.024911594326426201e+00
1.044487079396966056e+00
1.003732504440633999e+00
1.026735792733806552e+00
1.008958633899156743e+00
1.013344673329593437e+00
1.051591609686936435e+00
1.005987483822516015e+00
1.038960594721760389e+00
1.065360623242277427e+00
1.098291395560552886e+00
1.041095995500522120e+00
1.031278548944543738e+00
1.090943886412370167e+00
1.064241683082979728e+00
1.043761893099293792e+00
1.079404486805988661e+00
1.008799913049296171e+00
1.025651685245466460e+00
1.034096372605491698e+00
1.030240271429524679e+00
1.043881341792670225e+00
1.015440318577436107e+00
1.047747148498237912e+00
1.013409205203939845e+00
1.059194681315906328e+00
1.023343937133887049e+00
1.091287748344070607e+00
1.010018028946642277e+00
1.057812471605324545e+00
1.065178266932600204e+00
1.056895904150075616e+00
1.033247075603921150e+00
1.060567887626651773e+00
1.073230296723928889e+00
1.054395815748896181e+00
1.046163035468536506e+00
1.074640114361741006e+00
1.083513441196991556e+00
1.041801584074726339e+00
1.013249725234369070e+00
1.096275064115449505e+00
1.087227206216838882e+00
1.035699111872057987e+00
1.021995287394380281e+00
1.077309257557955702e+00
1.043398742109358679e+00
1.014455601601462309e+00
1.089416484531890994e+00
1.035695922580897488e+00
1.053894089016696345e+00
1.099031236414560020e+00
1.082904283036180582e+00
1.066019630215478742e+00
1.086560788131849975e+00
1.020971471868226343e+00
1.031953786270263684e+00
1.053848824564318498e+00
1.059472878356074510e+00
1.072564889221802042e+00
1.018250030902023262e+00
1.018061942588926350e+00
1.023950292976625320e+00
1.065006955092451690e+00
1.033115694861049816e+00
1.091844144943449058e+00
1.020757509069947888e+00
1.054817868396922043e+00
1.031063133800730336e+00
1.024116804892380550e+00
1.038852222526959412e+00
1.060203800457628631e+00
1.052725470392545715e+00
1.026468761197219193e+00
1.077743742438104002e+00
1.041328299290534165e+00
1.039351678976150550e+00
1.001190450906071172e+00
1.092204921653097349e+00
1.021023476200995761e+00
1.015506643028328604e+00
1.054195130752042742e+00
1.078107981798597903e+00
1.042607367898192861e+00
1.088845247298829033e+00
1.071790561578940704e+00
1.018401915309606887e+00
1.015061887083323011e+00
1.016070397152922355e+00
1.017689863705283360e+00
1.014396422160404487e+00
1.033978489452196836e+00
1.032774643867971021e+00
1.033578368651647539e+00
1.084776579792544382e+00
1.063987199155246088e+00
1.058757994296262384e+00
1.058772443412798747e+00
1.084686369516392412e+00
1.002818551201638542e+00
1.074142144545234823e+00
1.071158877612822025e+00
1.084486480949370391e+00
1.062833915485314362e+00
1.028291613517408720e+00
1.087811550373962266e+00
1.078456848184977446e+00
1.048524926857876238e+00
1.094490485147031178e+00
1.058010944455429758e+00
1.016395807766620862e+00
1.083464436447530543e+00
1.064076985001122244e+00
1.097053710948515448e+00
1.014897850240714883e+00
1.007658391136924569e+00
1.021293003134231325e+00
1.092991028485853056e+00
1.017057436911757984e+00
1.006988438329426527e+00
1.048521364520368371e+00
1.087201636796706561e+00
1.074368781987682597e+00
1.059286921696293016e+00
1.044384709949373269e+00
1.026133229904611754e+00
1.011229264113001181e+00
1.049828722506195966e+00
1.001439529420548702e+00
1.096158080579837213e+00
1.085606138692146505e+00
1.007569487479708092e+00
1.027968852400952482e+00
1.071647450663713030e+00
1.000760388457942796e+00
1.084141945521725825e+00
1.006870618109378279e+00
1.018920936539331690e+00
1.017582558807014648e+00
1.097319275752804524e+00
1.038628846902404312e+00
1.049860972615914712e+00
1.000103842523737852e+00
1.035306395280062297e+00
1.028161800726032471e+00
1.085712298380955954e+00
1.051030736627754925e+00
1.071064710321853575e+00
1.015129127033409961e+00
1.049482479796024270e+00
1.043032548112447166e+00
1.042472717955593708e+00
1.021244150019970265e+00
1.006810121369637212e+00
1.038190400494197974e+00
1.039613791370647133e+00
1.042074443964355002e+00
1.049806999527667761e+00
1.065357743407042035e+00
1.098156529890521371e+00
1.076493205201111136e+00
1.084041481958456510e+00
1.029951888619761391e+00
1.014959842206937024e+00
1.054417911711815758e+00
1.097184554769803588e+00
1.048240320529464809e+00
1.002418108966611543e+00
1.065025738897814822e+00
1.055808082482403210e+00
1.023683294468839877e+00
1.023607739306392261e+00
1.045610992710811926e+00
1.074219180151934072e+00
1.056974897620182929e+00
1.099761999376874355e+00
1.099300839630719562e+00
1.058113662016801015e+00
1.048213141080708510e+00
1.007782562467766541e+00
1.025360021493178841e+00
1.026413323050643589e+00
1.010639287106114059e+00
1.062741605451004157e+00
1.045572144284591998e+00
1.074951347953194469e+00
1.047573679344739883e+00
1.019631500573715543e+00
1.001170588194194799e+00
1.064587551594037285e+00
1.044765344790227646e+00
1.021881584666432197e+00
1.071467845367060079e+00
1.080039582646681762e+00
1.027383235062866218e+00
1.003361661768910063e+00
1.066328428422349761e+00
1.033306311749996542e+00
1.085583360158389521e+00
1.004973682997922557e+00
1.037968766529273168e+00
1.009641325326875894e+00
1.092507500005729382e+00
1.060328276955493587e+00
1.085670792643242955e+00
1.013458899337789321e+00
1.044647845313641410e+00
1.015489075137023134e+00
1.004159435703680714e+00
1.060143945804475685e+00
1.082466746718683259e+00
1.005692910492507641e+00
1.025432528569585333e+00
1.086638518971297929e+00
1.027071531025781859e+00
1.048531804669575074e+00
1.009237010994487260e+00
1.037673871994347241e+00
1.041840089977790651e+00
1.013140387522831976e+00
1.046983941189021605e+00
1.010053351186777526e+00
1.069754436651058294e+00
1.035264212335988976e+00
1.056089180096775104e+00
1.041949372097816573e+00
1.001232913243666589e+00
1.002289926608151971e+00
1.052078312819871408e+00
1.017335850091713789e+00
1.030546300862118070e+00
1.004189075628963534e+00
1.001536316944166671e+00
1.088417730343212320e+00
1.064747020993634719e+00
1.021925525543507352e+00
1.030913347818330994e+00
1.092141542981262869e+00
1.081323379324238942e+00
1.091080241717390154e+00
1.037824186130997584e+00
1.040048317314227200e+00
1.021220988840462862e+00
1.092168462757463931e+00
1.003693588887518695e+00
1.027711371743245783e+00
1.027578238756110984e+00
1.054165697515228040e+00
1.016913395065506487e+00
1.002834589219667505e+00
1.016216361590787765e+00
1.033264821618723683e+00
1.010290718004481336e+00
1.061074116458824435e+00
1.046782085587033340e+00
1.020789911304861963e+00
1.082679359853165213e+00
1.054269690356798517e+00
1.026514841174232417e+00
1.093524777282075977e+00
1.051865823578740589e+00
1.020663629390200278e+00
1.088652348238042356e+00
1.007554501679422732e+00
1.071390251718674635e+00
1.018270785212278318e+00
1.012180501502585983e+00
1.078070021997895811e+00
1.092182110893930025e+00
1.052433441596517971e+00
1.001880832732060078e+00
1.010049714751340089e+00
1.046779892494323905e+00
1.097749441387835923e+00
1.099252928792379569e+00
1.032751074541605751e+00
1.032452121285349467e+00
1.056382843915210978e+00
1.024267831284362051e+00
1.021391873761223978e+00
1.005747492004130272e+00
1.094908390988134750e+00
1.073737121446372234e+00
1.087608309802159834e+00
1.089547819929034267e+00
1.006837946130968442e+00
1.000742013432534883e+00
1.053027869596700361e+00
1.064701663479585170e+00
1.057012651746892740e+00
1.087347878673680102e+00
1.024733078132359365e+00
1.094341264497876054e+00
1.052611296063270307e+00
1.045889231088835913e+00
1.053239828641829634e+00
1.057874391190267049e+00
1.091344500639629400e+00
1.063117176040843770e+00
1.068471545272129619e+00
1.036078154986389332e+00
1.067599912314292743e+00
1.090522101874256133e+00
1.064817456899860959e+00
1.060104400677064351e+00
1.008322708583364147e+00
1.014204962345776062e+00
1.065875857331292087e+00
1.065141867385505980e+00
1.073757907610437989e+00
1.015508659365852662e+00
1.060366735735112975e+00
1.030332460817843687e+00
1.082417071296218891e+00
1.090951848973924498e+00
1.035845409981605902e+00
1.012976444172401846e+00
1.017003517442773619e+00
1.043840646514871962e+00
1.090694032585880269e+00
1.050040121385186209e+00
1.039247108138733333e+00
1.077968039614379370e+00
1.070416362395413046e+00
1.056156015357811784e+00
1.072501134543629941e+00
1.007864766463863138e+00
1.032183462430759979e+00
1.038886206814643387e+00
1.040882492686384442e+00
1.067778747910687720e+00
1.010775893428993655e+00
1.018494010048835330e+00
1.024419266900522540e+00
1.015360143998221165e+00
1.020984529402583663e+00
1.091893492830310342e+00
1.003276957537366787e+00
1.074889481369178057e+00
1.003140719845222018e+00
1.042593350406150865e+00
1.065101276967209465e+00
1.042437779822200428e+00
1.065880968543872376e+00
1.041193265960279835e+00
1.090041466647952539e+00
1.011985397319444369e+00
1.066132844266822977e+00
1.011328610396051264e+00
1.019663906984661139e+00
1.053720086457443417e+00
1.036505694924747090e+00
1.030472582770052270e+00
1.050273371307269166e+00
1.034419037058890822e+00
1.014737666360203239e+00
1.053149647091209840e+00
1.066236433736082789e+00
1.011140715928059652e+00
1.030015354782889858e+00
1.072872778872589583e+00
1.007907395288306640e+00
1.098136109535089000e+00
1.043211872905467352e+00
1.034111437209953799e+00
1.005283861040080051e+00
1.034370833540735779e+00
1.066033317690061377e+00
1.069400475347873192e+00
1.083998611109085575e+00
1.045127516083529828e+00
1.040687966971289624e+00
1.068451073711296218e+00
1.091831304385849410e+00
1.013041076795449413e+00
1.062869079050873911e+00
1.041310739714930156e+00
1.089847902730640028e+00
1.013792620745263884e+00
1.096697889367253653e+00
1.055969892467939708e+00
1.094602177691238243e+00
1.032427466779825220e+00
1.074283604990375229e+00
1.045894610386347345e+00
1.075287483517781917e+00
1.035965363893620816e+00
1.018642370466659619e+00
1.072842535624700000e+00
1.076877292649193185e+00
1.006515624681305399e+00
1.019359908317396091e+00
1.038295890219558926e+00
1.017687758434325573e+00
1.063528745514407792e+00
1.094989662666639108e+00
1.002910249406324894e+00
1.048825386318469555e+00
1.034661272185725123e+00
1.031254767354732094e+00
1.009902616556344501e+00
1.037273573086249678e+00
1.076781100409752279e+00
1.057155080270601788e+00
1.009364119244456681e+00
1.040574983452047686e+00
1.043411338917020759e+00
1.074142661265035326e+00
1.072974049427876775e+00
1.083748877789938003e+00
1.091708527757730085e+00
1.070588929263571965e+00
1.045556508687131902e+00
1.085598301307482139e+00
1.092552112971937550e+00
1.007996989044769087e+00
1.054422815076596631e+00
1.093866489370083794e+00
1.074970821921807929e+00
1.032547625537016289e+00
1.072003044488422541e+00
1.019464458438414045e+00
1.033001271272802946e+00
1.009571982369086962e+00
1.026855809747249548e+00
1.062391698059942824e+00
1.080569048337879590e+00
1.037814367276674865e+00
1.011005298493264926e+00
1.084977960702711242e+00
1.077425362584697899e+00
1.068564051723109198e+00
1.032208749627651745e+00
1.044145216251096020e+00
1.009571368784468515e+00
1.042232940552846765e+00
1.038939479122786391e+00
1.093839037368002476e+00
1.098114119560580138e+00
1.030556855560869067e+00
1.078152768678335649e+00
1.072942091946359255e+00
1.070864675410346578e+00
1.075733356091778337e+00
1.082211480856658747e+00
1.007693957981780075e+00
1.012122270551321312e+00
1.085403005694913325e+00
1.027503838721240736e+00
1.003973516796941245e+00
1.047726511112562875e+00
1.088307371556743508e+00
1.038028402399039818e+00
1.016693216919547060e+00
1.078464877481631001e+00
1.044120067569601185e+00
1.039304260760096632e+00
1.092411891235024690e+00
1.066331498944589562e+00
1.009914631556743103e+00
1.021552260118178346e+00
1.091288802408774128e+00
1.050040012254199295e+00
1.045902209404643068e+00
1.031192508399395802e+00
1.070380652309825598e+00
1.057875779789261284e+00
1.043590660090796263e+00
1.095264866297684492e+00
1.051378440553133897e+00
1.093848774683170655e+00
1.037963736826300831e+00
1.087030080397541898e+00
1.098130366994194196e+00
1.056637200692033929e+00
1.058022415468747424e+00
1.004693378091109812e+00
1.042405565034539849e+00
1.075452574995215960e+00
1.058860354627000788e+00
1.012652940340671881e+00
1.098536312109072544e+00
1.093202099447326381e+00
1.047311282238531316e+00
1.011460064614462029e+00
1.053477776780108455e+00
1.022997711639664908e+00
1.008575652523495680e+00
1.046346968715611503e+00
1.034437652395139740e+00
1.096662478079293734e+00
1.028394902496649665e+00
1.041865600689094729e+00
1.062674246650895382e+00
1.001976558510152771e+00
1.035801024814604121e+00
1.062394932807530168e+00
1.059595831600840921e+00
1.003003989911271265e+00
1.060693408605627441e+00
1.066520582752975566e+00
1.095131902690325010e+00
1.050113611760508325e+00
1.041338245724238165e+00
1.065993935120774561e+00
1.031858956180396580e+00
1.045468576260659033e+00
1.057249033488915746e+00
1.021001787773291980e+00
1.076581290926593271e+00
1.003520866423707414e+00
1.043473830868111518e+00
1.003260323313713842e+00
1.002427763511025027e+00
1.091892499843704067e+00
1.099198229311818098e+00
1.018318747688111259e+00
1.045168497686228770e+00
1.003873965245887234e+00
1.062374686027264925e+00
1.093784466600933092e+00
1.076033545743813047e+00
1.010917080012834424e+00
1.099948180346469018e+00
1.095929142718598648e+00
1.070003428277014779e+00
1.001139082645041256e+00
1.003788544949022699e+00
1.025420207865251010e+00
1.083774175304955900e+00
1.095594578608711567e+00
1.068428797181924406e+00
1.063441370685554332e+00
1.033254921268532023e+00
1.034037208047639878e+00
1.052008659776098476e+00
1.011452332624500849e+00
1.002485727853034359e+00
1.010727911501049681e+00
1.052232352189143683e+00
1.023195171971399420e+00
1.047749473548907018e+00
1.048678411308245684e+00
1.049235448805184046e+00
1.035485402479273898e+00
1.062633229061022533e+00
1.025396687503129511e+00
1.087731710667844132e+00
1.076072047237113027e+00
1.036370721935941264e+00
1.002431212022412144e+00
1.063235963625190905e+00
1.057303766263592237e+00
1.040926473003665587e+00
