6.416419195978874390e-02
9.928611819120795878e-02
1.995694833836035922e-02
6.902062994758956238e-02
5.346384971373971395e-02
9.319661550731797584e-02
7.429446572360566547e-02
4.997221383486834256e-02
4.785012346017447626e-02
6.853058974200718079e-02
7.021599813685770741e-02
3.678828358276087229e-02
7.216554530819235813e-02
7.759755916658125918e-02
5.595528569546027314e-03
2.082809710382719018e-02
6.255157165717654955e-02
1.233601627770097506e-02
9.568159752304170040e-05
2.013972950258178032e-02
5.132446803497400789e-02
-1.998995676891868536e-02
9.097613748689863111e-02
5.181911232668637290e-02
2.345683596765307452e-02
8.072150741233362348e-02
3.879870726241053946e-02
5.390460044917057270e-02
3.586061460452170946e-03
3.633906504603845455e-02
-1.308671872352652234e-02
8.091860318386670525e-02
8.653159552340315697e-02
3.929914509477337725e-02
4.730834773148090422e-02
9.466576705194768016e-02
-6.197297068849140847e-03
9.171854798665032837e-02
4.869708099677504121e-02
9.394930885797882214e-02
2.705885986610983771e-02
-6.098134088988151763e-03
9.676799693576011718e-02
6.619782253898516544e-02
9.472736925010417919e-02
3.715037038990121054e-02
1.671033521596403462e-02
3.389644594018091650e-02
2.688277005697583752e-02
6.978951913999527357e-02
1.743468357538178679e-02
5.360255375655310212e-03
4.599109739473097869e-03
2.114364284785913775e-02
7.288641322921948773e-02
-7.161292952436211154e-03
1.515475869919261434e-02
-1.251386786599494039e-02
5.748289579775524294e-02
9.078305285954074710e-03
2.361829380828624550e-02
-1.531014676338265587e-02
-1.920678917757885282e-02
7.557790836532173040e-02
3.961943348064511650e-02
6.367883189680238754e-02
4.289081539163928924e-02
2.966793570445156250e-02
7.595273255337096907e-02
9.276447356193023158e-03
-9.483796610682770911e-03
8.248402809820347403e-02
6.404504714668775300e-02
6.625069009628101191e-02
8.806582328354871370e-03
8.648377972038322203e-02
7.139153831541437956e-02
5.391085681550385894e-03
4.422523700730639218e-02
6.540444826193075878e-02
4.749277294458374710e-02
3.603493814979714938e-03
2.973614572396940034e-02
-1.560790768829589670e-02
2.922901381803933926e-02
1.424918891695547973e-03
4.141467471081826390e-02
8.170025647123155266e-02
8.047830183438818563e-03
3.940751040027826169e-02
3.472691265263391780e-02
-1.578353796074406096e-02
8.681045791892651187e-02
5.922915644348668296e-02
5.981409433287333821e-02
7.391495732960660925e-02
6.502424946843263220e-02
8.678471196409132116e-02
9.541335577303561299e-02
7.558272230762176636e-02
-1.652964584406120541e-02
2.813715864133975800e-02
3.355924251167040351e-02
3.586749317585724572e-02
5.719476688156414912e-04
-1.872072480885741963e-02
5.139532212845561443e-02
9.456772671567553745e-02
1.846931092594652005e-02
6.084896547035389958e-02
7.574566808301422260e-02
4.735600381869098374e-04
6.413546897980858252e-02
5.178335108716708435e-02
-1.537893808070642243e-02
8.502464851201964324e-02
6.561862065259738142e-02
-1.209025148692250556e-02
4.208195801221946419e-02
5.256378132382669155e-02
2.974540901880340718e-02
2.169213509043652413e-02
-6.720450545916543950e-03
5.757740909229847048e-02
8.946280263355797790e-02
4.210891436480072164e-03
-1.551761422385064190e-02
2.862467164996892674e-02
7.651950183188636900e-02
3.650877116392073352e-03
1.588699529291033585e-03
-6.794480548392706556e-03
3.979650613551560800e-02
2.249499150450989457e-02
9.816374959310675274e-03
1.477364002386520256e-02
3.422042660973727279e-02
9.163714853633034285e-02
-1.022186744255443314e-03
8.569976310974244949e-02
9.738726612738965449e-02
-1.943820463591943229e-02
9.683726700849901170e-02
6.882000944950436572e-02
3.287312594069485838e-02
5.766753345498891459e-02
2.202786099252202964e-02
7.093572884824257685e-02
1.324565051060223528e-02
1.608329371363870566e-02
3.798238600553065225e-02
8.336620047594305027e-02
-1.609981527736243159e-02
8.598832142044127158e-02
9.152012280458039772e-03
-1.802948754243071869e-02
-1.923106172559628513e-02
2.512329083523094989e-02
5.088401230024552913e-02
4.151371815170884494e-02
1.235823486836168730e-02
7.389192309925417257e-02
5.099259837816037810e-02
8.488597692790404714e-02
6.336645196433250693e-02
4.737993193792665314e-03
-1.087480424506377837e-02
2.925261982122475540e-03
9.749131588287740513e-02
6.099359044887975312e-02
-1.028447070070718887e-02
3.530282067620402198e-02
6.368601252594481565e-04
2.060747583972816557e-02
2.605611898298043280e-02
4.922605334028777591e-02
6.944055707562582502e-02
1.773682307487178464e-02
6.899786682639082180e-02
8.270986027661013373e-02
-1.458830418444125900e-02
7.729548211878307928e-02
7.173280033072489126e-02
6.075053747633406276e-02
4.089401826875618817e-02
4.450261204266353632e-02
-1.792807813787280005e-02
1.994126112222061389e-02
9.141649724863569471e-02
3.246616469701708863e-02
5.337008774193714722e-02
4.758854515733718094e-02
6.610785842845058602e-02
-6.364291438861989503e-04
1.033525847902366443e-02
8.828239863404857557e-02
1.440299446547764137e-02
-1.362543857901087757e-03
9.795406891043065278e-02
6.772579437043049766e-02
4.944684235516083604e-02
8.021457630897932400e-02
4.017548565802252225e-02
2.863925277251653731e-02
-7.929446078954923913e-03
1.799815205342475757e-02
2.710224211462758728e-02
6.463702240299414037e-03
3.233847231130959621e-02
8.960507351950532107e-02
5.043675310813341972e-02
7.161353402745779251e-02
9.262872840454532131e-02
1.467807742436325752e-03
2.447563872668082410e-02
3.065449934872318052e-02
-8.693083809350179644e-03
6.058192178336124778e-02
7.836128308009149279e-02
1.544447381352153856e-02
6.317149959934212355e-02
2.720688294656246550e-02
8.042175698921703864e-02
6.315753923324519958e-02
1.962879467167867251e-02
1.801514924100091133e-02
9.971589895259988512e-02
8.740936889332753812e-02
7.477420913012344794e-03
-1.738433627296736075e-02
1.904009855072910304e-02
9.760222146955745137e-02
9.203751082421204877e-02
8.449823225096725343e-02
4.733447411606542254e-02
3.520969843641939823e-03
1.727341389012805942e-02
4.941452523442323164e-02
8.593347768768093420e-02
-1.236128162256446353e-02
-5.222633579073326579e-03
9.558426778488196551e-02
2.836565275072202089e-02
3.519222069729327496e-02
4.188355019719364192e-02
3.493565000071600923e-02
4.991363455305226210e-03
-2.272405843402970638e-03
6.651841190520212110e-02
9.817212482653160655e-02
6.134518758116531967e-02
9.889918677587912488e-02
7.820456517743863689e-02
1.275121693761288241e-02
-6.716062766949007848e-03
5.575121910592564789e-02
2.645272660718819488e-02
4.201311948543708097e-02
2.936847318454112801e-02
6.075231406316596028e-02
-1.509298583490543619e-02
1.169183281857298640e-03
5.830411227858797729e-02
2.509673626479018080e-02
9.492892702318203590e-02
6.372713062214342694e-02
1.445644537296917817e-02
-1.329096249509893746e-03
5.532574326432929124e-02
5.106437213440898765e-03
-5.949606952738290683e-03
9.138842733039281852e-02
8.711613053525460448e-02
3.748880802382210942e-02
3.319593767941893259e-03
3.069354335540630183e-02
-9.759838426011619925e-03
-1.751519717845520518e-02
2.813474850523567730e-02
8.457512315465491592e-02
7.649452764540616567e-02
2.925606113863892313e-02
-1.801139062729430890e-02
-1.591520292492322811e-02
7.397335034776388041e-02
8.018563940178728700e-02
9.048478791156736034e-03
4.495683974854683407e-02
2.786449255113568682e-02
1.403792187579072301e-02
6.454155571468712937e-02
-8.414839675495904350e-03
-1.871120778322100595e-02
3.401122836302027108e-02
4.631199029571597681e-02
1.467815589423776892e-02
9.071374069201312840e-02
1.451587061640530196e-03
-1.350376749218737925e-02
1.924582276711607129e-02
-1.051145745991501415e-02
5.426505730755709633e-02
4.397118397725059691e-02
4.872800153756205732e-02
-1.270335823491975172e-02
-1.105824746165362006e-02
2.970386260541390752e-02
2.778668918412632166e-03
3.591364488687366630e-02
5.118844572473874033e-02
8.135550068975622162e-03
1.478548666268948361e-02
9.736089198145733703e-02
4.017293963910177623e-02
-1.851248058003188146e-02
3.726022605502049556e-02
1.154534384766333840e-02
3.612672651966165882e-04
6.108261151177277193e-02
5.712730762869487611e-02
1.837739253187975139e-02
3.081985010540244305e-02
3.355757460971915684e-02
9.865368802031672379e-02
4.542667795825501564e-02
-2.258812258272891588e-03
-1.774020220052092284e-03
6.960475793978196379e-02
8.206617494683347835e-02
9.067455925393322347e-02
5.566867736240432851e-02
5.442726653559182282e-02
7.799944170255332376e-02
5.169363496979111072e-02
2.659810569166363645e-02
7.008221305590596473e-03
-1.077461210933991151e-02
3.969101943072082805e-02
3.937312601918699362e-02
8.790112766890414986e-02
5.253812425079194826e-02
-1.871728599840198973e-02
-3.070051257615644819e-03
6.684027313893049077e-03
7.698508366754992782e-02
1.611027301240731610e-02
7.967523452190740374e-02
3.602331963249620628e-02
2.375400954465689898e-02
6.558767680751331763e-02
-9.354626889529793141e-03
9.206814953375383470e-02
6.553569368583662957e-02
3.371042093549082852e-02
4.437111159917939140e-02
4.178029486223135136e-02
1.782264181379875426e-02
4.185794240982504411e-02
3.942018001565615604e-02
4.602478112959969281e-02
6.046781911460928638e-02
6.637325121085178858e-02
6.658681591752309281e-02
-5.381275339943569422e-03
5.281416293264282191e-02
3.888930716667869658e-02
2.213809607344046845e-02
5.576148984767069494e-02
3.113000792971274897e-02
-1.249404215327175327e-03
4.283311070786913199e-02
-2.730278087533198617e-04
2.928783808704828531e-02
9.699413255766796416e-02
-1.278878839830532854e-02
8.279248427697578905e-02
9.509075606727830643e-02
5.575826365317036737e-02
4.641371931213021662e-02
-1.581539660328857080e-02
7.440749746196342884e-02
3.526976300188873481e-02
5.653922111576703546e-02
8.908097478689507021e-02
1.110618509296135842e-02
9.045925895729609034e-02
-1.800206844002184489e-02
3.219280807982012604e-02
2.971161888930745273e-02
3.824881408958415163e-02
5.406360353302439026e-02
7.573267567911760867e-02
8.304794617021923897e-02
8.855368358318337074e-02
7.419016761693712075e-03
3.716000813155675292e-03
-1.247624789802421683e-02
9.657218293714204399e-03
6.002030183235392002e-02
9.104084887798823134e-02
-6.464138648299599249e-03
8.382446175680433043e-02
6.274912139158360380e-02
5.186025430970475636e-02
4.484255214598835415e-02
7.544062453482776320e-02
3.257919478688477144e-02
3.646888048111412983e-02
7.920602053501962780e-02
-9.537364909852174069e-03
1.047602098379156119e-02
4.528182535045142953e-02
9.924507825748486722e-02
8.111415802036239797e-02
7.457097954925993866e-02
5.693612164477113158e-03
8.198571184850581006e-02
-1.100681064577232679e-02
-1.905076970901768002e-02
2.455658732994090918e-02
3.977766446273262035e-05
-8.465979862733096981e-03
-1.558559478181982191e-02
5.903492262509288380e-02
7.453652708917063441e-02
-1.823181806927705664e-02
1.799279921891444936e-02
-1.061415756310519695e-02
3.194964318900934963e-03
-1.187134486813520504e-02
3.832709397656011707e-02
6.132289785020551831e-02
3.874834211611111190e-02
9.105788285360028045e-02
5.943943160452187791e-02
7.585947219714750389e-02
5.771380421414378653e-03
2.271477292160161907e-02
4.583343878851744990e-02
3.186499687376573298e-02
-9.759413680099764468e-03
2.171845186576048040e-02
6.165634933361754944e-02
2.776289355784162041e-02
8.221347589358687924e-02
6.407499395959052879e-02
8.153891364095972039e-03
1.482096593354409811e-02
6.688424458437788878e-02
8.827992866532914651e-02
6.972061813119669049e-02
-1.482649120426058308e-02
1.396824383170014103e-02
6.618062822440234916e-02
5.136245653604142036e-02
5.389675759451507953e-02
5.036829852628921245e-02
8.764377663962093223e-02
-7.675681675946521149e-03
-2.502839992864765856e-03
4.012363200184249079e-02
8.028218579567963920e-02
2.153986249403666217e-02
7.893171271837794156e-02
-1.258519611443281033e-02
8.453512931156786925e-02
-1.919048523977690338e-02
4.090556696557452743e-03
-7.957698146751063586e-03
6.720213283349246725e-02
3.235197557130754797e-02
-1.601396778720294220e-02
8.473533236291791448e-02
3.532152604214508496e-02
-2.472076067650735842e-03
8.212314428528393051e-02
9.131467658234786872e-03
1.124566749907218027e-02
6.287511607808339564e-02
5.649262633302094827e-02
3.339774835570134826e-02
5.578783009545421057e-02
4.043674075543401969e-05
2.761648334221119758e-02
4.675472352519435826e-02
5.075277226665246555e-02
7.999091664402341317e-02
4.823111706565903767e-02
1.525403246718485747e-02
-1.520777280617104446e-02
2.530083289398075627e-02
4.127634407520258675e-02
9.399084104611421520e-02
-2.297528655186009683e-03
2.558469269203142091e-02
-1.175207743002424851e-02
4.578742569471085100e-03
3.892240666075159894e-02
7.712006722214605203e-02
7.265483378069575310e-03
1.302365006876682677e-02
3.695521742264697151e-02
9.521511918420692833e-02
-8.161373379799123987e-03
9.184545122256962402e-02
1.171449177881593931e-02
-1.206136854183643622e-02
5.458758050736872702e-02
1.226416946845751074e-02
6.973143710806904011e-03
2.969069411818981222e-02
2.501520303829260147e-02
7.529529472867936557e-02
-6.369957051531533257e-03
6.863434414498614800e-02
8.579014711698836060e-02
6.427439239209541133e-03
5.167513086613496898e-02
3.220702835259081631e-02
-7.188503574403188809e-03
9.346756288955027081e-02
4.879040105062670829e-02
9.084735466845902246e-03
6.611954385131377232e-02
8.419013209758763328e-02
7.411094566831422092e-02
4.728581716436400240e-02
8.875307218502312412e-02
1.633174630360456278e-02
1.920374119009974137e-02
9.695469422726496478e-02
4.804743993485251219e-02
2.983240443715066276e-03
6.971351512116427673e-02
4.334886041583732585e-02
7.331540981204746898e-02
7.434258514725082534e-02
5.073120220144777814e-02
3.889566679911958536e-02
-1.590746735131863543e-02
4.439029130590112227e-02
1.201593329445966099e-02
9.660192947645082628e-02
2.394500407521156157e-02
-1.095178891071243998e-02
4.231232102197339529e-02
4.586949085457552033e-02
9.835999483874009741e-02
1.542884274639259520e-02
7.203937833702972471e-02
7.439373426239917486e-02
5.491520828052204317e-02
6.715420368064931034e-02
2.689305076158793675e-02
4.950511448430242045e-02
1.709114828688452006e-02
-1.631121991280350125e-02
6.648259088208244294e-02
6.839933966836198032e-02
7.149890310965887480e-03
7.415119970101470559e-02
4.310748002687571356e-02
1.696670750542117814e-02
-5.558989952272885837e-04
7.636066182649721423e-02
-1.015396250912449332e-02
6.905245286683257822e-04
9.181574843967681143e-02
2.051977694171052205e-02
8.342272078403223379e-02
-4.684162480910827181e-03
-1.252602826485454957e-05
-9.459827483663078851e-03
3.419810849697758892e-02
4.176402214726193662e-02
-6.154476118375889690e-03
8.977210375829584865e-02
5.440500248659665972e-02
7.649064786048268005e-02
1.163050124492097728e-02
4.939530850500382930e-02
-8.523179343791782020e-03
2.535783456125429922e-02
2.375965263961112364e-02
7.983331920346156685e-02
-1.476760276188742588e-02
4.164441977577061638e-02
4.243178789625577652e-02
-5.628656191175411549e-04
3.588405712556461125e-02
-1.005170397421663656e-02
7.272951949607142641e-02
5.434119712238917599e-02
-4.696811709610318811e-03
9.914456045104790005e-02
6.920249910762603374e-02
-7.369501291494872167e-03
1.317669901236841537e-02
5.379056756921009319e-02
7.916149242530132191e-02
4.716449324279743671e-02
4.534118490609230501e-02
7.263008463644490820e-02
9.082341206880650830e-02
9.949912443018112118e-02
-1.881775473545263186e-02
9.292701924476010067e-02
8.989246906873067655e-02
8.022050111610352918e-02
8.976150551677386513e-02
6.321959411417461816e-02
5.031032838214875846e-02
-3.908878205840807252e-03
6.959753537665638867e-02
-1.428144232305119700e-02
5.608932119850801312e-02
2.745105208109806585e-02
-1.900922403797026400e-02
2.318878901718397778e-03
7.425722062236229937e-02
7.569297179376499596e-02
1.387304182699049607e-02
1.612601628983707444e-02
5.639066218966976018e-02
1.585575496183971519e-02
7.281917625531567073e-02
7.780183951009264631e-02
3.030067700225560698e-02
6.861062640148955782e-04
2.485665794767132411e-02
5.034828170938025760e-02
3.014227356224626411e-02
6.838441207446281644e-02
5.968207391158775188e-02
5.860995669965005095e-02
1.254229564917532999e-02
-2.040593967582455398e-03
4.422832152050877597e-02
-1.582504960838111013e-02
3.207264979668231208e-02
5.001662524328796822e-02
5.835714648321926878e-02
2.534158354196693400e-02
2.694286825243796465e-02
-1.072956279217575706e-02
5.833325965119977308e-02
1.849097657093735567e-02
8.728255712302683544e-02
3.811909496495666239e-02
3.490868216225539999e-02
8.746136813029800616e-02
9.859332226693466594e-02
-1.494120188910081498e-02
8.450230810997721997e-02
7.043866263083385648e-02
5.525251123516300433e-02
-9.668073146905631007e-03
1.081124480533975779e-02
2.162336734947316666e-02
1.318317939632136435e-02
7.797177316419498516e-02
-5.597337586655582592e-03
-1.443856664923221650e-02
4.330726143656529747e-02
5.434605204481768315e-02
7.841814890789393366e-02
2.328358705664959963e-02
6.103386114913185445e-03
-1.708375028118658615e-02
5.051344472487814818e-02
4.987664753571759146e-02
9.580909478375544686e-02
9.688108854717852880e-02
2.058826198254127063e-02
7.951571104336845053e-02
8.804169852428790632e-02
-3.554769121673975740e-03
8.994565065111834179e-02
3.146200471904760099e-02
4.666185528419471151e-02
8.833808040459577293e-02
6.960652265776724745e-02
8.152750430548823257e-02
8.716547499619850536e-02
1.036563816425989729e-02
5.696428059423060131e-02
2.832266765180011317e-02
-8.761032823960528473e-03
2.867110633918846033e-02
3.917364082263605218e-02
9.666393897495285242e-03
7.816640722914836026e-02
6.067440947723021227e-02
-1.151760756875426159e-02
3.509328508070888586e-02
3.017612359609042269e-02
3.305440471783431533e-02
2.421889175149598630e-02
-1.621082055403295225e-02
8.368528779146157393e-03
5.851465875741626577e-02
1.090255902261022536e-02
2.574505032554066583e-02
2.866571138182677156e-02
5.522664506895630376e-02
6.960799900931025075e-02
6.173696030922140587e-02
6.406895552534028204e-02
7.777776939806359258e-02
4.686237999383383035e-02
2.627264406131011795e-02
3.486984021902279907e-02
2.584691338797770813e-02
-6.138720526824743839e-04
-6.419808168661136211e-03
1.784016020542042794e-02
6.668055980535721183e-02
3.719910405680386389e-02
4.593183925228604136e-02
7.728857632231099506e-02
1.499195852002365228e-02
1.472418975657020443e-02
4.633215636099213830e-02
1.584433795559532163e-02
7.333484379216774485e-02
3.779801675308405717e-02
5.649077367085443557e-02
3.463505673906601412e-02
6.308172459089428363e-02
-8.291813370014210552e-03
7.868164936872312776e-02
8.775766570527204768e-02
2.544137594119067272e-02
1.125094570559189919e-02
3.866042865228043468e-02
4.236834777736224467e-02
8.608190691048771964e-03
4.368637861163791186e-03
9.895609547969534681e-02
8.595441977233722608e-02
-4.977142314728942932e-03
1.666188896427482982e-02
6.195800817853744369e-02
2.315671064438972956e-02
2.651860289698780918e-02
7.972859445750640761e-02
2.579233199518541839e-02
7.409555713916501918e-02
9.788568309432164882e-03
1.694304447276743023e-02
4.206225801476344561e-03
4.795834124191104830e-02
4.034438315811544884e-03
7.750383673198658896e-02
-1.955322748946561329e-02
3.663978092572681144e-02
3.545166445613594230e-02
-1.875391670589488316e-02
8.711748030507902862e-02
-1.175594514782497303e-02
2.251801610379118926e-02
4.524408123585459129e-02
5.038186242866862785e-02
8.805855808697315990e-02
7.402202976712707327e-02
6.359613383451614282e-03
2.843082932125029841e-02
7.506674375194168081e-02
8.290331654082123969e-02
-8.255699474057576204e-03
3.975832119433298645e-03
6.941282477084702307e-02
8.165248511422051880e-02
2.599964665324374855e-02
3.973372571007445508e-02
-9.426443656228213758e-03
8.060620373879430478e-02
-5.814685333342865456e-03
9.323129887596878773e-02
7.452940889035852834e-02
5.728007629137173151e-02
8.292050846649605400e-02
7.227956854411743404e-02
-5.969098786113135463e-03
3.586320879209071999e-02
8.335633246887366732e-02
-7.388564297511108006e-03
8.088975047844952637e-02
6.815353858925712882e-02
9.050480836151936215e-02
-7.673583849768524090e-03
4.889799184939329357e-02
2.237053315758298980e-02
6.027721304073439812e-02
8.452741611454100967e-02
6.421955254359182352e-02
1.924033383051014165e-02
7.437003958358640032e-04
8.260096590161664087e-02
4.330719800646155859e-02
-1.175068286669307682e-03
6.471485191202691611e-02
4.194932932514855439e-04
2.336069907361248629e-02
2.840294092210670848e-02
-1.144497992569787521e-02
6.267839469000265062e-02
-5.614829481394342792e-03
-1.804476358008781645e-02
3.316475159893673974e-02
4.708183665564769083e-02
-3.224834742131050397e-03
3.527527870503326113e-02
6.596697720027522305e-02
2.473612916099503581e-02
8.520901205688335978e-02
9.747920891231012797e-02
8.244467386358877992e-02
6.833985154675356610e-02
4.269584873748093201e-02
-1.589295943117366786e-02
9.387552545199974452e-02
-1.590225346098317338e-03
8.014002511895292058e-02
4.047464283933932538e-02
7.960317710737835339e-02
3.762221429240561466e-02
7.647344040806378085e-02
3.529104143341078859e-02
1.689027551842262401e-02
9.952343139813581152e-02
1.507976128077532021e-02
-1.312024529707271972e-02
9.072175218256957330e-02
1.366494721643412777e-02
6.666842957862420538e-02
6.998557774610843218e-03
5.274571269018817066e-02
7.281536190672946440e-02
4.399100408408619656e-02
9.189281655804566740e-02
8.847199778517872426e-02
5.680581311486436469e-02
7.963508809914937592e-02
1.992679963632522019e-02
2.695991683946173320e-02
-2.502112473217719263e-03
9.902158910127470404e-02
3.059330347286917315e-02
1.741147651763178331e-02
5.258039442872596003e-02
2.691071897579419905e-02
4.685089341189864476e-02
9.178818160043641927e-02
9.168146152670326315e-03
-4.287058224836156478e-03
7.405011325601312810e-03
6.188457742447893428e-02
-3.424476022442144579e-03
9.010080285558605406e-02
4.532739548425748777e-02
9.396782110926897580e-02
4.318964538760505789e-02
4.843530197077590416e-02
2.352799867624777788e-02
1.087855108448294167e-03
3.063061874366010753e-02
-1.943107279582062877e-02
2.231718586147109565e-02
8.549029396962429250e-02
8.638673792526586903e-02
-6.456867932870605231e-04
-1.084214087205653647e-02
2.706631951688327417e-02
1.035440969670379380e-02
4.011817040285786673e-02
-2.813596826642447007e-03
3.840682367671904851e-02
9.897192742842833568e-02
8.468089889220117850e-02
9.242532662239624774e-02
-8.874306307804133084e-03
7.028766995477489510e-02
4.365681351944465660e-02
3.922195475702751344e-02
8.051168595901399272e-02
4.022186434470034766e-02
5.472360454972859112e-02
9.644866791493533764e-02
-1.280679901666335191e-03
2.539074199741519003e-02
-1.059058591181823335e-02
1.370487069236831987e-02
9.909588769548569043e-02
4.825156109796602949e-03
2.874578483480612345e-03
7.175570922722675216e-02
-8.304320079159425994e-03
-1.612400115944897724e-02
3.572687219118228508e-02
9.855802323555921951e-02
5.899762865190337491e-02
8.604192041289766835e-02
-1.890235912717001809e-02
-8.907426576937868545e-03
2.873402304950896033e-02
-1.183695756789334384e-02
3.843910365143124452e-02
8.533087929265303906e-02
7.557694302860695074e-03
5.638920513955003599e-02
2.052844102749768265e-02
2.716042671897286528e-02
1.053400838015158131e-02
9.458389743789841209e-02
1.352479182545131969e-03
8.269028801147600832e-03
8.154891898650949711e-02
6.281280196845501207e-02
8.072031516614480706e-02
2.541676318727979431e-02
7.298980422949136182e-02
8.166551835584261176e-02
3.870231306139919336e-02
9.866924941084206230e-03
8.048916961092465738e-02
9.645441766600823530e-02
7.263227724140985941e-02
1.425946673315876476e-02
-1.769682736552730465e-02
1.822587698600118891e-02
9.421943730253264093e-02
-6.342047485589379432e-03
2.903354748398312424e-03
3.674181262445683216e-02
1.235461903572594375e-02
8.900739670254732838e-02
-1.466378835444960907e-02
9.180455123781026960e-02
6.375814374651718464e-02
-1.812908386636987584e-02
8.744502066149295594e-02
8.139698266789319181e-02
-9.008618785831451481e-03
-1.880687799139982297e-02
8.293492999435523455e-03
3.405148780348506155e-02
9.337800982780371239e-02
3.519141832526222202e-02
-7.894938696506766107e-03
3.501548163556607307e-02
3.313679268622853058e-02
8.423107019196324208e-02
8.466570665438143128e-02
5.845466434742228878e-03
-1.836719645429468403e-02
8.096182233500601177e-02
3.227950682384818359e-02
1.428719840424593976e-02
4.783413637132576113e-02
-1.756626362607660932e-02
-6.771146796774908660e-04
1.376074815392034842e-02
4.241750827204720381e-03
5.639719833284009831e-02
9.652040721040178184e-02
7.238116087942109145e-02
5.108595431514781349e-02
9.083769050931084221e-02
3.344760473716175408e-02
4.682504143402575758e-02
6.394611460868605129e-03
2.221065235471239921e-02
3.228361347880512322e-02
3.759969550559574825e-02
9.870291660555688407e-02
-1.875933250659276436e-02
5.606367758559367698e-02
4.558489308864248357e-02
2.160124690304576420e-02
5.846707797564434927e-02
1.531857325994876937e-02
4.037106928440380160e-02
8.889235928356215011e-02
5.850396165630612766e-02
-1.541020879525501798e-02
8.785929764157791866e-02
6.840637834805284034e-02
1.922264586415623963e-02
6.007458603238678696e-02
6.221224931075838849e-02
8.698335573622570371e-02
-1.824287934126595651e-02
7.291917283129983884e-02
1.620047100807523247e-02
9.159444864941426734e-03
5.707932253035817582e-02
8.699246187527222285e-02
7.872213643358560303e-03
3.610951549167711050e-02
