1.095884345327126530e+00
1.038025564450834715e+00
1.091675471285874943e+00
1.037392060087618972e+00
1.078555097054339607e+00
1.025030333573700547e+00
1.003611603819937637e+00
1.058182735930486285e+00
1.099432787846625903e+00
1.053535758461717098e+00
1.025752842628993244e+00
1.050389725139291741e+00
1.043218382039194259e+00
1.057015728531045529e+00
1.075812120847990938e+00
1.047529708271016879e+00
1.049715883077794620e+00
1.040868822169426444e+00
1.068804458220966147e+00
1.015564820054465356e+00
1.015493120348057499e+00
1.045582169427200059e+00
1.011137967679347049e+00
1.094231072313328168e+00
1.053532130174005044e+00
1.050013141574947406e+00
1.056452496529186380e+00
1.012932674155055501e+00
1.040184387665461729e+00
1.003249486310793914e+00
1.012201324155094229e+00
1.003445582015479731e+00
1.032931531523491264e+00
1.064915271273816577e+00
1.062135665262770257e+00
1.036733626406022735e+00
1.036117814389433844e+00
1.020709358788839838e+00
1.026248549753940864e+00
1.000801240244384216e+00
1.093763244928107392e+00
1.079906972505152662e+00
1.024317902657332136e+00
1.036592332134819827e+00
1.040323260854776555e+00
1.004668894690650127e+00
1.034971287525900507e+00
1.099527262499804703e+00
1.029673616198377717e+00
1.007731112793267103e+00
1.008901699897644555e+00
1.052683001518706085e+00
1.063024153014340056e+00
1.079522711424139025e+00
1.021203883796804268e+00
1.084203698963380313e+00
1.067299922537765955e+00
1.046866468864698252e+00
1.000159288141636571e+00
1.095378277711243520e+00
1.060869057751159472e+00
1.067691071767450151e+00
1.068763131668765798e+00
1.088143543418427006e+00
1.023463902700415762e+00
1.015510480472068044e+00
1.025548982832814593e+00
1.082493037523982959e+00
1.020050554316317859e+00
1.098531831766623945e+00
1.066787577387910302e+00
1.057113973402256546e+00
1.006834743485728323e+00
1.052842036004872694e+00
1.060705876038456674e+00
1.014697265037279861e+00
1.083076169812150935e+00
1.066248339153304636e+00
1.022725455343825640e+00
1.087396715147997739e+00
1.030778237769473860e+00
1.037094983552711236e+00
1.048976073712034607e+00
1.078844173815353580e+00
1.069137795400409319e+00
1.051685496089209471e+00
1.074713215897737717e+00
1.061158570507947374e+00
1.038977195689957167e+00
1.029132465252100115e+00
1.081738986524359403e+00
1.075560806631145283e+00
1.023458830685697762e+00
1.042477865341851828e+00
1.051799222109619958e+00
1.003918843539425287e+00
1.032456992940126606e+00
1.092574183647156749e+00
1.005585409757360216e+00
1.080863772027254699e+00
1.089160599515466954e+00
1.033102695228393042e+00
1.064384606743597805e+00
1.051844341757506074e+00
1.053570634350881718e+00
1.071507936605934574e+00
1.035020041036898819e+00
1.025059380078468196e+00
1.039009253702583901e+00
1.062405910892660010e+00
1.083352667549114967e+00
1.018053230241828144e+00
1.035147388600764495e+00
1.011223745599247215e+00
1.015318518144829651e+00
1.061857852252487078e+00
1.010177664134829234e+00
1.034791082121649497e+00
1.021656445513708045e+00
1.072130168769101388e+00
1.062171762864038138e+00
1.081628888713406456e+00
1.003975490079159316e+00
1.059009284923842387e+00
1.014773803427800658e+00
1.060044202726034834e+00
1.010819793144766887e+00
1.041157861208922508e+00
1.079302045965477408e+00
1.024319185334402471e+00
1.071821410703097222e+00
1.064085470342589046e+00
1.064215972714317671e+00
1.087133071344371205e+00
1.086421091592673305e+00
1.048344416044362681e+00
1.062642146974859259e+00
1.078953081559634208e+00
1.002737131835905071e+00
1.029239330056699098e+00
1.097265388067665048e+00
1.081308740466390361e+00
1.084173332267806877e+00
1.077307256249517398e+00
1.021280621267385724e+00
1.008153726705669495e+00
1.084056176213500811e+00
1.055361302676522950e+00
1.020672582521278793e+00
1.023600458155083937e+00
1.045981934746226250e+00
1.049210190141890875e+00
1.035866966422367641e+00
1.079830708876064804e+00
1.055199710034325333e+00
1.092835546499071331e+00
1.098949506010016286e+00
1.054536673625074528e+00
1.067074859292740374e+00
1.059622591154352644e+00
1.016283728595053892e+00
1.048853932778475162e+00
1.078248714491423677e+00
1.077031518600468640e+00
1.033293438226071670e+00
1.024117072706850040e+00
1.035543896225196159e+00
1.033326326461821099e+00
1.087228652034508691e+00
1.056602344158719564e+00
1.085674121994566921e+00
1.069249458689595977e+00
1.035836224345039192e+00
1.019583388234746479e+00
1.094125745301841368e+00
1.060291297544476041e+00
1.023503129237399722e+00
1.061200667259798891e+00
1.079016645904298910e+00
1.064222621241944777e+00
1.084136047928193181e+00
1.038117921453536319e+00
1.030361460402497542e+00
1.035101899385963753e+00
1.092892344280853578e+00
1.030245728505441827e+00
1.054619867950695955e+00
1.053421370501406384e+00
1.063245638717512653e+00
1.083127773163079510e+00
1.058614753653660756e+00
1.056813543933877719e+00
1.038141140878646729e+00
1.096208820841603204e+00
1.087012265408985545e+00
1.082583878702765512e+00
1.011303478200642925e+00
1.087692111156293606e+00
1.028117401112126128e+00
1.057777182379861847e+00
1.054801493687341774e+00
1.021469023403436482e+00
1.075890454760360049e+00
1.039914885718502324e+00
1.061064180504485144e+00
1.022162241077063882e+00
1.053252456066736897e+00
1.025491483242158219e+00
1.019297962740826513e+00
1.006089824203570737e+00
1.003710979198905395e+00
1.060135948243105197e+00
1.010232450258994774e+00
1.072124128095009343e+00
1.028319167826633240e+00
1.029917936342616747e+00
1.068879427591267417e+00
1.094053206305694470e+00
1.068639238767628452e+00
1.047754248494461526e+00
1.056421654513075348e+00
1.097012180892610100e+00
1.001081721391631874e+00
1.045718471088570523e+00
1.018157783311969267e+00
1.046097537764352658e+00
1.016582136167657913e+00
1.038445983322208388e+00
1.081332267305525896e+00
1.015641453845041120e+00
1.076538632249438132e+00
1.099056132430501487e+00
1.037896979985700963e+00
1.005047283688475179e+00
1.045438626901151524e+00
1.061548453847936724e+00
1.056037030963115964e+00
1.056310758173318431e+00
1.027071996427852074e+00
1.096779361603025027e+00
1.021529367258854348e+00
1.078855766604563948e+00
1.076698981080886464e+00
1.082210499918561331e+00
1.008710132826485140e+00
1.019055083487183433e+00
1.032863029647777653e+00
1.090900328526601459e+00
1.052921959695287901e+00
1.033765197716819184e+00
1.074311308885538274e+00
1.001421580668803823e+00
1.086710705894794682e+00
1.084002395476905134e+00
1.006641878434557436e+00
1.088624441758429207e+00
1.008667459744902128e+00
1.086823349734352462e+00
1.083942262781776300e+00
1.027370933141117826e+00
1.012503772596860641e+00
1.047747137840737253e+00
1.069304565192453982e+00
1.050746694244659052e+00
1.045798972143283656e+00
1.008455035096925023e+00
1.098498414088477482e+00
1.076768657176191635e+00
1.019107385723647230e+00
1.071228203883646035e+00
1.046443981383101685e+00
1.037206842063193024e+00
1.052861294183874641e+00
1.098530778251435303e+00
1.074488086089441907e+00
1.027541887871012527e+00
1.062900614712919856e+00
1.097734088470251557e+00
1.071259177685363273e+00
1.033881840241094974e+00
1.092419135066844404e+00
1.025344989251965044e+00
1.030841604440248416e+00
1.022860913769499058e+00
1.018527728659340825e+00
1.097069606198651570e+00
1.050496308116256827e+00
1.007181501689120129e+00
1.008380796403387958e+00
1.021290724481118239e+00
1.092436569260131884e+00
1.088442676103928086e+00
1.034482612504117549e+00
1.020179337003928266e+00
1.062372495352057467e+00
1.047745471933122285e+00
1.080219560948975754e+00
1.023382514900462503e+00
1.009811460028547714e+00
1.031936992705761114e+00
1.018666605194304964e+00
1.070414163217336068e+00
1.055625302044359115e+00
1.051019423569372391e+00
1.084787918723274958e+00
1.066269863644544458e+00
1.060570809234822498e+00
1.092976452791063258e+00
1.031779346523484797e+00
1.026481782389308428e+00
1.096068476570926764e+00
1.022214008178213174e+00
1.076332788165922150e+00
1.079094196663302530e+00
1.033306839776137354e+00
1.083678972706324073e+00
1.008360175244443102e+00
1.006873000322531686e+00
1.083003077725831487e+00
1.073380107934174266e+00
1.047047104171840104e+00
1.002488799519362761e+00
1.083851031656288821e+00
1.077152920421404980e+00
1.088352367144577837e+00
1.057423366226594386e+00
1.036417224957480343e+00
1.090067959890631322e+00
1.029767320110259510e+00
1.009044236874957701e+00
1.040246881060568951e+00
1.071710562123770583e+00
1.007047918211067650e+00
1.041241833193733424e+00
1.068265294663199860e+00
1.024111408595342665e+00
1.041973373029263072e+00
1.019582053231967933e+00
1.000650740250563109e+00
1.038564676421229072e+00
1.070843028162146160e+00
1.014825125692591312e+00
1.063681969465768873e+00
1.066816707956719679e+00
1.024064117535794738e+00
1.041034824730334041e+00
1.076497305254802805e+00
1.036678391933124832e+00
1.091883894183133474e+00
1.089169013690743038e+00
1.074156618885785841e+00
1.016288519472100971e+00
1.093211821095549929e+00
1.048170885100205174e+00
1.098195318818566690e+00
1.075456988663088032e+00
1.089202107387877039e+00
1.098569430717692530e+00
1.074936795543091517e+00
1.090168985386760214e+00
1.085974878473263017e+00
1.086341605829111545e+00
1.032329887479478625e+00
1.070819342853752021e+00
1.049552983837257925e+00
1.006340104898543863e+00
1.087294748011046641e+00
1.005678878089018680e+00
1.046442141588562302e+00
1.084281782328768262e+00
1.020370205293841481e+00
1.015010258545925304e+00
1.041710739727388813e+00
1.095339050093442346e+00
1.089564174751668446e+00
1.051207507521974005e+00
1.046366161597919175e+00
1.057852413590378626e+00
1.040520104010565605e+00
1.074469336793467455e+00
1.083501814670277952e+00
1.039523718091640347e+00
1.024718607228769285e+00
1.035111388272052402e+00
1.017816128145886179e+00
1.051620253371044589e+00
1.048871122042087434e+00
1.006057745853586205e+00
1.043128719036332530e+00
1.025514689336795016e+00
1.084440203219527943e+00
1.031969567057981374e+00
1.030756991491838637e+00
1.048015630969886480e+00
1.022593512059506660e+00
1.015983579430850492e+00
1.099087632565356687e+00
1.060814667981598181e+00
1.096553287411403677e+00
1.033029909579241457e+00
1.084296195689835818e+00
1.006903567339310301e+00
1.048867450804876755e+00
1.076172071239072769e+00
1.043023777561495669e+00
1.021473074075777143e+00
1.024838254547611793e+00
1.029509286270771540e+00
1.064294093314428258e+00
1.088879374599079908e+00
1.061559700790345895e+00
1.089166340004130928e+00
1.045673007517025521e+00
1.087347195365392150e+00
1.079063775172789175e+00
1.037522401968939967e+00
1.048794414044286860e+00
1.066679209505748904e+00
1.082526036424996896e+00
1.068728821367392001e+00
1.016359237093382495e+00
1.088166336036978876e+00
1.033893690364894313e+00
1.088333701253601182e+00
1.019585254179304235e+00
1.014369134023999086e+00
1.035181559210405000e+00
1.027611272689910482e+00
1.054846572966726459e+00
1.016127284876429115e+00
1.063934136039585754e+00
1.022697969965727038e+00
1.036576280759088586e+00
1.082732999027856691e+00
1.090519151879234094e+00
1.058131176165453491e+00
1.087459521200414114e+00
1.023358855321542027e+00
1.008053366176046017e+00
1.098488385025533809e+00
1.081872185135992703e+00
1.097217265290418631e+00
1.083841270883743491e+00
1.002859129588933751e+00
1.026404662157313075e+00
1.078122319390907968e+00
1.063066322280611375e+00
1.057072007930255353e+00
1.057091214820578662e+00
1.026054299497173750e+00
1.085089020576176511e+00
1.025124249005439747e+00
1.006704256688397914e+00
1.081828069628052447e+00
1.034618599795282812e+00
1.018559051100256907e+00
1.027706908864176594e+00
1.003280018718857747e+00
1.096188391285173536e+00
1.019480987597290778e+00
1.069712191546148716e+00
1.095300940885873375e+00
1.082378781790747091e+00
1.002873391642655987e+00
1.078117826710995875e+00
1.029938059320419264e+00
1.007876831936956430e+00
1.052625290882690967e+00
1.025281276875927405e+00
1.066793787227441559e+00
1.081602136646616641e+00
1.075373238212995908e+00
1.041650058263742906e+00
1.026277749340890111e+00
1.019330100366007130e+00
1.011771352325214757e+00
1.028690817749913000e+00
1.010715007279282540e+00
1.002183131155012008e+00
1.088267167256530721e+00
1.059831176657981322e+00
1.085711517998445785e+00
1.075185920185980359e+00
1.079613445455797960e+00
1.087286618763942503e+00
1.079383172495888443e+00
1.026708911478347197e+00
1.082624487217016984e+00
1.067822420988669307e+00
1.060064597693816779e+00
1.093955980718301024e+00
1.038912419434706136e+00
1.084386973712451407e+00
1.084280602321253673e+00
1.028380089152173937e+00
1.016439430982489567e+00
1.071306789515058311e+00
1.095427016546276278e+00
1.078592503466459629e+00
1.085721580411652676e+00
1.005442628722166942e+00
1.059119329076438687e+00
1.017707013587651588e+00
1.024227490359234993e+00
1.002789588770953921e+00
1.072828568834834684e+00
1.079417024241662526e+00
1.081867748280598729e+00
1.079477737640318846e+00
1.078544204923350236e+00
1.061142880608192618e+00
1.014080081590827964e+00
1.098634000485422701e+00
1.026852773727522594e+00
1.049257082861331014e+00
1.076754081353709536e+00
1.033236094778449576e+00
1.076722783792020799e+00
1.060259499156017027e+00
1.035892338941227786e+00
1.027758640926207834e+00
1.002373804120711753e+00
1.028467463917058788e+00
1.020681825893816841e+00
1.007749061638465227e+00
1.023412461914876337e+00
1.088493019156145492e+00
1.027440046193695222e+00
1.020390324301619023e+00
1.040116716853065171e+00
1.010677107275573361e+00
1.010100959803986287e+00
1.022690870642456895e+00
1.097203507017427304e+00
1.068706413632380947e+00
1.065451294306731578e+00
1.089272371217858026e+00
1.091614889033485802e+00
1.014245877053435718e+00
1.080088214862569007e+00
1.078931009805446983e+00
1.020742843274704326e+00
1.088324315295399192e+00
1.073751289651055041e+00
1.028146724909226872e+00
1.016033385162468550e+00
1.042350859023643661e+00
1.095403509650684004e+00
1.052441394925216489e+00
1.046660642724331014e+00
1.094878462444373035e+00
1.001957550734878799e+00
1.072342032459574490e+00
1.078994847001277568e+00
1.092028033281320809e+00
1.087604802047415831e+00
1.004125426518065911e+00
1.021867054963795152e+00
1.085210979857664348e+00
1.062355342473453756e+00
1.018286509666561424e+00
1.045223513901388346e+00
1.015477708067334950e+00
1.085050484148941674e+00
1.006284366837266075e+00
1.000601416485301209e+00
1.002037136964004427e+00
1.091566945594761640e+00
1.010730464717277233e+00
1.084871322065332100e+00
1.016528933590084227e+00
1.093138052819393025e+00
1.062221301473971646e+00
1.096742107011129397e+00
1.010864508244333493e+00
1.070287879463605707e+00
1.084665065513827464e+00
1.053186579802416256e+00
1.049460413069001063e+00
1.090538250264403874e+00
1.044220203165657557e+00
1.043606019396410733e+00
1.068096792825126595e+00
1.065082534176402973e+00
1.018774663495285893e+00
1.008309300559832256e+00
1.008172301765578149e+00
1.027726040893284676e+00
1.015246596656735667e+00
1.004678171388905250e+00
1.031083020867884725e+00
1.022770715659286900e+00
1.078086956123984752e+00
1.094945391340328644e+00
1.027644055326496053e+00
1.096002608009311929e+00
1.077440326731152531e+00
1.055772776007400493e+00
1.078767165817402729e+00
1.075322429735109608e+00
1.097974023851814085e+00
1.098318184822947741e+00
1.058286635155162969e+00
1.097166291801378479e+00
1.070345761300657283e+00
1.075386614376230954e+00
1.007578112020712346e+00
1.066800842658127246e+00
1.024347537188088353e+00
1.074440859674302251e+00
1.022014956350674630e+00
1.062339331996514424e+00
1.095439617324034387e+00
1.042145249052059519e+00
1.030789719959630979e+00
1.008527262905922539e+00
1.019853296824155153e+00
1.058389133974554586e+00
1.082527316167740228e+00
1.019086987770295938e+00
1.099303401636223088e+00
1.024131951397158069e+00
1.096635481680760416e+00
1.044936495248818042e+00
1.001234003326225697e+00
1.016809577305223478e+00
1.013091537903617390e+00
1.069691441199289716e+00
1.038479859702662322e+00
1.072942755440240648e+00
1.009282653879089109e+00
1.014556297601972412e+00
1.078723101924468297e+00
1.092763298751160406e+00
1.000516775885293308e+00
1.041257098166514350e+00
1.093207630672945463e+00
1.069836521717879352e+00
1.092552339406081430e+00
1.050133304843451798e+00
1.091702467117561248e+00
1.049353351473184537e+00
1.066817318467647047e+00
1.019971184298164468e+00
1.030531675926150692e+00
1.097242839758526101e+00
1.065075042568670582e+00
1.093506843993283573e+00
1.090526260943126546e+00
1.072549067215272878e+00
1.093924540382671173e+00
1.081026121212312452e+00
1.078446831446789655e+00
1.019305854310345705e+00
1.095268075187916246e+00
1.000136404841339255e+00
1.003089265603913205e+00
1.078262615393785540e+00
1.084902365977366667e+00
1.078663686210461492e+00
1.095096499976900395e+00
1.012923216635213786e+00
1.024774527379715749e+00
1.034203574252690716e+00
1.092788669799118928e+00
1.083158260585466381e+00
1.086284756326606482e+00
1.012949736964886105e+00
1.058090827020236491e+00
1.072897434083795343e+00
1.011947331242748715e+00
1.052185911420858266e+00
1.015694765416852441e+00
1.061835977011350796e+00
1.026208557998993243e+00
1.062025359746030961e+00
1.087969210707390832e+00
1.006328316191088090e+00
1.065834320107764466e+00
1.023598985942206774e+00
1.098962110959830873e+00
1.058107468189071865e+00
1.050754787762810505e+00
1.059499531783573145e+00
1.018852030354615135e+00
1.099501329894223778e+00
1.064502028159830305e+00
1.030315677976196609e+00
1.009346366239235238e+00
1.037896821336602216e+00
1.085849858403089119e+00
1.060722887269996750e+00
1.066445878979562112e+00
1.048783514483837109e+00
1.050614721728168721e+00
1.007699276885788420e+00
1.011157470542565662e+00
1.094503051682694350e+00
1.024015506200268488e+00
1.078980282979353778e+00
1.084531357684819008e+00
1.000255169425883439e+00
1.087645815559908247e+00
1.012711611095273190e+00
1.065168959661114245e+00
1.057962696684927595e+00
1.097578976769598036e+00
1.012186565520183379e+00
1.060712136827653085e+00
1.088541568101005552e+00
1.042043949635333089e+00
1.057272683242847622e+00
1.031447091044826125e+00
1.023830790094094834e+00
1.034415536841586158e+00
1.068384153907631307e+00
1.016929777906260934e+00
1.002804329820091489e+00
1.038133178542047563e+00
1.062827059159110688e+00
1.069276249394108147e+00
1.048167024908656320e+00
1.096394987320358227e+00
1.078820137316366834e+00
1.029581770019132314e+00
1.086547446534041894e+00
1.099056345856685546e+00
1.089291801948353511e+00
1.004141625872755794e+00
1.084812866635462392e+00
1.088218143007006145e+00
1.000040751309509979e+00
1.090091629955231678e+00
1.096671130315916898e+00
1.070321355966025179e+00
1.030459181719522777e+00
1.003034401759108407e+00
1.014853662247841903e+00
1.025117909393899129e+00
1.060506091966047393e+00
1.044765221432530922e+00
1.001404569111970844e+00
1.087659205833504394e+00
1.044673128376087501e+00
1.026391168061787429e+00
1.015358084467598676e+00
1.055918656711610559e+00
1.032355496069631284e+00
1.064633516828758619e+00
1.014205183850756642e+00
1.019394317335588163e+00
1.043221910479969816e+00
1.056227268926996699e+00
1.017209360443521504e+00
1.096955411477338993e+00
1.068963704841345619e+00
1.014137669119360652e+00
1.048266916255944592e+00
1.079701760489701901e+00
1.023949303165646807e+00
1.062549952598489167e+00
1.006421513401770884e+00
1.060871802758290849e+00
1.031782706239438685e+00
1.031065152486750680e+00
1.095506949357382798e+00
1.010605944468166761e+00
1.084128132890124663e+00
1.093714685801980835e+00
1.091554540774959170e+00
1.026313221532872078e+00
1.010339513304062020e+00
1.028203244901248592e+00
1.070822319747156692e+00
1.060107240776641868e+00
1.017401009966975689e+00
1.092139975532236296e+00
1.044393247987457141e+00
1.058569620922451548e+00
1.043664649416764068e+00
1.093390816917905850e+00
1.051753147588202042e+00
1.076972490648468339e+00
1.022930226236383522e+00
1.080202905395687640e+00
1.012408816279383617e+00
1.034524672031614800e+00
1.040894294809553422e+00
1.004102541743332244e+00
1.024176679983551219e+00
1.038188391209387218e+00
1.001013209999688014e+00
1.031467067715767350e+00
1.061156833857600734e+00
1.062599664634485963e+00
1.079029573431991018e+00
1.065911213971002969e+00
1.003975126509328630e+00
1.079153521732512111e+00
1.041237878367196057e+00
1.030984300475405346e+00
1.040060622055817285e+00
1.081288102879464086e+00
1.025790626953059004e+00
1.069541825685302427e+00
1.063727765233356326e+00
1.037387179827862438e+00
1.085145472279173795e+00
1.012867159604242673e+00
1.039223754665987931e+00
1.031523172623741491e+00
1.035433003556072595e+00
1.050986571026025329e+00
1.064618686088879329e+00
1.074331277730854239e+00
1.092687856787930789e+00
1.026989664028089999e+00
1.049506113671181851e+00
1.003233742377526605e+00
1.041978091874014911e+00
1.011542115048031931e+00
1.097991870085750277e+00
1.024158583133888856e+00
1.097774447502293915e+00
1.058563659064226448e+00
1.068330379944071318e+00
1.076083192135046218e+00
1.082373053810960828e+00
1.084305290561845325e+00
1.068506676192045646e+00
1.045903430605531925e+00
1.061165395948196810e+00
1.025624842473450427e+00
1.055413076951886131e+00
1.075731585356120679e+00
1.088632847709203322e+00
1.046806248318737698e+00
1.022498231627846366e+00
1.048972365675728158e+00
1.052346692505617520e+00
1.063786743972863436e+00
1.087129480800757664e+00
1.064563781675536225e+00
1.068265793913453443e+00
1.011766029526039556e+00
1.026918907018260052e+00
1.006549538666348331e+00
1.013066690982028728e+00
1.019972659392435865e+00
1.091272156215581157e+00
1.084524224889419575e+00
1.023369763092984330e+00
1.006272026059259694e+00
1.010236194579849478e+00
1.074673344722616442e+00
1.035172525555021483e+00
1.014998634467481731e+00
1.069607804084603320e+00
1.033276104254961858e+00
1.060798557789420338e+00
1.047886736207282787e+00
1.065939543034571280e+00
1.048494903746276075e+00
1.014928701364761654e+00
1.018151093706112231e+00
1.049526115176967922e+00
1.059974858963564248e+00
1.002428532697706043e+00
1.083777586973823537e+00
1.051606188161241739e+00
1.062214523557996726e+00
1.077729766504688325e+00
1.074650305445849163e+00
1.066699157089857852e+00
1.075268602850946831e+00
1.029399638760785329e+00
1.018009273563724948e+00
1.076832739804808758e+00
1.067421325186260983e+00
1.053704050311340845e+00
1.056747206390648230e+00
1.028932199444807960e+00
1.028180361825937306e+00
1.047120293022538728e+00
1.096819805334916520e+00
1.004109478752631679e+00
1.046979723073212076e+00
1.040996911649438195e+00
1.002857212082328475e+00
1.001339044834485881e+00
1.007341363337912465e+00
1.029908555778745294e+00
1.092934120947069543e+00
1.025312475825921110e+00
1.015502688212293059e+00
1.038064315494294343e+00
1.036643195261210737e+00
1.064335819556398555e+00
1.091066961279596681e+00
1.090997270309374878e+00
1.039521290626445493e+00
1.099643220464874727e+00
1.045014819961673114e+00
1.041581412441979992e+00
1.000232019016780605e+00
1.095938360780182919e+00
1.061702683674549341e+00
1.090939007116159098e+00
1.082559038487201475e+00
1.088088470571227262e+00
1.038877744999495256e+00
1.083220603595252296e+00
1.020112021770541277e+00
1.021524300034353683e+00
1.071372198384306973e+00
1.097499051144922522e+00
1.069957125601455283e+00
1.070697444052584268e+00
1.022370746309188672e+00
1.027885404518922741e+00
1.061907249118973384e+00
1.072134509858067908e+00
1.049773431868065154e+00
1.035860377601054205e+00
1.029505721220367320e+00
1.043111704903905590e+00
1.027562322202228762e+00
1.049969054521534995e+00
1.044471152182279594e+00
1.068524388471513653e+00
1.026011229472962194e+00
1.018429060346917048e+00
1.015763107144886490e+00
1.030702153084272599e+00
1.020399639192826502e+00
1.035940515609563572e+00
1.094776161951165339e+00
1.042826465680058101e+00
1.006009208164982960e+00
1.006263511583236570e+00
1.069087609310559683e+00
1.026825221859001935e+00
1.073828885954420054e+00
1.093374426785174380e+00
1.089760407011428622e+00
1.063217430365261507e+00
1.075709530466196107e+00
1.062301778222128013e+00
1.098440914746257935e+00
1.071843956242326978e+00
1.068966542422358446e+00
1.015765322607975474e+00
1.006076870759746944e+00
1.027378419598260928e+00
1.050214126608889575e+00
1.066239572404164004e+00
1.073020046278392536e+00
1.015994432202723230e+00
1.033889938329546787e+00
1.023263470490731075e+00
1.074146906382908107e+00
1.039219140870431213e+00
1.006688785878183445e+00
1.035113650782209627e+00
1.062014718327618956e+00
1.009311597549971795e+00
1.009599789950086146e+00
1.065384016027858705e+00
1.051075290079457547e+00
1.048856939038169234e+00
1.082793768372093401e+00
1.077470179139000672e+00
1.082041666894222542e+00
1.053996423993399212e+00
1.073187132343835115e+00
1.088733258448969288e+00
1.028903317757454694e+00
1.038718483413314742e+00
1.073885879465407145e+00
1.046385775069586410e+00
1.021643181511090015e+00
1.075709221731364851e+00
1.064403301307627947e+00
1.006329908902544368e+00
1.058566546909655015e+00
1.078669656101929775e+00
1.044883996265603576e+00
1.065739639305242958e+00
1.015231954874678433e+00
1.060529300575149048e+00
1.041083432847138113e+00
1.003254019402278097e+00
1.088551018194347408e+00
1.002560088032208752e+00
1.022993955037189151e+00
1.038499183641438117e+00
1.023366552909381166e+00
1.027600885619614823e+00
1.093683528402091154e+00
1.025533240784337163e+00
