-5.828693600579306147e-03
9.803559422628359277e-02
2.007117520398439200e-02
1.759179099489186285e-02
3.056932388451828048e-03
9.870740796015414764e-02
7.324082402390399982e-02
1.737055199466226371e-02
2.702311629170845234e-02
9.080591992816250402e-02
3.309750423390615814e-02
5.819822050524922630e-02
7.859955941047297445e-02
7.571431246858370545e-02
7.739155246621343132e-02
4.416112653219832207e-02
-1.612972269695543345e-02
6.779889902997671136e-02
9.033236181635911216e-03
3.316564495797287571e-02
7.229605141845550642e-02
4.719934679501631980e-02
-1.307496599273664378e-02
1.085551161599952047e-02
2.272698774811050468e-02
9.314530042599261650e-02
1.469764551741354827e-02
5.561872418522714745e-02
7.052186415180618229e-02
4.282347995591553880e-02
5.886767934341452513e-02
8.643155069515864874e-03
3.226889998463780551e-03
2.771230669924737086e-02
-1.954857119561153808e-02
4.992792382773024451e-04
6.175516202410618466e-03
8.495220713072118568e-02
8.578039546754817612e-05
1.548570399326191713e-02
9.476274229176566422e-02
3.214330303063732408e-02
2.267746781533054243e-02
1.186876982211385392e-02
-1.003892005647943377e-02
6.489534260033641422e-02
7.651302802421364180e-02
4.967389943725876444e-02
8.105453103408463700e-02
8.093377052676768019e-03
8.344618963613383011e-02
7.926610083557419917e-02
6.438916186775557604e-02
-1.017366023014634052e-03
7.153141353837150218e-02
2.289576061915647373e-02
6.225422613794376336e-02
3.335380149211013973e-03
-9.688586847071828378e-04
9.449725620281304583e-03
1.456999653880883955e-03
4.643454582360938276e-02
9.468406308882375277e-02
9.338612062566013783e-02
2.831509598021430055e-02
8.386724683390942015e-02
7.901440566806350319e-02
-1.193420282190400111e-02
-1.751809726611223972e-02
4.547991301904789896e-02
1.614258745876170215e-03
5.938901463583561025e-02
1.407114991195572776e-02
4.335100636917363359e-02
7.386531387310925345e-02
4.074249600805675275e-02
1.735298924099893877e-02
-1.808970667934780424e-03
3.549943499293954641e-02
3.774515770667449116e-03
9.189567599715960100e-02
3.309409845967177521e-02
1.637764828796620456e-02
3.475524052999290348e-02
4.634317952161230714e-02
-6.986835350411916765e-03
4.965028228788136155e-02
7.177810616238919361e-02
1.213630258706285478e-02
5.222279210415302353e-02
-7.885854625224592018e-05
2.901226906439195383e-02
5.594039830049353512e-02
3.120447679390596016e-02
-1.093570530412124597e-02
6.081150727703370229e-02
-1.831871100706427766e-02
5.652541867884339211e-02
3.376179165685802563e-02
3.893256771679974582e-03
-1.708781799125974957e-02
9.204160726792715019e-02
3.384081073099161341e-02
5.601966910344009787e-02
2.609616167439559112e-02
8.344350803743574851e-02
8.295911810193100366e-02
9.817055154161374864e-02
5.553243022222381642e-02
2.736322087414274143e-02
4.353383417094733310e-02
-1.955505619833986311e-02
4.055231775539118455e-02
8.940962736380238252e-02
8.808238397916477724e-02
7.076474954943907936e-02
-1.111943495922283753e-02
7.687187793589364548e-02
9.920552391426508410e-02
9.047883943735408885e-02
6.832253646586912421e-02
4.055254628498418390e-02
-1.285510556769323479e-02
1.142492800985810825e-03
2.278438324912883742e-02
6.699438609735959560e-02
3.711885150522727106e-02
9.355600383344227222e-02
7.789758883719244409e-02
3.831713720320786137e-03
6.396810042601849822e-02
4.013697329189686025e-02
5.648109486846812632e-02
7.684486035788737346e-02
-7.339671739584531507e-03
-7.610178557836029534e-04
3.515734375656714983e-02
5.227123961934557195e-02
1.490241889519402022e-02
1.676823485853385157e-02
7.319793425909008888e-02
5.302300524418886163e-02
-8.405848755880089909e-03
-1.206244368786099294e-02
5.781640475531008017e-02
4.669045515624370424e-02
9.840545526372281027e-02
7.257502060256385001e-02
3.589100553925574089e-02
7.996688710683658163e-02
1.167516107605423917e-02
5.164458932974781702e-02
3.298786831676012166e-02
4.880542000263544955e-02
8.267912596785685631e-03
1.386441201487631156e-02
3.489767995846969340e-02
9.089088129854802633e-02
8.886771926320441439e-02
-5.040614012542072100e-03
5.740573099634287135e-02
-1.734076356460808807e-02
7.523274306811658652e-02
1.220414902107731445e-02
-1.657651201985168091e-02
8.081437540290656307e-02
2.575079805068079472e-02
9.949413916117896828e-02
-9.205064655508290658e-03
2.322546013275121266e-02
-1.979293751241193930e-02
8.712836747958957462e-02
2.118723200859983988e-02
5.526506666170316606e-02
2.672956716783991479e-02
-1.377748675477981528e-02
1.237013246046064427e-02
4.842958385142519251e-02
2.417871547562796056e-02
8.302897023250550845e-02
9.758511322856153192e-02
-1.158377615980733279e-02
9.964040050045214203e-02
1.852940544496512257e-02
6.019861261193804047e-02
6.262179688540336908e-02
5.080522191898305395e-02
2.514056388476741330e-02
3.062863869230999722e-02
-1.812689103703469737e-02
8.373683601735332216e-02
5.663554359907513325e-02
9.207425985000253221e-02
7.385695289522039436e-03
5.651632145915271022e-02
8.388607893074961908e-02
-1.781055200874371788e-02
9.084033009770221823e-02
7.090305059021811962e-02
5.351937873654603883e-02
4.087014872662121656e-02
3.678969575479248966e-02
5.925076428415784746e-02
4.937793302973622622e-02
6.468852844078705477e-02
6.867961708322307957e-02
9.636729040249861211e-02
8.126465955034535560e-02
9.812240095032369325e-02
8.676827075429417724e-02
4.343142952037827575e-02
2.812049206379381092e-02
6.639675136435528591e-02
8.245072659951674376e-02
-7.307797852938176242e-03
6.328086111615766063e-02
7.252170536402867407e-02
2.451190376045742081e-03
4.319448754456244044e-03
2.930680379686305057e-02
7.996973918454179653e-02
-1.544365928055451212e-02
7.045618771539002845e-02
4.817390395909729173e-02
3.112394561592263589e-02
4.158707750065737674e-02
9.850548252215740597e-02
9.707680790328350462e-02
9.169875659528186479e-03
8.108483500643197395e-02
8.355440806679897969e-02
7.577724732890973869e-02
8.249816605761992050e-02
3.176151619801706460e-02
2.780709394961931522e-02
3.979394127012744753e-02
6.734670997628913747e-02
2.295943668261639717e-02
3.806272055133103072e-02
1.814486663757336818e-02
6.930076488248107514e-02
5.782351836013623070e-02
5.239540605929399186e-02
1.652010272706740460e-02
4.070666195652099251e-03
-1.870709241749040838e-02
8.102293033897770003e-03
6.741664591228539727e-02
3.352593123318710344e-02
4.848740389499807402e-02
8.526677899461504451e-02
8.278107752053734392e-02
8.431155330068410003e-02
3.391122747965838458e-02
4.475375026703075354e-02
3.317901025618909261e-02
8.028601852945831813e-03
8.099011483578788528e-02
-1.504582986133220536e-02
2.496503087560257919e-02
2.332141005708028916e-02
2.316674875186930035e-02
-1.675758084746273302e-02
2.732728500126643464e-02
7.485489297057126845e-02
9.968337579341157717e-02
4.846716286580762811e-02
7.967287271517149716e-02
4.554894060462945371e-02
-8.689810616454719805e-03
8.688741412444109247e-02
9.117488439340373091e-03
5.240712713438422377e-02
3.204763074654373711e-02
2.094988912082468638e-02
9.455904319831476279e-02
2.730520080963418431e-02
-6.994591485972607298e-03
8.071990870962206244e-02
8.160282020607022291e-02
5.023977302857050853e-02
-1.095559384188021096e-03
8.855596358678538560e-02
1.113192783004361350e-02
9.243395231771917020e-02
2.681040559748135849e-03
-1.288835562648543015e-02
3.423024177661657119e-02
1.468452729472141324e-02
9.589218702815115181e-02
4.296074753165585181e-02
7.407878489697318491e-02
9.711070635351978786e-02
4.391713092324942003e-02
-1.183161640621552442e-02
-1.924717550204446681e-02
6.578064656115188702e-02
9.256014839220649826e-02
7.035216979524928915e-02
3.009845241269603830e-02
4.886888752290280413e-02
5.283110693129808300e-02
4.122085100251533796e-02
8.215710042438593985e-02
4.563054802757712802e-02
4.716272837072198187e-02
6.573647505496861554e-02
7.525704970732900734e-02
7.854772791963544887e-02
8.877951061905622887e-02
4.392382658446700172e-02
-4.251649066866796528e-03
7.471083916760865029e-02
4.307825489746401615e-02
2.243918401580444547e-02
8.575424449405497085e-02
8.225909026867810059e-02
6.537558746477867277e-02
8.210045578731181570e-02
5.688220576260748229e-03
3.908765647873514715e-02
-6.195016981453971283e-04
8.443896960303701182e-02
-9.938060420961581862e-03
2.603752597192931714e-02
1.841161497120080356e-02
8.194053229815562167e-02
1.759635435295398356e-02
5.295635384491201303e-02
3.767642665530243629e-02
6.878490192144617876e-02
2.475722043590361868e-02
8.250158003267461793e-02
8.985630068436584184e-03
8.341632670063228727e-02
4.752560503445016349e-02
7.200163163794659482e-02
7.981398760563272743e-02
6.065483857848610882e-02
7.039648850620930376e-02
9.620856746259580372e-02
2.350752592762738249e-02
5.508833266337306855e-02
5.279079295682602424e-02
3.853545651528964000e-02
2.429385483429665274e-02
-1.224483265910007029e-02
3.605615725611001354e-02
5.038510418569172589e-02
-1.688778424464511957e-02
-4.255437012605323838e-03
4.714798947351697689e-02
4.383809872697892046e-03
1.533450114027596831e-02
6.391234703517324756e-02
7.106621355690999342e-02
6.168889342421214617e-02
-7.497591519359105700e-03
6.852807986162083587e-02
5.669075258091212099e-02
3.530639945483159126e-03
2.190658321577906506e-02
-5.350817431645319214e-03
9.952568162091601778e-02
7.859116379826533438e-02
7.574242797275819450e-02
-7.397477708570656535e-03
8.083282182913467673e-02
4.085047066844335606e-02
9.246495528258789898e-02
4.021717239300388880e-02
1.823440693495540291e-02
3.227770574642041534e-02
9.894446702897538581e-02
9.930761366193215089e-02
-1.865826375599383483e-02
9.870493379274633550e-02
-1.283280099756117440e-02
7.821753010383070137e-03
2.787014998256566803e-02
3.761845054223615648e-02
9.896927630351444460e-02
7.941711865929763914e-02
-1.203333308263188073e-02
4.626493943337070536e-02
7.318974964647965986e-02
4.094424428677763406e-02
4.215658899805921345e-02
1.026788789834855858e-02
1.785496926915222660e-03
3.914455697757135422e-02
2.593112030577019930e-02
5.639479895844944080e-02
-6.587874750060564513e-03
2.007584645314626146e-02
3.814324468396029788e-02
8.088632301954570836e-02
8.769121456488131183e-02
2.663345945578219839e-02
4.732722333180758995e-03
-5.244194757398113610e-03
1.448222051939431973e-02
7.921500090388103321e-02
9.853833116755006394e-02
5.646220883526117951e-02
9.041102422482999446e-02
5.570775718064538418e-03
4.461289712492179371e-02
6.965701336633851881e-02
7.480606710277248883e-02
4.624348981364490019e-02
6.365768121616115216e-02
4.218424429360531636e-02
9.413852583033704979e-02
1.841935459332605038e-02
4.075334116994804023e-02
9.459526107183714727e-02
6.748961449071874674e-02
7.586508557943168196e-02
6.738536001888556504e-02
9.744095076852077320e-02
-1.697823384302706018e-02
-3.031940461396074454e-03
6.049120867903723386e-02
9.810406343806901686e-02
4.683693418636250549e-02
9.597835781607802486e-02
5.764365890401759729e-02
3.469938760067448752e-03
9.927432167682749553e-02
8.128117550608868203e-02
5.892559677808288654e-02
7.993511928963936697e-02
7.923239596796016748e-02
-1.030308328540972471e-02
-7.926543125157965025e-03
8.472641346068074397e-02
5.989653348996241966e-02
2.237032702556228034e-02
6.787539226054216390e-02
2.544291050372559856e-02
5.167931407534281929e-02
9.904016457539838170e-02
5.123771873052461456e-02
7.834701000872418275e-02
3.336711969711414483e-03
-5.767689982165443915e-03
2.924496202959605759e-02
9.016177794170150001e-03
6.132308741122595441e-02
3.394375243011148180e-02
1.423290808108152936e-02
8.906315402574782603e-02
8.662660700962832028e-02
-1.084327079382655171e-02
6.657611213669202554e-02
5.233213746595855032e-02
2.291319727196549846e-02
6.955820383169708521e-02
8.704068572170169105e-02
-9.202174055361207403e-03
4.008144339866966110e-04
5.208413658243131461e-02
4.933827354740930038e-02
-1.800665047263974583e-02
8.370204772374632840e-02
3.074422281937477450e-02
3.625163876545885178e-03
1.712009845029490926e-02
-1.155914243083131995e-02
8.723290002192440884e-02
-6.517157411027291181e-03
6.491350383600158480e-02
7.236564799473169107e-02
5.775651290670157090e-02
8.198170396905957169e-02
6.262276228918559062e-02
5.949877213516308050e-02
3.558366948589932605e-03
2.403910452806152023e-02
9.351543412956589418e-02
1.788408202796798116e-02
8.732703174224754061e-02
2.050141270227712545e-02
9.451184227608352972e-02
-1.110566585052751541e-02
7.233978067332992590e-02
9.591430790347907354e-02
1.603281664961763928e-02
8.959590792138101556e-02
2.454477938318319272e-02
9.674571808934044614e-02
7.321051416873756296e-03
7.854372712592722072e-02
3.435051444812235732e-02
6.591266143865290306e-02
5.676659865797444027e-02
4.226012765351860878e-02
8.540132240281671228e-02
1.952941431797885347e-03
