1.000560481177718897e+00
1.089096357444394592e+00
1.077448324102737720e+00
1.027595378265251380e+00
1.078381077363486540e+00
1.074670128147547477e+00
1.014902734793785788e+00
1.096900684281230109e+00
1.062607282885537963e+00
1.017750641064588679e+00
1.098895187155303432e+00
1.020822673134316405e+00
1.050723201093399561e+00
1.088359579499236673e+00
1.065942889389969395e+00
1.073296159965680729e+00
1.076825954019590581e+00
1.047602677759080558e+00
1.014369959021548473e+00
1.011367811728491883e+00
1.043120190650947077e+00
1.015826826312584696e+00
1.060728460781405591e+00
1.035917055114217833e+00
1.018352282498432348e+00
1.024088339828858274e+00
1.023672865898494821e+00
1.040326527551763691e+00
1.086362432176826820e+00
1.002212803977809097e+00
1.056935154752864481e+00
1.020357537402571513e+00
1.015334956939818234e+00
1.097394290203515421e+00
1.053530891769816735e+00
1.090826351450322029e+00
1.084027996501890190e+00
1.036358382760800945e+00
1.055407839897223754e+00
1.010185169187462817e+00
1.002772013399083173e+00
1.005281144245895764e+00
1.043992135565781743e+00
1.035525210457355350e+00
1.089622045124042593e+00
1.070801834865026336e+00
1.092680521248953651e+00
1.002726252207096103e+00
1.094811873341547503e+00
1.047051564683744829e+00
1.025870242689084666e+00
1.041797763092165763e+00
1.064389785636774333e+00
1.085898770925412649e+00
1.025045902572078393e+00
1.092977243577089030e+00
1.040845713467080991e+00
1.006144982448731406e+00
1.039081090916301076e+00
1.038530827443516547e+00
1.025873415198279348e+00
1.065686959405382161e+00
1.028763212490560797e+00
1.045918253728360003e+00
1.048318698700879015e+00
1.029871761465049440e+00
1.087912919754514984e+00
1.076941396273191298e+00
1.074982431642251157e+00
1.095647980728263082e+00
1.001578806417448675e+00
1.026814409940477679e+00
1.049466124258806810e+00
1.003848095419114239e+00
1.070865268770199386e+00
1.087678214762314521e+00
1.084207101255027839e+00
1.007094068057379888e+00
1.046507698368697170e+00
1.090964971815390205e+00
1.010954318411227293e+00
1.031175442070471515e+00
1.019765334589702865e+00
1.098582754854433796e+00
1.062975466957319259e+00
1.025697745851777087e+00
1.030998637082933822e+00
1.058646067074524133e+00
1.090529797586026861e+00
1.007475086057647351e+00
1.098235945530903646e+00
1.054226639016909717e+00
1.071788335770177181e+00
1.039791232921455366e+00
1.082036274034679391e+00
1.092753634107011651e+00
1.058609677036134844e+00
1.065575737262796974e+00
1.002171080382394441e+00
1.038213210490536831e+00
1.075865458903789706e+00
1.090143390067809470e+00
1.077910271785075036e+00
1.087040163842733831e+00
1.012588300479719372e+00
1.012732930629252737e+00
1.027018609535975902e+00
1.062646050214957061e+00
1.062918458501915575e+00
1.027881030119239147e+00
1.000074001604061236e+00
1.051889701305218194e+00
1.080076140980673172e+00
1.079443262316548191e+00
1.079380016201432424e+00
1.006782755165976706e+00
1.042243202187322915e+00
1.051734935694636608e+00
1.045394900387754511e+00
1.002893290873733800e+00
1.005932664876290072e+00
1.003736972968067631e+00
1.011920520768056386e+00
1.080864551351183200e+00
1.094093833211595035e+00
1.078523580838495866e+00
1.082326413567410661e+00
1.034443245841833559e+00
1.021249974377407499e+00
1.003849458949292339e+00
1.013523991963907855e+00
1.070912073357720429e+00
1.027608719079351252e+00
1.007420872782090804e+00
1.056069904912122270e+00
1.047755791515665891e+00
1.067628384863791302e+00
1.017554513715021924e+00
1.088028490525307035e+00
1.077347948001095013e+00
1.043394490038633382e+00
1.023824397075273396e+00
1.013526041611556128e+00
1.017583975521112682e+00
1.009426701600319998e+00
1.000963649831296820e+00
1.014743767022047605e+00
1.078224290966863563e+00
1.016645946236367282e+00
1.096042767938725015e+00
1.097724714874017460e+00
1.095953172751622962e+00
1.042770360042167388e+00
1.022084564465841172e+00
1.015175020812845830e+00
1.040668593572894984e+00
1.095262354431476570e+00
1.083752296757482192e+00
1.043926046894533943e+00
1.039653849444545530e+00
1.078926806778980119e+00
1.087580546951391725e+00
1.043510064522691572e+00
1.009509061765538229e+00
1.079107860296070198e+00
1.018276885111094821e+00
1.072932455718441869e+00
1.088221927084855878e+00
1.007523800614135823e+00
1.013927573406827376e+00
1.086625396367474350e+00
1.012715906824905421e+00
1.090934569531363252e+00
1.056397359636069622e+00
1.043890956262576220e+00
1.044789936541770548e+00
1.024923038418853904e+00
1.021320601334461342e+00
1.092744738364256119e+00
1.024452246829486102e+00
1.073436900822142270e+00
1.039491864496857820e+00
1.058544629340631982e+00
1.064524701661254458e+00
1.021567709831971982e+00
1.069847153316254573e+00
1.015046182040446165e+00
1.041464794760945667e+00
1.038557444218806358e+00
1.067548788539385285e+00
1.080805500367023608e+00
1.028247774176618945e+00
1.012044729036938762e+00
1.052362414793312828e+00
1.043382671176031895e+00
1.067457410809338425e+00
1.048659987271915117e+00
1.099984058059803038e+00
1.086978812600286171e+00
1.051633369113821770e+00
1.086233705894342094e+00
1.048976676514765227e+00
1.094443689109815487e+00
1.014088242161543807e+00
1.070932298832387497e+00
1.097978147569216301e+00
1.032645178587267454e+00
1.022165254987081440e+00
1.007741463527782821e+00
1.057811773428972479e+00
1.002556173135892070e+00
1.084763355764637893e+00
1.072819649744654713e+00
1.070028898364666636e+00
1.077173179253869018e+00
1.042634988919785899e+00
1.030108364526437059e+00
1.048655678349139864e+00
1.090095142364798875e+00
1.068411310711927964e+00
1.067463866619983603e+00
1.085248974231538543e+00
1.040977205771226988e+00
1.032835698765316446e+00
1.028545518957300953e+00
1.038293087760734368e+00
1.039137785115537227e+00
1.011627125964583263e+00
1.004076722368298480e+00
1.042953765446026582e+00
1.055333140894414878e+00
1.035828411826266837e+00
1.086112088323055946e+00
1.073573994640548923e+00
1.006657450101823503e+00
1.083999086930618638e+00
1.032699685545810819e+00
1.015201255065736330e+00
1.026421677618516437e+00
1.018942510532691026e+00
1.057399646665394322e+00
1.035031825694112229e+00
1.058271820369727667e+00
1.039237577265050838e+00
1.081366286509807262e+00
1.081049093347458800e+00
1.061293449816824053e+00
1.042578549868786064e+00
1.042715686415720544e+00
1.056375804690554254e+00
1.009018243260872749e+00
1.053317970369537449e+00
1.092868623902903735e+00
1.027381991146252505e+00
1.063014430665743415e+00
1.040825883262343154e+00
1.066547068078835370e+00
1.014805861271606657e+00
1.053754642588531576e+00
1.065172362500780068e+00
1.074458163735247274e+00
1.087117879118676855e+00
1.083574584887286196e+00
1.090508076940562399e+00
1.044391736456554032e+00
1.091927698337758379e+00
1.000011088817551297e+00
1.055564225102137543e+00
1.087968165766540096e+00
1.046153618298026000e+00
1.055018973468184518e+00
1.099271444355109706e+00
1.001674317385023327e+00
1.042260164380131693e+00
1.038716704135171032e+00
1.086158692555043714e+00
1.005559666260688045e+00
1.065194923523278714e+00
1.072281596611235344e+00
1.094745114549761977e+00
1.018691460398434723e+00
1.067362210690669055e+00
1.035899386737942240e+00
1.084819346427247977e+00
1.018533639460130313e+00
1.002655145422513217e+00
1.062392176091076834e+00
1.036047006299130047e+00
1.019919915289840606e+00
1.015860473306459566e+00
1.059883027297166436e+00
1.096113348779544916e+00
1.045041567287226636e+00
1.014656433052797402e+00
1.066109907912813126e+00
1.078050414206231267e+00
1.005793143479009499e+00
1.051070340248877022e+00
1.062185557164357919e+00
1.054790753231426015e+00
1.071345405944649665e+00
1.076321137434984143e+00
1.042876491191494948e+00
1.039551602270805120e+00
1.048769289842414354e+00
1.088367630881202475e+00
1.010009708233173376e+00
1.068482433745204574e+00
1.000561276031650904e+00
1.040631468594852116e+00
1.097129245326527114e+00
1.078591057688248700e+00
1.002118153035381765e+00
1.069638361950783434e+00
1.064587945827091264e+00
1.045062951850646460e+00
1.061878958008099616e+00
1.091179620030822139e+00
1.088738676704735342e+00
1.032445720907537945e+00
1.000201780515903582e+00
1.023771632128471998e+00
1.074741877049949723e+00
1.081993336101111369e+00
1.052149722044502855e+00
1.042151001631830720e+00
1.025717623375201892e+00
1.079673675058345106e+00
1.096889360552357084e+00
1.007004535626713659e+00
1.020323633903905014e+00
1.080640052586473443e+00
1.047502622154004470e+00
1.024395591415622642e+00
1.067020672372520629e+00
1.066533197232466090e+00
1.077302695055176063e+00
1.025874390617508070e+00
1.027950324047044894e+00
1.024205119750984938e+00
1.089975969044969739e+00
1.015875832858583516e+00
1.099489707934977911e+00
1.015517627680372348e+00
1.013858703013867268e+00
1.039938889771236497e+00
1.014461132332385551e+00
1.025479628168387780e+00
1.062754065582569796e+00
1.041055454678682768e+00
1.077513915571972847e+00
1.095974581213140953e+00
1.014234083153948696e+00
1.025159041341220378e+00
1.092288324095817220e+00
1.054909814979250626e+00
1.046515123067703446e+00
1.006936676585524992e+00
1.016415857711480575e+00
1.016760748042754736e+00
1.089776326824318131e+00
1.087662254850126908e+00
1.068220706213924176e+00
1.032688667582202680e+00
1.038518959400994701e+00
1.089351893161724316e+00
1.082101393366309727e+00
1.002136903511630761e+00
1.095921899770478936e+00
1.025193202256396541e+00
1.094835945420036927e+00
1.071355853401106062e+00
1.086693794746380393e+00
1.000746573914020665e+00
1.086725331865711075e+00
1.083205255351135765e+00
1.019600462640823269e+00
1.068564270292869045e+00
1.024767486462667687e+00
1.063210393450539915e+00
1.041457470197043600e+00
1.064685225629142584e+00
1.009609459811956933e+00
1.009739810653314418e+00
1.068822522707742362e+00
1.083088491396216879e+00
1.067735148969125802e+00
1.093071976331800643e+00
1.062477546811589235e+00
1.056670348726890696e+00
1.012703186548775669e+00
1.025385298872831807e+00
1.096853864465432649e+00
1.077094170344330415e+00
1.058598833413997742e+00
1.015542111024453575e+00
1.008190896724449948e+00
1.079352645557080326e+00
1.050221602033626800e+00
1.053902593063375415e+00
1.060425081078095522e+00
1.064094600597009777e+00
1.042176426917019061e+00
1.058445335239400764e+00
1.021731021531151695e+00
1.061375367051483387e+00
1.098863121179814994e+00
1.079072872938623862e+00
1.026917439602900828e+00
1.048881694721936597e+00
1.009622066157170206e+00
1.049518683867777691e+00
1.099815291037603782e+00
1.008609558304611520e+00
1.070445743567270735e+00
1.017948199910124307e+00
1.059026757752795422e+00
1.018451753726257403e+00
1.035879092844639304e+00
1.036675331593839733e+00
1.051658385773577953e+00
1.008242501909209610e+00
1.094714601809257504e+00
1.061468662738990432e+00
1.053504611352846121e+00
1.011870460800126770e+00
1.058614931446913543e+00
1.015645442632271855e+00
1.047902491654099100e+00
1.071432737100640464e+00
1.006583818808674202e+00
1.040263782727645303e+00
1.050520591924634983e+00
1.065081908732405935e+00
1.097579821959935753e+00
1.092492988526996722e+00
1.094752230401472071e+00
1.095818763024139830e+00
1.032312851358211603e+00
1.091424599589915889e+00
1.048495980558455942e+00
1.016220879621558160e+00
1.053093194051953674e+00
1.056669999752441136e+00
1.026433819590742313e+00
1.075555776289121468e+00
1.022865596412629197e+00
1.036343021870236747e+00
1.031315693558007673e+00
1.075483235491079270e+00
1.090014234022021578e+00
1.014463329589385232e+00
1.013844702583692525e+00
1.000590564954414674e+00
1.030625836146369600e+00
1.019717540091730212e+00
1.099908874985432883e+00
1.015469117236642349e+00
1.007091740081614839e+00
1.044015153552703135e+00
1.048574048351637034e+00
1.093658770530999469e+00
1.049008520500424479e+00
1.064616225558935758e+00
1.088253072916245845e+00
1.007840956881220551e+00
1.005134577704225318e+00
1.088868969680057308e+00
1.085650692231949765e+00
1.032326018091522579e+00
1.064232764919278207e+00
1.028937367396563607e+00
1.098713913532712416e+00
1.052885305587059506e+00
1.068993481743576002e+00
1.063365413208941623e+00
1.003181140160035900e+00
1.096543628295578277e+00
1.040945922826444381e+00
1.097324562658043678e+00
1.096993302606133369e+00
1.021600077873588530e+00
1.048225280951435412e+00
1.076789471426554012e+00
1.051192441589290372e+00
1.062135898126081335e+00
1.022850106205322795e+00
1.026623477092909242e+00
1.078676272482754994e+00
1.091228112289137187e+00
1.080141503026126548e+00
1.083407180602808939e+00
1.026805010591815837e+00
1.066209502447861501e+00
1.079567800347538187e+00
1.021456322512856119e+00
1.034584168298305240e+00
1.010163707522971466e+00
1.061481068205682554e+00
1.056329351864051080e+00
