4.002152266778385981e-02
5.101069813083820847e-02
4.739858023657921027e-02
-1.546355567865615593e-02
-1.264908651234222803e-02
1.037550065396786528e-02
8.161469037350513323e-02
1.735845376677473684e-03
2.999497092396837331e-02
3.938933908402110495e-02
6.739619421086168183e-02
5.271078713959519157e-02
2.737614774168891860e-02
-1.577216059171375473e-02
7.687958097816326164e-02
2.196264066712985685e-03
6.265657625034552758e-04
3.441972488267969199e-02
4.479477998137215700e-02
4.270233190382834165e-02
1.924956636045986949e-02
3.450868990498361100e-02
5.927706549727290719e-02
2.723472775896583140e-02
3.653517001478708004e-02
1.426902062776569044e-02
2.700733656199315671e-02
8.664556854143805331e-02
8.289309855994642096e-02
3.602832454243736632e-03
7.496642116445001447e-02
3.673815467892313502e-02
8.162831782686888471e-02
2.176589400733885613e-02
8.250479173547620171e-02
6.082104670174909300e-02
3.657746187962100659e-03
-1.434891387074150454e-02
8.816398698037507253e-02
8.169544525552631387e-02
7.046778417140285578e-02
-5.273191674447104058e-03
6.086202224139665440e-02
3.909945569837829094e-02
3.569533964067278520e-02
-5.805334014772357484e-03
7.284786695642542220e-02
8.486464784592967492e-02
-1.870127348591987815e-03
1.109578641231724616e-02
9.966881083506531902e-03
6.337700787765297716e-02
3.951311120691275436e-02
3.236023471125173967e-02
8.022914103065513503e-03
4.529741513061670555e-02
-1.018473061288897689e-02
1.623552365848681192e-02
-8.103213780462503388e-03
-1.249586573238998383e-02
2.369828255603118397e-02
3.850020941542643682e-02
9.198847997251070885e-02
-9.922364978031774849e-03
-1.759638675875350305e-02
1.360374587123409570e-02
7.265487305862433631e-02
2.369367031135112892e-02
6.926538630104489558e-02
2.422546567559350286e-02
3.826522220930940466e-02
5.839519194169023875e-02
7.136650079876070973e-02
9.471023416523538518e-02
4.386302611923362238e-02
-6.224952237332636792e-03
-1.204722432087771550e-02
4.264314795417113724e-02
-8.240734200969490608e-03
1.129213665480242532e-02
7.247341718118904819e-02
2.602018131061542214e-02
1.852781861431557556e-02
9.103518145492324465e-02
1.402052856420006252e-02
3.612707264541041574e-02
2.960512373256161608e-02
9.022791022229792457e-02
8.378639171660545726e-02
1.564559234067938384e-02
7.541581409969674854e-03
6.642693383896557113e-02
-1.045784340958365831e-02
-4.919171326929032417e-03
-2.764990529542352832e-03
4.990654943547585820e-02
5.346902350877785759e-03
4.131026670525460298e-02
5.811959916598007092e-02
3.638505198560525178e-02
-1.834839487624114265e-02
3.131116888066570736e-02
2.934479099587680370e-02
-1.680948525449082673e-02
3.687170618709884051e-02
1.118064959285948110e-02
4.771155172032279235e-02
4.658390140541779356e-02
2.521076113066906058e-02
2.499372647482626594e-02
6.391326470770518353e-02
6.177855930032868925e-02
1.527670362133566953e-02
4.873722385062170814e-02
9.627877630097519956e-02
2.025428170283329402e-02
5.982662289861480354e-02
-2.747235885792113919e-03
-1.075160493793179961e-02
-2.378856099657506579e-03
9.961873874742532831e-02
4.984061962683201952e-02
2.052273771715795378e-02
2.492022352329500631e-02
6.440126559992793986e-02
9.335231883168947087e-03
2.290491452816483323e-02
1.873625065650852059e-02
-1.961197860366522064e-02
9.350737408612137813e-02
9.005043135617835093e-02
1.689613576634469219e-02
7.900673505059518931e-02
1.992310931516323019e-03
2.426086872179322382e-02
4.065739089419898034e-02
8.547506882379266729e-03
6.153626510809254158e-02
5.352294059749938826e-02
3.577172235601104588e-02
7.585514780958478587e-02
9.521165730472788691e-02
3.764432780217928654e-02
9.767682591769830114e-02
5.627813428094347037e-02
7.265589845749478859e-02
2.254788240078290859e-02
1.368396058401787768e-03
6.755296317536102491e-03
-1.580568434856780349e-02
1.831154769722088613e-02
9.660437521435760733e-02
-5.336043666930287421e-03
2.051822201970438311e-02
7.076605366551358411e-02
3.284414567816514030e-02
4.969739681722337710e-02
6.166657781819141759e-02
4.042770030053603747e-02
4.586527443406283877e-02
6.657507362302307607e-02
2.360432352142067744e-02
7.317069135583630091e-02
5.880040210518955313e-02
5.892004031657512020e-02
8.871609899364499285e-02
5.178613861365657933e-03
4.194862544283363415e-02
8.944983475727082134e-02
4.603716263935447167e-03
4.247915057589134180e-02
8.798865058673442652e-02
-3.251448280936382329e-04
1.746032121827552006e-02
1.962635519279262372e-02
4.679782762762672854e-02
2.937534640519552306e-02
7.674738063297097124e-02
-1.671660867255892954e-02
6.558328410691398325e-02
5.998266031802042264e-02
4.726275257891703052e-02
1.665594031364090941e-02
4.781529416856875048e-02
-1.165454783309306103e-03
8.353180944606977687e-04
-1.168031294382088081e-02
-1.225062502731994081e-02
4.960186396444528356e-03
4.045863916541357630e-02
1.916789706362342222e-03
-1.016910445679929977e-02
8.386508456493593777e-03
-5.194431387088508170e-03
1.614937308837163452e-02
5.929166757989941250e-02
6.790491833236347863e-02
4.422393632953480758e-02
3.779594146402708021e-02
5.654520058954597139e-02
7.079885640229577337e-02
6.732457478649601923e-02
5.362653757663697618e-02
-1.616487152261087551e-02
-2.947981317185061761e-03
2.675504209029677671e-03
2.865210662475494927e-02
5.561723200744018991e-02
8.427322807159001727e-02
7.500819663949286065e-02
-1.046932318096038296e-02
6.339746918161519307e-03
3.983367832789404261e-02
3.557382703963221648e-02
5.181943415444854872e-02
2.595374587195362417e-02
1.184921467903822870e-02
5.118073041237740373e-02
9.567544283956296025e-02
2.133952493843339210e-03
3.122686002609769557e-03
8.112870943128731860e-02
3.063189667732505936e-02
-1.574069767143106841e-02
6.625978845630982328e-02
-1.276636957357370206e-02
7.365123312959172275e-02
7.291183956157260004e-02
4.506517291569830941e-02
4.356120885835819412e-02
7.144960416238432810e-02
8.742402227216249100e-03
6.869496880550096662e-02
2.694330427071879239e-02
-1.631286006244682743e-02
3.278881772355721202e-02
6.388259351953320953e-02
4.559164863659252720e-02
3.266808955987174357e-02
8.295427411027901654e-02
9.610335485846709103e-02
4.766220278031800539e-02
4.722392005854936237e-02
3.543518490456550041e-02
8.655277265691840860e-02
-9.357567149019101541e-03
1.698769821153612095e-02
6.915728572839006938e-02
7.166059245714402615e-02
9.624455919088988065e-02
8.318052716847250394e-02
2.904774383694993037e-02
3.684256926041004632e-02
9.861787131472933565e-03
8.409138651508706042e-02
1.468397290819163301e-02
3.646781365891621496e-02
4.614975584725286573e-02
6.340523228499757996e-03
7.617379352409449356e-02
2.497982495084306517e-02
7.231127729639343082e-02
6.242862481083939763e-02
1.261785594041406680e-02
7.186803659786394904e-02
7.613955688617465856e-02
3.497061444563909216e-02
9.726412849028009955e-02
6.092153921564351371e-02
9.625528225396895454e-02
4.453595523075951773e-03
3.824293321786463584e-02
8.015754747613730580e-02
9.424923911893241801e-02
1.033598403011180486e-02
1.174117029341525606e-02
4.904402623157175234e-02
8.629141988273696107e-02
-1.933305943226011278e-02
2.610341217927527810e-02
1.469105474514017726e-02
1.475736478789043196e-02
3.964815664398563255e-02
1.613512118113807903e-03
5.718420381155016330e-02
-7.349068474035028511e-03
2.890337588991923404e-02
6.467861169659951115e-02
1.309925731598054685e-02
2.593114758169362891e-02
9.844624651025510320e-02
8.357989262276056819e-02
7.896826030610135105e-02
4.791224611498849650e-02
1.466433837262370518e-02
8.724312395372002538e-02
7.065928274093527528e-02
4.442015454508346783e-02
6.348777162416659181e-02
1.638411652901715018e-02
3.912183297985054320e-02
-5.763020197273316381e-06
6.688182130314976326e-02
9.264907176328632255e-02
4.643703778727649445e-02
4.730428621575970272e-02
5.170710022687177720e-02
1.679292062455628107e-02
1.343989122733183286e-02
3.580668622900705367e-02
1.589096569386693261e-02
5.696793138444972149e-02
2.812714459696835992e-02
7.287888184707254358e-02
1.363571207894490739e-03
8.168296476813213802e-02
2.641356381032179332e-02
6.059266972648577609e-02
9.024691684367129596e-02
-1.007227287551044209e-02
9.849669325987851776e-02
-1.363988349964186109e-02
3.889322446302034136e-03
8.034468365238560394e-02
-1.988702806759706440e-02
4.982401918506812466e-02
8.633761906676168385e-02
6.406810912494211030e-02
8.815999070048824438e-02
5.136533365014539498e-02
8.358210463192920769e-02
9.199325740255094586e-03
7.135038828446706172e-02
-1.410702109755274797e-02
1.621598070566822661e-02
1.335902140132765384e-02
1.767841543253028183e-02
5.502625092480770141e-02
2.999711656288528080e-02
8.828118479329385981e-02
8.232175433208818727e-02
-1.242574963371498309e-02
4.032290593899921782e-02
5.398868994637784358e-02
2.427824411652126577e-02
8.550339411067109374e-02
5.023550709537026593e-02
8.586702440347790399e-02
4.262509315858986625e-02
8.626372079512090174e-02
2.550615021869940061e-02
-1.725641306307677120e-03
6.471198330845831515e-02
3.887130661941853860e-02
-8.904322734107980239e-03
5.140433202801204804e-02
8.110671356566090395e-02
3.871592504164531046e-02
2.273582734787339341e-02
6.277126521120028613e-02
2.773608314611847314e-03
-8.653864627373700560e-03
4.354678062700331753e-03
9.476488923446818591e-02
8.378610752257785454e-02
-1.319591481234830971e-02
3.509493913863423464e-02
5.211857351465377930e-02
3.273946619264740676e-02
9.281646494207804188e-02
1.040236279840095826e-02
7.900996892986589248e-02
9.547384324762128727e-02
-6.607852867305395034e-03
8.064176558544258744e-02
8.697523647926129475e-02
9.772661066180622635e-02
3.794266174435867445e-02
1.542475243127609807e-03
3.334468113759284091e-02
1.761060691045530577e-02
8.404852020241510707e-03
5.642427317051004754e-02
7.781338805979857998e-02
3.895098317113339370e-02
3.953121929431427373e-02
-1.335498905907633177e-02
6.519487854407368665e-02
2.290986179933552150e-02
9.885897618592877356e-02
6.221735367822835150e-02
5.108544393012605378e-02
7.439109824361099521e-02
-1.085261846161594129e-02
5.514784809213021943e-02
5.996961319571904314e-02
-2.784745500434709226e-03
2.347071545940302567e-03
-5.507900799338312156e-03
6.335125900938903820e-02
4.288563320354125963e-02
4.219903745285184804e-02
9.212311079603796582e-02
-1.322418564464494968e-02
6.483827688989368676e-02
6.919149474598967897e-02
6.596500218800967208e-02
5.733766715701427152e-02
6.503507221200578725e-02
5.805747391047606787e-02
-7.177098542037576093e-03
6.313158460449232179e-02
8.469168464224405279e-02
3.392808248492651391e-02
9.765781139715909442e-02
1.395508147396982632e-02
6.175209636461845286e-02
8.981537791075304422e-02
-3.290151438026998193e-03
5.678059237363638351e-03
5.190556748175607915e-02
1.334075239176007663e-02
9.944748351830030864e-02
-6.752633288833140637e-03
6.738197538902232497e-02
9.172181779409073477e-03
-1.993219181069460361e-02
3.286328685156923723e-02
7.247494532442080861e-02
5.716446373094491440e-02
5.838310932932488928e-02
3.014409516601333772e-03
1.836770737877952905e-02
1.420548742445451942e-02
6.827755702809094884e-02
-1.648131452211062942e-02
1.639202196261178510e-02
6.292358281240209572e-02
-1.755966605876225356e-03
8.817991794652334236e-02
8.820673381135145374e-03
4.721967676793732693e-02
5.201052579089573968e-02
5.587425990550809463e-02
6.351655700458794240e-02
-1.004281658036197331e-02
-6.060980359825496322e-04
-1.207456052256783430e-02
6.597008607248466827e-02
3.660332615754317842e-03
-7.389708819160616116e-03
3.146981391795646010e-02
7.016405581774767808e-02
8.176995593045620347e-02
-8.972965422803581489e-03
-5.044322883080785969e-03
5.409431049912073741e-02
7.812728867669989363e-02
3.582028757424275678e-02
4.126282966938588093e-02
3.085093321928386242e-02
1.579801475370637767e-02
4.617738516212242794e-02
4.076770291768772037e-02
3.328477725896183959e-02
7.177890179590434849e-02
9.835888704892710444e-02
8.773131643765483267e-02
5.280555403168664397e-02
6.910203449601294567e-02
-4.479773515321711780e-03
4.626038279626361327e-02
5.206087532277157981e-03
1.034954530222891023e-03
9.097138993645366434e-02
8.863050041729998718e-03
9.899174537121319117e-02
6.096629666319591800e-02
-1.253491866482339678e-02
8.667100692397085304e-02
1.784152705038185779e-02
2.397093801946836508e-02
1.207388721595297962e-02
2.405209298706933660e-02
7.704962524820775649e-02
5.948618048459564100e-02
1.644084842270367511e-02
3.365187413920174564e-03
9.137194335998664180e-03
1.364621245775978278e-02
1.647622223686730572e-02
2.779963513315517401e-02
6.580008248424029649e-03
-1.580791294599472388e-02
9.798321072718024771e-02
8.118156696735376321e-02
6.026545185592684095e-02
3.662129631345785452e-02
9.519775272607164385e-02
8.703847249199363201e-02
8.599185029227203458e-02
7.569148471465077244e-02
4.440250320261306810e-03
6.116234016982229071e-02
5.353687053208455726e-02
9.389389065727381245e-02
6.743956306722351246e-03
-9.512810666593436715e-03
3.394792092641529813e-02
4.646715168393758533e-02
3.014405225458372320e-02
-1.704761906476117209e-02
9.799038863211186057e-03
2.402011331745113401e-02
8.363275302807667011e-02
4.228572491815952433e-03
7.545161777370175404e-02
1.935622286449395144e-02
4.816552162971551865e-02
-6.146696698712567075e-03
5.854448112013922734e-02
5.851994462111044515e-02
2.395338277587940115e-02
-6.924845251946934455e-04
4.613767246078820383e-02
7.948826262591379699e-02
9.037219367032278683e-02
2.805701382617524844e-02
6.854110048693479174e-02
4.823110475635894456e-02
7.592211375400216566e-02
2.262195687158716911e-03
4.463216773731557008e-03
9.503813831378683796e-02
1.040230896210365963e-02
7.487636745329727395e-02
9.459604716902506039e-02
-1.660907285151288354e-02
3.878977657430129899e-03
8.185280171022002449e-02
-4.210931894933718500e-03
3.911449119517004802e-02
9.966577961892239546e-02
5.573773277171470419e-02
1.826288483237112001e-02
1.916954613026803159e-02
6.237855499598378428e-02
7.884551698715387691e-02
8.871981446404318683e-02
4.187284249378521450e-02
6.575522229358056470e-02
6.077064865998087206e-02
7.674933820071218327e-02
3.059716854506196529e-02
6.940068429112444814e-02
8.711532411803889209e-02
4.960839069596968687e-02
5.334430020010885731e-02
5.605102552648190406e-02
5.585962477447649344e-02
1.078415265704674511e-02
6.144560176193453183e-02
4.297612148820544042e-02
5.779658497559890529e-02
6.243572964649828083e-03
3.607630759943773746e-02
9.288962171386430655e-02
8.168304582934425573e-02
1.791691901409077012e-02
-1.320499973906714627e-02
-1.007789485241181691e-02
3.542396435375881614e-02
7.057578762962282704e-02
4.964464672076514262e-02
7.773684628481915271e-02
7.723645701312713274e-02
6.774099279396898765e-02
5.638938585398882430e-02
-9.070268844233586938e-03
3.537789224625338680e-02
1.155007149359755028e-02
5.624093736618862582e-02
7.435839953621865839e-02
5.803486603545843225e-02
9.416247462974859650e-02
1.782088927214337676e-03
1.620702379477511820e-02
9.419848382857003155e-02
-9.240934908942488243e-03
6.321062999855470155e-02
6.256239944145833287e-02
6.496769275073602246e-03
1.266984704974660411e-02
3.267364792423740893e-02
-4.421559036429378864e-04
1.483134969720257754e-02
-1.314971247753785044e-02
1.460289803121014515e-02
9.067411096980684815e-02
8.137463301451848541e-02
1.172219199306957435e-02
8.277863496663512288e-02
9.821321438486582678e-02
7.286993980432406037e-02
4.374983792478956413e-02
7.353082915922239116e-02
5.401103147720850983e-02
6.856179885921842576e-02
5.443080858844787095e-02
2.523211548810893115e-02
6.146995123584426957e-02
-5.280933257107191248e-04
3.548194813017331584e-02
1.876407634839715941e-02
8.595391890737469343e-02
3.965621306583194672e-02
-1.319425002574096777e-02
-1.384205302316408523e-02
3.902066046794019916e-02
5.076899760213700319e-04
6.769559894161235325e-02
7.293023226309054696e-02
-7.052513784680707401e-03
5.773434295620989698e-02
4.651686564329186868e-02
9.110030677845736002e-02
-1.950150064388957855e-02
1.114111364125726020e-02
7.052503127308219766e-02
4.532860533281446447e-02
9.198668438163623562e-04
-7.599547141940833986e-03
-4.223451299140163623e-03
5.893996564756598389e-02
-9.874772053737136679e-03
7.416431257586177106e-02
2.793896927471821792e-02
3.279988182440135569e-02
3.786783170150904987e-02
-1.660415634904034016e-03
2.838061520072411581e-04
-1.329232445039618335e-02
2.514039425569581168e-02
-1.234024697702312996e-02
5.558649821514274891e-02
5.069671442760770308e-03
3.772295133382019827e-02
3.681545249496302741e-02
-8.994393289421774573e-04
8.402555580724840878e-02
8.794591813168890770e-02
1.412687539861020095e-02
2.761820507833294761e-02
-8.959638375021894419e-03
4.185174568033252218e-03
3.102811858144826837e-02
5.994642481300802017e-02
8.532899396135126824e-02
2.119595206475057350e-02
7.607974984417227582e-02
-1.160223306809553441e-02
8.981650807929611458e-02
3.148124733538137932e-02
3.463952107112444612e-02
2.664986396400464627e-02
8.910301675990432713e-02
2.051500281839573753e-03
4.488864059667797834e-02
8.655663897312786126e-02
-1.742060762400896717e-02
2.338364292619956111e-02
1.534442665427166938e-02
8.160264611077963637e-02
3.205965384144050800e-02
4.022893145526268421e-02
3.350632040599484801e-03
7.293742339130265817e-02
6.498721760875113274e-02
4.529872499239995243e-02
9.295461642996270812e-02
9.705743713312568743e-02
7.638216222743300643e-02
8.749830683416597032e-02
4.591073624307957790e-02
8.961506785685044441e-02
6.629214830094429245e-02
5.608785102087923691e-02
6.817832948140356564e-02
-3.738666005332486053e-04
2.036875833644955988e-02
3.985663099994238984e-03
8.597379396727028444e-02
7.319062562439795916e-02
3.226972327005228625e-02
-1.370024846395747654e-02
2.944486655986950849e-02
-1.211463615481390976e-02
9.180379599781056388e-02
8.339647070885171376e-03
8.672141031172432568e-02
2.477337856020132845e-03
-1.964792538908496575e-02
9.014777427705363000e-02
1.380371633657247535e-02
2.483429541611928068e-02
7.618067926296944598e-03
8.078143600276858904e-02
1.463883057194758849e-02
-3.465041207741499651e-03
7.860218391363517354e-02
-3.956163322783930181e-03
8.989043733696408522e-02
8.576493775288293597e-02
5.077279372252987977e-02
4.655718914456973001e-02
7.488355353100516199e-03
6.855697909602036233e-02
1.669446231453302829e-02
9.589489704224532507e-02
1.122142191372982670e-02
1.257964539106464982e-02
6.064777144459529423e-02
-1.595815937962249270e-02
-6.733289327404343161e-04
1.136172075283587227e-02
9.271275168754866680e-02
8.697342761880975937e-02
1.473047818467535311e-02
5.330390872444067119e-02
2.222923993268843476e-02
8.627992631777164911e-02
2.321989788785378331e-02
5.733530815408155457e-02
8.507884616003737188e-02
6.043574953026528696e-02
8.657536525561605745e-02
9.797594964989805866e-02
-1.337438071677727464e-02
5.288480373747193874e-02
3.646459200303868442e-03
9.596513085277523503e-02
6.576013823352214877e-03
8.346185790559239315e-02
2.303803969342812022e-02
-8.498815615209024191e-03
3.562010598062967381e-02
9.071194547939716302e-02
6.737307526534344615e-02
2.226808225605022076e-02
-4.536581145321995356e-03
-4.678727895118240526e-03
9.431841074941277325e-02
7.503188278098117669e-02
6.454827635764293081e-02
2.648041833175498669e-02
2.544569220553683994e-02
7.919259366316147575e-02
8.928064855135807443e-02
4.276505003204893185e-02
3.042369009034373226e-02
8.696349937473070446e-02
5.942807238039676115e-03
7.346549922392060783e-02
1.226122851542437234e-02
7.425528559813847351e-02
8.973869623291393094e-02
7.181952453509438117e-02
-1.559654167311078435e-02
2.907984867269213305e-02
2.786966634176911081e-02
8.859547638879815279e-02
1.703232864661263432e-02
6.752495426146705448e-03
5.775738853626374847e-02
6.449533813920209357e-02
5.883937580868779660e-02
-1.989156242396616578e-02
4.581829435094134095e-02
-8.424468041833579196e-03
5.963506447417836476e-02
3.966615574749381146e-02
4.205403754422484819e-02
4.750717320259456589e-02
-1.049838417175580178e-02
9.467802072328550256e-02
9.326111397816012893e-02
7.840144664480924730e-02
3.960219365652445367e-02
7.998288827051824867e-02
-1.601973575460053159e-02
3.605076518243280348e-02
2.428176587413329382e-02
5.872510156626130351e-02
2.826036376643318096e-02
3.143466183663501390e-02
3.919972956604828029e-02
9.479262869686494453e-02
5.525258844550468007e-02
8.196890152809302443e-02
9.863178686557864949e-02
9.656675686839673312e-02
7.094865800475667894e-02
-1.848734536084774630e-02
9.584493354882762939e-02
4.629309900573180814e-02
6.326994726284163734e-03
3.569764762585175139e-03
6.559202280245753081e-02
6.324217041185267729e-02
-1.666873683925852723e-03
7.034241424058618186e-03
-1.317449201515365209e-02
6.200440636295731500e-02
-1.128086716799394512e-03
2.273912120853397237e-02
3.027073388252072075e-02
1.217678680408720501e-02
5.153336965479496379e-02
7.713931163020208703e-02
6.893436160375607247e-02
3.560124163746740400e-02
2.059746496030835997e-02
-1.916572374362824835e-02
3.865844751003447155e-03
-9.302399299804912924e-04
7.931711222678129725e-02
-1.837725811188874181e-02
2.934674434367859006e-02
9.706747768165147061e-02
1.627546705708430089e-02
6.242970666032866822e-02
7.067611520829902849e-02
2.514628279900109689e-02
-8.936277402822451893e-03
6.380601058968121686e-02
8.476273642098329508e-02
6.799236246112524973e-02
9.311629388621169012e-02
-1.628079332547441652e-02
8.899092481252789122e-02
6.979211233753986054e-02
7.819199959433802138e-02
-1.515635265441666463e-03
1.774594683739094333e-02
8.342949372403832276e-02
6.839265049911272265e-02
6.591629903895121489e-02
5.331665384258474361e-02
5.878739423434180267e-02
1.043534644267909289e-02
3.701387033810188409e-02
5.830039994034051654e-03
-6.084787232298735291e-03
-1.733337922153256952e-02
-1.857505687713388587e-03
9.561232253889519195e-02
1.075079105183134390e-02
-8.607853715730704250e-03
7.122364733676879445e-02
-1.623247241636564114e-02
7.363693300388558793e-03
5.701587487927595177e-02
3.744217121333622000e-02
9.744385875120228913e-02
7.432548133685001890e-02
-1.818203098578275237e-02
-1.874655493168800660e-02
-1.812139599955616201e-02
3.709096614730870989e-02
8.237881098890998538e-03
3.299001208666338392e-02
5.299860420109597792e-02
9.630906755199276220e-03
2.028715415523177704e-02
1.274277717899102366e-02
-1.790792011251929328e-02
3.812461247813626886e-03
1.975185294252852428e-02
5.583501786754416218e-03
9.433781385423420374e-02
8.901479769080851423e-02
8.711659615333111617e-02
6.155967159207757777e-02
2.224916556922919633e-02
8.435947491145436017e-02
-1.448304742846847487e-02
1.166135052913017459e-02
9.556557617365814272e-02
4.499737392418332038e-02
2.579225791778843105e-02
5.397714472658804441e-02
5.036667103514613775e-02
-1.316051019746870658e-02
-1.417610874137290033e-03
9.551589033670589146e-02
9.411672649756933073e-02
6.417746791510590965e-02
3.871847186603907809e-02
8.763449501406000985e-02
9.440706543019763974e-02
7.047693492891315969e-02
7.173692549056195911e-02
2.747225810702278934e-02
6.968427050149941793e-02
4.642160258261750216e-02
3.549029276305507019e-02
4.961585295268841622e-03
9.668638812554915252e-02
5.684354589794010648e-02
8.637071484142777589e-03
8.900485483792935915e-02
9.740739117653701706e-02
6.534477674841773776e-02
2.479747618820609886e-02
4.425945578392435908e-02
8.140375389177421928e-02
7.693442182107194938e-02
7.100830725410631206e-02
2.828857240970926099e-02
6.910794373944620372e-02
5.983023645262987300e-02
2.975356224315312340e-02
6.072100134547044059e-02
-2.121599047450208747e-03
9.986483681215453656e-02
6.406576583012420223e-02
1.611795864546056514e-02
5.561137612144539943e-02
7.341386921139621269e-02
9.548897904896376521e-02
3.108445198254749728e-02
1.528836395743744456e-02
3.339055182588339388e-02
-1.225518463482798068e-02
4.661354780461389458e-02
4.726844203121981225e-02
7.628645939470828086e-02
3.352322338601108898e-02
3.128050334082280171e-02
7.900142684814316640e-02
2.249194677514398250e-03
8.887987402704723705e-02
2.066201527516934103e-02
2.468685579179706255e-02
5.854937042768749988e-02
2.878501410566749671e-02
9.840560232852967743e-03
2.473678328910717053e-02
3.406531895190205439e-02
-4.780136080506140750e-03
-2.970803840385810579e-03
8.069773596555768203e-02
9.622402794862135178e-02
-1.311836739784093611e-02
8.819959717014751177e-02
2.285647334852515880e-02
6.986996969702613525e-02
8.065889373437783172e-02
-1.800457047025905144e-02
9.662935396934975441e-02
5.875248198657681553e-02
1.965791673948517546e-02
9.909434364305726162e-02
2.053340343193519810e-02
4.925139581031780234e-02
4.673329279543797510e-02
8.195418964771886139e-02
7.903825246498050183e-02
6.057058215847842264e-02
-2.943461547381426291e-03
2.455408768277655626e-02
5.640467117275875519e-02
5.131929466207761636e-02
8.589300391400066237e-02
-1.827802132043504849e-02
9.620133972034827785e-02
1.172800495513430172e-02
6.931193672004527101e-03
7.788015414438811956e-02
4.708511233084242131e-02
2.885655097018488199e-02
9.962632177761786278e-02
6.893669491173126662e-02
6.694009498254221979e-02
1.842148360674982291e-02
-3.615954223010312690e-03
6.617924313856864138e-02
1.627682949862590059e-02
6.383102992294054090e-02
6.230243472614221956e-03
9.582938859191532377e-02
3.566294326547923832e-02
8.353617554769074416e-02
6.641408199413730007e-02
7.831326358999482484e-02
-1.366505259515048663e-02
3.235049956063766607e-02
2.234473430319824580e-02
9.061133440476598633e-02
2.237131343808957187e-02
