1.031539570512821635e+00
1.005664244301962107e+00
1.010598573339659412e+00
1.006296850682771415e+00
1.056615655825216660e+00
1.066607042093734137e+00
1.024963246112365445e+00
1.002004911039494184e+00
1.056676316183698727e+00
1.008891413679731786e+00
1.037539045841741725e+00
1.062959836180586759e+00
1.083862015039893212e+00
1.081878627695876283e+00
1.013954849683455395e+00
1.003592816415623368e+00
1.094832798707333188e+00
1.044835295459956015e+00
1.056534669093184498e+00
1.078892957317027168e+00
1.082918389560001859e+00
1.001574512190209321e+00
1.083545549981862033e+00
1.081889204518596381e+00
1.030906515230918696e+00
1.059134325618458217e+00
1.029569201606858053e+00
1.071311805328299727e+00
1.081444602144395084e+00
1.025258046314947880e+00
1.040069720833920908e+00
1.092177750480400222e+00
1.083123518850820810e+00
1.045418156890361772e+00
1.013383781053853516e+00
1.012114365985470332e+00
1.088580336549695327e+00
1.047697441396454154e+00
1.094959807394076279e+00
1.032989667268044531e+00
1.020676021460266814e+00
1.012294600735971439e+00
1.039448369399614158e+00
1.090400237269836037e+00
1.087391323506270213e+00
1.023291235674910205e+00
1.069745182202388456e+00
1.099784111932275099e+00
1.077171963667491461e+00
1.000510755859721712e+00
1.011153735214052940e+00
1.016710349090040211e+00
1.051783706391509421e+00
1.065863672616293334e+00
1.032961316266148177e+00
1.052882866255475003e+00
1.082069595546982343e+00
1.083482045219660739e+00
1.061833657143881782e+00
1.055073465234088737e+00
1.009235160635223227e+00
1.061447039543486071e+00
1.087030136118808832e+00
1.048256089061558871e+00
1.056428061977770394e+00
1.078044898768563797e+00
1.001857635356599774e+00
1.078268655354726047e+00
1.076442810685848128e+00
1.045112663553649179e+00
1.035293632642376949e+00
1.068962957016130311e+00
1.086091707222137881e+00
1.068154001362186412e+00
1.032541082643418040e+00
1.004679762965321688e+00
1.054194780342676108e+00
1.097823417355380249e+00
1.006113958011735754e+00
1.029170660595328135e+00
1.051900928774330168e+00
1.076432981407391409e+00
1.088392005783840544e+00
1.072548163917223851e+00
1.050665308928325103e+00
1.068120823032864708e+00
1.093186422548448000e+00
1.024895245321443271e+00
1.056507244072578011e+00
1.041197425545275390e+00
1.010572865633496464e+00
1.013527419856707024e+00
1.044756180192865314e+00
1.037419233217825143e+00
1.006983773197270393e+00
1.084152606986005241e+00
1.029400346536912370e+00
1.073212800608803974e+00
1.000234683965445237e+00
1.028475931896231543e+00
1.016790676207159905e+00
1.084323411172364526e+00
1.033064499323312013e+00
1.078310566386004199e+00
1.019532721784136786e+00
1.068034780898803104e+00
1.086561804822527844e+00
1.071728687566570359e+00
1.084258621953283486e+00
1.094354816924848484e+00
1.061756817868699132e+00
1.028749824297059190e+00
1.043890233605948570e+00
1.026916459371762347e+00
1.039295494285607635e+00
1.030156766912596167e+00
1.034480510006372533e+00
1.053281489936750193e+00
1.043792785900616638e+00
1.096988763915676346e+00
1.039006072384355717e+00
1.008784032020032750e+00
1.089802088061842866e+00
1.072295200591051323e+00
1.030918246918882897e+00
1.087010393689111121e+00
1.030208155347934973e+00
1.026275545415338941e+00
1.057721807542504999e+00
1.087472460715621869e+00
1.015207262403796218e+00
1.043713397875163817e+00
1.052508932342848702e+00
1.045798499920268743e+00
1.062314263251960655e+00
1.014591464606741544e+00
1.094387812577270580e+00
1.075959658647995587e+00
1.056489697117108495e+00
1.009269343419256781e+00
1.061942151450333327e+00
1.007443265311461333e+00
1.008372393416268720e+00
1.002019513503690673e+00
1.050717852917001593e+00
1.097504072527179630e+00
1.082304850671238494e+00
1.047371884746670201e+00
1.046864917525941463e+00
1.092156786772000565e+00
1.012308968444353585e+00
1.004892444516590544e+00
1.074526766024246349e+00
1.014042259751583241e+00
1.029545609004718587e+00
1.076882007430332022e+00
1.013662448645882064e+00
1.024588878316787577e+00
1.098212836598240205e+00
1.093277517477998728e+00
1.052508050289268970e+00
1.089743018626130766e+00
1.094577795270308851e+00
1.048818827409634169e+00
1.073013544064974623e+00
1.078934663162514962e+00
1.006647071499925605e+00
1.093741763944813483e+00
1.012073824743779937e+00
1.007836574288138110e+00
1.051962549785058876e+00
1.046197838169312444e+00
1.008405226697715706e+00
1.006369064214227782e+00
1.065827818987199027e+00
1.008678461549721739e+00
1.093632286363281914e+00
1.046404711378840835e+00
1.005310064344945964e+00
1.021866431293432909e+00
1.077666621483772458e+00
1.025705009051949057e+00
1.070071620980325378e+00
1.074738939489044531e+00
1.056744602401784805e+00
1.080654777692523272e+00
1.005269410014546061e+00
1.071299524935547476e+00
1.048316683042527009e+00
1.011091567024126059e+00
1.083732971411131230e+00
1.042780663169937450e+00
1.094975278134047159e+00
1.045457199534775228e+00
1.015126175545122411e+00
1.029057657145243665e+00
1.071445243738480491e+00
1.040524558631103602e+00
1.011003941442207621e+00
1.038545448295368434e+00
1.006436501051601429e+00
1.060244758779440577e+00
1.002974897496769380e+00
1.087329818514441104e+00
1.013032753677120645e+00
1.079279133788880518e+00
1.074624246239622272e+00
1.043825551514742545e+00
1.024230924599593084e+00
1.038200497747967521e+00
1.012770669934552892e+00
1.038860214908596813e+00
1.030904504285295120e+00
1.023289432187149295e+00
1.081140843454625022e+00
1.086389064841007501e+00
1.017277310275572777e+00
1.011117468155263710e+00
1.078861533822898844e+00
1.078620291180371726e+00
1.009658450882610747e+00
1.028494093523347308e+00
1.064494413775104675e+00
1.066565035753346269e+00
1.032974610380677394e+00
1.016118549097898560e+00
1.050905618174057032e+00
1.017735653637197979e+00
1.093132373733745943e+00
1.024563721545438399e+00
1.055656626944790899e+00
1.047063148552636269e+00
1.020121862641493182e+00
1.029127833228871136e+00
1.040259384621735395e+00
1.090196013084609117e+00
1.005899488265660224e+00
1.009950592813029902e+00
1.013021832751154427e+00
1.023284997136692409e+00
1.069751692012268718e+00
1.054682305496960959e+00
1.012573855089649033e+00
1.038815961913028829e+00
1.045135149432229849e+00
1.081060492816887875e+00
1.059621514751068805e+00
1.040535762967382816e+00
1.096871665511979010e+00
1.076230596862243205e+00
1.004187403764843278e+00
1.037089616285562510e+00
1.052980187975764315e+00
1.031931285835796519e+00
1.085327481738165289e+00
1.051287602205322358e+00
1.013608889374681077e+00
1.073000718217263394e+00
1.019251917861939472e+00
1.027144922027495522e+00
1.048200635312865225e+00
1.010254825203796392e+00
1.098032933245999265e+00
1.062230132191431586e+00
1.040356299887416958e+00
1.074557725345354875e+00
1.080766552896156085e+00
1.071030992054637254e+00
1.032056657630007646e+00
1.008318643880782073e+00
1.042287753805935635e+00
1.039823498882378017e+00
1.013415233563992546e+00
1.012634611589696920e+00
1.041248027944501997e+00
1.078426376963174338e+00
1.074120654959178189e+00
1.019287855208396376e+00
1.037142728852813223e+00
1.069892105523202908e+00
1.085314630815794157e+00
1.089903632596189276e+00
1.021343466778831477e+00
1.065124031765980028e+00
1.023775746508066131e+00
1.038037177606581318e+00
1.024529836293209373e+00
1.030471101070464357e+00
1.013242252410840649e+00
1.047007194201314606e+00
1.023544224972729122e+00
1.042270303014002142e+00
1.002738618022217976e+00
1.000748704337056205e+00
1.098320187728717645e+00
1.059258117151313128e+00
1.006370490267014750e+00
1.063436764974292847e+00
1.049670410535217036e+00
1.000574087789125599e+00
1.064730808367864157e+00
1.094486746699949498e+00
1.016765482336500659e+00
1.055620032682542231e+00
1.045296245522554290e+00
1.035718299150822919e+00
1.002684852902210988e+00
1.079535470486262305e+00
1.072369952182510078e+00
1.013209405235120375e+00
1.000329007801485925e+00
1.008304201340583628e+00
1.075337998588513200e+00
1.061108750418844782e+00
1.084689101296957503e+00
1.007534497597188050e+00
1.042200667241606649e+00
1.052739794160288067e+00
1.026494300697570194e+00
1.082957254415663151e+00
1.064799946041055545e+00
1.090574674934364330e+00
1.002230358443682912e+00
1.079531530891535862e+00
1.022767017846042847e+00
1.074101211728448080e+00
1.075917592534828993e+00
1.029865024852322453e+00
1.008451149048033679e+00
1.059561189344741861e+00
1.086945761002346300e+00
1.015787388439820527e+00
1.019956630910489048e+00
1.053719914472774022e+00
1.069035563496088637e+00
1.018542066392184253e+00
1.093432725869478261e+00
1.015498796598559572e+00
1.096176540591558446e+00
1.017478274501357971e+00
1.051968037022807501e+00
1.092718583258077913e+00
1.007682040153484060e+00
1.069462487280412155e+00
1.093154169088840666e+00
1.074376561066790581e+00
1.075354231519104697e+00
1.057561246542370492e+00
1.067224122797262753e+00
1.032903555182253408e+00
1.084094883662740205e+00
1.043138053748592808e+00
1.004433641812447986e+00
1.040504328394667333e+00
1.019252509204818136e+00
1.094808334820058793e+00
1.041346922354051907e+00
1.094038211943172412e+00
1.095655821872281166e+00
1.087936652561304562e+00
1.025864855285625765e+00
1.005825836907271453e+00
1.063965681889859294e+00
1.098554850583067566e+00
1.037567958831732806e+00
1.043845166284588455e+00
1.098747309458208754e+00
1.029813903912454531e+00
1.019805073933063522e+00
1.010016937059906139e+00
1.037451609515711137e+00
1.037317658559394395e+00
1.052391622442700569e+00
1.014599815212920086e+00
1.091430817568242340e+00
1.051885643523918112e+00
1.031840571402338425e+00
1.056313883983198698e+00
1.058324259426868919e+00
1.057643257217732113e+00
1.071689131183256816e+00
1.051350775265671000e+00
1.092613892289095334e+00
1.035966949762542333e+00
1.019529904963982769e+00
1.028812855826828576e+00
1.058925897231767221e+00
1.027652249565819131e+00
1.088640746083948896e+00
1.038035653469271402e+00
1.002806933417672353e+00
1.019939477625060542e+00
1.084266831009198295e+00
1.067011176930487970e+00
1.023968969876890789e+00
1.020363124107727781e+00
1.070202312323734972e+00
1.098357014296221790e+00
1.082169333328900862e+00
1.064372437609467648e+00
1.029979627801279385e+00
1.037525820265570609e+00
1.059005297828573333e+00
1.052030129609770492e+00
1.029429082109027505e+00
1.018811793339394312e+00
1.041504127932760149e+00
1.093053198765580936e+00
1.004355612925296182e+00
1.094490766781058388e+00
1.099765815136377611e+00
1.074503431611173010e+00
1.001098163523427953e+00
1.078342736081345121e+00
1.025654755670607710e+00
1.073537693627621969e+00
1.031997712470433370e+00
1.076025675726312469e+00
1.084229913850551785e+00
1.081329592089791403e+00
1.013786516737334775e+00
1.069769413973577832e+00
1.081199639616005737e+00
1.043725264159879762e+00
1.072767318559333161e+00
1.067502483816635372e+00
1.018527274513221226e+00
1.045450306984468503e+00
1.011525696407507668e+00
1.065813926891192809e+00
1.030198285784993395e+00
1.058936391322861326e+00
1.018560248395783407e+00
1.058597825378675861e+00
1.064832367487476672e+00
1.051681172081257998e+00
1.037363659114778347e+00
1.014234515104841083e+00
1.023471929451924334e+00
1.077396921796410556e+00
1.039855742203914524e+00
1.039906032026608029e+00
1.077493527236037085e+00
1.076738916355456155e+00
1.051918728897125010e+00
1.087889585684816085e+00
1.057424375306318165e+00
1.016722849229203973e+00
1.099693419711003095e+00
1.075633749174023546e+00
1.061993321422130432e+00
1.037207244296575848e+00
1.035605089484961328e+00
1.087700243872439243e+00
1.069472244391837190e+00
1.009139210240098672e+00
1.047564398491341642e+00
1.094523499809680889e+00
1.086210884133139931e+00
1.029510109127783624e+00
1.083869123319707084e+00
1.080870968065050342e+00
1.060814865218893344e+00
1.011530308127147615e+00
1.052221523770318745e+00
1.059499236271344680e+00
1.086499274643815127e+00
1.054158016572323220e+00
1.099027694827283019e+00
1.099159495016917454e+00
1.086427898948322479e+00
1.099512418020649918e+00
1.044280783323373374e+00
1.013037848083786718e+00
1.079201988218069230e+00
1.064003993369091905e+00
1.040768609866659533e+00
1.010261572447269440e+00
1.074372948433555353e+00
1.077204655982567205e+00
1.087725776369203201e+00
1.030997612885078185e+00
1.077458459201208418e+00
1.095804757084891001e+00
1.040395402690999616e+00
1.006539458359888339e+00
1.037768381567644616e+00
1.019231202369669465e+00
1.012262242736679863e+00
1.096294008292617805e+00
1.038323549765906462e+00
1.076254347350288132e+00
1.005623073175488713e+00
1.033359114436776194e+00
1.079255496306958495e+00
1.094651157899503735e+00
1.008264851933132089e+00
1.002781007184479822e+00
1.069904975093557642e+00
1.026775655204303472e+00
1.018273701617124605e+00
1.065031289864178943e+00
1.013091667909475690e+00
1.055785541996860033e+00
1.099961351969929391e+00
1.046433683977618045e+00
1.033891146983552778e+00
1.002038937265502749e+00
1.002645807235120978e+00
1.098916308195033720e+00
1.000458241590724384e+00
1.087134224581811859e+00
1.035121520309568721e+00
1.092455173544591318e+00
1.059977020944569137e+00
1.043542320993269712e+00
1.084923255408112963e+00
1.006650074919834603e+00
1.095936765987550299e+00
1.064431716278992912e+00
1.057792744600246637e+00
1.063030194933729300e+00
1.052948925968600902e+00
1.088049717586211607e+00
1.077313764070973345e+00
1.028646601468200084e+00
1.095703759302343094e+00
1.094040521559958679e+00
1.095014736300637503e+00
1.046847095031342878e+00
1.027985163823583070e+00
1.052055833056606327e+00
1.001641764820117020e+00
1.013303825212774179e+00
1.090574289176417855e+00
1.094647499973543603e+00
1.069620320203707564e+00
1.004124970716198106e+00
1.065091645287729483e+00
1.096235465673118137e+00
1.019551296454742184e+00
1.079488660698331604e+00
1.052809229985787853e+00
1.032573475487740922e+00
1.056065517640838891e+00
1.038786439038820841e+00
1.028307752765466487e+00
1.038606953462128946e+00
1.093588065481816862e+00
1.081932983608383081e+00
1.095312057125061633e+00
1.099089412102119079e+00
1.007254458150298460e+00
1.072396356016506402e+00
1.054723966663092760e+00
1.031018457200999272e+00
1.087515203265825514e+00
1.024215097195141144e+00
1.056439970198696621e+00
1.019083438404081221e+00
1.026683618479980353e+00
1.024013774262831022e+00
1.090957992099879315e+00
1.088129217939374227e+00
1.047267781390051056e+00
1.024962252597599432e+00
1.095228669190014381e+00
1.038228049651004348e+00
1.087534790977228383e+00
1.030241281444329582e+00
1.094659240435416070e+00
1.004012445045245006e+00
1.080316099157571763e+00
1.017238023000183844e+00
1.074137993990599060e+00
1.081109070527455307e+00
1.059972149280449694e+00
1.065730662193997924e+00
1.017789724847460997e+00
1.062316812591083570e+00
1.016328655250613222e+00
1.079817608966972653e+00
1.019533100952171312e+00
1.017627141218104825e+00
1.051736154383846822e+00
1.004560492600010901e+00
1.086883214340544024e+00
1.069514436304356497e+00
1.070107192644061955e+00
1.052502406627113807e+00
1.002716888381718352e+00
1.099138607051756367e+00
1.083808816354460802e+00
1.086781836720080108e+00
1.011382429485259138e+00
1.025731786964973358e+00
1.062394549916429343e+00
1.049137968563916168e+00
1.092118284444324239e+00
1.067188133566510544e+00
1.051255442376952454e+00
1.001079663442101975e+00
1.061333575142927588e+00
1.036966798225090969e+00
1.077436375531533708e+00
1.046481415695897033e+00
1.077807111856282418e+00
1.045462509743950941e+00
1.081463035816535800e+00
1.057217660416963856e+00
1.027548138563792790e+00
1.053937689083169760e+00
1.075639590961957381e+00
1.032982268199191589e+00
1.015941492187229844e+00
1.089476288025509110e+00
1.033214877740128879e+00
1.099350176995048223e+00
1.001439888517321464e+00
1.012010830760536217e+00
1.052380867399126396e+00
1.056010825855036472e+00
1.045463878681722747e+00
1.065463903651456601e+00
1.065575453821390628e+00
1.018371100787596184e+00
1.041152327396986266e+00
1.080408721347213330e+00
1.016237410366556349e+00
1.071030838863205492e+00
1.035405217720035465e+00
1.066632237002361761e+00
1.058599266660381844e+00
1.091194369122357566e+00
1.062210103741206835e+00
1.069627663046443855e+00
1.084550610902119683e+00
1.038926995324435776e+00
1.061464612565772514e+00
1.029173724280725288e+00
1.047791847066618320e+00
1.035428189712186198e+00
1.057696794439306309e+00
1.044983049326204005e+00
1.065764365273154990e+00
1.011845105747020801e+00
1.057410826337612519e+00
1.042947540346240931e+00
1.087788531075873921e+00
1.007862883359184725e+00
1.014947383830028249e+00
1.015308882248059152e+00
1.062220699032346616e+00
1.002116556155973726e+00
1.053252455913213037e+00
1.016513085077936029e+00
1.029983113378685644e+00
1.051427935804920111e+00
1.002491322481120939e+00
1.089013817356037084e+00
1.024415549868231246e+00
1.012392460340272748e+00
1.090860809143002541e+00
1.017319832929015400e+00
1.094812537892757343e+00
1.038068701398643157e+00
1.068941407859163917e+00
1.039357619241235486e+00
1.036681834688321313e+00
1.083084866389974366e+00
1.010779241856501365e+00
1.089622465438255139e+00
1.083246091409426626e+00
1.050400641387684519e+00
1.088158590828238292e+00
1.019532185290198845e+00
1.004276096646553595e+00
1.008943820510364908e+00
1.027468445985528556e+00
1.093887063953131067e+00
1.040751124942951522e+00
1.026218703094775364e+00
1.030512636633389212e+00
1.000874383886801500e+00
1.053535517287296885e+00
1.019553149977904916e+00
1.071348282855369982e+00
1.080830532838774394e+00
1.012783447724256103e+00
1.063463525214326966e+00
1.093331430995104103e+00
1.007868395918878779e+00
1.053288880271620043e+00
1.086752914829856476e+00
1.002708740874325821e+00
1.029445522637655541e+00
1.010505003396237056e+00
1.056818697006632224e+00
1.002427920659191729e+00
1.063848055758744637e+00
1.056970117306284873e+00
1.021188812603889939e+00
1.074415103243217429e+00
1.075412372821547224e+00
1.019658700269908902e+00
1.041481832701642629e+00
1.050811442745736457e+00
1.030177843791305392e+00
1.002776552737166815e+00
1.094372356169446947e+00
1.037981708561289018e+00
1.051484414132395129e+00
1.045561443649406952e+00
1.089815680686236021e+00
1.000059534311771081e+00
1.015909800168653954e+00
1.052690022997237129e+00
1.002926411192162970e+00
1.030666652570869646e+00
1.068942230621038547e+00
1.034304231199690616e+00
1.059427063909930578e+00
1.037101799450071971e+00
1.065608516035553954e+00
1.072431538491185554e+00
1.023650870965561621e+00
1.024247790473058695e+00
1.041196028545264607e+00
1.066980233857004468e+00
1.090109063145765056e+00
1.038295993564889663e+00
1.073196119927165348e+00
1.006468691818850125e+00
1.033664045116216457e+00
1.014098673136649698e+00
1.042096370977405595e+00
1.078080277253505859e+00
1.042729464181977761e+00
1.046653793592702719e+00
1.036724344051534574e+00
1.048105060144716605e+00
1.077902607210023067e+00
1.040841783130697751e+00
1.061019644037359155e+00
1.041386541277180111e+00
1.019066321296945743e+00
1.006181040569524843e+00
1.011672666872466264e+00
1.050284790099177412e+00
1.050152624451015315e+00
1.081131963988776867e+00
1.050641237717110377e+00
1.032140164276494909e+00
1.058680220157947049e+00
1.087400724947735986e+00
1.095985876688238436e+00
1.086496310309021274e+00
1.025260567350276375e+00
1.037320054144054593e+00
1.009050810285678557e+00
1.088048305877337807e+00
1.072179970067258292e+00
1.029224009486267244e+00
1.055285346511948052e+00
1.018989639897882160e+00
1.026126372390281150e+00
1.045056715526612834e+00
1.033350311413121281e+00
1.070409385175274730e+00
1.089832356746100572e+00
1.023013640253690015e+00
1.044293946428392017e+00
1.092823877244864406e+00
1.078840418343639973e+00
1.001415187813741836e+00
1.015567967420296647e+00
1.051777592896274705e+00
1.045845090516502873e+00
1.034882114685450549e+00
1.044111626448314567e+00
1.018785381657842048e+00
1.035261082789729281e+00
1.076078361489346324e+00
1.093946136905896704e+00
1.078566514373900498e+00
1.040186242367290514e+00
1.005738267586146595e+00
1.048879068305415885e+00
1.009905339568127669e+00
1.056956006031299466e+00
1.042897159955896491e+00
1.096468585937152795e+00
1.009266637491794238e+00
1.017422003634769867e+00
1.022357017050730343e+00
1.068825193629915349e+00
1.063317491939374193e+00
1.083791810646255183e+00
1.035707283031025217e+00
1.073258256170296798e+00
1.042621570454894009e+00
1.093971639800518814e+00
1.086844168769272923e+00
1.057609105027746521e+00
1.008720560112058351e+00
1.093754601091401879e+00
1.061011973349975879e+00
1.078711115930892417e+00
1.002594470214021039e+00
1.004100731023934046e+00
1.091055393287248654e+00
1.029673010803089150e+00
1.012021907792222120e+00
1.033878559660510232e+00
1.012844293915169835e+00
1.004044620064235893e+00
1.036059170476038682e+00
1.068492379232525158e+00
1.091332821051980373e+00
1.029901302161630117e+00
1.024743089945037156e+00
1.054122263277049276e+00
1.070559908907919189e+00
1.065817618531690325e+00
1.089238183031729701e+00
1.034511559870083586e+00
1.094414848636411364e+00
1.083064806399127722e+00
1.024410800977728631e+00
1.021106135340040133e+00
1.012001682772556865e+00
1.082539030315710971e+00
1.071644591974905580e+00
1.056427611464106464e+00
1.018932052500925112e+00
1.061460446400053437e+00
1.090994307168104083e+00
1.054769318146201673e+00
1.064949357884556136e+00
1.044180556603393706e+00
1.023225269287018957e+00
1.068676243569793849e+00
1.069384939939371559e+00
1.047931088384668197e+00
1.062500045834747109e+00
1.009303664665542444e+00
1.008920986845946333e+00
1.053664154378520346e+00
1.006696277273934959e+00
1.099653466070567465e+00
1.060146267659407782e+00
1.018356994974223717e+00
1.092853945313659203e+00
1.080494562996114016e+00
1.097566081038930941e+00
1.090132350466913591e+00
1.046422113818999300e+00
1.038158754755694080e+00
1.063030132945172568e+00
1.057093935549060060e+00
1.075652272603867088e+00
1.011713829430411771e+00
1.038626495727137611e+00
1.007904792185803089e+00
1.041872831720544346e+00
1.098054414331115280e+00
1.090653988141418784e+00
1.082402045593972684e+00
1.058850741919725946e+00
1.068137132289511237e+00
1.008917865152192395e+00
1.091707835975625818e+00
1.086903649672765537e+00
1.007745218727353231e+00
1.082180241824534983e+00
1.013080123903430829e+00
1.048416327827779826e+00
1.070968389521682163e+00
1.031883203373020752e+00
1.034660976030249868e+00
1.068785496947191715e+00
1.098020878815568091e+00
1.058487487726193388e+00
1.056789718975403192e+00
1.016784416547905412e+00
1.079937655339022307e+00
1.005406009086117880e+00
1.099996514783046386e+00
1.085713509658369214e+00
1.081448873419239787e+00
1.078575431827035302e+00
1.070343761042049202e+00
1.037411267242465129e+00
1.010191264297470859e+00
1.051559258301787425e+00
1.018051482451937106e+00
1.067463261232210803e+00
1.023407493486332864e+00
1.008939607935379623e+00
1.042815745570844888e+00
1.055485154914058699e+00
1.089572031605118063e+00
1.091080002677726313e+00
1.006996699718811339e+00
1.039681229332272361e+00
1.093816668971517858e+00
1.008758266279675908e+00
1.034475466293178325e+00
1.048466043419612248e+00
1.067190249687907766e+00
1.034490796721611705e+00
1.090958096897193919e+00
1.048209743072210820e+00
1.098297779662162243e+00
1.090384461639733127e+00
1.070778025712646464e+00
1.021573598130161686e+00
1.041938957070988936e+00
1.037479747650639883e+00
1.049126038072537348e+00
1.082544823517183952e+00
1.088022692792823154e+00
1.034670852495774840e+00
1.036169349373777804e+00
1.000786415463637224e+00
1.079915250779003744e+00
1.037474865498204890e+00
1.007183871848012169e+00
1.026206355110419466e+00
1.005727282601935446e+00
1.005501173752810784e+00
1.050446630875969678e+00
1.019713470618644147e+00
1.042641913962611300e+00
1.032602477174427325e+00
1.045346964677207113e+00
1.009426472417444431e+00
1.095643190431646374e+00
1.039750032797572166e+00
1.024681618937490768e+00
1.064905051137473802e+00
1.023657328484761653e+00
1.071012433105010597e+00
1.093371089629438186e+00
1.029477742542742380e+00
1.086330240624218346e+00
1.023214637331845589e+00
1.094490910453135291e+00
1.060787054320806000e+00
1.084196702080906238e+00
1.041330905454195044e+00
1.093474744915559294e+00
1.049581679886790520e+00
1.054969163847155667e+00
1.069334038238391127e+00
1.009257094828295287e+00
1.022792312973261675e+00
1.097954948794225727e+00
1.038101735400673853e+00
1.069430072781249352e+00
1.035372545590125259e+00
1.037105456098447176e+00
1.057932409269428220e+00
1.089359792295258256e+00
1.050147640669568228e+00
1.077299544608938842e+00
1.039664218092257286e+00
1.001420701420806525e+00
1.023938679992743461e+00
1.049560965944942525e+00
1.046681888327672949e+00
1.033572455229103904e+00
1.069108272070595334e+00
1.094311435500358032e+00
1.036519485312695110e+00
1.032805494880514319e+00
1.056119495640221562e+00
1.039091249616360901e+00
1.051266946082717091e+00
1.028391526653939847e+00
1.031397137883127701e+00
1.085028164100906078e+00
1.029375695719744410e+00
1.087584057092774614e+00
1.030259017575553715e+00
1.049499419304724235e+00
1.086734164306669692e+00
1.043039121511027734e+00
1.088975293798250199e+00
1.082810743238080686e+00
1.050531762870669850e+00
1.063533679166763113e+00
1.007000484583781885e+00
1.045979370497357896e+00
1.050702539853389572e+00
1.021804439824821387e+00
1.089945745430549229e+00
1.007472046143396582e+00
1.078992783363920349e+00
1.022071828022355300e+00
