3.416711628038503201e-02
4.808509559628430796e-02
9.391437792597830125e-02
-7.366050696617162247e-03
6.188882993145042311e-02
3.011067894972224365e-02
3.732708747994480103e-03
6.248682790352250160e-02
4.934431670085345778e-02
9.095398944291145649e-02
4.590359153490283783e-02
6.643045588491060249e-02
5.705481086593694462e-02
5.523599004204476914e-02
1.515115467895450027e-02
1.312420722894678052e-02
3.985332030126460812e-02
7.406461834641145381e-02
-3.071877249786962583e-03
1.923541789793270160e-02
1.062131392393431129e-03
9.081669398085796818e-02
9.367627207426013070e-02
-2.600271066653479096e-03
4.583668355678716111e-02
9.126203426279105163e-03
3.085697950805415396e-03
3.974967315597445483e-02
3.679246560723488380e-02
2.014426923885922691e-02
1.722509894745725620e-02
-9.854221079755887472e-03
9.745832604162626978e-02
7.198977391461987285e-02
3.341150178453400343e-02
7.530049134055928628e-02
-8.637574274912455941e-03
5.649321691274306056e-02
3.906132152612708242e-02
3.149283724115935212e-02
7.627374474779336638e-03
-1.843017193038233234e-02
4.585604073879004372e-02
8.203534586543634322e-02
-7.312704051831792063e-03
6.386788731037208733e-02
-4.170676238445105571e-03
-5.018889933096638487e-03
2.106446649727532552e-02
4.991619111618824517e-03
4.759594743760231506e-02
1.935023663485649706e-02
1.925423977591398869e-02
2.084157546466758673e-02
-5.621761535001636167e-03
1.437755830709305793e-03
8.310347752662264331e-02
-3.939098127407295036e-03
1.024323858977834248e-02
5.710324593803726978e-02
3.132756370204806129e-02
6.367704209183096264e-02
5.108102269872470680e-02
8.546066135111127227e-02
5.684598954097262041e-03
-4.774426320089363018e-04
6.630053503015509442e-02
4.037741230457500552e-02
5.972006141892614861e-02
7.610697383845355102e-02
-7.715114416261999175e-03
9.196579174919664035e-02
6.275450150215840239e-02
9.398961791029180474e-03
8.139169466391052432e-03
7.077366495863325613e-02
-1.812178733048315851e-02
5.881360544695703185e-02
1.028999890335944439e-02
1.933102658275341959e-02
6.381623403886012291e-02
9.125230911195369998e-02
2.022338290917852568e-02
3.858691843171448144e-02
2.690959568061074628e-02
-4.472666209723911990e-03
-1.764222623797771783e-02
9.480250489783609291e-02
4.810252797427739396e-03
2.754846658379668176e-02
8.018177134862677913e-03
6.291461681525485627e-02
6.157479634456616835e-02
6.522047614995137021e-02
-1.504065635349478153e-02
6.851451817743005324e-02
6.128311610773355678e-02
1.886118380914498030e-02
-8.443706538926950417e-03
-1.341175688514880879e-02
3.969384991963904874e-02
7.815892615093192330e-02
5.917072855310463730e-02
9.666460391498717108e-02
8.628125609616008052e-02
5.450929567308847312e-02
1.840641551523239036e-02
-5.648481227919254985e-03
1.834376518434241779e-02
-3.900701456947940765e-03
5.200854546554041502e-02
8.629114488014065498e-02
1.386371782854320389e-03
8.114179399156365435e-02
6.305083245597377373e-02
9.091722076339524283e-02
5.026149136967670433e-03
2.105707762379209133e-02
8.267346893340304925e-02
-7.423875745206122423e-04
7.194128157874155743e-03
8.991565889645043719e-02
8.987660667664329472e-02
-1.357763928630227601e-02
1.787360104987113438e-02
-1.161514897481646762e-02
3.353825755703143674e-03
8.415734516545633759e-02
1.210497544793795108e-02
9.614086489011346159e-02
7.870235279436200992e-02
9.106387294318035730e-02
4.385637890345014944e-02
6.428026580211460006e-02
8.762090269007666299e-02
2.256615024261741584e-02
4.081204853852581083e-02
8.109860278906147468e-02
7.815811677377999811e-03
6.130499758799441701e-02
8.999816674280487760e-02
3.088152147065741440e-02
2.160427332872720194e-02
1.551108806481977034e-02
5.857448177331833761e-02
5.489316072857522433e-02
8.366626665344188696e-02
8.492860225486342785e-04
5.489313373861559597e-02
2.579029462003688475e-02
5.749767078502923678e-02
7.649920126262223924e-03
7.270559599116452332e-02
3.483729530114686168e-03
8.981700519176889774e-02
-8.588384658706411587e-03
6.185023986183028899e-02
-1.672698412065608958e-02
7.434006674272175541e-02
6.569012785997949133e-02
9.425588832919041399e-03
2.028427833666439709e-02
5.814123448063435173e-02
5.456401795862991788e-02
6.015854187908854789e-02
1.146121201997166508e-02
5.392619126644446204e-02
1.730465810459781359e-02
4.623615346219263345e-02
2.175542500398926563e-02
1.968123761290173704e-02
4.854600065440992096e-02
1.830640519770452765e-02
4.506440118844788623e-02
2.304778055100805204e-02
6.666971644788194373e-02
5.534247421930130195e-02
1.400584496648340019e-02
1.641817768428102675e-03
8.806225884540286319e-02
8.485450447043232924e-02
8.947571740467838430e-02
-1.163691032434634523e-02
7.203425951529168758e-02
5.364763845944334197e-02
4.025380104556340599e-02
6.503845141744117597e-04
6.131430226374202930e-02
4.300354800827155266e-02
8.924716150612015120e-02
-5.942125822074801819e-03
3.030601465997313435e-02
7.388092753636435472e-02
2.354885135385704001e-02
5.068248607604085298e-02
9.229779833592062499e-02
8.886879638464298403e-02
2.348641637721248995e-02
9.870400129628856267e-02
1.526107039984722288e-02
5.231610710478142023e-02
5.474620297552887371e-02
-1.702753862978176325e-02
-1.516320564682937209e-02
2.528125552928759887e-02
9.419448886784140273e-02
5.311701322302893324e-02
2.625016844979194061e-02
8.709391190198596810e-02
6.875213264612745068e-02
9.782559265378229507e-02
5.607909104372596487e-02
7.753832589985897028e-02
-1.075163101356113593e-02
3.652692217789825502e-02
7.478867705177680292e-02
6.287510618001647400e-02
-2.479069728872278916e-03
1.099188873080427647e-02
4.306570379229102130e-02
1.951169558549119623e-02
-5.783373385314753701e-04
5.835844703194925653e-02
2.754216304511831678e-02
5.833215046230022516e-03
5.595859947588061045e-02
4.973722836180975715e-02
3.834486149884808182e-02
9.361581952814583552e-02
-1.455762810649246369e-02
7.432344455777703529e-02
-1.088536235824785758e-02
5.230203485215535741e-02
2.336848096051788795e-02
1.262617450315639545e-03
-1.985906057121493429e-02
5.493549357512980680e-02
9.691628033054712488e-03
6.727338480187061709e-02
1.999286166231176512e-02
1.328451436145379125e-02
4.337677607488418796e-03
2.721159177432396284e-02
9.327016150014620643e-02
5.788465632788265813e-02
8.003878768365703389e-02
7.677993775620779726e-02
3.078061414206723426e-02
2.427846237575534069e-02
7.903723391807160326e-02
9.553671804327260042e-02
2.416057310320990706e-02
3.374153076688469338e-03
6.611111331406417657e-02
4.404431614831787190e-02
6.728102840644041571e-02
-1.849475776810300537e-02
6.718957030467533065e-02
2.232694185509255871e-02
2.858208249273506626e-02
6.870590726552651406e-02
8.069531422689976696e-02
1.478026630544485021e-03
6.362166107805850013e-02
5.535162625756120253e-03
2.917620679987748336e-02
9.763107088839885483e-02
2.258154253907239742e-02
3.103035982761733272e-02
4.964789888327976464e-02
4.524946215352246282e-02
5.412077603308616813e-02
6.201279467784838462e-02
9.641026589213540221e-02
7.907820375486172837e-02
7.940415579838929622e-03
2.965928842816600852e-04
1.455865909658765958e-02
6.250308012513883238e-02
4.726140303318786262e-02
6.715323960985095098e-02
7.642622323327068201e-04
9.375917282524484642e-02
2.083259549177470318e-02
6.413224995231005254e-02
9.131250820405785451e-02
2.247387064516762414e-02
-2.111633616016579673e-03
-1.700297419066389495e-02
6.695490483635303802e-04
3.224548529223852933e-02
8.313433804001961469e-02
9.615585877148621896e-02
8.233341472225139124e-02
6.144554672997139255e-02
9.193248010961527217e-02
5.837858323123470972e-02
5.775582343337656854e-02
6.101395141958625146e-02
6.810149966477489769e-02
8.464039459932046205e-02
3.700635125991433294e-02
-1.444613529430505139e-02
2.420334694615852364e-02
4.140276241140837532e-02
9.803315133156760564e-02
-1.146552062181529878e-02
9.871477455162672165e-02
8.691611813010542698e-02
-8.695298787410824654e-03
8.986228314175033483e-02
2.181938459929436136e-03
1.311527784370971825e-02
9.820821945550534116e-02
9.821209960570671804e-02
7.939130885282016936e-02
6.620728664470440505e-02
-1.294636137558021101e-02
-1.241771192677861187e-02
6.026049841589380118e-02
-4.575028300233423273e-03
9.039867520967161119e-02
1.891561622221168623e-02
-9.251082202549930703e-03
4.289396660976280140e-02
-6.677232405938222232e-03
7.686698665747131176e-02
5.022674959413175877e-02
6.641590900057649238e-02
3.135552228815469133e-02
9.975158284535906583e-02
-4.389215411992690094e-03
4.707318466576231042e-02
9.644439888107277092e-02
9.845829409248878228e-02
7.685023657260285634e-02
6.486112661228499165e-02
5.399084219329416956e-02
1.453811134254945694e-02
3.511464748877370090e-02
2.201407085463496019e-02
2.893399736263589303e-02
-1.338568584985199393e-02
-9.118187320733670345e-03
6.281499461728004552e-02
1.504748860785916006e-02
-1.749574739171256069e-02
2.575947020969207926e-02
-1.227873655790589179e-02
3.897255509763314363e-02
7.629925425402654671e-02
3.616350608306581615e-02
7.669431288281511327e-02
1.078455526743075238e-02
6.427307329245021683e-02
7.636113049608415915e-02
-1.224073973360844877e-02
6.528606463265752835e-02
6.462518872183108110e-02
6.866385759059316640e-02
9.439067848043186659e-02
3.367712165665312507e-02
5.991092294388422612e-02
2.498852972034544886e-02
-1.469614730208551254e-02
6.269241181520536499e-02
4.239235638923823102e-02
2.433632116749364846e-02
3.931105411038186837e-02
1.935536964569148713e-02
7.625593178966927344e-02
6.558794401508484528e-02
-5.938076007288878300e-03
5.747998377591001518e-02
5.516587550300662557e-02
-1.552566163032374769e-02
6.536863204447683484e-02
2.032165463639159023e-02
6.541569938023879260e-02
8.018275523536211313e-02
-1.822183887968685176e-02
-1.915033558053829202e-02
1.844604827965613467e-02
8.128493107831939735e-02
-1.946895009317055683e-02
2.855628369185728502e-02
8.634843801230687732e-02
7.694973947156796834e-02
8.839570790184450577e-02
5.085140279921549628e-03
6.274813120609930295e-02
4.422541992255803189e-02
1.089457433860375329e-02
5.320918328792641205e-02
1.480700551539497825e-02
7.172550158918533647e-02
2.482493087745960350e-02
7.007991103098654140e-02
7.153113925865720035e-02
5.215677072036385697e-02
7.524900757521443828e-02
2.050093635403815728e-03
-7.603374881687984324e-03
9.912171639243844146e-02
3.903665263301991928e-03
5.097294253280233722e-02
1.751929102519011669e-02
9.173765295811016351e-02
7.920383354499074824e-02
5.465580271096924514e-02
-1.322563543722239665e-03
8.032837440252788008e-02
5.396375155581918659e-02
6.558800580288344506e-02
9.398422586658689015e-02
9.983053370027514251e-03
4.467527008001244415e-02
1.443539980541545462e-02
8.055935122433324769e-02
2.826684781512769570e-02
-4.151956493521381797e-04
-4.811745533158768087e-03
2.653839443805832907e-02
6.971024394501840193e-02
1.125364612365878023e-02
9.987558659471769407e-02
2.861883971055866407e-02
1.067960781742625237e-03
2.901819910336137301e-02
9.329916148713923718e-02
-1.234467659378388205e-02
7.932896708372320915e-04
8.513337421748763678e-02
-1.997934781155796466e-02
7.874850817036690986e-04
-3.230466279298446763e-03
-5.337420474889222402e-03
-1.183507566842322001e-02
8.160436906747518815e-02
6.520128192477752521e-03
2.951686963338660472e-02
5.801730554414838426e-02
5.315319892383403577e-02
2.977273688079336636e-02
1.820111060905514264e-02
2.170723598953181593e-03
9.212129811063889118e-02
2.072029251320564938e-02
7.062522259738601704e-02
3.200441683097902945e-02
5.100762441846938555e-02
8.234189340335448803e-02
9.283681183330280695e-02
9.819750611437076671e-04
9.915942000213938401e-02
8.076050648471976012e-02
8.434732048326153142e-02
9.319789820454887908e-02
2.265879978190617552e-02
4.526699975717506097e-02
5.200120795854662470e-03
6.191427774165458864e-02
2.691839163943392579e-02
9.335138382250840472e-02
6.299013224004912370e-02
7.743908770456625623e-02
-4.838838221787690463e-03
9.025195476378392034e-02
-1.948861890452610601e-03
3.096145226798348998e-03
4.101464418050151939e-02
3.708762724539473032e-02
7.437299703685297525e-02
8.881343730639987277e-02
1.813255856686140158e-02
5.351642777121989880e-02
-1.557894157771846921e-02
7.190761658737912509e-02
1.139285760758950924e-02
2.131088059726506459e-02
-8.372274960149916900e-03
8.822043524224930378e-02
6.997010166357563177e-02
5.202844570619865466e-03
2.003411084278006529e-02
2.976731621187668833e-02
3.628442746937636521e-02
5.737214752052018085e-02
2.004443407407799013e-02
9.116469517375486165e-02
8.865160484496446835e-02
4.563124086468181573e-04
9.228515760602246099e-02
1.017310568742652022e-02
9.341138580011471015e-02
-1.271529121197599588e-02
-1.820057900525730993e-02
1.560559399379865889e-02
-1.986648572101323840e-02
-1.768776177737729424e-02
6.280120490910021114e-02
6.894846731255536987e-02
6.945147481585714488e-02
2.780339509408289583e-03
-8.969637047983307354e-03
1.034940410580525647e-02
2.888099027410404376e-02
9.756631276387597862e-02
9.342852625814901391e-02
-6.693439448280677148e-03
1.268628076408447394e-02
7.832003636320600259e-02
5.019850747049624251e-02
9.433993794870806915e-02
5.301281329201812387e-02
8.209279585263826867e-03
9.648326022151901271e-02
7.893378658563211803e-02
8.251682879619012811e-03
5.394829346121500502e-02
9.188238409922343253e-02
7.536940028502938510e-03
1.365328774404703585e-02
3.193211101188039858e-02
7.937910658135498287e-02
1.785709143273414221e-02
8.986323804605766963e-02
4.428913893013589065e-02
2.063675929698922940e-03
4.211917730304151619e-02
7.804413489917566560e-02
6.802038832275143776e-02
8.063926490746002596e-02
6.404190530662245973e-02
-1.408907945039707121e-03
3.319118223009624724e-02
7.087067746850694849e-04
6.780057519462397153e-02
9.655895150493706836e-02
-1.102290228180550016e-02
4.844206887128432726e-02
9.063929356724849395e-02
2.007234866982345392e-02
4.068063838855645598e-02
8.252982287227560165e-02
-1.886894010040351607e-02
-1.767123586680950653e-02
9.542134314337294421e-02
5.857019309698024978e-02
2.345065052021974225e-02
-8.658929804485269305e-03
8.106235211792192641e-02
-1.162443994683337936e-02
7.188713509959414327e-03
3.464465782635266222e-02
9.792853092828449069e-02
2.024101811409877161e-04
-1.298711258260233994e-02
4.811073451554986891e-02
-1.541160712924579020e-02
1.657609777065368814e-02
5.181111773194509162e-02
-8.167253675372498564e-03
-1.376644910821558411e-02
6.420155562352947154e-02
5.369844846453820930e-02
7.762973002152569191e-02
7.016396687907755503e-02
-5.211914679173531434e-03
-1.651911347897996180e-02
5.944778515881632419e-02
2.901260849423467972e-02
2.532663597089570076e-02
4.906903219604823174e-02
3.515397090462789309e-02
7.104854597562047791e-02
-1.921275491087516551e-02
8.388402445931202045e-02
8.920342950279800537e-03
5.554158343397234965e-02
1.036561194984431458e-02
8.176068976447073422e-02
3.324425856981512439e-02
5.085578022745293469e-02
7.111259619149573608e-02
6.052861402030139393e-02
2.689690315402991708e-02
6.044381863984449321e-02
6.227589466503818949e-02
8.528092718525059901e-02
2.603939769788826339e-02
4.452258383321158752e-02
7.447314899700432228e-03
1.860620088128608907e-03
5.349985960452742495e-02
3.679605630769244851e-02
6.237194798126614870e-02
3.909026690691873307e-02
-1.858493035933224402e-03
4.746531559914039800e-02
6.248213330899120288e-02
7.826859170711467084e-02
3.133262317396032226e-02
3.168016002168291823e-02
9.423285459474503578e-03
1.955016372738760042e-02
7.655620441429857037e-02
5.778091197299144166e-02
1.301956199726273314e-02
6.045617830868219023e-02
2.073487735717880961e-02
5.876561128133128697e-02
4.173841408901995953e-02
2.224961291593506238e-02
1.244800529861815955e-02
9.386664562547583635e-02
-1.236728033371388424e-03
6.849436052817917120e-02
7.322622100217984070e-03
-1.964055070920733143e-02
7.213026750661524766e-02
-8.685798300460269294e-03
8.597254577112148355e-02
-3.871354910862441490e-03
9.532899669011998811e-02
1.463680861548289497e-03
3.819087421887262801e-02
8.030652954639623531e-02
8.114953065750285521e-02
-7.198211346497139507e-03
9.710122621679219412e-02
-7.915808129301548507e-03
2.521678736446967065e-02
6.604399132782085013e-02
9.919623399602091329e-02
-1.068879734863810091e-02
9.055573434386790521e-02
-5.624655338185768558e-03
5.033981631294022485e-02
-9.440157336868017224e-03
5.541626588430412920e-03
-8.559194825230282549e-03
7.559933277608077429e-02
9.518877898931589476e-02
8.110819633826624186e-02
8.074179275385909293e-03
3.120245931897938294e-02
4.348856627463845714e-02
6.878250212562529720e-02
6.255711080223171072e-02
6.021039849117940101e-02
8.187956427124852554e-03
6.414541791098261891e-02
9.240937482240545175e-02
4.515379268696180504e-02
-6.520108373195276918e-03
9.040951994755647148e-02
3.100943571573524030e-02
7.986112168252569588e-02
5.469077557841407755e-02
9.371653462983357830e-02
8.040609294828621190e-02
3.649128544620398873e-02
1.991461613508233378e-02
4.756318121244820785e-02
2.389990388062430623e-02
4.002112513728756094e-02
8.785050053916322599e-02
9.141571080767872670e-02
5.280417229150029257e-02
4.581418255671619588e-02
9.459142499154728212e-04
7.536394817862999973e-02
7.432578597525150987e-02
3.383108029177672726e-02
-1.024179000467399965e-02
4.578074910368669370e-02
2.911899140581998904e-02
2.297688788655722139e-02
7.175542299155271420e-02
5.102764118389491177e-02
7.218676823595179814e-02
7.248946526453972639e-02
3.612740604816964962e-02
4.472975099922935072e-02
5.059439320944349172e-02
8.047604781119319095e-02
3.435017827154601688e-02
3.438604512574464089e-02
1.903033795169549111e-02
4.412480836826206121e-02
8.424670324086651341e-02
9.806436415465646927e-02
5.183847805690693089e-02
8.087113378130335317e-02
9.062825977019603463e-02
-1.103762530777600663e-02
9.883604940856678678e-02
-5.284173950277117060e-04
5.649094729375332691e-02
8.229470416655557119e-02
2.466755122333406589e-02
8.049858605546447721e-02
7.625020687265879338e-02
9.184034062136416099e-02
6.547776569425328708e-02
6.950246509064900158e-02
3.509163228084498376e-02
1.827930786586860409e-02
9.582297410128712278e-02
-1.844435621661710822e-02
2.945738895881143751e-02
3.334859089762096107e-02
4.350618668918181109e-02
9.587837936941032146e-02
5.615129183134513757e-02
2.393098469921452545e-02
2.718337440949292541e-02
4.395833320718947612e-02
9.415517680959259450e-02
1.481998053419602071e-02
3.194119189118814484e-02
4.091110983887924490e-02
1.891391658166600293e-03
9.003024606242189531e-02
2.184750848105140517e-02
-2.380494724764349590e-03
6.168838524649412902e-02
2.210889032979480862e-03
4.402457225482332703e-02
1.541561463454523342e-02
-1.885836303435221156e-02
2.223649449936570752e-02
9.873325207795220770e-02
2.370699414654730761e-02
-6.610792424177537596e-03
2.237978744114555926e-02
8.422477020407763415e-02
7.904675765665815368e-02
2.261182573807446819e-02
4.641728267196257307e-02
-1.232776943794944638e-02
-7.187097118552938230e-03
8.868641277576684578e-02
5.694923654142473868e-03
9.131812623432100651e-02
2.060429046560579083e-02
4.564171154838467248e-02
2.932269057770671775e-02
5.569373889541458233e-02
6.444790329618900471e-04
-6.022677336718252825e-03
1.994458968075498231e-02
5.312372931623332573e-02
2.341193391797437642e-02
5.671707293778953385e-02
-1.076705716791427972e-02
9.698093185003764383e-02
-3.969570366089691937e-03
4.440636780115289617e-02
8.410706537831522112e-02
7.665013473511513020e-02
5.067884190905153075e-02
1.248021950692773316e-02
7.049311423104824559e-02
5.361972751663048042e-02
3.675603257115911404e-02
5.436992628188958010e-02
6.347254272881683312e-02
-9.927444574823472354e-03
3.805923682598845448e-02
8.698899061518286513e-03
2.170612079101599118e-03
9.185358205178342783e-02
3.242845689062183456e-02
-1.434826710577436285e-02
9.513020399828366058e-02
2.911721974233885332e-02
2.006828633376404533e-02
5.141906101082761860e-02
-4.883639530603918824e-03
7.041010302384063946e-02
4.375594713847799633e-02
6.271517275233572108e-02
8.239757217130232181e-02
5.843315458366428461e-02
5.127066941653497800e-03
3.531837387136051165e-02
4.135349321398514022e-02
7.408478103794469138e-03
-4.143980363997084443e-03
6.367630259522903680e-02
1.972857070049170367e-02
3.438684584603884931e-02
7.046709641764670184e-02
7.267831536270309700e-02
9.083971837616897083e-02
5.519040483309625711e-02
4.401460669528708958e-02
3.054566098173137553e-02
3.690865736274635822e-02
5.987600034659611159e-03
2.701156850990039590e-02
-8.981480552813669860e-03
4.026507830435201163e-02
1.972815594849326379e-02
6.922949637260336631e-02
4.679415054041002886e-02
8.567267452870996891e-02
9.252368587772455411e-02
7.440073870515249987e-02
8.070001948872145003e-02
4.088252152714562382e-02
5.788865227718555106e-02
-1.470635767269172847e-02
1.002744021428431803e-03
-9.108344242917279163e-03
-1.803118865561987097e-02
4.654761364133810919e-02
4.734471662312389473e-03
2.924167171635726550e-02
2.565141515444537695e-03
7.894342040311781716e-02
7.235168204813063886e-02
2.389495493322110406e-02
2.970058529783290227e-02
-1.546767260446488268e-02
-1.000352216499185952e-02
6.929931012590082040e-02
8.679805684481389783e-02
-4.561095439632331661e-03
1.850193880188745130e-02
9.203054682510344864e-02
-1.588300954314069910e-02
9.200084445209812112e-02
-7.323185010555252270e-03
-5.976257194696965591e-03
7.422708454797631583e-02
6.382162550764568232e-02
4.247437820653986174e-02
-8.003366322514304798e-03
3.277716045454470706e-02
7.246738107665277873e-02
-4.906080551685464836e-03
6.939859877855530934e-02
5.153779064234088880e-02
4.209242303998023127e-02
2.394623361378957552e-02
-1.445842690313372050e-02
3.307626184818288073e-02
7.788552744912027870e-02
5.215105279336716693e-02
8.872482175158209750e-02
2.599005744376333207e-02
1.646577588191595887e-03
1.006815040770347308e-02
4.906313384976661307e-02
8.145185974444300869e-02
-1.227304168750206759e-03
2.573812783901765697e-02
5.745922465541006274e-02
1.491549066323637554e-02
3.607170450774442594e-02
4.644309919973267642e-02
3.019311300069667595e-02
1.778921051191701894e-02
-1.198099258773833997e-02
6.899038137534395376e-02
8.436993954672210305e-02
-4.860545329575138851e-03
8.222556462315766534e-02
2.455980296741861260e-02
4.580893394063134672e-02
5.714040834162990856e-02
-8.328938186900147408e-03
-5.662581757503563212e-03
8.055724589801532831e-02
-1.621241950677401733e-02
9.681445690968175366e-02
6.869125669413536639e-02
1.330273791825625426e-02
6.090282399928793888e-03
7.142867712890629828e-02
7.036727537548635725e-02
6.509390467479767017e-02
-3.370396534694976992e-03
5.575292582982788181e-02
4.295587558418331731e-02
8.541381739602832424e-02
4.868727842642414649e-02
-2.999759419363447893e-03
3.482433765193089503e-02
8.430620380779989265e-02
1.346255653285452838e-02
8.104795809378959048e-02
9.426133349285849283e-02
8.930103169184706868e-02
8.304945018353934033e-03
3.932094215374850460e-03
6.749436184696727681e-02
1.829101213366677789e-02
5.852750236521170324e-02
9.123802893138213688e-02
6.760088255702020876e-02
4.024708061230977685e-02
-1.994025285990227644e-02
3.797043745259608138e-02
3.399948537042439545e-02
6.389136888562114980e-02
7.741598836090489433e-02
1.827781994705798482e-02
7.352689984582407023e-02
3.299267570282117534e-02
-2.279969960663253553e-03
7.860875461335768699e-02
2.203174832858746310e-02
4.708228345987888752e-02
9.687068455083436280e-02
8.037430743941553768e-02
-9.128866791141634213e-03
7.148666263655281683e-02
4.125847260899789815e-02
7.508137280218196707e-02
7.382815176213153308e-02
9.067591684961276433e-02
9.186121152085668928e-02
8.062875557721503605e-02
7.618459564636662074e-02
5.723340838833423233e-03
6.788524788201025228e-02
-1.170420797484395328e-02
4.626992060553843100e-02
-1.985203905543098460e-02
6.778219682869013329e-03
4.705889260993692536e-02
1.345996701647989360e-02
7.804342486158508119e-02
8.909428555041251641e-02
8.832667172050695514e-02
9.133995524425971013e-02
1.316117216619580241e-02
-1.454522711591439005e-02
2.282350382484956905e-02
2.319166520064321405e-02
5.236329232451288063e-02
2.274853928673869000e-02
1.691366557498894321e-02
5.969429598290697248e-02
-8.828082399725793381e-03
8.744222245082315659e-02
4.838384256375440062e-02
-1.688635278098291753e-03
3.381447722289918079e-02
5.497112151020261406e-02
-1.714128650018680033e-03
7.977646382370506828e-02
1.341470188015923132e-03
-1.332263650191023441e-02
3.799864350963906567e-02
9.618023661855809592e-02
2.167246750887437054e-02
8.653385238902036591e-02
7.883914017275793495e-02
-1.277815569324528000e-02
7.067676516540605247e-02
4.780563712888627470e-02
6.063942528020700717e-02
2.418610862592172547e-02
-1.383878344662980292e-03
8.933017671297710516e-02
5.229853128167370746e-02
8.466539747537558946e-02
7.138701849756377837e-02
-3.360998798737750010e-03
-1.112589134401664737e-02
-9.444040914659250149e-03
6.339611046825600893e-04
8.108483665873679469e-02
9.765489308770607113e-02
3.947897042028124248e-02
5.876313860320130089e-02
-8.745720799708742166e-04
9.593346813176670956e-03
6.220461130835736041e-02
2.249429870593757513e-03
5.212463214902328390e-02
2.060134677108018189e-02
3.197103333719400475e-02
9.915518613522332492e-02
8.032897643763485529e-02
4.072929109860849717e-02
8.668861464549819373e-02
1.522365264558418405e-02
7.897268840488415320e-02
-1.952287677692790199e-02
9.988300718428617941e-02
3.352071900344381905e-02
1.121853590115129765e-02
-6.023872485729130088e-03
7.781969559844488515e-02
