1.092170876688185688e+00
1.034584646255674922e+00
1.062373686942568396e+00
1.021368458452922567e+00
1.068926563046482370e+00
1.017601111784801393e+00
1.069066369555801144e+00
1.063067147631046261e+00
1.028513904865915540e+00
1.071005102535434572e+00
1.088119536531192200e+00
1.017348024826836950e+00
1.079956126274602246e+00
1.021337937964931664e+00
1.059244511007008560e+00
1.028446109935356123e+00
1.014800682571739943e+00
1.021765619636950007e+00
1.078506054736288799e+00
1.084053261558585834e+00
1.031788005689082910e+00
1.061192416514337378e+00
1.047566655915898037e+00
1.098376745097582541e+00
1.088281161878388081e+00
1.045316938834916387e+00
1.097436230363896703e+00
1.074901151662911225e+00
1.001757555576646030e+00
1.006047429252878267e+00
1.068415103476831218e+00
1.045005581238956704e+00
1.048386172363539703e+00
1.010070132383144914e+00
1.026239150448113202e+00
1.096784339830323862e+00
1.075773194728915083e+00
1.054472861636785996e+00
1.015012220654463837e+00
1.084649187532030989e+00
1.088644121875882664e+00
1.038769443874524745e+00
1.070030434491427762e+00
1.006761429479305248e+00
1.029823066138453758e+00
1.087356628855291829e+00
1.041414107311003701e+00
1.093569986382907810e+00
1.049125364694921680e+00
1.060382241926717262e+00
1.081490237770157847e+00
1.038889675336810203e+00
1.015804137497015036e+00
1.056441285433389554e+00
1.078083289569846226e+00
1.058360589198316104e+00
1.078874470737053670e+00
1.094076068347958675e+00
1.038758445763054539e+00
1.040485173362332150e+00
1.017060293484832290e+00
1.029166353845787585e+00
1.073031113573389206e+00
1.038939867433376962e+00
1.023820948638185513e+00
1.049240092023458137e+00
1.071024577532521116e+00
1.080463068901254209e+00
1.004921517963356825e+00
1.015612313573363235e+00
1.024918968719185086e+00
1.035719924107028289e+00
1.002139064850056327e+00
1.084063439112517679e+00
1.055932580667265031e+00
1.070154004779318324e+00
1.004333195893880593e+00
1.037433002830718154e+00
1.061051434027284968e+00
1.077909867698237711e+00
1.075648882498692949e+00
1.083248970940208666e+00
1.066480019415971148e+00
1.099055542690259735e+00
1.070030888567480964e+00
1.024307737716969147e+00
1.096440190860830111e+00
1.016354818051870668e+00
1.034326933641878332e+00
1.066640105459484511e+00
1.025870803265012565e+00
1.005530114015046994e+00
1.018045845035811414e+00
1.063118409342476367e+00
1.005130238810935328e+00
1.059057881433141945e+00
1.050776588725475191e+00
1.049693193835878002e+00
1.010803059838317308e+00
1.054509302846613927e+00
1.017678437491467580e+00
1.067340672620624931e+00
1.054682951929732493e+00
1.016741284360677788e+00
1.082127091549848430e+00
1.014333002706502063e+00
1.004946809328895130e+00
1.011752429693419941e+00
1.098103343519928554e+00
1.024329661325101171e+00
1.079751061271334134e+00
1.058420461356959219e+00
1.043438760997991821e+00
1.071638487556168640e+00
1.023448266826401776e+00
1.091408938034696519e+00
1.064408507127689196e+00
1.002142727706269776e+00
1.050528043215032570e+00
1.042208258669697685e+00
1.092038224251526968e+00
1.014940955378952125e+00
1.041590310559558086e+00
1.073073017777135485e+00
1.097785627013995180e+00
1.066322694802087412e+00
1.064463512823696334e+00
1.057834370458969886e+00
1.092089148143678301e+00
1.054720505086171878e+00
1.015597562820510946e+00
1.070117133035509926e+00
1.022947544692730304e+00
1.009771853603531833e+00
1.058523422166268491e+00
1.072223977431582487e+00
1.083288073935206652e+00
1.034617427601859596e+00
1.083978484208139248e+00
1.012220868672024654e+00
1.024636282197698200e+00
1.009660713097838336e+00
1.055538156911746350e+00
1.060078636574136812e+00
1.094770211813409944e+00
1.093446493804953290e+00
1.078364614321484671e+00
1.098465275230368299e+00
1.000165005942751817e+00
1.025584071814825915e+00
1.097805690173334403e+00
1.034736336642370969e+00
1.070386720845332817e+00
1.025555818953064247e+00
1.009477252119169277e+00
1.088918247136752671e+00
1.091567712383601840e+00
1.064369022658164132e+00
1.050316214256864056e+00
1.087349023683814142e+00
1.061212505932465300e+00
1.090286206750697540e+00
1.041926939635244409e+00
1.056644571720157799e+00
1.096385564614560160e+00
1.013961573651807058e+00
1.016126908906720638e+00
1.097663046778780682e+00
1.015521907119783629e+00
1.071437916436635662e+00
1.081253904816463773e+00
1.002993080938389348e+00
1.093059492799628885e+00
1.033996411274566984e+00
1.091019167798238154e+00
1.078586053181459725e+00
1.057975748171060548e+00
1.089062327193460078e+00
1.031044125529578581e+00
1.070441884990774417e+00
1.022004658624800832e+00
1.066247193079331579e+00
1.075955124904699689e+00
1.095055735581603074e+00
1.078359282865033242e+00
1.077833187455851327e+00
1.081105335190177819e+00
1.089801501354280333e+00
1.094067352229370904e+00
1.002720779546959928e+00
1.089241177220561019e+00
1.029221256789093264e+00
1.083312964109886201e+00
1.015491505754335222e+00
1.075744206246412205e+00
1.023763093784741285e+00
1.058613867789681473e+00
1.015526251124438284e+00
1.085158024108187069e+00
1.068333197947054281e+00
1.032363400298631495e+00
1.056577015613567649e+00
1.002818744254479588e+00
1.069169512693050050e+00
1.003938748345330367e+00
1.027724041813585565e+00
1.065727934197529869e+00
1.095978987133762184e+00
1.021353210928881650e+00
1.051424777818084744e+00
1.006212308027149671e+00
1.048016804396964430e+00
1.058824531642510225e+00
1.041844659902321446e+00
1.023806351018005545e+00
1.016601732050224527e+00
1.098003469631470885e+00
1.016589010606822496e+00
1.061322742533123531e+00
1.048317473282324164e+00
1.005915294906601920e+00
1.002231097726530740e+00
1.041607628066994806e+00
1.038273472044832779e+00
1.039535532998003609e+00
1.020874852451544301e+00
1.027342076049543751e+00
1.058280605635608218e+00
1.014157889489139652e+00
1.079298025509819903e+00
1.060627164787519838e+00
1.086099833247519575e+00
1.014062724071795207e+00
1.047347378481481517e+00
1.028253468466779674e+00
1.045661241584866730e+00
1.060777727249192948e+00
1.019281913017489272e+00
1.007080699293648296e+00
1.039633538952208003e+00
1.099273101587654233e+00
1.015566125265357833e+00
1.098728655847550417e+00
1.036409502904946711e+00
1.095993792104038578e+00
1.034527664918026613e+00
1.050188044540068644e+00
1.032015393568602946e+00
1.049890087665134253e+00
1.024929018660262425e+00
1.060435110451953822e+00
1.062264620981673069e+00
1.030984462300815974e+00
1.083646378623931428e+00
1.094403929441301937e+00
1.098813206492935013e+00
1.041312387150642005e+00
1.091441798855975032e+00
1.012067208501368887e+00
1.081475671315312637e+00
1.094521023029437989e+00
1.098414286914823901e+00
1.068554474786905795e+00
1.024941766818179278e+00
1.073374329168851338e+00
1.026048815323699070e+00
1.079347420601419305e+00
1.042519143067199838e+00
1.045966154915856539e+00
1.028224364413863112e+00
1.068689729960889734e+00
1.067007395873487141e+00
1.002395186480022904e+00
1.007190460168702506e+00
1.042218380859084803e+00
1.090110883518159435e+00
1.095047964842428279e+00
1.081666612788017678e+00
1.032340344301851065e+00
1.082315457296054273e+00
1.081348356650496223e+00
1.029521945543494077e+00
1.044408219822571260e+00
1.057384386304403012e+00
1.029613953995588416e+00
1.049118880599821724e+00
1.019448754033044580e+00
1.041751483338958950e+00
1.042791647802964627e+00
1.069935759898888339e+00
1.061055566006324336e+00
1.061238576090732577e+00
1.064534990784333779e+00
1.094816825738085919e+00
1.080390712139370324e+00
1.027953093829304665e+00
1.026891954749162394e+00
1.042663634450338606e+00
1.047551976928180695e+00
1.034126772356056545e+00
1.066111616868308687e+00
1.001995856636571869e+00
1.091423419696505803e+00
1.020510324448015815e+00
1.080554141106001120e+00
1.038224016899819357e+00
1.006611506367283360e+00
1.015535313683960661e+00
1.021175182879555443e+00
1.005792606997509386e+00
1.019531146112365949e+00
1.048408538633568643e+00
1.078402839027940763e+00
1.011364501256154513e+00
1.078938057043433929e+00
1.094236260076780098e+00
1.006231247163386300e+00
1.038257888968359133e+00
1.078320135749883946e+00
1.077753985963584515e+00
1.040396775369070825e+00
1.012433082715344268e+00
1.081180382233960069e+00
1.065974176474672852e+00
1.084862165762440878e+00
1.001349293640079186e+00
1.027864594437969847e+00
1.027200343125050486e+00
1.068342945889003692e+00
1.012881045038235284e+00
1.004847055198528238e+00
1.096418596912385857e+00
1.038443233929477572e+00
1.042783894324862182e+00
1.018792077594599332e+00
1.027410400495916587e+00
1.065019040526782979e+00
1.028207050987146598e+00
1.056875229765144919e+00
1.067856501055980400e+00
1.042500307775221291e+00
1.045729681146168266e+00
1.038143707581594910e+00
1.029735803291458529e+00
1.086157293213361186e+00
1.004456472407970757e+00
1.059806599526164073e+00
1.011734439730007429e+00
1.063274947126396031e+00
1.086883012664871861e+00
1.081489729142594447e+00
1.068573456239359176e+00
1.008288048038735507e+00
1.088530260148153683e+00
1.058118937568605977e+00
1.026964196186256340e+00
1.020290865421317195e+00
1.060627907965077110e+00
1.035263861494532422e+00
1.018254768866814208e+00
1.097419144097536936e+00
1.045355132325903824e+00
1.002197112904686493e+00
1.083343187679083108e+00
1.018347548072083608e+00
1.075468175297033202e+00
1.063872861755992938e+00
1.090781371094839525e+00
1.033640039736160920e+00
1.026590391648267708e+00
1.007015323582495459e+00
1.071961466900198889e+00
1.097965954639826158e+00
1.092436052392335544e+00
1.087495282420017251e+00
1.064894540100910669e+00
1.066715487855669942e+00
1.076588101334888803e+00
1.001026104500475578e+00
1.009784719874053938e+00
1.057060912002981912e+00
1.013644637719997021e+00
1.097983804770415350e+00
1.056012780561187636e+00
1.001766427043598862e+00
1.023029840128794277e+00
1.025655006281878556e+00
1.092772503637361670e+00
1.028498263406422364e+00
1.042591431046281603e+00
1.049599102163321973e+00
1.039797367957507879e+00
1.027719369477693379e+00
1.013978162212558098e+00
1.018536377023886885e+00
1.026136397298165193e+00
1.069820400254633652e+00
1.052173603144281433e+00
1.084406675223203331e+00
1.049239119456299107e+00
1.094331687676559639e+00
1.042454595487519065e+00
1.000388397138839425e+00
1.008532966882974113e+00
1.029204492540558125e+00
1.047290807123161693e+00
1.055064977856449593e+00
1.099116806482911546e+00
1.089194408755471688e+00
1.018192167465863163e+00
1.015004756597388758e+00
1.052742455656146880e+00
1.058835218186139127e+00
1.084299616746506878e+00
1.047819040694442316e+00
1.098331732299884012e+00
1.068344494859008620e+00
1.000826569337297300e+00
1.070349440885534520e+00
1.028631360646717674e+00
1.050181300246397775e+00
1.028162291054860233e+00
1.011294348088863426e+00
1.098492238760008011e+00
1.003989365811029932e+00
1.071312442427586387e+00
1.000621431680156714e+00
1.011595566577639271e+00
1.004300030954629719e+00
1.061649306110341362e+00
1.048305103852125164e+00
1.033877204663296911e+00
1.046489726291490285e+00
1.068662476424152352e+00
1.073831474493314619e+00
1.067083361799693098e+00
1.043078919243132230e+00
1.087540001903567255e+00
1.000839725052783624e+00
1.068176962783175643e+00
1.087399125984737092e+00
1.070173906953431064e+00
1.030459636275823154e+00
1.000950247059420928e+00
1.046991305300539743e+00
1.093812046469537336e+00
1.090845483574918173e+00
1.099225758979420986e+00
1.063681146607095229e+00
1.058777255097378855e+00
1.078564460295459604e+00
1.022494306262633046e+00
1.025997909905288941e+00
1.080495812092967300e+00
1.088713641674351029e+00
1.018147276805757562e+00
1.023930733304352358e+00
1.017286905539075414e+00
1.061475244590388334e+00
1.032975551240005396e+00
1.006358624200859087e+00
1.070883140195445726e+00
1.073914684318694635e+00
1.067382770153904481e+00
1.034569194268506243e+00
1.085980565895587446e+00
1.086460249001149236e+00
1.095320720298388339e+00
1.016172646878747532e+00
1.006642337073467175e+00
1.073125902164783430e+00
1.062586878626600839e+00
1.061173644513525138e+00
1.046664742998661302e+00
1.056770237347501862e+00
1.026217550771752363e+00
1.014921722090636358e+00
1.055867300710773282e+00
1.018879761139611650e+00
1.075001100499620943e+00
1.053654024698829961e+00
1.069421824013076172e+00
1.058339246508550824e+00
1.000651404612591611e+00
1.075248280828017267e+00
1.099147908824772424e+00
1.070307984568541260e+00
1.040098056555825323e+00
1.024544228478112773e+00
1.080075096440587634e+00
1.023009466622428754e+00
1.010198316495851234e+00
1.092433097555552735e+00
1.037977563261334835e+00
1.041452229085835679e+00
1.032587812041841246e+00
1.064160950393645333e+00
1.096313077183561857e+00
1.072465780693586668e+00
1.003558909607106253e+00
1.023924896431582132e+00
1.021982522950042993e+00
1.099319973599780509e+00
1.093409471981439340e+00
1.015484725602890048e+00
1.046246502998514183e+00
1.047380582160533535e+00
1.041015952856279458e+00
1.037575037833967873e+00
1.034671959287928544e+00
1.005266993252410090e+00
1.077949941930619548e+00
1.064020901924648710e+00
1.053111782096484594e+00
1.089649418173115114e+00
1.033826749745933693e+00
1.094932264153066326e+00
1.065830265771255725e+00
1.025342630005082967e+00
1.008756855371132133e+00
1.000071833012700973e+00
1.038332191529826920e+00
1.073252216438156159e+00
1.004806669283294429e+00
1.010521834626046944e+00
1.032499864463802597e+00
1.094736194163594467e+00
1.046111281744904531e+00
1.060415421999104435e+00
1.095615226144543541e+00
1.086524846637767716e+00
1.069413462819356786e+00
1.054560105074901388e+00
1.054281136720381706e+00
1.049398713643623582e+00
1.024310107697351313e+00
1.080324738106449578e+00
1.059718700990562201e+00
1.005287367602104354e+00
1.054723549640257163e+00
1.001798222284405737e+00
1.036471248321439775e+00
1.065119158443278202e+00
1.004034424176257323e+00
1.070308413079188004e+00
1.023674137612316182e+00
1.012295189705104681e+00
1.016021818220218975e+00
1.049663050347389381e+00
1.027022102337582066e+00
1.092543741808019497e+00
1.021280521953665366e+00
1.068542442666564840e+00
1.036482141083110209e+00
1.037562971362237407e+00
1.068505518168590296e+00
1.058301963378425858e+00
1.038015042608728233e+00
1.034684719298366584e+00
1.086649264172402374e+00
1.058608085085293249e+00
1.059806110897683062e+00
1.051801002541964181e+00
1.064682379837509796e+00
1.039132077255713105e+00
1.085068912884024517e+00
1.067170205416828610e+00
1.042745397509036165e+00
1.060267400050387554e+00
1.073223614285711891e+00
1.074727099187984036e+00
1.081415653875888339e+00
1.062807156753477811e+00
1.029034832848180647e+00
1.096598246638321505e+00
1.070221615332097587e+00
1.060458631024818965e+00
1.003985744607064134e+00
1.063813948826893840e+00
1.001433095483829305e+00
1.075114595649984128e+00
1.037423467022097867e+00
1.043226225689812381e+00
1.064042722273074837e+00
1.021767878046882627e+00
1.007314461928689786e+00
1.094640824537708390e+00
1.038027220844337295e+00
1.089589149746469587e+00
1.072453243566442671e+00
1.001942915336802242e+00
1.001267778921825169e+00
1.047944375743550260e+00
1.081049046336544084e+00
1.025087756571814612e+00
1.000484199662259543e+00
1.089960015545366367e+00
1.039240770935965674e+00
1.026960289136316984e+00
1.090195258838630554e+00
1.063265716091083668e+00
1.007806048286708167e+00
1.005911187771901361e+00
1.021115897324137434e+00
1.098188843384055424e+00
1.040231095452937460e+00
1.021362139616873055e+00
1.034000891220887564e+00
1.043348063675398896e+00
1.065904321819382217e+00
1.027344334615343469e+00
1.094370511610847307e+00
1.074585763543618011e+00
1.093957085670162588e+00
1.064241249213916829e+00
1.099547223900320336e+00
1.090425165454319334e+00
1.023613202160111868e+00
1.055617049040989519e+00
1.002002613063605274e+00
1.033026358838863068e+00
1.083612176649469738e+00
1.001861674752200226e+00
1.017079995505666412e+00
1.004261556891573148e+00
1.019683815727794096e+00
1.052352437071930380e+00
1.090187163653986380e+00
1.025648992236208423e+00
1.046049189489973497e+00
1.087557937829130905e+00
1.023754586620568174e+00
1.085032657801614731e+00
1.005628329969969981e+00
1.028342483587537881e+00
1.068332870953238478e+00
1.042786727985325790e+00
1.021399438303708607e+00
1.064407475153478888e+00
1.047246752520494706e+00
1.048310015665396389e+00
1.065374190892247164e+00
1.038694853675252272e+00
1.088842101529064132e+00
1.013326115308220254e+00
1.073379712565212030e+00
1.006641830751893396e+00
1.026143330511560370e+00
1.052830378109324672e+00
1.007192197004992851e+00
1.002698011857294125e+00
1.082524431874217763e+00
1.002357029669897592e+00
1.002302019346774209e+00
1.036309684860599711e+00
1.056650422704507264e+00
1.094104495078291439e+00
1.029259427188153442e+00
1.023858496290569908e+00
1.076919247103173882e+00
1.053565181746678237e+00
1.040769601327667937e+00
1.031233224328589992e+00
1.030706210836675796e+00
1.057785477833967924e+00
1.060416734961094232e+00
1.097755692469152944e+00
1.052461633150384213e+00
1.004767676867767801e+00
1.025322901448677548e+00
1.027863810851380011e+00
1.041349965545832479e+00
1.090550116783768342e+00
1.052318020223140582e+00
1.026519510880187003e+00
1.036426130332943174e+00
1.051060990774121295e+00
1.042393250882307942e+00
1.099488686976373142e+00
1.046145604069306900e+00
1.008623340789844391e+00
1.085774875761005953e+00
1.055136222066134888e+00
1.039084697940698909e+00
1.013418812442436590e+00
1.040869072341032542e+00
1.010961759788075787e+00
1.056719211797785496e+00
1.056258419683580918e+00
1.047127913937646815e+00
1.097197594500789908e+00
1.060571566300932744e+00
1.036928858359771111e+00
1.003177334120362030e+00
1.044738868352480310e+00
1.087631174238113285e+00
1.047290296724856073e+00
1.044981006672960344e+00
1.062519798696665019e+00
1.085974703636961580e+00
1.049584479428320671e+00
1.067938676300948853e+00
1.042492151822679514e+00
1.072175495161141301e+00
1.030882407823916713e+00
1.093051420525952500e+00
1.059822295160502081e+00
1.030814902453350390e+00
1.064864865333150057e+00
1.001229976359791607e+00
1.052032994414250133e+00
1.015909271320833529e+00
1.067501638519670282e+00
1.030879311410270560e+00
1.044537628541918117e+00
1.060753803463152511e+00
1.029363079105203527e+00
1.059476473996425305e+00
1.011863877912585252e+00
1.089630253587378306e+00
1.018733368298033737e+00
1.008698373167898676e+00
1.052800007745650301e+00
1.026636164592111822e+00
1.050634638507694785e+00
1.027242296544687905e+00
1.095776398452501965e+00
1.096016615897870139e+00
1.047704982049139755e+00
1.062417594394502229e+00
1.074671741907258893e+00
1.029755823573906159e+00
1.048242935008495857e+00
1.065645279462489992e+00
1.000722103122891227e+00
1.017358994196822408e+00
1.091145356038593084e+00
1.028525686853610122e+00
1.046479815863570195e+00
1.096336432211433509e+00
1.096876671434039441e+00
1.023608540817685375e+00
1.087601067117224485e+00
1.079447732035190510e+00
1.083307848513610727e+00
1.042545982398210613e+00
1.055198039078420580e+00
1.070836640356167990e+00
1.033862535669209937e+00
1.023138859584791005e+00
1.057315328319656356e+00
1.039613215736296281e+00
1.076442349308985857e+00
1.058722064271263585e+00
1.047766902237825537e+00
1.029232879841206261e+00
1.050553050582613723e+00
1.093030278868640792e+00
1.052200559329932394e+00
1.084884516246866992e+00
1.017608146306003158e+00
1.043207783443854453e+00
1.058403301900675109e+00
1.092507393375280689e+00
1.001595393973065962e+00
1.088159963021375187e+00
1.075458894722293168e+00
1.009569316037650877e+00
1.060960325663117487e+00
1.018795551897139440e+00
1.098404166225146694e+00
1.020649607163562900e+00
1.035885973818460482e+00
1.007362735283444888e+00
1.055131174637521152e+00
1.080803242194227520e+00
1.041433933495894859e+00
1.019575270748812601e+00
1.059039877387623285e+00
1.020094923065878900e+00
1.031047574321079630e+00
1.060338503126199816e+00
1.041061733290082669e+00
1.019106581811309642e+00
1.046848544737903008e+00
1.054578077071492537e+00
1.094827694628162096e+00
1.060758466768192854e+00
1.093667559459678085e+00
1.057152483036852830e+00
1.007431421322935394e+00
1.099475847798167205e+00
1.051172897661828420e+00
1.014700189260972607e+00
1.045243770819429097e+00
1.088148238141658286e+00
1.016302521683758453e+00
1.039456620656203034e+00
1.002157922899331588e+00
1.016113051542209211e+00
1.076689964757615803e+00
1.043586144922283410e+00
1.027284563655209260e+00
1.000168830684974974e+00
1.093882095057312931e+00
1.005862538178090348e+00
1.094675791504407414e+00
1.033564808595889728e+00
1.092303200956522780e+00
1.062886889302016691e+00
1.054282808245719849e+00
1.045726242300380138e+00
1.035716012202190006e+00
1.047869748312485472e+00
1.005132744355259344e+00
1.036885715662370533e+00
1.063524276832003235e+00
1.084122174653957993e+00
1.086793463665314041e+00
1.004859185194686866e+00
1.014440911450319893e+00
1.047190518805240611e+00
1.050539163330015402e+00
1.053693035595908434e+00
1.014347585608385005e+00
1.096260971128047768e+00
1.081522180888453422e+00
1.054953503113551960e+00
1.099438294014847273e+00
1.086265643517530632e+00
1.037321330802846386e+00
1.051651530391041200e+00
1.017057694276097823e+00
1.031952949276485842e+00
1.069124198925835989e+00
1.065667933471943218e+00
1.043468829807764564e+00
1.074975491092647006e+00
1.063585490194405292e+00
1.061448482771872204e+00
1.094560295878906242e+00
1.050139047126057879e+00
1.069912130955498419e+00
1.041866425048222800e+00
1.002310881766455664e+00
1.089424203818065040e+00
1.047122724357989476e+00
1.086634204802505499e+00
1.010617137212178163e+00
1.089518366694682605e+00
1.072643409356349498e+00
1.014029158299181832e+00
1.092906888620251538e+00
1.075113460466683435e+00
1.049701218863334340e+00
1.038066976416399001e+00
1.048251572744614002e+00
1.021401311800037792e+00
1.067865075111767759e+00
1.092629758741521906e+00
1.061264111453208869e+00
1.060326991280742925e+00
1.005415349460208274e+00
1.094841738646731955e+00
1.048886680322331566e+00
1.081763394377788234e+00
1.067087280494213974e+00
1.072058555945996750e+00
1.055668607431047290e+00
1.012853788262144672e+00
1.060767221023083184e+00
1.087761128845481151e+00
1.061250885291411983e+00
1.078659085116955962e+00
1.038829281559342288e+00
1.082664668666903030e+00
1.051429439764937968e+00
1.020401945034824731e+00
1.067394095588196423e+00
1.049768652704025529e+00
1.006381202913215089e+00
1.063692111918155270e+00
1.015996400270781086e+00
1.082651312963009094e+00
1.028086525139191520e+00
1.078908837051042680e+00
1.063844192447915837e+00
1.009503419809739455e+00
1.086988774489474618e+00
1.069003868496011700e+00
1.037880816733470324e+00
1.099632725071302275e+00
1.094906059202825022e+00
1.065002135686269558e+00
1.015464121692825961e+00
1.027603884156983005e+00
1.006426794056970220e+00
1.050835294738260428e+00
1.087784848379264702e+00
1.071774790546283773e+00
1.046452018115944016e+00
1.072441626103435075e+00
1.046230262630182928e+00
1.073702662072440361e+00
1.015330402103603813e+00
1.075325330701752069e+00
1.009556054961810112e+00
1.094327029851744015e+00
1.014534341114640359e+00
1.027755815591744337e+00
1.088861802056924066e+00
1.035039305806714438e+00
1.022137767611793313e+00
1.013761341413167649e+00
1.085451213488500599e+00
1.079848098728719563e+00
1.040299446500164482e+00
1.026528541583037413e+00
1.046056477669366602e+00
1.062692506187676411e+00
1.037103005478153595e+00
1.009372556879573946e+00
1.040070755415886561e+00
1.009175954517261831e+00
1.079636192440279752e+00
1.001983647316448289e+00
1.043365401297216444e+00
1.074087118705624899e+00
1.067720602283893205e+00
1.078573953953612996e+00
1.052201777859320675e+00
1.024060166933075111e+00
1.058208756547007523e+00
1.021491868955511473e+00
1.081460541282155852e+00
1.062767519805164484e+00
1.031750086149994861e+00
1.003372264073516762e+00
1.006157653039918554e+00
1.085517698862121350e+00
1.016891810758010051e+00
1.038086798345224882e+00
1.036152049288110222e+00
1.027887195630153405e+00
1.017346419213914999e+00
1.070519950794332154e+00
1.097637376600923309e+00
1.082624019602879351e+00
1.078202385833422872e+00
1.004535148027861924e+00
1.081016475572215807e+00
1.079684368087578950e+00
1.070361363494691354e+00
1.083634048703130404e+00
1.024906091869290714e+00
1.063515603322090497e+00
1.033515158184312721e+00
1.069358658519365068e+00
1.093706641305254079e+00
1.036255825874314196e+00
1.070450929174761701e+00
1.000866889687982431e+00
1.011194444240272938e+00
1.099682259936073159e+00
1.005060211347185817e+00
1.020427216328479991e+00
1.013217723690902350e+00
1.038574067879678209e+00
1.043701161595268934e+00
1.093945731207780492e+00
1.029352765915404477e+00
1.047669922027646638e+00
1.078874535389167777e+00
1.091134698795128699e+00
1.050256878251050185e+00
1.033774953804355690e+00
1.017881789124225778e+00
1.044867967099893713e+00
1.067035068498002115e+00
1.069642486705050910e+00
1.005492400533955166e+00
1.010956150029297396e+00
1.083186160459740588e+00
1.089891581790476627e+00
1.009594814694882103e+00
1.042565766228901847e+00
1.054261931008883657e+00
1.051245673727370544e+00
1.062288172932956520e+00
1.090934863240029973e+00
1.044615616971219962e+00
1.043186754629488844e+00
1.020297816308609162e+00
1.054927988025233798e+00
1.065842897666579692e+00
1.037654044039571177e+00
1.039121193859652958e+00
1.082369630067371746e+00
1.030987777120977000e+00
1.078874825897832457e+00
