8.327320529495323143e-02
3.753381779035697141e-02
2.326864756371404760e-02
-4.619321570107510697e-03
2.970593407133305039e-02
7.461132649036850140e-02
1.761078767758817581e-03
2.206619508581152481e-02
-1.900275525150074349e-02
9.886374767228475746e-02
2.075958016004080323e-02
7.052479336856891379e-02
-1.996230722266456592e-02
3.654946603574767139e-02
1.357653505854044054e-02
5.257342191188933700e-02
9.577229543356741148e-02
8.689775643210473355e-02
-8.375701470249886926e-04
-6.862290381966800260e-03
5.455810745760591995e-02
-1.288175203656460009e-02
3.210645795658177704e-02
3.866725830864889413e-02
3.139194363270616378e-03
4.205183181704091888e-02
3.916807295519179888e-02
3.318865259659788125e-02
-1.301132897613200591e-02
6.168747666650137296e-02
6.342504047208134821e-02
2.642639478584531479e-02
7.216565311775692548e-02
5.810676242332733776e-02
9.413803242366232393e-02
2.146267134234729548e-02
8.590188868155146373e-02
-1.915801049640222797e-02
4.426457167302781659e-02
7.920286729302251916e-02
-3.150971224383521119e-03
8.956440798726332531e-02
4.615117360722595374e-02
-1.269637176252254480e-02
1.967558340437916206e-02
-1.003148431858899223e-02
9.920869991020202228e-02
9.621292919683888112e-02
9.630001102570878019e-03
4.202270957152169639e-02
6.570678174632677004e-02
6.276367813359400027e-02
7.882820688839367596e-02
-7.940215352136931193e-03
7.078397690892951344e-02
6.610556670344450159e-03
8.806336554276687767e-02
4.391388934927424603e-02
6.073289869056246182e-02
4.990308794381338731e-02
5.627975461013337566e-02
-6.335331640728631211e-03
6.812588900892829757e-02
8.535854999262532800e-03
5.962199040618527957e-02
9.887218217732596237e-02
-5.460897788585768881e-03
7.666757394121546942e-02
8.938442620977796182e-02
4.769694715542042995e-02
6.972507565677997510e-02
7.883535548551320882e-02
1.260652043639954104e-02
4.145096161499564613e-03
3.503177045567257286e-02
5.332031929077284127e-02
3.917617929738000104e-02
6.062347515049236468e-02
8.518533843705056174e-02
3.802339179274132064e-02
9.849846455457676730e-02
7.960379828149878600e-03
8.291841742771460799e-02
4.309397693559748055e-02
1.134091583861721389e-02
5.884594734733666899e-02
8.218247042541654279e-02
7.749841820001850123e-02
5.181125652609579191e-02
-1.390756076462689242e-02
7.027505847105533499e-02
4.219803511373894367e-02
9.553569780006920809e-02
6.682819586489657793e-02
2.003776536298701103e-02
7.948682306082283100e-02
7.858158842773797781e-02
4.162599294142031725e-02
7.563054578505018499e-02
4.993989783352184575e-02
5.287873367077208786e-02
1.627784461377956848e-04
7.819067472512024330e-02
9.364835534268908801e-02
9.226607083748569749e-02
1.208645859456703928e-02
-1.182383155338020790e-02
2.572693117031049984e-02
3.145687375355836479e-02
5.850990465516979488e-02
2.351180532859792338e-03
8.384194289343141482e-02
3.607009678690113741e-02
5.080435708482912427e-02
3.842836347725617219e-02
4.711352454445406901e-02
3.060514276073257253e-02
1.457428225881502934e-02
4.429988917506823276e-02
-1.775478227193783357e-02
2.190484005524974756e-02
7.433661221232328031e-02
9.672419861618693215e-02
6.099340999355126747e-02
1.958971213530694491e-02
2.892819676471386839e-02
-1.183061925283066147e-02
2.017304430594749412e-02
9.945187778941581846e-02
1.239806841689624836e-02
5.158840569351505478e-02
9.450584155347631354e-02
7.727470443197725913e-02
4.386915095702097200e-02
9.077295461889087203e-02
4.260609733888472139e-02
7.890872816407969170e-02
5.244113331686627716e-03
8.154177068474667556e-02
2.103248333226514707e-02
-4.779444326496958689e-03
8.006685299069397910e-02
7.310078164787363331e-02
-4.832244782065234917e-03
-1.598135433617895590e-02
3.063897699208964834e-02
7.358626453499567122e-02
-1.439735585960352782e-02
4.079088358131727210e-02
1.520978773390436675e-02
-5.741172021297516817e-03
4.626177830244923572e-02
2.440493118115949489e-03
7.394659068244630040e-03
7.074362448247072110e-03
-1.862877569783505036e-02
-1.915279277014365206e-03
-1.194452969581529835e-02
2.489299381224007943e-02
1.299341397143060142e-02
3.253793528993211698e-03
6.690600705710712803e-02
9.020279938314142154e-02
-1.870805631842342720e-02
9.115037144478470299e-02
1.758758115918796286e-02
3.098694524312356480e-03
6.634689666067195013e-02
3.101371851462405085e-02
1.759549133398994811e-02
7.568788343971419308e-02
3.640394181544143182e-02
-9.704518683185442765e-03
2.794417581102689660e-02
7.564327828050724373e-03
-1.535202054440850013e-02
3.846087751537823063e-03
-9.196773874121214748e-03
1.915311809508805571e-02
5.671037302657770673e-02
-8.365362971330654249e-03
9.789840182253324585e-02
1.851235482546532626e-02
1.741812478264781125e-02
2.093788373911094694e-02
7.499217924664954016e-02
8.795678602793835510e-02
7.389747335480996437e-02
-2.917509508338023139e-03
8.275849269126682450e-02
3.357131136635173319e-02
7.359398580664311407e-02
1.996247385706989910e-02
6.616794404421987019e-02
8.983065459276602660e-02
3.703274185756215420e-02
3.380043653356172573e-02
8.257000015384036162e-02
1.628810358580090253e-02
-3.489572215212531636e-04
-9.479938095026159070e-03
-6.134541831255269778e-03
7.950549454313940445e-02
9.772204768661049701e-02
9.157653275063896980e-02
7.132679348275805520e-02
4.670824349543443305e-03
7.177295060234110957e-02
4.909179458387747524e-03
3.421457124331314659e-02
4.757820903070772434e-02
5.844709585568386156e-02
1.561692244870123078e-02
2.339999199973432850e-02
7.622878848060125889e-02
6.919214196417985963e-02
8.757300037972075291e-02
9.716657338886852679e-02
8.569339859915092728e-02
5.147765650004695881e-02
4.088461314614071085e-02
-1.482338980872650175e-02
5.219566263631413017e-02
9.117218608897381671e-02
9.123426378590054897e-02
4.140261570767332644e-02
4.271186173860976043e-02
2.806495701991270145e-02
8.184682499009977852e-02
3.909862941097434763e-02
4.314378165034675472e-02
9.715573543041020055e-03
4.559816718453180151e-02
9.378983864091351708e-02
1.363465051632760730e-02
5.483675189849830656e-02
9.101285385248980564e-02
3.038412131054200535e-02
1.969699573862780315e-02
3.741489184420787595e-02
9.273477880756164637e-02
7.301746012139419262e-02
2.937609509415628137e-02
-1.421260551615722428e-03
4.470496006883829809e-02
2.862802525331351391e-02
9.924791989450665319e-02
6.018792032942729686e-02
7.980451730720991566e-02
7.839376637917792878e-02
9.311106678300172523e-02
8.249533998923185008e-02
5.607285012395574197e-02
9.788181369197820891e-02
5.304364025086549805e-02
7.081665673472634093e-02
8.718008845204873458e-02
-1.325769383253637412e-02
-1.844571676199845134e-02
7.260621400257631641e-02
2.896248583855668204e-02
5.862658724164312996e-02
1.342595820888273575e-02
2.585164707266951120e-02
-1.082396191656182123e-02
5.175721166054007838e-02
1.301796849095433403e-02
4.425357186899320228e-03
9.561609615714636301e-02
2.204513061019142475e-02
4.779752516274021756e-02
3.857725811383026088e-03
5.433328912942921030e-02
2.990288043712486729e-02
1.196608605454093158e-02
6.544180909223308584e-02
4.236544568341188421e-02
9.451951222204482694e-02
9.802885155182926302e-02
-7.255231227583092135e-04
1.381441485650255693e-02
-9.900763465531148277e-03
-1.813500775712768506e-02
8.070360368371026771e-03
-1.836329510544747884e-02
3.290887192454720889e-02
-3.556798547039850822e-03
2.368516271291809180e-02
-1.776459002824105904e-02
6.141687116675947911e-02
6.972410127368756927e-02
4.485640075583831321e-02
5.821713959980756581e-02
5.889311114271843228e-04
1.963043525500586181e-02
1.105516492503283085e-02
6.170818385930014471e-02
6.678029359199824655e-02
5.092828967563735321e-02
8.868037486323859797e-02
7.299209339849686839e-02
-5.031255414329928108e-03
-1.503318419271324966e-02
8.008940850711025738e-02
-1.144433563811011502e-02
7.304705420743075328e-02
3.603284392497620170e-02
8.051409967923879585e-02
5.474574733825356143e-02
6.317463153153732303e-02
5.533245080129126081e-02
9.618505418548636832e-02
1.609683195912083378e-02
8.775861018574718231e-02
2.431445090238660081e-02
1.378108826313375126e-02
2.358220427863498211e-02
4.384237222797900124e-02
5.056751997660381692e-02
1.320901515958073855e-02
7.496966521030140607e-02
3.295740179100895006e-02
6.251147113255188514e-02
7.607267848267454391e-02
6.861268186740752950e-02
2.722483179936968992e-02
7.494416524075289687e-02
6.619898828737949548e-02
-9.146689073322956595e-03
5.041596971118633697e-02
3.526405871287270621e-02
9.371731568684256442e-02
7.812796750625632114e-02
3.953652374724207774e-02
-9.045039000450642505e-03
9.651209371998939468e-02
8.022240956648969690e-02
9.439360752143036160e-02
5.780886856387443262e-02
-1.775506387243652728e-02
3.936898275563331662e-02
1.049448568366271456e-02
-1.112819614125538925e-02
3.481293629926933419e-02
3.965251805251554518e-02
9.582224951614610325e-03
9.251934881324527793e-02
2.917470094936031391e-02
1.326365606321381826e-02
9.751885709150409642e-02
4.105155665793019937e-02
1.665176482116475717e-02
1.966575732984405037e-02
7.265510301323360731e-02
1.002093690781133417e-02
-9.717509919347326608e-03
3.119497380372749859e-02
9.691430333587855439e-02
3.723935504607919084e-03
3.533045108333729423e-02
6.149901103200064445e-02
4.533154876954591239e-02
8.342536882709129797e-02
4.523836724484495142e-02
2.457793558512805579e-02
6.544232847423650523e-02
5.144848480902723675e-02
-1.149928247332130359e-02
6.734295832663857173e-02
-1.613896443882999882e-02
5.752035871133769074e-02
-4.721482975723305039e-03
-2.369373172053608478e-03
6.714456964837020592e-02
8.734905858507852755e-03
3.747462548428495688e-02
7.503182450554812810e-02
8.636760008784744036e-02
8.856715187735383910e-02
5.620241160777386669e-02
-1.128141479346619555e-02
7.953082203160619090e-02
8.306028149353474055e-02
5.998980320033571456e-02
3.116555381190393506e-02
1.130670835185083531e-02
3.579382813364959115e-02
7.233631245770776041e-02
5.985453416705872887e-02
6.851157056872909934e-02
9.119319131151459867e-02
5.851458461670548672e-02
2.923739012463455120e-02
2.587071886007686825e-02
1.826543901516437460e-02
-1.453474367944039211e-02
6.336147653630914978e-02
4.117879453282562163e-03
8.843756163346443155e-02
8.436003858942266176e-02
9.929150728934449388e-02
-9.859858619818221911e-03
2.925166267295584849e-03
1.066433099040787688e-02
2.841475558210116922e-02
2.048201831035391038e-02
8.734572015181028826e-02
4.270048500106407574e-02
-8.041627289446164062e-03
7.277998363183359187e-02
5.523962126324412358e-02
5.350177061090199970e-02
2.162363306185689435e-02
-4.599156257351348642e-03
6.245912709009324160e-02
3.728353899167730079e-02
-1.238132373803539979e-02
8.861194709905638456e-02
-1.789404194097848205e-02
2.397072721717942445e-04
5.750603168432256995e-02
3.270842547918467735e-02
6.829454586614790157e-03
1.983406888555235351e-02
-1.774404174154793276e-02
3.504653759875419466e-03
2.872515016752523812e-02
4.985387898948852314e-02
8.113818193477817520e-02
5.981560047845407846e-02
4.148110870396319594e-02
5.519601314127732528e-02
6.629847049216514021e-02
2.570578231843185027e-02
6.394090282496946165e-02
4.770270101953712899e-03
6.306078996824586447e-02
2.187996177093394154e-02
6.322344153087981755e-02
7.150846671915497832e-02
2.740329663136130064e-02
5.716178394846013755e-02
-1.527975437833097028e-04
-1.103521943019866725e-03
2.333956463991800415e-02
2.113072286263612334e-02
7.862541942358443336e-02
6.052867879812180718e-02
2.361983512315227532e-02
3.285865955966878194e-02
5.567524094545843460e-02
3.881295668090971318e-02
8.651860455595751509e-02
3.151345798298985090e-02
3.800535070437698060e-02
8.328016220584474882e-03
6.727802999497879688e-02
2.082743525605306942e-02
5.347700245549454057e-02
5.952161168051937901e-03
-4.735354280196455226e-03
2.197899934237680306e-02
3.212359072402727611e-02
7.046635341261661689e-02
-1.288655344030411459e-03
8.003257895695160828e-02
-9.459710317109886607e-03
-9.244048097729225255e-04
1.968665148828730935e-02
8.870331952537090225e-02
9.874412102922242029e-02
5.052153025454881458e-03
7.236427035674895814e-02
5.272211201581065987e-02
9.417534188515082338e-02
2.314637996670181747e-03
6.510398739165915161e-02
8.247115338625653214e-02
4.831295953271147470e-02
7.299817763621174738e-02
-1.049032169849914084e-02
5.554648496777594979e-02
8.162275346853468949e-02
5.040709528843950737e-02
6.428517896462346282e-02
8.548802022135620904e-02
-6.509873405199656168e-03
5.481464840441230280e-02
8.924219273890993120e-02
9.256711135024331405e-02
4.336542325811057474e-02
-6.356081092457398912e-03
2.039281435522142041e-02
-6.591541155243752989e-03
4.593506239567390903e-02
1.225704378286702687e-02
1.809676996540547991e-02
7.614970225748372845e-02
1.243649694437643297e-02
6.929199456242633726e-02
1.494306691103991849e-02
1.398546100677215340e-02
7.469575377239344449e-02
-2.685984940960506329e-03
8.073522496112026103e-02
-1.625233426187648600e-02
7.023906543566840743e-02
6.399303075332855861e-02
9.428214177121890804e-03
9.643776317779163831e-03
3.398641416003171656e-02
6.947306310610876223e-02
-6.762562983352728846e-03
3.330861386492034448e-02
2.457797294036534116e-02
9.589453492877385299e-02
1.938236799602390328e-02
6.046737051113859618e-03
-2.448694553376665195e-03
9.931292706774216827e-02
3.085629288417432795e-02
-7.134904616400391739e-03
-1.981957367519478902e-02
1.737020533894769944e-02
3.678965871521441833e-02
-1.641612356115289273e-02
1.185631266112679646e-02
2.227913871773453194e-02
9.421374104120645854e-02
3.106882065223135966e-02
2.135851797325788795e-02
6.043751075717736232e-02
9.930994975249023138e-02
2.973953079534142133e-02
-7.079861587988678373e-03
1.881290434560611499e-02
3.176964643937681132e-02
7.106138737399687877e-03
4.802446939853897978e-02
1.366034046945796901e-02
4.102234363137519102e-02
6.128175779141926960e-02
1.261524194149106839e-02
2.594004073516873593e-03
-1.787041490418217818e-02
1.738492802473106183e-02
2.526024111521515611e-02
1.841402358466184483e-02
3.869499889531463621e-02
6.031688066321383435e-02
3.018139312334026589e-02
1.878488764791693896e-02
3.581803882346143442e-02
-1.760293317604254282e-02
1.397023424381457421e-02
-1.524837858723481973e-02
9.706402077567855002e-02
2.034941552500714804e-02
3.930019066306500441e-02
6.830021654388919450e-02
-7.770948982382570869e-04
5.007502601079172333e-02
8.609227049887491212e-02
-1.223203338049167616e-03
9.994763371119683160e-02
9.213010880820263204e-02
2.765626573276198583e-02
5.319466351925283831e-02
8.676796263293679035e-02
8.791574207162400345e-02
5.528225006832707122e-02
3.953047422625910468e-02
1.135242127870381493e-02
6.480621395229603510e-02
2.162435024856768431e-02
4.712665978345523254e-02
2.891502572533275264e-02
4.899231406254905830e-02
5.136718157366845783e-02
8.996449889353401452e-02
3.520112133430286505e-02
3.573532775538720840e-02
7.468300227805094171e-02
-9.060033911041954005e-03
8.575386298433361476e-02
2.451431356326447611e-02
3.557882569727410793e-02
3.693534134032155913e-02
2.637760733219998016e-03
5.567976175972391695e-03
2.171826137958328753e-02
4.644607736115913266e-02
7.085147434375252407e-02
8.504840607436704725e-03
7.266905601632098199e-02
5.890804892874489107e-02
4.693416601841891855e-02
3.218117927743793794e-02
9.092289197770227205e-02
7.080044148942775395e-02
5.045695886776889461e-02
6.183056035718370591e-02
7.660834884237445463e-02
-1.333145347205398276e-02
4.943843062343232508e-02
3.726426779324715222e-02
2.179117993022505403e-02
-6.136717322725878873e-03
3.142223505434836583e-02
1.159383802490622159e-02
-1.956569308725277997e-02
9.477250456631902686e-02
4.019232087215590665e-02
8.123005396168385406e-02
4.423791462525519802e-02
7.252443327781413207e-02
5.838903626686114956e-02
4.898226198724396629e-03
6.609088870970027119e-02
1.808310196114047350e-02
7.868378193536432197e-02
-7.305887132970409481e-03
2.710792650759570252e-02
5.511684178996624495e-02
-1.934810849038602620e-02
-6.099314234592950745e-03
9.154075620572274530e-02
1.128255193947402465e-02
8.986522881726497630e-03
3.907466607911577738e-02
3.160897656555207436e-02
3.403034314890555911e-02
7.951720394176123308e-02
3.066651137317636874e-02
9.586894315155237989e-02
5.054338458619171692e-02
6.920736306832528384e-02
1.002234347993649285e-02
9.189313556886874457e-03
5.333169949548018096e-02
9.299445956149361703e-02
8.300770509436997124e-02
7.544687115177833858e-02
1.874993731438312841e-02
8.173242202295771808e-02
9.177966402460822903e-02
7.701149934539992803e-02
8.718530799758394956e-02
3.524795109964988515e-02
7.393977901616298476e-02
2.089753739244446656e-03
1.349218054834660022e-02
2.874810798483721022e-02
3.502078699667734996e-02
9.905079460243004091e-03
-9.782139617528842757e-05
4.437083671718253242e-02
5.013361395151358368e-02
8.506003621618486721e-02
9.715110356087974797e-02
1.260341090692724750e-02
4.452589648526791843e-02
4.628116003916690757e-02
-1.355645120955632082e-02
2.721048612567872685e-02
5.474504524436571429e-02
9.181593698898975198e-02
2.193532408416999299e-02
2.279217922504011076e-02
-1.441754298202950826e-02
2.246493716909197386e-03
4.366975834487873964e-02
6.419017670684404320e-02
6.531066470767449283e-02
-1.635722474812618954e-03
9.419784886308253669e-02
9.782217330226324059e-02
1.115298378395247064e-02
7.476830556870737998e-02
9.286686269675881178e-02
9.960116252883692567e-02
6.818990908011987595e-02
1.883804456207479119e-02
8.981247564557438834e-02
-4.600293903107868093e-03
9.851134446632178743e-02
1.468578480851213605e-02
9.968171400707932783e-02
-1.580073893956968761e-03
-1.545733781996037892e-02
3.564551212556572868e-02
9.872112335590560450e-02
6.633000521507202013e-03
1.798582436228022066e-02
1.810218422443079025e-02
2.955543047057218944e-02
1.307740535893699499e-02
4.105034960974586478e-02
8.155325401811214237e-02
8.843535630688123539e-02
6.439649596966148803e-02
-1.717500968815826104e-02
4.886758056689134017e-03
6.617623439562678178e-02
1.397839683685286882e-03
2.608675878788327754e-02
-9.608514478180016707e-03
4.749061677493757183e-02
3.437367676562008700e-02
-1.708641889643815193e-02
4.814526200455328947e-03
4.921171297069459882e-02
8.523720954375584025e-02
5.154300606893727488e-02
8.499554419701346730e-02
9.687428315183270466e-02
6.261178131311807837e-02
3.229578927621150342e-02
3.681923115044836992e-02
8.175040098111972797e-02
2.298410758733402878e-02
1.239639196664487839e-02
8.685146480652367051e-02
6.214558054544395971e-02
6.087356537818813806e-02
3.288295479539160571e-02
-1.668679438777412663e-02
-8.227638874767712052e-03
9.889252922180212513e-02
3.168778636490257594e-02
2.122355341076400184e-02
-1.941409755273887025e-02
-1.084747250308312760e-03
3.302690549761208572e-02
4.636267587218381725e-02
9.922492302737884184e-02
8.411539964922595813e-02
1.902015465902896427e-02
6.843503300065541251e-02
2.093675427084869603e-02
4.711396593441545544e-02
8.834484566769096325e-02
7.227567540948451330e-02
1.671767647107351429e-03
3.425731415109266320e-02
2.039155396589988414e-02
8.943137478108485749e-02
3.270431748994483134e-02
9.499296799593058560e-02
8.204605377572120328e-02
9.933227813832133657e-02
4.117585896537047374e-02
7.997929593323935271e-02
1.949033976213859418e-02
-9.292738418029328207e-03
-1.125137062520463124e-02
7.684956201785404784e-02
1.682292898209616222e-03
1.288797845017627605e-02
2.171942379778047869e-02
1.843033730385803745e-02
9.466352239826433812e-03
-6.758664468115335722e-03
1.836691201617075483e-02
-6.408658556407305015e-03
8.143717820790544182e-02
1.628503533002015682e-02
5.056407893651776453e-02
9.591456131765964399e-02
2.965177921994699775e-02
3.325610414438667783e-02
5.199986274882560655e-02
4.357077971495983137e-02
5.583915599247650519e-02
5.180370103057756193e-02
3.991210745214374134e-02
-1.033830595382200825e-02
-8.403625100310625762e-03
6.668373302237473599e-02
9.177911481539294258e-02
1.209674579488445936e-02
-7.242661768146314849e-03
8.137641262966162359e-02
9.265962118366605216e-02
4.963090421782730133e-02
7.543901628343546717e-02
3.037997428177529810e-02
6.014254982298428143e-02
1.303181090291953906e-02
7.679404020908194017e-02
5.542560591121270530e-02
9.852233606774900287e-02
9.188733182968343571e-02
8.507874889657780770e-02
7.195578619867870618e-02
9.472681044590029742e-02
8.595280925356893476e-02
3.450171922964251348e-02
9.102082982735849870e-02
6.483216746599511360e-02
2.057513129164714391e-02
-1.600821004942887607e-02
7.494497802272535869e-02
1.890494956201600046e-03
4.273991946485793114e-02
2.712766655214100472e-02
7.731661939864557798e-02
6.191112945152502101e-02
9.573372170472607690e-02
7.175731395246556787e-02
8.219380325095522466e-02
2.594776835187492456e-02
8.520068803991019679e-02
9.520514909522811986e-02
9.434405975743177797e-02
4.012081696340280557e-02
5.743801856273447748e-02
9.708009941785089580e-02
4.398327053076912796e-02
8.966556426771786492e-02
5.839371703833866334e-02
8.321093170364164682e-02
1.907644410764712875e-02
5.082455696880500140e-02
9.403857580858195064e-02
5.773038661933367621e-02
1.648695518637015647e-02
9.844240896936473639e-02
7.643304832415397099e-02
-1.667279548412392565e-02
1.887331583542446040e-03
-4.490702995260126978e-03
8.281663921686403806e-02
-8.774403743680951953e-03
2.425302486300190755e-02
7.473352568742669400e-02
2.764611835102738155e-02
4.119099465954660644e-02
1.402485687019769389e-04
8.307834251796336611e-02
4.100799523114911915e-02
6.160986939945534147e-02
-1.740658993067959251e-02
8.354295778543315010e-02
5.877505358287478388e-02
-1.102249080872395870e-02
9.021098444680614170e-02
7.488600988062531216e-02
9.503788638946536471e-02
3.378811885801840526e-03
4.087913829642529639e-02
6.183415976381245738e-02
2.617968016750205421e-02
1.008070765788139297e-02
1.437503517487086560e-02
3.780567234874950000e-02
2.729364045176202111e-02
9.598268569628357061e-02
6.356361047509029305e-02
4.871185769046869340e-02
5.354033701514279708e-02
8.886190732926296798e-02
-1.209382553794918075e-03
9.622406892684613744e-04
8.878516628475942307e-02
3.988132201381316966e-02
6.831444207451220496e-02
2.434638086879577570e-02
6.737332335625383084e-02
2.125839656075253006e-02
2.821067245300859505e-04
2.180141440014738904e-02
4.205373649269271430e-02
5.438158845625856719e-02
7.235308891095495326e-03
8.878225564367042688e-03
4.346292052510893067e-04
5.422529272502224496e-02
9.553610321380759385e-02
9.484870367971173777e-02
1.491035181444537103e-02
9.832599033822660844e-03
3.329795879481994153e-03
9.749329053288158242e-02
2.722805850472274566e-02
2.858497965684333661e-02
6.097036369463634808e-02
7.689662588005349853e-02
8.332574095411918180e-02
8.848873488515657248e-02
8.808768106385558849e-02
5.400369720824298170e-02
7.821794432840549482e-02
9.246638962447026322e-02
-1.649032083197485288e-02
7.574949637750344467e-02
8.346844977956019429e-02
3.275847633372813705e-02
7.160963069884303256e-02
5.597352979162276143e-02
3.728446295477107209e-02
-8.551574642157087208e-03
2.930295615968751127e-03
6.059989856944168751e-02
6.253934824568102568e-02
2.561965980726583006e-02
-6.866044452611599208e-03
-1.050803123551925615e-02
8.542735611292022468e-02
1.815015718301688299e-02
4.221359522240231144e-02
7.693891232257557555e-02
-1.394086878644860972e-02
4.016147975235817569e-02
-1.780575215412696227e-02
5.976422494681726816e-02
8.202011987861512754e-02
1.575113407957773673e-02
1.255742850262232466e-02
-1.376780039711502680e-02
2.231522895362991754e-03
9.776008544137841649e-02
8.586428584673247433e-02
5.018252733230110785e-02
-1.205690331111738088e-02
5.769099131269664338e-02
2.022653026041229193e-02
8.056943881286682263e-02
-1.224855714225200204e-02
-1.241952089249178173e-02
-1.300803635410052728e-02
1.777939065992644244e-02
3.806553228209312578e-02
4.009973125329790999e-02
-1.383364880820761589e-03
6.569396919847411698e-02
-1.786263152740876284e-02
4.704886410684999687e-02
-1.539395379973714645e-02
4.769434268801223120e-02
4.761151924684365461e-03
4.444457048543112854e-02
4.648031126198910734e-02
3.767406388891167413e-02
-1.535492364668643306e-02
4.570669068055083217e-02
2.824852037818091285e-02
5.122607626269892744e-02
3.986261020121230347e-02
3.064974669813584282e-02
2.820818977037870337e-02
3.825659418580661109e-02
8.435665369981118489e-02
7.846430262934066258e-02
8.745326695718846910e-02
3.365628679434123915e-02
-1.543137665813723060e-02
3.825948460294704978e-02
-4.326673064285180975e-03
-5.765112604222055390e-03
-2.224061525742074275e-03
1.634182561991687210e-03
1.247384559893440978e-02
6.559206545648666592e-03
6.826146304568814216e-02
7.900662407930683639e-02
5.310812967504982551e-02
4.431212445624556351e-02
9.211236131794353632e-02
1.148418202516810968e-02
5.875726628502810078e-02
7.428239922649019361e-03
1.876914878561496483e-02
4.176198086379180607e-02
4.921675718903220642e-02
5.248558258592911363e-02
1.142111324854644394e-03
9.820957493455611392e-03
2.310346339665990054e-02
4.167827997052904465e-02
3.573922519762032235e-03
2.968352310049633333e-02
-4.773205045761853491e-03
4.622808654132271045e-02
1.382100385872358020e-02
2.189025245696430907e-02
4.465560824485268615e-03
8.070886723101226845e-02
1.150920810281974224e-02
3.603365597954111266e-02
6.359815451382798412e-02
-1.605847977782155767e-02
3.507333013120443599e-02
7.921195733426891067e-03
-9.876075219045134246e-03
2.124360335164741584e-02
-1.082831790942394290e-03
8.940775403493868290e-04
1.372397361076293024e-02
9.446399361817596485e-02
