1.086634029523954492e+00
1.042772770889669243e+00
1.053695264887099414e+00
1.030145518515685366e+00
1.065139080255245396e+00
1.043072104552606794e+00
1.040983917066635289e+00
1.059514485180805599e+00
1.048132855139449537e+00
1.012953223292993421e+00
1.076607312900742519e+00
1.045205984891888429e+00
1.080811504807233980e+00
1.058542414414969768e+00
1.038808694894146845e+00
1.010979889212508587e+00
1.032564005158055798e+00
1.062156578997500933e+00
1.083794580506646676e+00
1.028233351111490723e+00
1.027476641476960717e+00
1.083668290414196100e+00
1.084699514525862662e+00
1.071580908677685073e+00
1.007768338675963049e+00
1.093791183378378884e+00
1.060124336311978999e+00
1.073261505305607155e+00
1.089834611246249585e+00
1.082283500964231315e+00
1.040590418376895476e+00
1.049470612063878150e+00
1.099946719745264589e+00
1.046803729897038959e+00
1.092080317949637891e+00
1.012754394420551041e+00
1.060399263589309804e+00
1.075938179545167905e+00
1.097268919204140714e+00
1.001532367763174447e+00
1.073403541981716058e+00
1.059053453315423221e+00
1.045111292694849148e+00
1.029237956070764293e+00
1.073860835573910988e+00
1.027419313118623556e+00
1.025902366201155935e+00
1.004261833300556628e+00
1.086755812226838369e+00
1.053987580251690703e+00
1.053766659052620014e+00
1.024412305553013214e+00
1.088586442012337008e+00
1.053998475851028127e+00
1.018240217900257871e+00
1.004884644290032325e+00
1.071094832187535317e+00
1.066764658272692845e+00
1.012648415803700352e+00
1.031167521110316843e+00
1.097760505904074702e+00
1.086162831705490772e+00
1.016206941465730651e+00
1.096421315455534007e+00
1.003472876996497121e+00
1.088661794343325884e+00
1.098954635070142460e+00
1.068341025768020591e+00
1.051143172318511620e+00
1.071067532154812874e+00
1.082198399520068577e+00
1.010062052290257695e+00
1.034687099758014428e+00
1.085599943933294398e+00
1.083358823965013595e+00
1.072624215948081439e+00
1.030462511579579576e+00
1.071618737127932652e+00
1.045982789933686652e+00
1.046722904299893342e+00
1.062095957457865669e+00
1.039373178520582863e+00
1.033041181596498825e+00
1.093829224064346128e+00
1.014568533167806264e+00
1.021766112631857348e+00
1.074531479198121087e+00
1.065159553721291896e+00
1.089218292528729037e+00
1.030932945390268252e+00
1.051300286556699159e+00
1.023912145380836636e+00
1.033238777149854792e+00
1.004910726290855205e+00
1.080864423832616827e+00
1.059315354241827878e+00
1.038945285354621273e+00
1.010288747883303140e+00
1.022734232118851061e+00
1.004063401479440287e+00
1.085862730219872008e+00
1.035335776715030853e+00
1.061808333452435749e+00
1.021555221444627293e+00
1.055337842522677816e+00
1.013022391919001119e+00
1.031259455607789866e+00
1.049034647750308302e+00
1.092946415375576130e+00
1.085230338039109954e+00
1.012033093471035539e+00
1.084318708746865978e+00
1.098939400818946144e+00
1.010378314108870468e+00
1.010301289608696029e+00
1.034060123000835496e+00
1.034273988993973159e+00
1.074072429675761553e+00
1.042037067831112385e+00
1.086410393095514237e+00
1.054749106684463644e+00
1.052906053702626243e+00
1.016003181825459345e+00
1.044110962868792569e+00
1.089418604051269446e+00
1.045672656639746734e+00
1.074784999160352417e+00
1.054100278973782112e+00
1.057225869288181075e+00
1.098913765807844722e+00
1.061331947448802770e+00
1.086558191790075734e+00
1.005750860157265336e+00
1.000313697843008054e+00
1.021846654808442612e+00
1.058751962139826031e+00
1.006925534694791180e+00
1.046945494204349902e+00
1.015551027773428316e+00
1.042335616519228125e+00
1.008118284774770501e+00
1.096560210315954187e+00
1.096550524688342243e+00
1.091103430061210355e+00
1.064675287226761080e+00
1.054756889597158631e+00
1.038132513801600654e+00
1.090002752460669022e+00
1.092806571893210954e+00
1.048590112275906039e+00
1.084206570340430886e+00
1.049984010478030250e+00
1.024215850929087734e+00
1.040320360381561615e+00
1.027808908000472865e+00
1.063081672818782852e+00
1.062165995594647416e+00
1.028674048712393541e+00
1.014637843714727872e+00
1.084382523383770280e+00
1.084056207509493275e+00
1.001606242015128378e+00
1.091470755020214289e+00
1.094488398824729591e+00
1.038433896617827479e+00
1.029282034574006577e+00
1.033872776023573081e+00
1.019560189285867224e+00
1.065247056409847293e+00
1.076952000341494298e+00
1.090929859446925443e+00
1.059764839189908381e+00
1.067571937625880318e+00
1.058081757114788468e+00
1.078820486672855017e+00
1.078281550630357355e+00
1.087979000468581203e+00
1.082273681686449107e+00
1.049965842321432197e+00
1.061361370263069093e+00
1.046215165965839411e+00
1.001820895954330215e+00
1.085041030725457878e+00
1.033391965136122970e+00
1.093603977364679292e+00
1.071077197911465495e+00
1.026933299239520592e+00
1.092384297307647634e+00
1.093259808987491422e+00
1.014089165161888184e+00
1.054991099645266717e+00
1.030757540080882828e+00
1.066529158794403243e+00
1.083338554326211289e+00
1.036058712995908682e+00
1.049270726479955229e+00
1.032691920231861848e+00
1.085648255755061520e+00
1.046766640462909237e+00
1.097056857545728903e+00
1.047051092354470025e+00
1.096837588856137691e+00
1.043481701019114194e+00
1.021930887057411308e+00
1.083542547732617489e+00
1.092457491155817584e+00
1.073206151795973007e+00
1.005833007734596274e+00
1.040662382290586052e+00
1.059547798833583299e+00
1.050587579634347124e+00
1.083895837161065856e+00
1.046417697341318176e+00
1.056571520131468933e+00
1.079016840980459468e+00
1.012355743533105201e+00
1.015684177472959693e+00
1.012544236310578993e+00
1.064767404453466293e+00
1.045833739054222722e+00
1.037313934147973349e+00
1.050105390117939130e+00
1.091371838675080141e+00
1.011898621847677315e+00
1.070536212183661906e+00
1.045392798847359694e+00
1.003019767758457359e+00
1.039918719128110292e+00
1.072569738704971964e+00
1.058450455177628147e+00
1.061156532047648149e+00
1.063378193944883199e+00
1.008869763364723893e+00
1.050963756505179258e+00
1.014738469212974614e+00
1.028248653385393396e+00
1.051515432607635026e+00
1.041081559769128528e+00
1.035450775261330891e+00
1.018911934207831216e+00
1.037387475094039502e+00
1.030652505792486018e+00
1.080361922355905335e+00
1.048703514548173787e+00
1.047981117774412940e+00
1.027127761718466648e+00
1.031853358102894136e+00
1.085257964206606474e+00
1.003427915124756487e+00
1.080721226189937489e+00
1.072722720357152104e+00
1.024806430326053563e+00
1.083121617083021349e+00
1.023280648147691929e+00
1.072356912530316508e+00
1.010600405239049371e+00
1.021221347792311773e+00
1.032260452578361853e+00
1.041171050184650948e+00
1.095496149958204324e+00
1.060601760216993483e+00
1.078230444470719807e+00
1.023035813385291037e+00
1.001311361990963489e+00
1.094826102574639082e+00
1.022521781964996990e+00
1.090202472478417617e+00
1.040359242102724568e+00
1.017535921188403414e+00
1.092987848157014108e+00
1.028441979072123980e+00
1.019217217549412080e+00
1.011051081161047582e+00
1.044663948486188820e+00
1.003292099416975836e+00
1.001941330605180536e+00
1.084434715442805341e+00
1.021547658793863222e+00
1.040638093999995295e+00
1.000452802312422396e+00
1.054229722182779216e+00
1.049816529722180425e+00
1.039651818263897631e+00
1.026092124298964903e+00
1.055386876248866956e+00
1.001475207358826669e+00
1.051900615702628938e+00
1.064325808169272136e+00
1.006745908672917800e+00
1.066519670316520729e+00
1.037265117903708678e+00
1.050094610035165132e+00
1.087919759286053889e+00
1.039152420974544855e+00
1.089965814221702800e+00
1.057504196796259510e+00
1.020002166239581731e+00
1.061133214550411319e+00
1.050071638571935972e+00
1.042952627575004509e+00
1.068317759139534084e+00
1.024308664959984183e+00
1.046262721886332292e+00
1.016901341936482961e+00
1.010296477393185288e+00
1.090229111085831093e+00
1.063256271837902833e+00
1.064578495588652807e+00
1.016225004435985513e+00
1.050966119628228945e+00
1.098960764484780972e+00
1.030128192334262893e+00
1.034314743835800243e+00
1.014029226052795440e+00
1.066764165773362860e+00
1.050731340854423879e+00
1.095564457328464858e+00
1.073159426046776721e+00
1.031812118606138418e+00
1.089189595302800129e+00
1.080847950164390614e+00
1.035707597057099916e+00
1.052168146720150910e+00
1.060786763704617108e+00
1.028556406008214408e+00
1.004749732976169874e+00
1.038534634302921367e+00
1.072202116855937248e+00
1.042395145850025795e+00
1.083321583843964264e+00
1.036172542059401902e+00
1.079183489418489517e+00
1.060160400017500226e+00
1.070004382764826456e+00
1.063468199441839346e+00
1.018073366360100485e+00
1.084855317979305234e+00
1.055664137876348496e+00
1.065237693549945464e+00
1.028158224858435998e+00
1.047774620865496997e+00
1.017339242768568131e+00
1.041068460576497268e+00
1.065178993796973339e+00
1.017241293203876129e+00
1.036396236815216421e+00
1.052245243025413668e+00
1.031704103590646904e+00
1.069736570312609159e+00
1.045628003141031215e+00
1.088188745352395959e+00
1.012373754818802540e+00
1.050035851229048856e+00
1.038383651325804902e+00
1.071350933492711155e+00
1.030268053477058521e+00
1.037316502617583680e+00
1.035171292396033005e+00
1.001992475498285406e+00
1.044483743373427531e+00
1.006268812682729497e+00
1.001938623466660960e+00
1.018651459933826331e+00
1.011138891289744546e+00
1.027354928749330876e+00
1.079810372151155384e+00
1.099452323845962809e+00
1.052818969525860071e+00
1.005039356840785159e+00
1.070196309770094389e+00
1.041948877234068149e+00
1.026178663293095594e+00
1.090475902495551930e+00
1.057131887417618321e+00
1.040713644680281824e+00
1.028607665601032339e+00
1.017243172999533263e+00
1.072615789237546302e+00
1.051079576020790718e+00
1.070511807637895219e+00
1.051077586080184423e+00
1.060110014726822314e+00
1.078387329297785246e+00
1.023884455470173371e+00
1.026223604155508839e+00
1.029799167823075123e+00
1.011629153390956493e+00
1.074346370700785203e+00
1.093236653701476380e+00
1.097533577591453202e+00
1.005110348355597205e+00
1.049334247308095769e+00
1.033288735969730032e+00
1.036705975899457233e+00
1.057603339572317225e+00
1.001321020008626217e+00
1.015256811975031592e+00
1.011837001360152755e+00
1.083440946210479705e+00
1.044945115039768613e+00
1.054898650252626302e+00
1.093498097063971830e+00
1.019699413755139394e+00
1.008034287487436398e+00
1.006731908819996857e+00
1.011546443423829267e+00
1.040272014067914252e+00
1.072068871049377314e+00
1.004145904166533265e+00
1.067846562254348264e+00
1.056645736321703444e+00
1.023310493513370556e+00
1.003765268252676535e+00
1.018053066636993131e+00
1.006595159507918336e+00
1.095254795041484597e+00
1.002303918960425921e+00
1.050330952888509195e+00
1.016315182488423563e+00
1.025127377802624640e+00
1.026237303271031687e+00
1.023922621279398371e+00
1.050365955723311151e+00
1.072428619078697576e+00
1.073311221904268864e+00
1.046432116315446859e+00
1.007168293518662994e+00
1.076821138313796000e+00
1.030681931741590951e+00
1.098320285945316943e+00
1.036815100440384496e+00
1.059569450783756306e+00
1.003650121101536952e+00
1.094071166279666496e+00
1.092214856876789320e+00
1.078286355848624423e+00
1.011097368306062450e+00
1.078187296044606169e+00
1.089807583496801291e+00
1.045329688244070576e+00
1.096359156375821708e+00
1.010362045606340686e+00
1.054040942761133914e+00
1.064715088501079654e+00
1.096858972757046358e+00
1.018252509289171437e+00
1.020248663668190892e+00
1.002549386532842091e+00
1.050683396311497875e+00
1.000612593933976058e+00
1.028820683272639869e+00
1.094380678963086995e+00
1.027669614130254816e+00
1.031999257694136363e+00
1.050635626176756876e+00
1.088614642659856635e+00
1.059471764864949872e+00
1.095973749325856117e+00
1.057317504810466380e+00
1.043755932538766640e+00
1.070346920854695627e+00
1.018871381382892682e+00
1.057737017088927756e+00
1.058848089307292240e+00
1.061899398645388626e+00
1.070397948951478995e+00
1.051277592220327461e+00
1.071864842737808132e+00
1.098380852490404402e+00
1.033963600992882759e+00
1.078810459639174102e+00
1.049907598417922916e+00
1.006257000424986892e+00
1.008941155985512150e+00
1.017622170171121665e+00
1.072637395856463671e+00
1.038654353592869395e+00
1.027865414269735878e+00
1.024697145245121011e+00
1.066815098357769775e+00
1.037541771603149865e+00
1.025911754119595898e+00
1.034263551789257107e+00
1.028425211367769654e+00
1.059147022499125956e+00
1.082620186790246519e+00
1.024978140889113654e+00
1.053986954980701496e+00
1.063012397243866536e+00
1.041705828852836246e+00
1.043380676054702860e+00
1.085375154854070656e+00
1.038953874112233722e+00
1.071986320352386279e+00
1.001952146466542626e+00
1.058480167245001491e+00
1.025904421502005670e+00
1.005362244190287857e+00
1.033262467619302738e+00
1.030217944506840011e+00
1.069724606263913858e+00
1.085768745453264517e+00
1.095561603191577582e+00
1.018833028900647530e+00
1.027860386185862840e+00
1.049706740061369326e+00
1.004348681180520897e+00
1.085600440569824077e+00
1.050393370301032858e+00
1.009076794192637072e+00
1.072925250140666531e+00
1.083187391948591927e+00
1.005095776057312040e+00
1.064901738412230792e+00
1.058406752307786691e+00
1.017525452571513167e+00
1.034041745180871885e+00
1.016622782441096939e+00
1.048842766485837075e+00
1.002382779119727285e+00
1.068339331455789631e+00
1.061767485905076969e+00
1.054140257680354242e+00
1.015896920627759270e+00
1.018459532307945059e+00
1.088416451398969809e+00
1.075859947674177253e+00
1.018443068192712575e+00
1.025427946786780398e+00
1.054245259665776979e+00
1.013851332154454221e+00
1.032452971181878176e+00
1.040697301992752344e+00
1.097308078533027365e+00
1.002772447916606469e+00
1.036981542141163226e+00
1.085549128719030865e+00
1.088500842001361768e+00
1.044883971689323676e+00
1.028825694287959225e+00
1.054530630478082376e+00
1.019133412466765032e+00
1.047370935052891916e+00
1.055965057326735623e+00
1.033373349078271053e+00
1.029482910538216611e+00
1.093576583222110266e+00
1.091438109204590612e+00
1.061218684376010524e+00
1.058643204112693414e+00
1.095571853070893553e+00
1.089844238038533142e+00
1.087465802249110602e+00
1.027250123597538867e+00
1.066090462603280331e+00
1.019531499096823612e+00
1.064028426640648783e+00
1.039146955199510058e+00
1.041418942535352388e+00
1.022093711013809525e+00
1.008328334279715355e+00
1.041369396058956065e+00
1.095014161517307461e+00
1.046608102130524465e+00
1.062160577939492256e+00
1.037717103399483642e+00
1.051061043810401996e+00
1.046877668292613084e+00
1.051601362463713052e+00
1.069395221302369192e+00
1.063116258411325843e+00
1.056188247100086741e+00
1.072927309652134120e+00
1.018255635539289106e+00
1.090278433722778217e+00
1.075010185750090219e+00
1.032767105012653230e+00
1.023787300329458194e+00
1.057178064155608110e+00
1.044755617613933873e+00
1.088264843271902871e+00
1.075240995211357076e+00
1.052211762753705759e+00
1.037708507717823636e+00
1.058556198712739649e+00
1.000081385175626947e+00
1.022953757592283353e+00
1.077050587477158095e+00
1.014289635920648802e+00
1.014229612078405784e+00
1.027239998660118614e+00
1.022658342973975953e+00
1.009994219336439070e+00
1.001211240582159379e+00
1.067264541111086817e+00
1.022767022598976672e+00
1.079264114251757167e+00
1.036054533248432108e+00
1.050113891758704510e+00
1.056306459930959729e+00
1.028488927261788977e+00
1.085536120801442239e+00
1.056093671714863902e+00
1.022742594490384516e+00
1.005655544319363992e+00
1.031221502641646248e+00
1.080249469979155608e+00
1.069450513775607625e+00
1.017546770193958006e+00
1.011406018551100239e+00
1.082885879093538062e+00
1.080795293784523992e+00
1.099405505427615060e+00
1.090662047246468314e+00
1.075295800112946454e+00
1.080603138406255548e+00
1.064963462347717549e+00
1.025210723361817511e+00
1.011972585045109119e+00
1.017919240218696730e+00
1.097608447933622333e+00
1.077184801014713811e+00
1.025856843564303400e+00
1.047110664532175939e+00
1.041884380918871145e+00
1.049771512934170259e+00
1.034854113462500891e+00
1.019211048874742565e+00
1.057946202514899348e+00
1.032895875345209769e+00
1.012402525794885211e+00
1.019159377490427953e+00
1.008351250075463446e+00
1.089581797648802253e+00
1.097432340792371619e+00
1.039131425949102017e+00
1.028434937077338684e+00
1.009115674768220394e+00
1.046941278576945411e+00
1.031336732987705007e+00
1.013059838473935104e+00
1.027113410622842338e+00
1.071481213646658270e+00
1.084033272939027182e+00
1.086630425273614309e+00
1.025911924547667553e+00
1.004681319915977866e+00
1.064133531026462132e+00
1.002519276959955352e+00
1.015205631089519001e+00
1.004766962055143598e+00
1.099457431483556347e+00
1.004949637536391549e+00
1.033065820825714187e+00
1.040426902336878179e+00
1.076425199959537782e+00
1.040697517941476136e+00
1.083875476739737609e+00
1.016855431480333527e+00
1.038536696280954574e+00
1.029173867889549676e+00
1.074725335230411805e+00
1.081211669912239159e+00
1.077206810757385780e+00
1.075322792917334791e+00
1.071092767264651302e+00
1.064708195126181423e+00
1.090782492650435698e+00
1.021025328457865866e+00
1.023728122286950093e+00
1.099590262095508253e+00
1.097915624967099824e+00
1.069006766410673492e+00
1.036684560831254931e+00
1.010755872627257412e+00
1.089172810973982664e+00
1.023096749725358467e+00
1.066794163349846114e+00
1.003118467405211378e+00
1.039509473329552458e+00
1.003728448081297131e+00
1.035303849316119962e+00
1.089696308621772802e+00
1.069819845837638450e+00
1.018371368821616718e+00
1.083032031395629646e+00
1.025376537511563102e+00
1.037360486214580657e+00
1.020294954192834780e+00
1.028963533618604709e+00
1.033783206547435940e+00
1.081410033416885019e+00
1.021067764402294964e+00
1.070080872702697583e+00
1.021228697164282329e+00
1.096949946647526319e+00
1.016015643168969085e+00
1.040030011137056176e+00
1.081743676665368303e+00
1.083841847564808614e+00
1.007795191661502887e+00
1.016704630068294479e+00
1.064929108449879092e+00
1.006976372090751637e+00
1.042378278615476717e+00
1.098713491583833246e+00
1.015257953256172074e+00
1.000100808570012267e+00
1.058611052397009589e+00
1.009700130535744478e+00
1.075099095394799198e+00
1.017989206926933843e+00
1.007824489723629702e+00
1.013053054374008832e+00
1.046579532217212671e+00
1.028602907411182432e+00
1.099487125042266422e+00
1.066857604820160788e+00
1.090166882461380826e+00
1.021743025604618493e+00
1.015608508205759541e+00
1.016549448107369802e+00
1.064842132629690408e+00
1.017483623886395794e+00
1.079127314304062946e+00
1.000502486960894277e+00
1.025915469944169933e+00
1.099619229651817465e+00
1.018776768358562457e+00
1.014611425926579935e+00
1.061129168532269018e+00
1.087437726289916418e+00
1.082878146300484845e+00
1.033976280083799937e+00
1.067053765891605055e+00
1.075572956917394851e+00
1.076992863218492857e+00
1.073474909596818794e+00
1.069030871612253186e+00
1.096674366294792868e+00
1.032898966043268363e+00
1.021567266151445663e+00
1.036423163346861021e+00
1.072215491807095855e+00
1.049672710018198840e+00
1.076473749687262282e+00
1.044255045402803006e+00
1.012586821223479205e+00
1.008329411659814934e+00
1.087279288409463085e+00
1.051719312494805214e+00
1.087359201641895146e+00
1.083271821974821192e+00
1.043416629758697978e+00
1.085135363767286920e+00
1.052480180987623637e+00
1.064280790621280559e+00
1.019200572571129282e+00
1.043570467572939142e+00
1.071432697594526973e+00
1.043086996088608664e+00
1.047644428594244115e+00
1.088246999476261800e+00
1.009271687769015768e+00
1.000584328991803496e+00
1.080435631973845068e+00
1.056904932272005659e+00
1.097227866545741781e+00
1.063275113942387051e+00
1.075840851139233001e+00
1.050790180366549365e+00
1.032370951953300420e+00
1.095007019043095831e+00
1.012632904745997653e+00
1.020249855255026095e+00
1.099713986896291740e+00
1.095062141250440435e+00
1.076048833399716909e+00
1.055291120807871241e+00
1.020439358781365380e+00
1.062099035962073224e+00
1.029803076453334354e+00
1.078989675067739240e+00
1.087620391686836996e+00
1.056976484670657079e+00
1.048465030391517283e+00
1.010377865856826984e+00
1.033462303427867379e+00
1.028626286884641639e+00
1.066408655948626549e+00
1.006613450783271135e+00
1.046256904054326586e+00
1.030502437874361021e+00
1.036110824548907905e+00
1.012727344395981888e+00
1.016151271925844313e+00
1.004620567935982534e+00
1.081375811824719646e+00
1.082422920368168784e+00
1.014043003755280115e+00
1.085867345242349513e+00
1.047248085150416230e+00
1.050991496181303164e+00
1.058489197047571162e+00
1.076799861335080433e+00
1.015249748092610149e+00
1.021563927569931973e+00
1.051228532730203558e+00
1.045134151391992949e+00
1.038885345152469775e+00
1.014685497219865784e+00
1.046758204289969019e+00
1.050897078021006514e+00
1.063474256731654188e+00
1.068674515439181238e+00
1.055985344045070162e+00
1.095861208340150439e+00
1.079398929967573695e+00
1.015479373656723583e+00
1.065286802011569112e+00
1.022462579520920123e+00
1.070876443693904223e+00
1.098916216165860327e+00
1.030508614163821113e+00
1.046016175955535532e+00
1.013217342104995033e+00
1.020506802565125382e+00
1.092091710140024485e+00
1.049437257769524567e+00
1.052044702020163092e+00
1.034145682749077588e+00
1.069069726842693635e+00
1.033284562056552724e+00
1.037706651103418753e+00
1.071778413018170006e+00
1.023477875165385687e+00
1.041397817578344265e+00
1.011299339580880030e+00
1.038400465376717374e+00
1.010699056111280969e+00
1.033236473092366436e+00
1.022967173411214237e+00
1.017582813138360853e+00
1.046548195742570408e+00
1.095379829860963827e+00
1.029487290055367543e+00
1.072305363317961335e+00
1.020460738657979816e+00
1.002989000354612914e+00
1.051742382593504832e+00
1.061488455040080936e+00
1.010546932638555218e+00
1.079020141879929007e+00
1.038137911227626109e+00
1.090606136745411625e+00
1.025723832407814395e+00
1.010516508834753635e+00
1.040387091409732623e+00
1.006464049717876730e+00
1.018245815228526308e+00
1.014468223288863769e+00
1.091856163649080003e+00
1.038277642048814009e+00
1.098196720424792883e+00
1.088518801667547331e+00
1.007710764719706331e+00
1.070186841174756820e+00
1.076936152342022446e+00
1.085821863724609315e+00
1.010704578474218795e+00
1.077832631242240380e+00
1.050175452931032982e+00
1.011671287633064242e+00
1.099569996803428040e+00
1.034733910911379784e+00
1.072867659411449015e+00
1.014140247021953600e+00
1.030095907880262063e+00
1.096997743704228423e+00
1.019555106466316863e+00
1.009411351530583145e+00
1.039307065129176699e+00
1.041466727355791155e+00
1.080241907000185186e+00
1.014092769176188957e+00
1.098805867616549525e+00
1.037490389042211136e+00
1.048661255546659010e+00
1.069301027431376339e+00
1.043194736865158179e+00
1.031155514361003167e+00
1.032390940958172632e+00
1.097147245308352170e+00
1.099304722633033915e+00
1.052934982964125243e+00
1.046708108624112565e+00
1.075863903427849655e+00
1.030020462369417356e+00
1.074861849087529020e+00
1.041882606876353146e+00
1.059808291184430651e+00
1.023959904840963109e+00
1.065749634110959132e+00
1.063952110507393689e+00
1.010521584154459918e+00
1.093192350682807845e+00
1.030794547553909091e+00
1.012737102231276110e+00
1.079984619741675811e+00
1.025033327456719157e+00
1.053497378609754564e+00
1.044070789572014712e+00
1.071176920709342006e+00
1.096326747242055033e+00
1.045880239117652488e+00
1.008207099583936728e+00
1.095914612199130111e+00
1.050931444100897227e+00
1.025153956750755713e+00
1.031077352709550254e+00
1.076863423669145448e+00
1.069024907732710528e+00
1.089967017105510250e+00
1.042425360074675567e+00
1.046193642508890242e+00
1.087173399488876369e+00
1.056868003875637285e+00
1.077528373887935986e+00
1.041335627334512459e+00
1.004860624802176972e+00
1.024933628132462804e+00
1.008871582129849953e+00
1.002705584887725099e+00
1.011398353977724707e+00
1.006449822285853557e+00
1.077894090974194752e+00
1.026415420282450697e+00
1.056826955034405158e+00
1.034399313390459874e+00
1.078109237326347003e+00
1.092204166714454860e+00
1.070389809045975582e+00
1.050232744960315268e+00
1.093716915739151307e+00
1.003971449788642945e+00
1.012721738698222351e+00
1.013985607414961798e+00
1.089483631881851933e+00
1.085248565987761316e+00
1.079907491065709824e+00
1.008798362913605473e+00
1.098262226669056041e+00
1.078029324546093015e+00
1.043513457071969075e+00
1.040735237911722733e+00
1.019268383445319115e+00
1.006637066368413658e+00
1.006437694291123064e+00
1.028532354103724566e+00
1.084339855453138712e+00
1.021030772471654968e+00
1.020090338894285908e+00
1.062459659835482295e+00
1.023238843106993423e+00
1.056924616983762721e+00
1.022949017806716876e+00
1.001578293600883240e+00
1.000250837680695115e+00
1.081107083806660984e+00
1.004629633715739212e+00
1.037297350371633620e+00
1.054333191287319949e+00
1.054607680306039130e+00
1.054209537186310941e+00
1.083627417184127362e+00
1.062411395707315354e+00
1.046921378656686219e+00
1.069409381663524172e+00
1.052287506635557701e+00
1.022833705691922779e+00
1.073504265535002666e+00
1.047109615443767572e+00
1.016675059952135474e+00
1.000020141746408742e+00
1.080851657633724816e+00
1.030304436141397550e+00
1.088468202581159616e+00
1.059220178869349827e+00
1.070043231386875293e+00
1.039729527373932427e+00
1.039334884289725647e+00
1.099173204464690023e+00
1.027934720594150475e+00
1.002776973730971966e+00
1.059173703480439599e+00
1.045801579831370676e+00
1.067913001249829685e+00
1.097964512984410002e+00
1.025630921864352230e+00
1.090756749162553607e+00
