-1.065171289669566285e-03
3.888948139547487859e-02
6.688627784312134450e-02
1.217312473550745053e-02
4.773490743492452004e-02
8.995644291362105138e-02
1.269253357042210081e-02
7.626889491156992051e-02
7.630755759299649721e-02
2.538669468768484441e-02
2.668879331942976621e-02
1.073910344760911281e-02
3.993503360286226878e-02
6.527752892903840309e-02
9.559400496979277018e-02
3.747579399372862052e-02
-1.006102080020122337e-02
-1.172555092349163858e-02
-1.551735513782217038e-02
2.648855325519672288e-06
9.811777861065794359e-02
2.900054593405552994e-03
6.709527340915531768e-02
5.031856043652638277e-02
1.817883314661454877e-02
6.022622290262161227e-02
6.430910583717249634e-03
9.918783698227279233e-02
-7.888322001570607922e-03
7.503107005527182016e-02
-7.995570796578159792e-03
-1.084378167399165614e-02
3.779231125211850173e-02
9.440021329745099110e-02
-7.112888359985046483e-03
4.195095040358233496e-02
-3.600302450223157036e-04
4.694525347455946740e-02
3.747951020332719596e-02
4.631112360052100363e-02
2.450389888031731175e-02
8.304099234422455955e-03
-8.406565680637915344e-03
8.399530586368887664e-02
8.120003752874131731e-02
8.282429358501966488e-02
5.447968851377783805e-02
5.407170136095157398e-02
1.775539968038211680e-03
5.496279434919132401e-02
3.532786838236408322e-02
7.287408325596371472e-02
4.129485670380311779e-02
-2.081220865571734024e-03
6.705744776080616032e-02
1.968656444674039829e-03
7.411982761822179244e-02
1.327026745131705196e-02
-9.137041454129017637e-04
9.269583413749035716e-02
3.444867012586065591e-02
1.091688343890702406e-02
-1.455615340835134108e-02
7.344137153009447361e-02
5.269564123524977939e-02
2.678130752603229484e-02
1.633027631857867160e-02
4.216043335557222160e-02
4.100379265538212081e-02
5.037146565622450944e-02
-4.708991860759969422e-03
2.980440789451253500e-02
-1.857563643715486046e-02
7.065223751991953072e-02
7.277566100777788094e-03
6.523738165251355414e-03
4.223954149364161914e-03
4.750907340039008109e-02
-1.218314275569574653e-02
-1.115726033608585577e-02
9.254460139073179825e-02
9.284756770529552228e-02
2.346942613641541178e-02
4.311656517086653873e-02
-1.467416265839773838e-02
-1.833419014692205806e-02
1.070249690294442294e-02
6.412755024680444338e-02
2.993147716115088577e-02
9.417613644884667568e-02
1.997957403939626050e-02
5.486702723973108098e-02
9.974417255014425554e-02
7.046327806101844449e-02
9.868145122641845679e-02
-1.247320998727564391e-02
3.618913801844283323e-03
-1.388670891661669682e-02
3.914057406005298778e-02
6.190593658514548236e-02
7.252519777650801025e-02
2.635708886248973662e-02
8.994589693769748651e-02
1.453145242208088092e-02
6.780949806187751283e-02
-2.991296439745456254e-03
-9.201444770822794078e-03
6.781598349112114010e-03
8.284718885896016211e-03
-6.007976510502860412e-03
-3.433181375529600898e-03
3.586287258023014568e-02
1.364640619822847858e-02
2.105908374419146814e-02
9.653892129286974211e-02
-9.096970015498459516e-03
-5.378854706231934665e-03
5.650592030757772832e-02
-3.312434179533751966e-03
5.961946745266397119e-02
-1.949357163822332609e-02
1.550967024854018467e-03
3.714338446028077334e-02
1.547031437748344271e-02
7.530149292110861758e-02
8.210853816706777109e-02
-1.649954574533815319e-02
-8.002500519582634794e-03
8.843088881512004007e-02
9.821229897092399741e-02
8.403058604930538356e-02
6.066392001846696719e-03
1.252083324569619113e-02
8.609748734196165376e-02
-1.420097103300699964e-03
6.855383373979848094e-02
5.935108023889395373e-03
-1.768260797370522358e-02
-1.339425901233405602e-02
6.124830398261081610e-02
3.958541916980598541e-02
-6.952798100197514833e-03
-3.464316152976959495e-04
7.140996183252132368e-04
-1.044435560608693650e-02
3.747793976183445841e-02
2.125085914429317505e-02
5.373939689190891655e-02
-1.466331293019088738e-02
5.220311357226253834e-02
3.831544674047773769e-02
7.883796688591364343e-02
5.263849330786687930e-02
2.295548137461745838e-02
6.706019833961383847e-02
3.446725225573119000e-02
2.760845350274741122e-03
6.010622279960946973e-03
-1.103572051565573399e-02
-2.646490120070694313e-03
2.769644980192460110e-03
6.660462824502380585e-02
7.722720422227476178e-02
6.274338951696181721e-02
2.282072679216387914e-02
3.428432696793756729e-02
-7.728795757693571189e-03
5.677506151806557821e-02
1.100289446918463823e-02
6.073625935204783610e-02
2.079788506603561307e-02
8.953863703951919772e-02
-7.352198976479153505e-03
5.526593207429941756e-02
5.202863042071362298e-02
3.348281676790079708e-02
6.213640803419342995e-02
9.366485813471103761e-02
8.390692692443555561e-03
8.330713307027408365e-02
8.417960563751148567e-03
1.278727941132401860e-02
7.784953316181028593e-02
2.481258210503324221e-02
9.038031901135588908e-02
9.477396266636328725e-02
3.363075114400541910e-02
4.332384919246447252e-02
-9.659689655767347491e-03
9.824356879191392666e-02
7.786663332316623443e-02
7.054726881188447263e-02
3.706696151480039225e-02
6.154815123521077680e-02
5.845988675340899055e-02
3.991455488524808803e-02
1.998048564617132747e-02
1.791700040174539973e-02
3.447560440800376269e-02
4.630391672181224938e-02
4.442412122596690882e-02
8.335231339196567946e-02
7.146062281843904018e-02
-7.683893293503491276e-03
3.338015082823581059e-02
8.069781657824275783e-03
6.220552285372484003e-02
-1.109445720579974731e-02
9.876003748876070742e-02
1.390514039287879186e-02
-3.389754043614145312e-03
1.637387067992907355e-02
-5.222598894343399856e-03
1.738525487518470178e-02
2.565513730235273460e-03
8.921472996233625885e-02
9.127042577828896330e-02
8.713436617065890843e-02
7.006212889321004889e-02
7.614386259552079206e-02
5.347004828323602410e-02
9.776065137963538265e-02
9.457153558567449325e-02
8.976151571929620598e-02
9.633264630848910326e-03
9.827209603426617646e-02
-1.803160835220966873e-03
8.938358443833149813e-02
6.015137771086598306e-02
5.740529156788512499e-02
-5.287894851234820059e-03
9.773568707905414682e-03
4.890044543552837797e-03
5.982897142692437942e-02
-1.247126017914386605e-02
-1.409858459067482583e-02
4.020507768160899720e-02
4.881195665891714663e-02
4.921565807044492313e-02
-1.020464450399487938e-02
6.490511304903184842e-02
4.282992239467758866e-02
4.628356940175104572e-03
9.565482438302327917e-02
9.117499406848821042e-02
-8.082556389661099683e-04
9.929210838325400190e-02
7.150978033237553877e-02
8.293215973325064605e-02
1.042289584648111236e-02
7.138830937515411312e-02
4.199064667819787933e-04
5.676403813661315412e-02
9.694044762956803563e-02
6.719000525688516301e-02
1.940043264562612071e-02
1.918451766512181342e-02
-1.986440344792517534e-02
3.588492416868981072e-02
9.300962530700954828e-03
2.861338532454849384e-02
5.401657309561501419e-02
1.199597200971905947e-03
5.755589948289796531e-02
-1.646360381878897786e-02
6.757984774887988710e-02
8.055446542426474010e-02
2.140236839975644817e-03
5.718638403448979279e-02
-1.340497812514168836e-02
4.193496376955277438e-02
4.664677970912743665e-02
7.170936074955290562e-02
9.119030967966469670e-02
7.582231111119987210e-02
5.849797109721388555e-03
8.655383755800653833e-03
1.953361654293661251e-02
6.441671657069779344e-02
4.198438125645655855e-03
-8.992286960007969329e-03
3.672869098709440061e-02
2.861782365365491895e-02
4.448230270351240245e-02
5.452085967680168899e-02
5.896280041152997253e-02
4.540742919803458788e-02
8.959384325434548157e-02
2.235033513039879141e-02
-1.223037173641065671e-02
9.967473209090775554e-02
3.989508697422344818e-02
4.301957365094277730e-02
-1.492502246210213046e-02
3.419938528106153397e-02
4.647057307742673282e-02
4.309999630181429731e-02
-9.501577038840820083e-03
-4.318267051273250168e-03
-1.795526438300498739e-03
7.961101405797938596e-03
8.443214240669794091e-02
-1.092210341729767283e-02
5.571250325050325358e-02
9.784640916060348415e-02
3.047478947116468231e-02
8.009075389791252275e-03
9.754970240259937253e-02
4.131232100818046926e-02
4.853841965820647475e-02
7.822835237223157989e-02
2.624277959370238320e-02
7.227398695393662253e-02
-1.234064515375194598e-02
2.294344389280324539e-02
9.414990198163847301e-02
5.112465572130503455e-02
5.808495828524714438e-03
1.684254476229970696e-02
-6.277935011019168329e-03
-1.122130891627456072e-02
5.836875755252854403e-02
4.703948923086709311e-02
-6.441383445444696931e-03
-1.766527569540965806e-02
8.235584835124912240e-02
-3.214134772199131462e-03
5.236763933054744413e-02
9.456311253377620851e-02
8.553346787740184753e-02
1.754962624498418097e-02
5.198472226626368875e-02
4.852310485412784924e-02
-8.309690006670962178e-03
4.858390252167262002e-02
1.410466392493758825e-03
6.299110690253707789e-02
-3.501020425797477659e-03
2.867421583720514491e-02
3.071860895676297235e-02
9.599900949885348950e-03
4.975285927906600292e-02
8.795430998817455048e-02
7.046777539517611044e-02
-9.511384461757619452e-03
3.799593688972716099e-03
3.292417285694786144e-02
2.064880250321465480e-02
2.352564559504028222e-02
7.120789837137864176e-02
2.374158595007900760e-02
1.563073244446391494e-02
7.235349521470861578e-02
3.235138599166956230e-02
9.083290113020804635e-02
6.820524151848136873e-02
3.977555629472251386e-02
6.210888588022062118e-02
7.079995215464675307e-02
7.462390099802798660e-02
5.838524223142718683e-02
7.456786712633857450e-02
4.983401151229534254e-02
3.672045206319099475e-02
4.335513530335531607e-02
5.558230618682802326e-02
-1.061905579640395024e-02
6.413440792572401572e-02
-1.773624981345228030e-02
5.900157330325297989e-02
7.198389819748098745e-03
-5.852144082176199968e-04
6.437079295768285969e-02
1.271476130485124992e-02
-4.509194934759527817e-03
6.775889465613547935e-02
6.727526797903468636e-02
7.852536568355406033e-02
7.771892723851220319e-02
8.227681334462089158e-02
3.726706287198269796e-02
-3.380920138165585676e-03
-6.196157132576192092e-03
5.375094193673604637e-02
2.518871383352424762e-02
2.578135969276501918e-02
9.554577282122786452e-02
2.103109865395458647e-02
8.495258324532982408e-02
1.064609614445058416e-02
1.308079500782687379e-02
-4.940309103750628247e-03
8.598629966342752340e-02
2.873441159477416532e-02
3.751596451540109567e-02
1.450024911898549138e-02
9.187933562944204657e-02
1.364543035570641230e-02
9.363043475557231154e-02
7.359573394387097095e-03
5.527356344104998598e-02
3.998687331650251087e-02
9.109224967586933286e-02
2.298083717287610281e-02
6.955136576014411820e-02
-9.534014113422263278e-03
8.831719314830910328e-02
8.725539783063022969e-02
3.780152819712784273e-02
8.224179856737515865e-03
-1.438384483525112847e-02
9.360048022854881855e-02
4.719991965903034409e-03
6.526624239428949203e-02
2.239761552238929768e-02
-1.880822720854963964e-02
3.786576951099575317e-02
7.399758330296705988e-02
2.522483510658022829e-02
7.186112298564302503e-02
8.582348340955457677e-02
2.602545145108149313e-02
-1.999085040323615031e-02
1.568227215340549721e-02
8.633163007163154046e-02
5.215265913139535692e-02
6.698916363760279435e-02
4.819937111910957417e-02
6.995829116717830476e-02
7.079637152597746674e-03
4.328863293413977298e-02
2.215539844885058493e-02
5.332334328493074094e-02
-4.129495602473443050e-03
7.448362556077738061e-02
9.568751434915861998e-02
5.634060654520185729e-02
-1.543029657014273470e-02
8.130336260964531048e-02
3.382604290407539849e-02
2.140849247843612177e-02
9.960087864053489282e-02
9.444478750764169483e-02
5.090492380016888030e-04
-8.617650235444642218e-03
2.840898469227777154e-02
9.166068996898871224e-02
7.762278860173020545e-02
5.091121285577594746e-02
7.416841831881545999e-02
-5.198877635402329028e-03
8.749544386671043172e-02
5.983018989112405539e-02
-1.147945271067974185e-02
5.460599865725562774e-02
-8.788617710453276374e-03
1.052029794381804245e-02
7.976461978273445552e-02
3.378704830824071081e-02
5.044519906033566314e-02
-8.998236312725746075e-03
8.345812420481073246e-02
5.210153621390219147e-03
-1.216284328274249912e-02
7.158275819971922360e-02
6.083363363373955890e-02
9.784400806539861328e-02
7.655257720735882121e-02
8.150552103391278669e-02
1.157780746152821047e-02
9.512944824094926588e-02
-1.381903692535074377e-02
7.606750852911919880e-02
5.229126924458117609e-02
8.173108766661772717e-02
9.135125578205205432e-02
3.567402595961302603e-02
8.483664790864546557e-02
4.038307811229729927e-02
7.694777948241939003e-02
1.104253640533732830e-02
3.602008357121200266e-02
1.739463749045092392e-02
6.032072551891479867e-03
-3.036599993538228320e-03
2.042839575321024614e-03
9.688194639743745451e-02
6.885601941559002515e-02
1.354930868030318480e-03
7.220979438660819760e-02
1.529450794918670378e-02
1.492506554497344609e-02
7.239196274432840861e-02
1.513156133219867652e-02
7.389390240216840711e-02
4.309929868664576225e-02
-1.057098132400542852e-02
9.843358084539605146e-02
3.734475365621295340e-02
3.620669263362739920e-02
-1.798013287279359024e-02
3.468853751361170024e-02
7.627592470352100029e-02
3.020962140973107793e-02
1.221353237884085716e-02
-1.436597633558408735e-02
-8.738739658570790492e-04
6.761141980977948551e-02
8.889759574998604835e-03
1.699991230875912487e-02
-1.761802893765161693e-02
-1.585855129879760322e-02
4.774705689414386611e-02
9.587316250039056020e-02
5.541878574800065960e-02
-1.103228361476248955e-02
-1.048886949243435333e-02
9.670195007413030786e-02
8.274613889566349856e-02
2.880131059346989139e-02
7.526308317802982151e-02
6.656462922487214884e-02
8.504961650813655516e-02
4.434634148355148797e-02
8.885963284817070817e-02
9.072837195584543268e-02
9.672042722784415791e-02
9.242271804687439418e-02
1.713468550781691371e-02
-1.644179064221349892e-02
1.678842635163870292e-02
7.507105899913629754e-02
4.749323424066179133e-02
9.846658045323467001e-02
2.854759968390059924e-02
1.586913468073839276e-02
8.485492526652214929e-02
8.787641468516992072e-02
2.716998289911734879e-02
7.128088237716452558e-02
9.582893040217373148e-02
1.356094552040286103e-02
1.672203187088542112e-02
3.371463068247335104e-02
6.529346902854174517e-02
4.537338944795994700e-02
2.760696426597953820e-02
1.626296099641157469e-02
2.793118142622892999e-02
6.022898807647797392e-02
-3.531111739436338520e-03
7.490078614464679152e-02
-9.723415934866688412e-03
6.289420206788526313e-02
8.521930628685012166e-02
8.558107811351259309e-02
1.922044369398278121e-02
5.081831980639638091e-02
-4.357830894548601897e-03
1.624992329659315921e-03
3.306826029452800131e-02
2.189025131751533987e-03
6.532129575825226797e-02
-1.053218583004229131e-02
8.716356702514373167e-02
6.761638718246179569e-02
9.097151908774804563e-02
2.735701118020897674e-02
3.137447355563155460e-02
4.854201219446913074e-02
8.124172251814318346e-04
4.274343720512444739e-03
2.710181414493403537e-02
8.124888279263059454e-02
-8.170484427413512996e-05
3.315562584764537857e-02
-9.781418801696299681e-04
2.537078702281276091e-02
1.248669370785992702e-02
4.780267931610392151e-02
5.655307228284711663e-02
-2.029513160972142016e-03
1.933624711995987969e-02
9.397433924128357347e-03
4.714396104707217761e-02
8.235851205426848731e-02
4.274360998987203342e-02
-1.069659506676961906e-02
1.064220398861422459e-02
7.072982603172101035e-02
6.977148430243082511e-02
4.961052438864817227e-02
-8.190987273055169021e-03
6.630150571470334875e-02
-3.107028965824727013e-03
6.357392838616671149e-02
-1.226642720627157089e-02
-1.461791387083952176e-02
-7.363497158436177470e-04
9.158739944366425800e-02
7.333765281911433509e-02
9.587440877096603531e-02
-7.244228980180088262e-03
-8.235320056691931498e-03
6.820527594950200057e-02
9.505463462292321197e-02
-1.439745780410165224e-02
2.787755257046090410e-02
8.450641345896483386e-03
2.719212688259064689e-02
7.903699386549489780e-02
6.720630112118657074e-02
5.947984550220904165e-02
6.761202622410592000e-02
-9.530214120009197418e-03
6.692768749659550043e-02
4.800791916967508954e-02
-4.869399933230499772e-03
6.075000846185064918e-02
2.535695212473845078e-03
-1.652579403080689513e-02
5.930701264379364956e-02
3.852552535406007783e-02
1.826786641258799568e-02
7.899494973406995246e-02
7.865330530966642419e-02
3.084303722839023057e-02
3.011349797964253672e-03
6.691900948650816860e-02
3.406932405151431170e-03
7.902939269692688118e-02
3.703855083100290879e-02
8.119592816038434524e-02
3.929371122259218974e-02
9.126363626548532337e-02
-3.589192995900089556e-03
8.224694743384529383e-02
8.390638792185894923e-02
3.357385980316646146e-02
-1.637864944158068728e-02
8.884628061267496602e-02
8.747129001099655798e-02
8.538155816615689009e-02
9.146237270692261778e-02
-1.716900412467669418e-02
9.911890817131695230e-02
3.311852152463949650e-02
5.784897602245837184e-03
6.614921520575746394e-02
-6.572663940971173666e-03
1.113155919966645618e-03
8.279099287252823791e-02
5.405664694625708644e-03
1.264050267029353733e-02
-3.369079838880531530e-03
-6.653696433750050376e-04
6.439847575740327568e-02
3.195655503586997126e-02
-4.674535328352375299e-03
-3.625527802734396232e-03
9.430514458072754291e-02
7.954606938901274960e-02
7.814623775792543803e-02
7.859932237151237566e-02
-1.069253098508228875e-02
1.090067680812977641e-02
1.644799560403945385e-02
6.303201232611410632e-02
1.032291300846947465e-02
8.057332781419596079e-02
6.489685792619549753e-02
3.321371797273725557e-02
6.231756263270145368e-02
6.856235496929348472e-02
7.536264823286410730e-02
6.681945471900777034e-02
-1.107826354604779517e-02
3.855621659466752782e-02
3.242724172994086718e-02
5.357740975757845775e-03
7.614217063607671421e-02
8.984386211347755724e-02
2.053366706120021007e-03
3.094531270468648537e-03
8.904366281194103783e-02
4.098744649000905793e-02
8.157844656415350060e-02
8.534776433266674789e-02
3.121817100848086821e-02
6.248524864260966705e-02
2.344507504132077938e-02
7.944905893610659797e-02
6.112336245368399368e-02
1.648289426903827917e-02
2.702477684692660906e-02
-5.694824949245983273e-03
1.722616452711465615e-02
2.016899299431884618e-03
7.655781035688938307e-03
-9.637691728246937026e-03
2.153590059646310131e-02
9.294945561888570684e-02
9.129466176025594071e-02
4.819228019758739490e-02
7.785604803423448739e-02
9.059503079291698902e-02
5.090975255983450076e-02
1.865813588670242953e-02
4.666117297828945021e-02
-1.739246342338957724e-02
-1.146636048491353997e-02
1.330010543853411484e-02
9.723579723248367002e-02
1.850119931209031829e-02
2.273701894090616668e-02
6.147555721244485349e-02
9.678835263108628850e-02
6.147521048401963228e-02
-1.373037955249203218e-03
9.853125856002607763e-02
7.438776727326504301e-02
4.301152311120640115e-02
5.977694018532958564e-02
-3.366625333929163660e-03
2.793496634721920682e-02
1.642960550653993490e-03
2.104297908267984893e-02
-7.045385655012012874e-03
8.987988653479220269e-02
2.278135215310747239e-02
3.578121480868168280e-02
4.827609815317192299e-02
-6.321502008034095635e-03
6.845629171426007020e-02
6.072608049832919908e-02
3.965107332847724042e-02
7.361357215229150097e-02
3.629714928517463468e-02
2.068729828516662275e-02
6.131665412742144661e-02
8.204450899470693004e-02
6.157307659050410831e-02
3.605674562756006063e-02
5.434132637333864702e-02
1.703511418934405483e-02
4.580900002686093264e-02
-8.002560970290754569e-03
8.839956911669238915e-02
2.436432318909323089e-02
7.782631855566869705e-02
7.187116452281898382e-02
1.186730951879542625e-02
8.419186758248754093e-03
2.963652897504114384e-02
1.069458724431243679e-02
-4.935865150951790348e-04
4.053901825017848515e-02
8.559798345004206166e-03
-1.882838891656893332e-02
-6.287385690024875282e-03
1.491110197657802630e-02
9.117412506173729059e-02
9.850668683451510588e-02
5.473389826764241128e-02
3.119064453823605296e-02
3.135428150275253179e-02
-7.531340022977022278e-03
2.814459421963447575e-02
4.643117574102477441e-02
9.706628378745538188e-02
9.447898097909934734e-02
4.843364488151766234e-02
-1.671541824993834358e-02
2.826665546961881423e-02
4.798187734002826166e-02
-1.669116022145791106e-02
9.895758158968058493e-02
-1.855219798648187479e-02
3.715460764667961879e-02
9.785683355101407188e-02
6.892806701393468238e-02
4.819559687488413069e-02
1.490346018216094984e-02
6.648984159095955304e-02
8.169968969320967611e-02
7.099198521788055438e-02
3.647574243579927711e-02
1.900000668352860508e-02
-1.493231631455879671e-02
-7.119233450653260353e-03
7.938840127781940370e-02
5.562893659308983108e-02
7.311438063186040393e-02
8.612051072819218445e-02
3.021809247658547096e-02
6.258281537606816269e-02
1.792222282833298014e-03
5.580320547369543860e-02
9.424003619883655758e-02
5.995703352980141787e-02
4.206943894905212922e-02
4.958544814352508490e-02
8.268907761425174641e-02
9.885587927418458543e-02
8.290570515980595634e-03
7.926531950636908630e-02
5.609817431759853146e-03
3.520273955158170764e-02
6.235730190181329458e-02
5.407349494998534012e-02
6.840389403609051233e-02
9.555038482826488933e-04
4.144304741634173561e-02
-6.873577818495664113e-03
4.692904389955424027e-02
8.463189246098342527e-03
8.739664520695550332e-03
4.155146395413567006e-02
4.552681465719422838e-02
9.503804716203018144e-02
3.144237089081257375e-02
3.631811470832294053e-02
7.750771019506674797e-02
-1.499184599903980765e-02
3.332371149068291682e-02
5.512829449619709166e-02
5.574253764158987323e-02
7.625521225566538053e-02
1.258083199611588140e-02
-1.087720281260969209e-02
-1.468136273038552105e-02
7.701748590149316148e-03
-1.633295621299785463e-02
1.784283868238361118e-02
4.222898570035320265e-02
-9.040168969193018711e-03
8.600298554600713241e-02
7.075991872401916905e-02
5.966995339482565608e-02
4.019272254924295684e-02
4.861818855906616110e-02
3.411644092307437870e-02
-1.638289552119798903e-03
6.738192908451469398e-02
3.057803075309157084e-02
9.469459301767427228e-02
2.781295438491027464e-02
-1.446317875482283979e-02
2.216825181555959895e-03
-1.240928290980072152e-02
2.667046989891177708e-02
9.892507020523287620e-02
6.952105522436799467e-02
4.195704079397498398e-02
-1.923262925368606976e-02
9.705709796032828407e-02
-1.803018930129907105e-05
5.871922432199401520e-02
2.982399415783292332e-02
-1.096667742981847701e-02
4.024330342861977966e-03
5.264477635429395952e-02
2.159888974097063860e-02
2.340774102737913989e-02
1.447455005472591746e-02
6.889228916177295159e-02
1.065205830398073192e-02
4.710641141773361240e-02
4.426753709448522783e-03
7.677612389618797273e-02
7.475786458598583650e-02
4.390347081119527761e-02
6.118378820116236738e-02
1.534963544187228565e-02
9.129098713076184979e-02
5.987651679055905340e-02
-1.478677577160915357e-02
-1.008462151475467486e-02
8.104711080311211013e-02
-1.941940740604133214e-02
9.184390167177378106e-02
2.647821469867987429e-02
9.954259906885885856e-02
2.491020949531877124e-02
7.100869723370391295e-02
5.693390944527354502e-02
6.134073035326324808e-02
7.209625903437279215e-02
1.402381329775698529e-02
8.334233092057985459e-02
2.153140230034853234e-02
6.138510608369705107e-03
-7.718076505150007691e-03
2.884634775886147501e-03
8.770194381283748231e-02
3.971198440470823099e-02
1.470339578180015691e-02
9.187094239233194182e-02
-3.497022548609299286e-03
9.034246338619440764e-02
-1.958991959838205649e-03
9.802631411741596912e-02
2.940821754881248543e-02
4.573253114398209696e-02
2.304820040814613627e-02
-1.378366460440486746e-02
8.413328255137858536e-02
7.182414088118035944e-02
1.388143064270954199e-02
-5.350480018656704126e-03
5.745980110682810671e-02
4.913575926971160135e-02
-1.686413131337317212e-03
5.906707554298151752e-02
3.033155272175639891e-02
1.570690028275514502e-02
8.512144997117507272e-02
7.904749331214028230e-02
1.315094559780863315e-03
4.751584301409578215e-02
4.949684323396566499e-02
-1.126810973169342645e-02
8.092167982877332411e-02
8.103350982834153782e-02
4.457741554727487343e-04
6.275756632816849312e-02
5.718816434239261393e-02
2.895097691258148934e-02
5.115999107182923888e-02
4.553857888658148501e-03
3.149203920465562523e-02
9.073761735750122959e-02
1.360822304725020984e-02
3.369100529104605835e-02
1.384158606591983157e-02
9.993202000327065793e-02
8.516570174824231176e-02
6.729618040625058584e-03
7.574524175692258499e-02
-8.417372953980262196e-03
-1.631776071384091753e-02
-8.263603824095211783e-03
-1.044438873992814022e-02
9.937804634244437607e-02
4.382596308502667570e-02
3.959139779740919463e-02
9.734261314969039347e-02
-1.681509764684804495e-02
-1.161666841111419490e-02
-1.389908713065091984e-02
7.480828302298458965e-02
-1.150936571314532288e-02
6.113380241924069869e-02
-1.985674215831167641e-02
4.465501667739495140e-02
2.113010877642357635e-02
7.273198043945324626e-03
-9.696015863284980496e-03
5.054956246417208893e-03
-9.672205430418974459e-03
2.826054586406308647e-02
1.680229690675191442e-02
8.350738983722785780e-02
4.918572654758947976e-03
5.363741597385728033e-02
5.539785791923447500e-02
5.223169156723593554e-02
-5.184446884807032002e-03
6.653086928876367212e-02
8.514179689108863913e-02
4.560526774651256499e-02
8.131655628413825970e-03
7.906754866589031649e-02
3.368113086554089253e-02
4.987930733667284705e-03
5.772734492602633882e-02
1.420356194386996826e-02
2.570664933946932226e-02
-2.462322682414121167e-03
7.660146835341333227e-02
-4.407662794452139182e-03
8.868010125258778131e-02
9.759197292694196668e-02
-9.927416584797760235e-04
7.894836185646050830e-02
8.685866989039835173e-02
6.285513343758697413e-02
9.206869004869280837e-02
4.146751573378000544e-02
-3.475600981652244431e-03
-1.119688233460911994e-02
7.638172718045271870e-02
7.595822758157004528e-02
5.574802984802906813e-02
-3.921945522296490377e-03
1.034261823605981540e-02
5.245280038615494911e-02
-6.885555617272907936e-03
8.347105046930504424e-02
-3.787103825036507859e-03
