1.014981303279499203e+00
1.039672397545802873e+00
1.096903644697738489e+00
1.091054876593525957e+00
1.019005128626622181e+00
1.037065472285612966e+00
1.026260005137079823e+00
1.071510702624297151e+00
1.021359899673705218e+00
1.099187584344846202e+00
1.005909135879857086e+00
1.061424406434074985e+00
1.002675647556318106e+00
1.019599517039668779e+00
1.035200597059923622e+00
1.075412695384293515e+00
1.094804687571824919e+00
1.077422752999599220e+00
1.081224102997093039e+00
1.063657419149691918e+00
1.009410475077704650e+00
1.092377769002188526e+00
1.043235614573903902e+00
1.040509623787733373e+00
1.077167280740168653e+00
1.052598639317004148e+00
1.095320349666290660e+00
1.015365490718535213e+00
1.039432437735618553e+00
1.011692763572551224e+00
1.007292173688631776e+00
1.015824409209118873e+00
1.071090120746217123e+00
1.084093378569046529e+00
1.083149190229280245e+00
1.031009667463334445e+00
1.011369811403324270e+00
1.077547731197558978e+00
1.051132526588638871e+00
1.030266923397957113e+00
1.092745518898389667e+00
1.096107585869244172e+00
1.026145899755189106e+00
1.072389462057263376e+00
1.097272622422190702e+00
1.081777223346527705e+00
1.088096329633054804e+00
1.083687307858192561e+00
1.014291803952309445e+00
1.066708171527778193e+00
1.049430059374658386e+00
1.096182246465450927e+00
1.029564568375826994e+00
1.090476722460756553e+00
1.085299215732336231e+00
1.049647828751289591e+00
1.092025282419539334e+00
1.089670556191425499e+00
1.047775963265541455e+00
1.015008809012898361e+00
1.088896877705664235e+00
1.052594390564501214e+00
1.098692976548804934e+00
1.001438324930350454e+00
1.093643967084283686e+00
1.056639365071654790e+00
1.047285080823465719e+00
1.027005103178528111e+00
1.072263876351123413e+00
1.005586739787413197e+00
1.019673312489323802e+00
1.083295910758218294e+00
1.089161578363458061e+00
1.086667667286068006e+00
1.038299901704827555e+00
1.038057674094547966e+00
1.008292812400243710e+00
1.076636649403468260e+00
1.039575143199731988e+00
1.087856987972905420e+00
1.001085341607749868e+00
1.082222793472068734e+00
1.002264613678094385e+00
1.097089365387431625e+00
1.077454174603181603e+00
1.077357337984777619e+00
1.015442605201421378e+00
1.062902460879636024e+00
1.019331617556945790e+00
1.071288852957035687e+00
1.097002278393521602e+00
1.026902442060020126e+00
1.069473154398314252e+00
1.072385374795668422e+00
1.076021402443900321e+00
1.065937432774346494e+00
1.079287441291548522e+00
1.099720465051031493e+00
1.099633708499488938e+00
1.078066229472077309e+00
1.063619307719053442e+00
1.083982467556235951e+00
1.061139244062522913e+00
1.002268298605306196e+00
1.005585964909091024e+00
1.066622116562690126e+00
1.069635871957304918e+00
1.024722077681204935e+00
1.005957930486449214e+00
1.088823235927974364e+00
1.070030016208840529e+00
1.064341803442909296e+00
1.076583647291303070e+00
1.083667013569272530e+00
1.072727035926238415e+00
1.051098214473933812e+00
1.058789934247605036e+00
1.077804395338707533e+00
1.002454741733031174e+00
1.010151970038302593e+00
1.055366917962152984e+00
1.041466979616631816e+00
1.065807896793566023e+00
1.033535588132364680e+00
1.079685899818024541e+00
1.093083810457712080e+00
1.015578164866023592e+00
1.037918469107145247e+00
1.035612533708810235e+00
1.074880730718303257e+00
1.021984404044493866e+00
1.016948637849744097e+00
1.009670066431753055e+00
1.010502968758344000e+00
1.045908235826935151e+00
1.013414740557144755e+00
1.038389250117945473e+00
1.086860740817719995e+00
1.017406574179126499e+00
1.098390259649161482e+00
1.058743738853860084e+00
1.098757594418914518e+00
1.057295648143767419e+00
1.052832458945289540e+00
1.040307981334033460e+00
1.000171559672055732e+00
1.090588158275733521e+00
1.024290208042317740e+00
1.025178238650258145e+00
1.052429385580849530e+00
1.019224253013421455e+00
1.042665266834471582e+00
1.001145626387446974e+00
1.045039961110152404e+00
1.022531699984488673e+00
1.053604535537879139e+00
1.015210444404308854e+00
1.050514099581102201e+00
1.084203524526242246e+00
1.035411746141091216e+00
1.025235932514910742e+00
1.065936126210901502e+00
1.051920637624645050e+00
1.065042456819333960e+00
1.016374686889389700e+00
1.032560857955784561e+00
1.011156354457313000e+00
1.085236216294045652e+00
1.045288617052750224e+00
1.059543120460531229e+00
1.010010001638318444e+00
1.088780604172378652e+00
1.020921653260909556e+00
1.041952695123310901e+00
1.080547344625324646e+00
1.045561469121593534e+00
1.070334350046578287e+00
1.047294850195661819e+00
1.060433076758217519e+00
1.049995991689978148e+00
1.071550505523064523e+00
1.052603851751866770e+00
1.093535942856824095e+00
1.015909348619024710e+00
1.075747292399417798e+00
1.059290742761314075e+00
1.043106690236391909e+00
1.098190565078607461e+00
1.002611472620350108e+00
1.021325502736204260e+00
1.038317569459613399e+00
1.026353775890759934e+00
1.092733536621461665e+00
1.051948086425172013e+00
1.078525153174556550e+00
1.027629768205307048e+00
1.004193523182279613e+00
1.064538952429987972e+00
1.034999310215279467e+00
1.073706478248832807e+00
1.080917944672708852e+00
1.044143243835151447e+00
1.082221881544809472e+00
1.017822853701532804e+00
1.099725345568053125e+00
1.091387047008354649e+00
1.069382686941601879e+00
1.071543495702805826e+00
1.073556561650772956e+00
1.068598104070824784e+00
1.007901171270680463e+00
1.054640672289869574e+00
1.049036929818687680e+00
1.063471097147358657e+00
1.040715023349115809e+00
1.036762299441477131e+00
1.037673968287349702e+00
1.095144863297330184e+00
1.043366344587605576e+00
1.091692494060507279e+00
1.073402790761591730e+00
1.022076673234903366e+00
1.089019042394184345e+00
1.002457320281270992e+00
1.099921256657860891e+00
1.031936382559005105e+00
1.021266544367503748e+00
1.061652264361933495e+00
1.075525389632417061e+00
1.076191257014641245e+00
1.054948088958951979e+00
1.055477741112220036e+00
1.012087073355708799e+00
1.047522829495266095e+00
1.075786695757396716e+00
1.024478278615616800e+00
1.078039366768583029e+00
1.058833404828515512e+00
1.037126833167456796e+00
1.039728986774276276e+00
1.024141924840235252e+00
1.039008048760315717e+00
1.010950580795404896e+00
1.034172223396506496e+00
1.081249238578691374e+00
1.094535648587651178e+00
1.060309241610704500e+00
1.094638518503864733e+00
1.003888542933805139e+00
1.032779603879466990e+00
1.005790169383146582e+00
1.015462709528120122e+00
1.015925585539818155e+00
1.091108688872611365e+00
1.041236218046112993e+00
1.019529666238575993e+00
1.005363712638894125e+00
1.073106645653937319e+00
1.052457166985165893e+00
1.075094399974956039e+00
1.092758953290647650e+00
1.070038137885376939e+00
1.091086168740552198e+00
1.052148223775761560e+00
1.034770027784485347e+00
1.076215355407409646e+00
1.029368031115861948e+00
1.065977307080587577e+00
1.088854463948008444e+00
1.026363902137785500e+00
1.077042057662760621e+00
1.032968960431012606e+00
1.031670699210242237e+00
1.038075671903014641e+00
1.019315119404246017e+00
1.057531452627629598e+00
1.056917218054180818e+00
1.043246867155546376e+00
1.008271035374185942e+00
1.015243581982384846e+00
1.021343503700710142e+00
1.047862200552201584e+00
1.088700093328105911e+00
1.078283333101550001e+00
1.089565124327489309e+00
1.098168756177543282e+00
1.029381116566262300e+00
1.043721939348601913e+00
1.027885942702380762e+00
1.071283181088316772e+00
1.040645805526580370e+00
1.072729945099104354e+00
1.058719941926409502e+00
1.005412439654453038e+00
1.055193085333169689e+00
1.082460460444602424e+00
1.068355611914044268e+00
1.012735988903136874e+00
1.031599052058111976e+00
1.084902043774723879e+00
1.049437447773304166e+00
1.060014376502718347e+00
1.003720103096017890e+00
1.080097164299612222e+00
1.045031623416542432e+00
1.017683292778956083e+00
1.074627848099959593e+00
1.073491928195992484e+00
1.019911492455609636e+00
1.025396195425992252e+00
1.006609332658578326e+00
1.062834020027220827e+00
1.011401244677571309e+00
1.026526348427837965e+00
1.047750013592710694e+00
1.084054356688920251e+00
1.087927830110827498e+00
1.079396155426021409e+00
1.062020294150329391e+00
1.076211045555348633e+00
1.079908315325705637e+00
1.006412076620610829e+00
1.043319312048299752e+00
1.078448969253088752e+00
1.027351232356003230e+00
1.027657224065199548e+00
1.081640158605323254e+00
1.089136889503029781e+00
1.094681576439324733e+00
1.005865894257198079e+00
1.088987295526131494e+00
1.057658575761781794e+00
1.092337365869887611e+00
1.027987068017542027e+00
1.080230146493659893e+00
1.010722140671390656e+00
1.020270017772870963e+00
1.004785017315526607e+00
1.074061578868826583e+00
1.054606423735402476e+00
1.019924907528507285e+00
1.057784724833320089e+00
1.007616790056310663e+00
1.080999136717366804e+00
1.032346319494486186e+00
1.050139170992577142e+00
1.034030503815303259e+00
1.045973357035826501e+00
1.047583717017500859e+00
1.001926115758418057e+00
1.002141758703614327e+00
1.032507009299648670e+00
1.029102394775127882e+00
1.039920352750530519e+00
1.014236511723427325e+00
1.064674240078095968e+00
1.036776386779485470e+00
1.062157872604978737e+00
1.065847918203145506e+00
1.001013280707534925e+00
1.016728235989822426e+00
1.025880975727018418e+00
1.077400570312269101e+00
1.005403115622612864e+00
1.033034645261352358e+00
1.080516694828318913e+00
1.050241473096828360e+00
1.063388552483987004e+00
1.070029470406864691e+00
1.063041021294452770e+00
1.027032148306675996e+00
1.041656133061425349e+00
1.006732402573065066e+00
1.030312756359703430e+00
1.026981209058143385e+00
1.002069824352703975e+00
1.072444715870161325e+00
1.042054853753184629e+00
1.045846558722586472e+00
1.022111697262496399e+00
1.064392530214248511e+00
1.085648395674583266e+00
1.088739005868830434e+00
1.033038873023516047e+00
1.068806863592431045e+00
1.061730614945529449e+00
1.009671404647894288e+00
1.055709640194490539e+00
1.086945992967694785e+00
1.084416581754878761e+00
1.054408921819667500e+00
1.028956400778359148e+00
1.086111865708524249e+00
1.024643476946565324e+00
1.052171019268179020e+00
1.097091451289631925e+00
1.089800981225877763e+00
1.004845249676516783e+00
1.070515238351838372e+00
1.009525369782408699e+00
1.074528987208692721e+00
1.061484639891992598e+00
1.051343491981300948e+00
1.050243670200871504e+00
1.003652372969969786e+00
1.043746456247765853e+00
1.019375184463379380e+00
1.077260156626230314e+00
1.081952706614025761e+00
1.056722885587064287e+00
1.028749649617840545e+00
1.048071626293619829e+00
1.039073672006074478e+00
1.017801117737128225e+00
1.025044745797440315e+00
1.032186518480425308e+00
1.058855784743206740e+00
1.013153700008129654e+00
1.056957731026026304e+00
1.096700804522972250e+00
1.095674914881932693e+00
1.090099972377618354e+00
1.033207161033683930e+00
1.060385358668096023e+00
1.048498096700665627e+00
1.016143888788003657e+00
1.002633235411950263e+00
1.000007040616723852e+00
1.007687241802726952e+00
1.045820657461434378e+00
1.015292666429101764e+00
1.020568708706641514e+00
1.039857255936619929e+00
1.098514885124761697e+00
1.026120565756360570e+00
1.097820283743799141e+00
1.088012392791085192e+00
1.049729333896889383e+00
1.069839807708362622e+00
1.089558845896427597e+00
1.075862790739508634e+00
1.078833114606920995e+00
1.092352633344656265e+00
1.043848438237413800e+00
1.034810280123588555e+00
1.088950652745084069e+00
1.060083144567779634e+00
1.014463065755475180e+00
1.018250925756556180e+00
1.067540737856162547e+00
1.068007060330929958e+00
1.080567808679064656e+00
1.034900747045214064e+00
1.029941596949382809e+00
1.078005764559966551e+00
1.029058636011919825e+00
1.099392659504785819e+00
1.017923610697812231e+00
1.088161918089225244e+00
1.077911620849307139e+00
1.063025238852674415e+00
1.098160672897793733e+00
1.087326763653575501e+00
1.083993575294347256e+00
1.018394487949331406e+00
1.068553839855077126e+00
1.072991164681596388e+00
1.073529207066771685e+00
1.083009748643601000e+00
1.039455821278364223e+00
1.096372277960379504e+00
1.076833813759034308e+00
1.033275891024233673e+00
1.020431114480689683e+00
1.098441619018998727e+00
1.082412474254438317e+00
1.021341774427948490e+00
1.085770940083569558e+00
1.064560637359494466e+00
1.005123258546538612e+00
1.018071405964542597e+00
1.067833050573107734e+00
1.079445825551700544e+00
1.071224337363073875e+00
1.022229218218650981e+00
1.016347637616196842e+00
1.046025416150373699e+00
1.041822100897032310e+00
1.093019079490006762e+00
1.020447282519770127e+00
1.099433236657507473e+00
1.075295270369806877e+00
1.038127134645957073e+00
1.044966785504022333e+00
1.084487169159990216e+00
1.087094730122393882e+00
1.070742215655948737e+00
1.029335849851100937e+00
1.022763961962046997e+00
1.050621070342134367e+00
1.056482552769559602e+00
1.031479780170783567e+00
1.049056949668699890e+00
1.098872714812689777e+00
1.081026431668712817e+00
1.036828337689948087e+00
1.051911937671955899e+00
1.036908358366439131e+00
1.036710954019076647e+00
1.023965798470477528e+00
1.032302894958304851e+00
1.034142640091538112e+00
1.044817324503945599e+00
1.057726988995308481e+00
1.031645594108180575e+00
1.006299135415110513e+00
1.090151578601600946e+00
1.048623025005243514e+00
1.092343416554028668e+00
1.076209439569257631e+00
1.004168381522111186e+00
1.066590756499269599e+00
1.093048403249325728e+00
1.072333132675225675e+00
1.047100424303125221e+00
1.084028452350113580e+00
1.036940701864817571e+00
1.008723965850756743e+00
1.035902516103911486e+00
1.042534126387875570e+00
1.027680281772429316e+00
1.058943833020505876e+00
1.062276448857305544e+00
1.018110088360324461e+00
1.088606220750331532e+00
1.074251838992692942e+00
1.013217043486570379e+00
1.080044376335380196e+00
1.067883705354356616e+00
1.031953642427040352e+00
1.052704962732772476e+00
1.064548033021657014e+00
1.009039056229999343e+00
1.085213569622180740e+00
1.044186419060711080e+00
1.028294025113842380e+00
1.095789797515881236e+00
1.025866343270757319e+00
1.001216536129039270e+00
1.098432639026158730e+00
1.024134193761094602e+00
1.079582551693269332e+00
1.077866325635792544e+00
1.025783383680374694e+00
1.028411288199645446e+00
1.015060608912020212e+00
1.002593030939607388e+00
1.075314985407498147e+00
1.001486356128071575e+00
1.091292099665276183e+00
1.094567116710009946e+00
1.052374388172112818e+00
1.067670910406697260e+00
1.048076694242455531e+00
1.068154391153109284e+00
1.038151135696256944e+00
1.042034387671979978e+00
1.095362619359574685e+00
1.016564224517728654e+00
1.012490251488471049e+00
1.094694278133042875e+00
1.049156404937930054e+00
1.046822992413519948e+00
1.060016594293957892e+00
1.021379204918116956e+00
1.071673864285801248e+00
1.048273204929205837e+00
1.016273885683056211e+00
1.014691832979457864e+00
1.080169061506430328e+00
1.077385349847290508e+00
1.085879087964326306e+00
1.015020058527404068e+00
1.049751202880670808e+00
1.031408851266202964e+00
1.084942165819894777e+00
1.051189593280714263e+00
1.024196171547101075e+00
1.099130534780142554e+00
1.006750908660134947e+00
1.050201172855595111e+00
1.078601043153917471e+00
1.079939152035181316e+00
1.085559271959809058e+00
1.001995187647337637e+00
1.055845370063122290e+00
1.010745191289350142e+00
1.022262165951770996e+00
1.003349376315519681e+00
1.073389362706483219e+00
1.025955515923922867e+00
1.069359924842696818e+00
1.030405355915945398e+00
1.004642318948653745e+00
1.016541616757767663e+00
1.051028469859629277e+00
1.054699671699522945e+00
1.028419569738625361e+00
1.009995579686310707e+00
1.045244099763800616e+00
1.005711468698251121e+00
1.000697939697138494e+00
1.090239669748222617e+00
1.007176048186975370e+00
1.072990162282305704e+00
1.078264748110427274e+00
1.046282961549398927e+00
1.087942951011102499e+00
1.079160226459690897e+00
1.065855312963543744e+00
1.018355284494354640e+00
1.006691885281528531e+00
1.064408272124363730e+00
1.011671989387878279e+00
1.059649935882051253e+00
1.063031748582976110e+00
1.013092039357416985e+00
1.083797628421994785e+00
1.033277732329445753e+00
1.006022992858287335e+00
1.059752246222397609e+00
1.035761667407883335e+00
1.027440413019541587e+00
1.012883081465856039e+00
1.060824162975362750e+00
1.034230217116200334e+00
1.020614899039039569e+00
1.068540112486439542e+00
1.034902893243813349e+00
1.092741612892985659e+00
1.025155692014362740e+00
1.097319393803305676e+00
1.005527792654028252e+00
1.081262454341443968e+00
1.034063343750334596e+00
1.071657920185703938e+00
1.005814191572700578e+00
1.007816518410981743e+00
1.050342837477498792e+00
1.044221029163244774e+00
1.055180377267832093e+00
1.048091016090536565e+00
1.096684291556200952e+00
1.029807795679744675e+00
1.049959476953718829e+00
1.091670128975597898e+00
1.082629335546864136e+00
1.013301861614818833e+00
1.049787859947392654e+00
1.068537510421217807e+00
1.008312103924075442e+00
1.067921009964680090e+00
1.080148566312486125e+00
1.003240590900482676e+00
1.031243662913618575e+00
1.035974858825502665e+00
1.037926009069183975e+00
1.006504385902613929e+00
1.096206197040460628e+00
1.008617723521423315e+00
1.014369350958084448e+00
1.048309340987308325e+00
1.028661331176865534e+00
1.058834581997124102e+00
1.078009855235119607e+00
1.016746747939624829e+00
1.048171521373605808e+00
1.003348967432743821e+00
1.076574971972108496e+00
1.041079686791222869e+00
1.023858756391524460e+00
1.068163759418436110e+00
1.082236024374823691e+00
1.078436517297396868e+00
1.090645758030720058e+00
1.036354436469708373e+00
1.063359527932185911e+00
1.009194457250150112e+00
1.003291231710169651e+00
1.018768266030383618e+00
1.032229604691104585e+00
1.015083548166482386e+00
1.067766569116303410e+00
1.079462735968141907e+00
1.000994179467937339e+00
1.032163035950792729e+00
1.043500363425502009e+00
1.094736489350319086e+00
1.095314189493567403e+00
1.014962420548622291e+00
1.034464425017158851e+00
1.076088390625429270e+00
1.081761429855390366e+00
1.078038785280127865e+00
1.087911925592312867e+00
1.038402184714176224e+00
1.008150555614258925e+00
1.079496370028582897e+00
1.008878514059402987e+00
1.075539484417416869e+00
1.057430492623237850e+00
1.069012238229462231e+00
1.081493383906564132e+00
1.065194474572675132e+00
1.070042217644082916e+00
1.000794439033617422e+00
1.062745143802891645e+00
1.047374579591512589e+00
1.010470285303341376e+00
1.051936704005473677e+00
1.019205619968071019e+00
1.031410010142235656e+00
1.030750317153788398e+00
1.055409128017619436e+00
1.020413490968967274e+00
1.019955234269836142e+00
1.040683926556262850e+00
1.027376013261042997e+00
1.096919991162491614e+00
1.015885298723374186e+00
1.009312753091231141e+00
1.060759910696648323e+00
1.072547131479219873e+00
1.009228220604121873e+00
1.035514628852403973e+00
1.068104881217085245e+00
1.094246769091411497e+00
1.094641742041131627e+00
1.030791630016557825e+00
1.066967588449514004e+00
1.026578481672260512e+00
1.085480261395264767e+00
1.030809000497181271e+00
1.021302527597580445e+00
1.059262474154596845e+00
1.030907328810440671e+00
1.071628101068984096e+00
1.076202509509230687e+00
1.059683148388850027e+00
1.086670893606918931e+00
1.053804710966061986e+00
1.023030042622842917e+00
1.087048138388419405e+00
1.086938427504157811e+00
1.050210838796646673e+00
1.072568490934240781e+00
1.076055662801945090e+00
1.013288609800396145e+00
1.087411010405514578e+00
1.090247479762704863e+00
1.029282641562755840e+00
1.006888030271600343e+00
1.042155984947853220e+00
1.082695784454383858e+00
1.076923790541818748e+00
1.071889663127476799e+00
1.090292120529659403e+00
1.032853502650920907e+00
1.051010479602617842e+00
1.017402218181624685e+00
1.045522403575831039e+00
1.083374455030004180e+00
1.034815377118686319e+00
1.095754873248582006e+00
1.067381574756078866e+00
1.001003147840571872e+00
1.073021107827363041e+00
1.010627084833570999e+00
1.077687265662560012e+00
1.076242792107600099e+00
1.062047842283252219e+00
1.008546279504846321e+00
1.015058587360784248e+00
1.034855943484519036e+00
1.025967637908519858e+00
1.010145072674310862e+00
1.028103743683548954e+00
1.021206966869907973e+00
1.049322504170891346e+00
1.090913869583944207e+00
1.013869925308182651e+00
1.091917275063268633e+00
1.096296116294721124e+00
1.062706473744133406e+00
1.031962134521590357e+00
1.006272993118449310e+00
1.037026236167788218e+00
1.057586643818444472e+00
1.087462754391523845e+00
1.020269772011146658e+00
1.019293766883038410e+00
1.017683891827094511e+00
1.021647049158061593e+00
1.089925692046631145e+00
1.015416490247358583e+00
1.067945018984193695e+00
1.096768711363528492e+00
1.090674059502416249e+00
1.082491687531437652e+00
1.034417511471050766e+00
1.009264645187917697e+00
1.061014832798403695e+00
1.057698590586455989e+00
1.006538145900024439e+00
1.004873852277916368e+00
1.065805193151797337e+00
1.034803999686865650e+00
1.037496901033674312e+00
1.081997601410904952e+00
1.031570980992585040e+00
1.055591745788391211e+00
1.077419631108281761e+00
1.096767139232906585e+00
1.094177262628074576e+00
1.012415832590016995e+00
1.034810976005011041e+00
1.022637242766613497e+00
1.087085077899937691e+00
1.066765052670891167e+00
1.007155628066572106e+00
1.088725512265578343e+00
1.092922341314602086e+00
1.064046252809305537e+00
1.032614587057201216e+00
1.009978944237428955e+00
1.020652812920764152e+00
1.057627917329773348e+00
1.042779537953041125e+00
1.036173714236621857e+00
1.025180943760768404e+00
1.097942097871384304e+00
1.036184434827358558e+00
1.049330327725732426e+00
1.051661298673027822e+00
1.032939346468762620e+00
1.011551665710620940e+00
1.039210533861112173e+00
1.064236058454848033e+00
1.068347218955502553e+00
1.099283234384558217e+00
1.092842767005898441e+00
1.012744650066223162e+00
1.006335753804928679e+00
1.096002174812460206e+00
1.084761366435547325e+00
1.042980050399362035e+00
1.017963930333596778e+00
1.021646014034548244e+00
1.085720759144435332e+00
1.017195471857992306e+00
1.027335791583587898e+00
1.051144718553046253e+00
1.025417994374288044e+00
1.020406455436053239e+00
1.071572746032050105e+00
1.021701537919485592e+00
1.032696648586754362e+00
1.039126920018988542e+00
1.089264386250149430e+00
1.081718098250581850e+00
1.014732479860454895e+00
1.001902790789803488e+00
1.075476766865678391e+00
1.029159171106410753e+00
1.026401170854794431e+00
1.089296769391516095e+00
1.051863087092475668e+00
1.036859532533375816e+00
1.034528886761875377e+00
1.033223635898235404e+00
1.007181312513209193e+00
1.044287072435949426e+00
1.019431496896519906e+00
1.039184762282254981e+00
1.008935270855180866e+00
1.058197168546085587e+00
1.012571160208292520e+00
1.014468091250372739e+00
1.011965626162177445e+00
1.061475415930218880e+00
1.097924940871587651e+00
1.006022601088163437e+00
1.069700928108197502e+00
1.009489427766987246e+00
1.082979034645505045e+00
1.021778476405156288e+00
1.059387224153259588e+00
1.021238044639348086e+00
1.056204763764037491e+00
1.028556735254553045e+00
1.011563423391022898e+00
1.003183831642544321e+00
1.067740368703034681e+00
1.044715516124359311e+00
1.071865953075947564e+00
1.009272115480586818e+00
1.086728964622219573e+00
1.077434489615304747e+00
1.062540770805725510e+00
1.049997014829820774e+00
1.039962329779589911e+00
1.012407507686335917e+00
1.040681061846555844e+00
1.099948327844467943e+00
1.080961771853478970e+00
1.060748920443928656e+00
1.070761674956617782e+00
1.001521511493332905e+00
1.060804902352404211e+00
1.076258863683990041e+00
1.060345847058324686e+00
1.004678579269993488e+00
1.035657943206259590e+00
1.053730091446885897e+00
1.022549780766263794e+00
1.037290064757853791e+00
1.014276966948940206e+00
1.065229923165762482e+00
1.039688493621610421e+00
1.008622875252250806e+00
1.033431826986094926e+00
1.025628700090676970e+00
1.043201393515397646e+00
1.004839397395535627e+00
1.013838152770670131e+00
1.088085564645229431e+00
1.042904965777651904e+00
1.018321344578241527e+00
1.035447000950156404e+00
1.030317685940326466e+00
1.058169968183298781e+00
1.003849441448606772e+00
1.018061480709821387e+00
1.007294391697618252e+00
1.059178952586112388e+00
1.061066993754342658e+00
1.001318041105176082e+00
1.025797209884246053e+00
1.050350824772550373e+00
1.021491142931148843e+00
1.094610676314508257e+00
1.070650299113278248e+00
1.030962020666074341e+00
1.076529078892827007e+00
1.089770658023094141e+00
1.070541353251343475e+00
1.096216332886037037e+00
1.000568862056410602e+00
1.015218915963480573e+00
1.078718046927914065e+00
1.060215472309192108e+00
1.005399944818936353e+00
1.067017936106507525e+00
1.091075009794014949e+00
1.065813120961347282e+00
1.042817305173781683e+00
1.050185523394998377e+00
1.000992819107886511e+00
1.049690595507314583e+00
1.043051818182525015e+00
1.084580108560519784e+00
1.099840553673497867e+00
1.081598409755520018e+00
1.042881743957653873e+00
1.022559135296739807e+00
1.061918761221243956e+00
1.048479916420530511e+00
1.062229459504711260e+00
1.082810841445747574e+00
1.076131027823625130e+00
1.085355080228775693e+00
1.017796771485827589e+00
1.060076886049683420e+00
1.063198489012666670e+00
1.097649725709660018e+00
1.064098976605132307e+00
1.025540633627448628e+00
1.066972548721088376e+00
1.077168295083940741e+00
1.048745771643329272e+00
1.076582470895278476e+00
1.076803473613039186e+00
1.045071884133250917e+00
1.046249818592512426e+00
1.070184055341229845e+00
1.052780901751913634e+00
1.002341510092263466e+00
1.056228574672714027e+00
1.001657838864788097e+00
1.077807123542724899e+00
