-1.480984898996941246e-02
9.002735431089817913e-03
-1.073441902467330011e-02
8.917872351576731915e-02
7.272778775308100241e-02
6.884248146841231986e-02
4.213591586883852491e-02
1.384455339181711250e-02
6.202775720304268270e-02
1.518890283224828483e-02
-1.749872524695639253e-02
2.857306992785445601e-02
6.794371141084504240e-02
7.959691658346375320e-02
-1.351443793658002254e-02
9.466809311567454810e-02
2.021038523228447029e-02
2.915809068024679054e-02
-1.779886525301785025e-02
5.732298329675786230e-02
6.319743191451224207e-02
2.489425311412912442e-02
2.650463958838742209e-02
3.606506073649003163e-02
6.288568187879653437e-02
-8.529063551315160113e-03
4.757947209880836886e-03
5.461255083863561510e-02
1.976468786661180962e-02
1.014990749213617524e-02
5.943753210577018553e-02
2.474829413174051834e-03
6.946277156014631082e-02
5.235030088839030815e-02
2.980568737527195325e-02
4.274211068828769056e-02
9.907285973847020089e-02
9.969940096708596045e-02
7.965184612393672037e-02
1.735890570666566782e-02
4.555558205040330377e-02
-1.438869559210092380e-02
1.628827082619861352e-02
2.598115236348173471e-02
4.645755320297526025e-02
5.858495145290239237e-02
4.729363480435565259e-02
4.532974048383428545e-02
1.441790316854372686e-02
5.033571323352378779e-02
8.557084828413025201e-02
9.774280137060220586e-02
2.413971113722521850e-03
9.274684223443292741e-02
2.293151839681713267e-03
4.722102710049227992e-02
1.841926672224511799e-02
9.010863682432065924e-02
2.101523647011467252e-02
6.033672570577304495e-02
8.131094448652906315e-02
-1.093034387336959228e-02
-1.080552117016806909e-02
4.062097865260841378e-02
6.268721588490334951e-02
-3.957027105460465127e-03
3.682520486249200864e-02
3.690455604887803165e-02
6.674426697387497720e-02
-1.861682814446131984e-02
4.239041912757665620e-02
-1.950218157261586482e-02
1.794332181142823876e-02
7.332456863044616024e-02
5.651962285322310875e-02
3.928054431758183640e-02
8.994752104315080488e-02
-1.474620883588428563e-02
3.018084495841178924e-02
5.465654879022652235e-02
-1.069509455884578610e-02
4.380970543196020806e-02
2.374383329209213064e-02
-1.177527458020861603e-02
6.955622858919877083e-02
5.213138828409119574e-02
7.945721695433494158e-02
-1.870961283563275096e-02
3.362333160704773782e-02
7.347518350288968769e-02
8.735794641984423459e-02
3.312503170129633967e-02
9.091009217978462259e-03
7.271209609218078074e-02
7.073975376967202300e-02
-1.571203079180933521e-02
6.025170583873192681e-03
8.168009699798099710e-02
-4.366101049291668673e-03
2.423842865333799071e-02
3.078757401898419774e-02
5.888439612497896325e-02
8.590734880476508240e-02
7.325584871874926685e-02
3.532124220000974757e-02
6.371681530703142415e-02
5.886420866380663586e-02
3.602032568691863890e-02
7.236600572280653398e-02
3.942298937348086285e-02
4.128768164986726386e-02
9.458050278901480867e-02
5.393628555483104270e-02
5.976196695327076758e-02
9.740383054653702077e-02
-1.856971087029282014e-03
1.349709521369819865e-03
1.377591223537886697e-02
9.311135460340379255e-02
3.849501993780116149e-02
9.452762339613803022e-02
-1.338030286145044934e-02
8.298516278127279766e-02
3.120393345170558927e-02
6.009813156630622322e-02
-1.048672275493353623e-02
5.757678061461943275e-02
4.865672145502555890e-02
4.383994025502413461e-02
9.821637508190865506e-02
9.878148898162211755e-02
-2.770678954768557994e-03
2.990351871469663567e-02
6.808533674790717694e-02
4.385247405613135196e-02
-1.233264452678750622e-02
4.018554547971757429e-02
6.714024347255617697e-02
8.882991220828226342e-02
7.147870983786823451e-02
-1.666832168216236809e-02
8.936179558505984166e-02
9.196102366105568526e-02
2.587436512678121039e-02
5.323791719416127999e-02
9.212382580990095826e-02
-1.720138931252706421e-02
1.211207330495675180e-02
9.505989481219015436e-02
4.565579268110606104e-02
4.777783564498154500e-02
-8.424038670809541607e-04
5.006642588337771593e-02
3.802628185011092121e-03
-3.065117188267189180e-03
1.515958231541709653e-02
2.930553962923593964e-03
-1.074491034393610690e-02
1.585111095867893991e-02
1.364355949860021969e-02
4.500341722269984857e-02
8.595316318481548146e-02
5.408424804899401861e-02
2.330168000566329792e-02
2.266073120531956683e-02
7.960214479361432671e-03
1.489977720928663610e-02
6.038837071702370107e-02
5.196954544361459538e-02
6.771278517209801395e-02
3.102903936837884610e-02
-1.621420258073781595e-02
1.155476991246429455e-02
5.126449720443411462e-02
-1.980137080819318121e-02
-2.087812958168431404e-03
5.387733503809130631e-02
5.304972250900161224e-02
6.513992535716506271e-02
9.431378435989002523e-03
1.070315665107324579e-02
6.658210966505431760e-02
5.321513238422706515e-02
4.144167994727782078e-02
5.343619160903603782e-02
8.849364285735192293e-02
3.067578855978029748e-02
4.376600546436636152e-02
5.128008999436629856e-02
4.757943312110275713e-02
2.707568612664058849e-03
6.384342090890549049e-02
3.183411203474321993e-02
7.660239252301920265e-02
6.453241169797412080e-02
8.831665303725821231e-03
9.343524350421515690e-02
1.890115402762026012e-02
5.612392394175522159e-02
7.936178686042585917e-02
4.703835363922587165e-02
4.688534661867158060e-02
3.419062461389044127e-02
5.118061093306787435e-02
4.968607434135494105e-02
5.744987569385494319e-02
-1.867418933434656161e-02
-3.930397846503140558e-03
1.889732138777451206e-02
3.759633846891036191e-02
9.253226732178553016e-02
5.196009977303420180e-02
4.356984261017561588e-02
7.444461715800239354e-02
-1.386752139787407814e-02
5.210917107983741026e-02
-8.865306439942828576e-03
1.680713539683694954e-02
1.428424620418200508e-03
3.470178496556484277e-03
4.498488792753754795e-02
5.095367191817709585e-02
1.336630001622566774e-02
4.651433033452478938e-02
8.258752217510084703e-02
4.590790538591772718e-03
2.844819641498715426e-02
-1.836662439109768702e-02
-1.245102965229256606e-02
9.738750072273873182e-02
4.468121055112550533e-02
3.509534430991270715e-02
-4.325240859166454288e-04
5.213313478118056232e-02
1.297668585556633128e-02
5.845984658534046641e-02
-1.906984969770346774e-02
1.853997611890207883e-02
-3.326085795810784784e-03
9.814642529141198724e-02
-1.215838867626587577e-02
-3.858067270843420354e-03
6.285278869925178813e-02
-1.413338389725146693e-02
6.872269926512181160e-02
5.766881472083194848e-02
-4.890376611789672839e-03
-1.083735080026535999e-02
9.369887194738486108e-03
-4.009486009075111795e-03
8.276221409966255660e-02
2.114089802318781450e-02
6.978354342851059156e-02
1.011876357517114619e-02
2.246466237765204835e-02
6.341467113925042254e-02
8.362444116369674441e-04
2.692180825167406547e-02
4.272266387827350353e-03
7.514514857889097177e-02
4.514093823113707327e-02
-1.433464358573627653e-02
6.983469830291258451e-02
-1.843131989678204255e-02
6.564967815818438523e-02
6.314852984322168183e-02
-1.685029241995664867e-02
9.988945064071658164e-02
-1.061437411418339992e-02
6.926296250122326859e-02
-1.354173282991069996e-02
-1.909990095102748892e-02
2.674102496538504140e-02
6.335535142647381879e-02
6.546163214624937943e-02
-1.566926262044523316e-02
4.676490794152095287e-02
6.137172597246035033e-02
3.087478849451761806e-02
6.927426394601110538e-02
3.462916854303954572e-02
2.306657992312860159e-02
9.225928998268446979e-02
9.898595751439519252e-02
7.588453777207450346e-02
-1.419518150290191572e-02
2.209667971510211396e-02
6.980016637221660158e-02
9.151720761701584439e-02
-5.292116181862071764e-03
6.266201159118230113e-02
1.116054293799967345e-02
4.045340941446304295e-02
6.920053899293013289e-02
4.747866038798169430e-03
1.602239258420516330e-02
1.945945943343853693e-02
2.966230213006868996e-02
7.914960867335422978e-02
-1.774630809524030059e-02
7.749493930499960770e-02
7.261213603455032861e-02
1.839038434329730645e-02
4.018399969753366774e-02
1.716408144442168812e-02
2.297934320747255579e-02
7.773991791688895925e-04
1.125236182235592533e-02
2.111579658322015537e-02
1.922886875239228008e-02
7.346954811407004071e-02
6.835695166356592356e-02
3.069122228323315632e-03
5.642167837539575903e-03
-4.379440919155180856e-03
9.936316923531809953e-02
2.687802384752929416e-02
4.293334226399989073e-02
5.920842974206827480e-02
2.860268463664160030e-02
-3.479406461159836872e-03
1.199894228324742754e-02
5.718695338145440843e-02
1.979361805384366110e-02
4.985150428960440083e-02
8.808589082709609996e-02
7.984654534024136774e-02
5.539702190543918658e-02
2.192147511471210716e-02
-1.778741457009449037e-02
7.720944210149895126e-02
7.020815665463049637e-02
7.693099667706491951e-02
1.063159689977711750e-02
1.779322156448398876e-02
7.062759225360160098e-02
1.655572361882131152e-02
6.081414269366043623e-02
5.663823761656562594e-02
-1.132021572939108031e-02
6.459577155799951786e-02
-1.242958557669520195e-02
2.662041316427644563e-02
4.277533422156375165e-02
2.654241462801726001e-02
9.353481469530047776e-02
8.960906211964157764e-02
4.492514014619460039e-02
9.255448725515430519e-02
7.760244096845596296e-02
-1.602384985730665248e-02
9.148146738326239091e-02
1.308257503658149731e-02
9.347864151408191713e-02
1.590060552283342407e-02
1.216729271200697390e-02
1.898122907287620384e-02
4.385544872020610829e-02
5.215304110628037060e-02
1.879627674300949139e-02
-2.320645722973291997e-03
1.213130311813916465e-02
5.446433196339795640e-03
8.843935736259699032e-02
1.923718759436234341e-02
6.486351138453134990e-02
2.418531295149463009e-02
1.629964868551084592e-02
6.217336923070269916e-03
4.089655939368402882e-02
-1.243334196271824940e-02
3.364165247120981528e-02
-5.161547431827404400e-03
9.461955034176815216e-02
-5.478489053293181948e-03
5.230555705531131361e-03
2.104710385220180321e-02
9.794241904187385439e-02
5.843080061301060557e-02
9.064035233096312538e-02
9.277170313199489815e-02
3.193324405106129360e-02
8.055462652150995051e-02
2.254550479872932320e-02
4.783678538623731269e-02
3.856060400345477646e-02
3.407229703212275029e-02
9.924241995547901374e-02
1.196462458886956778e-02
6.663331262862208504e-02
7.314972217180228109e-02
5.346613286786515429e-02
5.076066752454561071e-03
2.712692433390529248e-02
1.144328367088171330e-02
3.135109879399983202e-02
1.637068748871994481e-02
2.015079203622134260e-02
3.754370575410416466e-02
4.423711163227357634e-02
4.343077452740612410e-02
-1.190291015202382674e-02
-1.055502324781044422e-02
-2.662493402316779001e-03
-1.069327759331505957e-02
-1.411872477388186574e-02
9.776530803120941915e-02
1.298056590752037429e-02
-1.679259847533403141e-02
8.113012379595543888e-02
4.540167230509672969e-02
2.595221265531053728e-03
3.027971201050692548e-02
2.678036697164913951e-02
2.719445906249804215e-02
3.945097077316418732e-02
-4.217128572001644510e-03
3.984341415227565797e-02
5.365646050490492647e-02
3.496792837464680892e-02
2.594664833502757437e-02
3.041233560545840084e-02
5.426636469208688529e-02
2.221333295525660181e-02
8.276888220751288383e-03
-1.579002366240709818e-02
-1.285076521352946158e-02
8.073807023119264348e-02
-5.058872223683178598e-03
5.546715820760941829e-02
-1.618989916965858297e-02
8.405388188990584042e-02
8.480216009010754785e-02
4.152315876388847082e-02
9.683928092589461079e-02
3.054027335986892258e-02
9.527585095370827428e-02
-1.160342791328148812e-02
9.389989315032629125e-02
1.676614465864297368e-02
-1.420722273961147995e-02
5.816228144112434162e-02
9.855084835518777842e-02
-1.438579761235861398e-02
6.297081338383353488e-02
2.295777722425208431e-02
6.783582791282484481e-02
3.589016430883048420e-03
9.486930488406812578e-02
4.857877724074426140e-02
8.918107471669965008e-03
6.175943611681032619e-02
2.841867580151878278e-02
-1.068102268604883241e-02
5.903120515801084378e-02
8.131044118161216694e-02
5.769883189692452674e-02
3.193022350307363200e-02
6.795614288468244946e-02
1.718872404705854354e-02
8.709982887134651297e-02
5.706877038923405254e-04
8.624289781107324915e-02
4.708571495519089933e-02
-1.401017070925287406e-03
8.746073589503181034e-02
5.628849799417229294e-02
4.912024307881436569e-02
7.875002384905166464e-02
2.358600149692377176e-02
3.991133714911650199e-02
-1.887615043290451211e-02
8.271095432661501601e-02
3.505245769876778883e-02
4.590359833150949032e-02
9.701759104883922458e-02
4.064824159702004613e-02
6.085986157382218542e-02
-1.900295355764333033e-02
9.272048741183443188e-02
2.039798279060002148e-02
5.215011345720693692e-02
1.245860474472815574e-02
1.711229009560868639e-02
1.696549338264952481e-02
5.837716254223775103e-02
6.090283519306881332e-02
7.941484887564801559e-03
3.202196258667482087e-02
9.609757136227881080e-02
2.904823236487399582e-02
-1.343375427916701503e-02
4.109402195500039268e-02
1.016105095927231222e-02
2.804853771865636544e-02
4.196741406941371932e-02
5.116673263234185198e-02
3.011999242402100749e-02
-1.268560098926268739e-02
-8.094035871717602040e-03
