1.036215210641982187e+00
1.038730391032819167e+00
1.011254276629974358e+00
1.001627997074258092e+00
1.012614723833297870e+00
1.067459964717354381e+00
1.017319528261909634e+00
1.096966024427791231e+00
1.030034118155590539e+00
1.004220448619226547e+00
1.090184722465776579e+00
1.050696162909589670e+00
1.060504149087160508e+00
1.047453171196470967e+00
1.016518078696133198e+00
1.037244104957121049e+00
1.044858208019314283e+00
1.071796404804344460e+00
1.003074247244540418e+00
1.057838378394233558e+00
1.019756122435296231e+00
1.043687102290905111e+00
1.055993290008655938e+00
1.094881119583731799e+00
1.099315605868394830e+00
1.040541852532267830e+00
1.073262566023983178e+00
1.027058375721679129e+00
1.023261060920521048e+00
1.081926298562753352e+00
1.026002787242947356e+00
1.081349721625050719e+00
1.087605051995358396e+00
1.053719520371018126e+00
1.034629485931658710e+00
1.089034784779222997e+00
1.025108864217211257e+00
1.045901698277587277e+00
1.083381892965987525e+00
1.019766941939656224e+00
1.001281418713563465e+00
1.041697016844346235e+00
1.042123660458271095e+00
1.025691808108928349e+00
1.030093863387005593e+00
1.062415912607144852e+00
1.094982779766551673e+00
1.049427418069635465e+00
1.013158846712359562e+00
1.048626608731898058e+00
1.011243611834842460e+00
1.044782490530338670e+00
1.065667896782512392e+00
1.016807451032260223e+00
1.085733195716664268e+00
1.003886339460754673e+00
1.066166348631268690e+00
1.080258831760672722e+00
1.083760973573393738e+00
1.035224109509099710e+00
1.021664827075396964e+00
1.098596900126561859e+00
1.067200586964787590e+00
1.076111588740988889e+00
1.098138354160502983e+00
1.030336367479690152e+00
1.004625481980993440e+00
1.064621377247856326e+00
1.046257310006554420e+00
1.025693738869073668e+00
1.088399576494003762e+00
1.070920647002701287e+00
1.037898379883817945e+00
1.030139683821913898e+00
1.011936203771884646e+00
1.039107951209435221e+00
1.029034051791515747e+00
1.096531107283275075e+00
1.055690383022278578e+00
1.079392525607371311e+00
1.035324573840752382e+00
1.018035583359095053e+00
1.003795004359891330e+00
1.079765671392522108e+00
1.071325081491289355e+00
1.058589334193018816e+00
1.047877270305085373e+00
1.012947560499785737e+00
1.044704002597270032e+00
1.015992086625503443e+00
1.087854730900515099e+00
1.037874265110724226e+00
1.013283683824221182e+00
1.016617929903558259e+00
1.029501430171285259e+00
1.018286633481384484e+00
1.057220616017900294e+00
1.005845474963953379e+00
1.095960413464184269e+00
1.090194420860925995e+00
1.014608583146159759e+00
1.018399826868610969e+00
1.021803721762062134e+00
1.056934332903476603e+00
1.024720927187781294e+00
1.016173155856372690e+00
1.073242902849714353e+00
1.017262912102428585e+00
1.040507893453811450e+00
1.093570067214990171e+00
1.017717045040059665e+00
1.073805456265191305e+00
1.015470458397040643e+00
1.099281468536128958e+00
1.039854268174613683e+00
1.024804737935140819e+00
1.026263024357236375e+00
1.013830515608048710e+00
1.046057666933003505e+00
1.061202044923302612e+00
1.081808131421850394e+00
1.019133623796931509e+00
1.098685001043663734e+00
1.054772451900981567e+00
1.080674421190124912e+00
1.094187038197303341e+00
1.096114138958913742e+00
1.005276025514026728e+00
1.085654983150835085e+00
1.059713133947443708e+00
1.022414774801160053e+00
1.077980131566805388e+00
1.055626542135013057e+00
1.048717392682363636e+00
1.012292110976779735e+00
1.048465037842148950e+00
1.096935290512843331e+00
1.078010549277645502e+00
1.075929980498727678e+00
1.027728157419271815e+00
1.026555549870501238e+00
1.093051250320625556e+00
1.010276449710809654e+00
1.009304684994873025e+00
1.033150067725962185e+00
1.089941902900539494e+00
1.081569749715396656e+00
1.088272473017110498e+00
1.040228949947983539e+00
1.087386089484673635e+00
1.007403275949371402e+00
1.021740867409674847e+00
1.045667388061672032e+00
1.028364167433452714e+00
1.034016421381594331e+00
1.002923449952693558e+00
1.099612921923946329e+00
1.039464156455759403e+00
1.054052282297617493e+00
1.004900955732356049e+00
1.094195470917894708e+00
1.032707798704879831e+00
1.089313437300151399e+00
1.007377281741801189e+00
1.086796770020251657e+00
1.076590885704252099e+00
1.052547048746463210e+00
1.090352445718788532e+00
1.085181657138684530e+00
1.069723906394546953e+00
1.014994701811490874e+00
1.084845127259340014e+00
1.034919120923263547e+00
1.029189864081783812e+00
1.092411132614318214e+00
1.010960897914699119e+00
1.060518275907148311e+00
1.092454697954699183e+00
1.077322713929519615e+00
1.085204570280979608e+00
1.071988289999404209e+00
1.059992817275421384e+00
1.051271634033716706e+00
1.087811931763290163e+00
1.045800400010282516e+00
1.006380817505784231e+00
1.006710903562189952e+00
1.094842939358683154e+00
1.040545203125336160e+00
1.083246781778181900e+00
1.000094790373598608e+00
1.026880961668939607e+00
1.002781314979316774e+00
1.011581478426369474e+00
1.096885937142940914e+00
1.068749599220744084e+00
1.047451781568316864e+00
1.076563750156886323e+00
1.039040560657661150e+00
1.050670824339441589e+00
1.057508888596781382e+00
1.080045691514796902e+00
1.029511694907871089e+00
1.047655128026695248e+00
1.068981748441460544e+00
1.044160398916825105e+00
1.055003020577872208e+00
1.016457402430980261e+00
1.042198380965035920e+00
1.034816848082209306e+00
1.060512704169315201e+00
1.023500250643774478e+00
1.079397675884971264e+00
1.028056984347390790e+00
1.055820018116369718e+00
1.091552952475843385e+00
1.011363100139186955e+00
1.060467093604763100e+00
1.097767359442854307e+00
1.066686234470936023e+00
1.009541478713623208e+00
1.033289205020757384e+00
1.091918768420530039e+00
1.053349121218660089e+00
1.021055917617711861e+00
1.057163496586687401e+00
1.073460578124506792e+00
1.092550278780818340e+00
1.043976495535058113e+00
1.096829483349855749e+00
1.079156420298293728e+00
1.025937258946889585e+00
1.084772305774650780e+00
1.036815293747906708e+00
1.004320549773935145e+00
1.007954273163538472e+00
1.003304726993786256e+00
1.005995290416022980e+00
1.040036628250121220e+00
1.013349093221742603e+00
1.026032125307999809e+00
1.090715813523306155e+00
1.075184960450749294e+00
1.081128676810071854e+00
1.002348127312072235e+00
1.018844624698180823e+00
1.007001638419189105e+00
1.016138985723598287e+00
1.095318343212300816e+00
1.047386407797905594e+00
1.016552487032067020e+00
1.053902279692157551e+00
1.031777138610766809e+00
1.055887118157990967e+00
1.015930952366475015e+00
1.091841617982043156e+00
1.000978957668094527e+00
1.052186039414367169e+00
1.015549445730236977e+00
1.088929437127311051e+00
1.095313358363648515e+00
1.062140768638979216e+00
1.047446951503485435e+00
1.068594369282235501e+00
1.003140613996185371e+00
1.060289863119632692e+00
1.046005796377722064e+00
1.083008633237834140e+00
1.070989615421486407e+00
1.014370158957174972e+00
1.012808420436675627e+00
1.064718874736038767e+00
1.019077154688204256e+00
1.080561954899916577e+00
1.072691043508634534e+00
1.056948888100057937e+00
1.067207878003582966e+00
1.095629618490735702e+00
1.050003353371584236e+00
1.087673218378049089e+00
1.068321808631915282e+00
1.047889614812399728e+00
1.087997772970775046e+00
1.061679346653543021e+00
1.045351681793338150e+00
1.030952201669493862e+00
1.096850754785442472e+00
1.024866948696823155e+00
1.001958881467089890e+00
1.086768182601355548e+00
1.016290202664424047e+00
1.075450190696429331e+00
1.072304789609181075e+00
1.060010319388057232e+00
1.048676793957491471e+00
1.008941879440644174e+00
1.012193701367840371e+00
1.093681079159618097e+00
1.066224672578364840e+00
1.093544821935886979e+00
1.026298008821918017e+00
1.059455580628929638e+00
1.099099955398010309e+00
1.043347243400602586e+00
1.033556890093261904e+00
1.006895136341427133e+00
1.066740644611713806e+00
1.082935126580492069e+00
1.015599698174735943e+00
1.049181645228820958e+00
1.063496825980008165e+00
1.072658604134448135e+00
1.044768501497546520e+00
1.035067929025381028e+00
1.028576506971700555e+00
1.002853976999173780e+00
1.036762474100191955e+00
1.085558322634448736e+00
1.021115360488018320e+00
1.047328487449295187e+00
1.031958324130994420e+00
1.004323049896487907e+00
1.079584520955946925e+00
1.078880154730505581e+00
1.092918890242424279e+00
1.028862304226365598e+00
1.041199093564225020e+00
1.098079920494536399e+00
1.005638370508789015e+00
1.098490739715593412e+00
1.069563580373039002e+00
1.060907965194065827e+00
1.047646182718539487e+00
1.026967516390230983e+00
1.075304746992048033e+00
1.090112707016029692e+00
1.023250785901399285e+00
1.068106789288839842e+00
1.092224787123318608e+00
1.079309226493752938e+00
1.011244980388911641e+00
1.015738404024983277e+00
1.062899798700476683e+00
1.025036553601383016e+00
1.044211929476973610e+00
1.042038836085801279e+00
1.032416215147846650e+00
1.076722054467872391e+00
1.066839573581196854e+00
1.049649855613904448e+00
1.082862742580083859e+00
1.054496958060357148e+00
1.041744368386060104e+00
1.096309906035011883e+00
1.073273607017029896e+00
1.019926058640505673e+00
1.083808616589007290e+00
1.009822932972022302e+00
1.057713180608240933e+00
1.038223213435568226e+00
1.015354322004793364e+00
1.032760316013575874e+00
1.015940025985073492e+00
1.007691229630267360e+00
1.047099997166949237e+00
1.033966428461441156e+00
1.094331193915217160e+00
1.045726678778825303e+00
1.061886505660599944e+00
1.035394185905561981e+00
1.060360023559104858e+00
1.012249926219121798e+00
1.078421782073241131e+00
1.043796579734330932e+00
1.095681220192396887e+00
1.076827071790516843e+00
1.053400662042174085e+00
1.072864433721768318e+00
1.055833109537265280e+00
1.013272979133653884e+00
1.094575419740033917e+00
1.082099163390086716e+00
1.068075129678269120e+00
1.080736524441728408e+00
1.056712768592942719e+00
1.032306146709611516e+00
1.007906895224083055e+00
1.025582556261561917e+00
1.098575773009688561e+00
1.089416795502940349e+00
1.061382839813904022e+00
1.013630618155228813e+00
1.066148002027590413e+00
1.001422615086401402e+00
1.011710300746855973e+00
1.050486758243286189e+00
1.005174518769713865e+00
1.011392530849928084e+00
1.069047603022549087e+00
1.032700225252971560e+00
1.081873398014064458e+00
1.000333775807934256e+00
1.026486900249477419e+00
1.047013251023489078e+00
1.068282023041797979e+00
1.038532635696290729e+00
1.072580172098532181e+00
1.000329573049485443e+00
1.096923050713511039e+00
1.059337118432939429e+00
1.099768461308402889e+00
1.062911442429798292e+00
1.041123465870790188e+00
1.037540868825007845e+00
1.005214399021634453e+00
1.098913933256455477e+00
1.050350274323330613e+00
1.081150505670169126e+00
1.002176096651045789e+00
1.027525890737271741e+00
1.015818871478778140e+00
1.062131181414583292e+00
1.012301489872192928e+00
1.007142566130718064e+00
1.066059398313379036e+00
1.072482548846001027e+00
1.026297873662833871e+00
1.006437693189023097e+00
1.075959302160947928e+00
1.078852763229610101e+00
1.041058201895406432e+00
1.058053299612149445e+00
1.054175340395487881e+00
1.073264158546157088e+00
1.011814369278982495e+00
1.001244444416375279e+00
1.017558057562038654e+00
1.082050309010927247e+00
1.086556868947975429e+00
1.000351894191181978e+00
1.043321284828196971e+00
1.056740770000412999e+00
1.017431630045078972e+00
1.050566667058917547e+00
1.022281856566913172e+00
1.003640963841464284e+00
1.021693755962191252e+00
1.078323621427055068e+00
1.079385431185523103e+00
1.040872781781651213e+00
1.046268039445148013e+00
1.031464503631079221e+00
1.092678799899793773e+00
1.081344671162243642e+00
1.099182775102853116e+00
1.010889713079529573e+00
1.077119065373026929e+00
1.099910216498800386e+00
1.043287660489158331e+00
1.028674750314728659e+00
1.096470843322293387e+00
1.066595480790618167e+00
1.020737025388766650e+00
1.056420990577272789e+00
1.048671373108275073e+00
1.054726399642678114e+00
1.097166749122806317e+00
1.005628123140101637e+00
1.001267983601242584e+00
1.088924728091579475e+00
1.090844851288324202e+00
1.057846865624531008e+00
1.021753178571694898e+00
1.080073289254734226e+00
1.062407840064094389e+00
1.000309208222084800e+00
1.005956957923030082e+00
1.055883944617438619e+00
1.000017017302971212e+00
1.043829895070217839e+00
1.096093785772310092e+00
1.065976988171878803e+00
1.007787778409269253e+00
1.012375751410161673e+00
1.075913393555312458e+00
1.082887450627833870e+00
1.065316132273983030e+00
1.017124689078666933e+00
1.099271318073991699e+00
1.014280021552918631e+00
1.079182054396316426e+00
1.093101153971554051e+00
1.020185095344345649e+00
1.000346543122562659e+00
1.035462558990652093e+00
1.070980452428907714e+00
1.027185140599762514e+00
1.005888877661430314e+00
1.071282006483838645e+00
1.039094430802997904e+00
