3.115813695854251220e-03
4.499961077573941259e-02
5.845322038109330987e-02
6.271882011447928174e-02
3.507864543896205278e-02
3.450518300994716292e-02
6.279092560061554085e-02
2.355111549790623801e-02
4.806756762005494343e-02
1.516470233716841684e-02
8.306881716100539270e-02
9.694948296076366656e-02
4.272335534642535126e-02
8.898926262960815681e-02
6.582845241351410748e-02
3.967421811217966554e-02
6.336666825861689278e-02
9.227253457565476324e-02
3.443467697941997308e-02
-7.197958012309565654e-03
3.009860308209157467e-02
7.552987097416155593e-03
-4.135898631815914522e-03
7.189405093149235648e-02
1.208712516127434869e-02
3.657977531792165615e-03
8.919987132035715749e-02
1.536055944718494812e-02
3.727488633695057174e-02
3.776104411864118771e-02
2.362947759934428543e-03
8.288504895077287993e-02
8.310042454871052753e-02
7.240953743781128327e-04
3.913726072925154120e-02
-1.204813800671509193e-02
5.200689303072125735e-02
-6.661988760608665225e-03
3.269729897236831051e-02
4.606458698751814129e-02
1.262295731679540303e-02
3.841296430671986561e-02
-7.146570299118812711e-03
4.321312213681514913e-02
2.186594556486055191e-03
8.848007706701314923e-02
5.518537637901121951e-02
9.190319769836360897e-02
-3.712553360134453889e-03
-1.625246687358798681e-03
1.545275964456085602e-02
-1.556581173521342197e-02
8.287842251908413005e-02
4.930433570727420223e-02
7.807797260798156336e-02
4.471741448795389651e-02
6.547164022432938602e-02
1.472105337691084759e-03
4.718825174176506654e-02
8.399980689541233780e-02
4.633293416582584534e-02
3.505322604311086887e-02
3.688914139400593234e-03
9.125411915622350101e-02
8.526568332591417942e-03
8.801368196379154296e-02
6.116183707075012466e-02
9.860020343624150557e-03
6.128195438447306409e-02
3.881390929274831925e-02
8.095655869270997063e-02
2.449810797911384022e-02
7.490506827273675505e-02
3.911710830986880882e-02
8.178015449484839217e-02
5.560658038011404014e-02
-2.437117001390397275e-03
4.284262180798155406e-02
1.146293787479136031e-02
6.425099390597116544e-02
8.151796095331635683e-02
3.871345546733331866e-02
-1.389778826371235523e-02
-1.717821308884025927e-02
1.318535686448895142e-02
-1.318734294946978525e-04
6.240273600461891668e-02
5.107867649090806761e-02
8.864722668630449498e-02
4.214287506395636429e-02
-1.592664259752352152e-03
4.344644418586168788e-02
6.512812956284845523e-02
8.586699785884038122e-03
2.524395139172955563e-02
3.538001277006080914e-02
8.462425050485213041e-02
9.986036436757762813e-02
6.642213203889880957e-02
9.321420688931311704e-02
9.202836361089993672e-03
9.656213461330758613e-03
5.524986366987279240e-02
4.068830191748054603e-02
5.271658555115796285e-02
7.224547056611622942e-04
5.954051692711492816e-02
2.577158903221078365e-02
3.909308892709413563e-02
9.636006207577656191e-02
2.856920994564753416e-02
-1.842067395611201447e-02
4.722971599319431002e-02
5.570003792773700613e-02
9.737243082156266105e-02
6.597853888134812272e-02
6.275624664924581153e-02
8.272923287730366004e-02
2.976973782555851836e-02
5.979207693940327695e-02
9.022068041262741589e-02
4.475744189906542131e-03
5.429390324248047767e-03
4.556066997626358195e-02
9.231129064241642979e-02
4.967807242125900358e-02
1.428700006755973320e-02
3.958599270664682479e-02
3.498489078170670397e-02
5.128279217962632142e-02
7.298714966266424409e-02
-1.043236818014129513e-02
4.778094306759077259e-02
9.997336595117349567e-02
5.419706972859861249e-02
4.629302220556366643e-02
8.006578971279176837e-02
4.390544693551423627e-02
4.027683761361509907e-02
-1.638618968378267871e-02
2.381031122081682730e-02
9.646092499951874899e-02
4.842231682577904928e-02
4.765350926319092406e-04
2.889636052321633772e-02
2.931532308691683561e-02
2.750825339940487710e-02
7.417024010871367534e-02
3.629644599586021037e-02
7.371343809962645210e-02
4.162739088941887211e-02
8.197687698720078353e-02
8.820074234171901284e-02
5.173877527340361993e-02
6.977495080966704399e-02
7.004912312849607969e-02
4.219588936084399389e-02
7.564024421776888163e-02
2.064987984452580291e-02
3.343224608342766635e-02
9.381833814736231791e-02
5.242574598971815047e-02
9.865807499514371581e-02
8.623717928600092841e-02
8.334888640611923250e-02
2.972976658541238645e-02
6.220749537879192992e-02
9.219904530658291908e-02
1.171661064424750140e-02
-1.913470388750634910e-02
-1.928638697428702517e-02
9.786895008902816301e-03
5.718943955397481904e-02
-2.424627988100936521e-03
3.526942068182524481e-02
7.825521711562140326e-02
6.066183639304462138e-02
5.458216121284062416e-02
8.702251460822925389e-02
4.186723158463059868e-02
2.133751279371401063e-02
8.254162969442953302e-02
2.233211181196795639e-02
6.455466731357410726e-02
7.844057732191558885e-03
-1.519108246907548143e-03
3.538296329027397491e-02
7.111873662234555193e-02
-1.280097437050687140e-02
6.981060158175284025e-02
6.177641065852033930e-02
5.663496251023550365e-02
6.038052573029835390e-02
-6.877553406624858576e-03
9.221635202589596736e-02
5.889405860632229012e-03
9.222002456677789312e-03
3.873811509273326903e-02
5.131726421753361050e-03
4.734834050162398111e-02
-1.764589840620819916e-02
5.349144067381150780e-02
5.032834177433070932e-02
1.245522862796753435e-02
6.836111252952893624e-02
9.350347131123443178e-02
2.075665910614664031e-02
-7.251676664294940539e-03
-1.630462919887980949e-03
4.578224298921562685e-02
4.552464047879792308e-02
5.793547211850552658e-02
-1.922214329746006409e-02
-4.027641335289360719e-03
5.405675839185751508e-02
9.618599906884156558e-02
7.439229271122137221e-03
6.513252608057400195e-02
5.749268420301283100e-02
5.709342519525530124e-02
-8.781382542333760269e-03
6.699026385609649359e-02
9.149283175458293449e-02
8.689554847196194476e-02
5.462990483844978873e-03
5.221158697415581584e-02
3.097481121571929105e-02
3.991802450129197655e-02
7.792757957327389740e-02
6.629739411017676609e-02
-9.901576468344658669e-03
-1.004055901042820442e-03
8.975801258600864252e-02
7.480983108595452152e-03
9.369305324544058289e-02
-3.724646020347131825e-03
3.422152704625484876e-02
8.532575355251773019e-02
1.712698029817756942e-02
8.126014484539055560e-03
4.815012555702838370e-02
-1.294246164522090854e-02
9.435590531061760489e-02
9.903220774359523804e-02
1.112796060768020401e-02
2.089307796632231332e-02
7.103174794982412832e-02
-5.807163787852131359e-03
1.434733817381187229e-02
8.665598281182521068e-02
4.704903562394686933e-02
9.107970152105931971e-02
-1.297378000341446562e-02
4.028092951840177294e-02
4.254620873442591100e-02
9.769062026011586519e-02
-1.666865110634368694e-02
5.786725637580314441e-02
5.918625230923550695e-02
4.231081966767136215e-03
5.826121282695995163e-02
6.847365203014450785e-02
8.797122722151340390e-02
1.954377303151298359e-02
-1.948571165423082160e-02
4.035880246226847268e-02
5.178683224612429248e-02
2.516193772623707622e-02
1.006453012539770819e-02
4.444229848185179965e-02
2.587564038903327271e-02
9.402269070797833472e-02
7.993935625884328322e-02
6.763283240877535074e-02
-9.160915519824570918e-04
5.363524925361265461e-02
1.861039496172528854e-02
2.714640078216234639e-02
4.007772018679672810e-02
2.793094855729313236e-03
-1.457069740476410989e-02
7.449551562310358088e-02
1.434042666447657779e-02
5.239405512772639384e-03
2.906310804845696830e-02
5.939543409066572188e-02
6.712788842532885214e-02
2.981242081618199966e-02
4.439608558409620376e-02
6.127782741147533990e-03
4.930274755540160758e-02
1.105127370720612734e-02
5.317249745747383571e-02
-1.290079879003785610e-02
6.425315684072487044e-02
6.256552672045992414e-02
3.855445112290778464e-02
8.124788314737704797e-02
2.092040463957179838e-02
-1.140793398937739282e-02
1.602142838245125891e-02
5.702522000586547624e-02
7.255221935216885076e-02
3.293015155223652513e-02
3.758118552378163224e-02
2.065526821019771087e-03
9.425321275618233491e-03
5.192173689220860866e-02
7.470328121328778659e-02
5.301634121254505949e-02
3.782210311054987062e-02
4.146524946120266897e-02
8.921692204239824175e-02
1.216510665021773227e-02
-1.897744919482203044e-02
8.096501756485545431e-02
-5.331812800857255522e-03
7.224739770289416441e-02
4.738810721259115177e-02
9.669163975820693757e-02
4.149772816271231346e-02
-1.611776575299961670e-02
2.195344505605456922e-02
1.543708242581176907e-02
8.066748924588040132e-03
-7.129762754855101595e-03
4.271612642928783454e-02
7.331304299460317253e-02
3.737501445579703707e-02
-1.387123997915690882e-02
5.468945847196614307e-02
-4.217898381860953755e-03
9.611951097668949839e-04
2.987095461656128284e-02
-5.785649743908169787e-03
6.440811458772445486e-02
3.114693750711946055e-02
5.447890219858776695e-02
1.746155715218631818e-02
5.379129571856867964e-02
1.375576923208699301e-02
2.903135152621022855e-02
5.214288679582249064e-03
5.289542211644951419e-02
7.045562346449389668e-02
8.931366330608161985e-03
8.122386270612930170e-03
6.319319365490221052e-02
1.773460149387256699e-02
7.868471528860859765e-04
5.641776632979920991e-02
7.202613925163846298e-02
6.539002430056225362e-03
6.744332611148659562e-02
1.158750234424394190e-02
9.696398731580159469e-02
7.498152625967861862e-03
1.370635449258333569e-02
3.486738587711148141e-02
9.231197915019315192e-02
4.422225666448165171e-02
8.776862713722063947e-02
5.444639964955413913e-02
8.083004792798099969e-02
9.703698161627323515e-02
3.997310647529196681e-02
9.572065218375265527e-02
8.867773345908612492e-02
6.842793796369320281e-02
3.057200835943277642e-02
-1.824552479155866144e-02
5.358884540454854351e-02
8.968992960283292404e-02
-1.115760601261104809e-02
-8.983062374912455239e-03
5.879001160150930383e-02
6.552490565945622014e-02
4.603663609254410316e-02
9.662770394840823618e-02
6.239345948707587797e-02
8.581820383526160556e-02
-1.297414009934071653e-02
4.264379181556327003e-02
5.626818092014304606e-02
2.698029558571863468e-03
4.269373617041923030e-02
2.467784218824493545e-02
8.979584821287527052e-02
5.889228150332596889e-02
8.804563270811034681e-02
8.543319793068887558e-02
-2.063233060409501440e-03
3.069946161496929851e-02
-1.491275767573924452e-02
7.546213510471137809e-02
1.282558102502627181e-02
-9.346981267965910611e-03
6.100062188676895480e-02
7.628062360769374828e-02
-1.004835065458956761e-02
-1.903859849443253344e-02
1.208385477746231132e-02
1.951520563108040049e-02
4.021572010637403105e-02
9.512847238151626861e-02
4.648898801369355516e-02
9.385948906656807478e-02
-9.587752251343784060e-03
9.633946260758118052e-02
9.543076995084019687e-03
-1.321022302891199443e-02
8.509408399031948012e-02
2.491660569256908334e-02
7.313002091195497378e-02
-1.825681344728355068e-02
7.168680500423925406e-02
9.874782248744498614e-02
7.294772541209340599e-02
-1.892722877745808829e-02
7.732581214527887992e-02
5.521316772355133740e-02
-1.573360847234353543e-02
-1.211340723703177233e-02
4.121774675980360847e-02
6.806666186245219352e-02
9.540846241015828177e-02
5.693872511392186753e-02
8.702941898708675683e-02
1.268702667034232387e-02
2.633063123256949509e-02
3.206411234841330393e-02
9.680326895702416612e-02
4.334601205274320190e-02
2.264873508832023277e-02
5.966497651038853156e-02
2.056246660991191758e-02
-1.066321814732429374e-02
-6.543139417826559709e-03
1.405373763795297534e-02
-9.806877648480174375e-03
-1.591411720022958484e-02
8.125340857179737253e-02
8.030718451331347874e-02
1.538960158438137590e-02
-1.036400110810794736e-02
8.203422804944515700e-03
1.805151695611765042e-02
1.531542410714939809e-02
1.958118693857750434e-02
8.813305817532958442e-02
8.302794669642168945e-02
5.163046677309698906e-02
-7.201100867481944126e-03
7.167830938290636889e-02
8.780394722945875086e-02
3.051435431581432309e-02
2.951369136139938773e-02
1.212419042217162748e-02
8.358103621848578246e-03
6.622300660037208631e-02
1.452725677863557149e-02
2.133289617238591854e-02
9.619167002103250208e-02
1.738177423476179248e-02
4.324166582607689990e-02
4.140375949652193299e-02
5.884913174322116414e-02
-1.477329126674947757e-03
1.286251317064523655e-02
8.112944314015431424e-02
1.912912459346314750e-02
6.738248186479714463e-02
6.379463066699173068e-02
1.936941849083380005e-02
3.051576728748270004e-02
2.227535252783973546e-03
4.389482086109915138e-02
2.334235882776279289e-02
3.651800448109396302e-02
1.435357881160344296e-04
1.066647962766274077e-02
5.826634813870629204e-02
-1.277450059529385354e-02
6.460788029935456145e-02
9.655284222598442545e-02
7.822586900311630231e-03
9.849790213573536568e-02
6.127075716800238492e-02
6.329855131808907742e-02
7.400217259096077138e-02
-7.982266043746875928e-03
1.889597548217734554e-02
9.255828056764675571e-02
4.134543097355559971e-02
5.093033588586418081e-02
8.137347171705067161e-02
5.384689879738105422e-02
8.630297284993135309e-03
1.573396843354273392e-02
7.323703809242655682e-02
