1.023016745388121151e+00
1.030412091579792966e+00
1.032809839846674738e+00
1.097355526751190302e+00
1.078894580360745703e+00
1.059318689530302393e+00
1.048919841484096116e+00
1.042373340161996342e+00
1.013300665927006516e+00
1.037874139888888880e+00
1.047128421743208637e+00
1.034541555495535725e+00
1.054438791661338914e+00
1.039520161329451353e+00
1.023109221713077721e+00
1.075828410570879745e+00
1.060288002306632116e+00
1.036691583677952666e+00
1.056000081512377120e+00
1.002358685428774487e+00
1.069640650081988387e+00
1.013184931413118939e+00
1.011883045624456967e+00
1.015548748391498890e+00
1.098584246759007899e+00
1.065272126083730120e+00
1.050132408479025559e+00
1.049806980896464070e+00
1.082258404196978496e+00
1.092987109236297494e+00
1.084130383826312549e+00
1.020568257932300549e+00
1.000755985051967833e+00
1.022736617025731265e+00
1.047184177691756313e+00
1.072327149752067443e+00
1.003740592362977413e+00
1.067627652513242209e+00
1.017735598387817797e+00
1.073270752529841499e+00
1.028088689842664660e+00
1.012985432055122370e+00
1.094740307189428830e+00
1.089251289113172039e+00
1.078987011039130417e+00
1.072641583717183655e+00
1.080044549865770254e+00
1.052018813678758935e+00
1.032379663562666749e+00
1.092563150716470366e+00
1.039717784259695632e+00
1.008338272631539079e+00
1.014511782441196219e+00
1.053334768138452837e+00
1.056207791774159244e+00
1.059576960643530130e+00
1.050978102566088479e+00
1.022579436496336980e+00
1.027873654546899385e+00
1.007505682404412184e+00
1.064680518888763361e+00
1.098377677053518742e+00
1.044830539628854194e+00
1.060803208289794686e+00
1.073488630666265875e+00
1.040374699185171448e+00
1.007935736947087602e+00
1.054542485619088366e+00
1.076564021367157897e+00
1.087013505782112865e+00
1.060889105107587937e+00
1.081870047618128217e+00
1.056076251705218016e+00
1.039690915818779260e+00
1.007063461316386910e+00
1.004699771116801532e+00
1.096472842663883673e+00
1.086831322989794790e+00
1.019471148655967996e+00
1.093591785788396109e+00
1.061826717294558131e+00
1.056551163243977909e+00
1.053937192046093818e+00
1.031615351304265626e+00
1.022992857453428828e+00
1.073961083990951026e+00
1.019652394051105304e+00
1.033058466829486433e+00
1.037119154718852521e+00
1.030274863240029370e+00
1.047675863327073298e+00
1.037215277244190270e+00
1.080088183724998929e+00
1.084577753344279305e+00
1.036413926510403982e+00
1.069472842156838022e+00
1.043749938958465906e+00
1.006930386936419453e+00
1.057210691921572909e+00
1.036711462708062248e+00
1.067982246376646405e+00
1.049678329521241738e+00
1.079947210378549016e+00
1.056508054993142265e+00
1.008944296538871743e+00
1.052732067346061173e+00
1.042254089318059629e+00
1.006494836441471197e+00
1.076174032520512913e+00
1.036734365754665266e+00
1.048009948932034474e+00
1.084004108086943363e+00
1.069973628503414265e+00
1.010016463142983767e+00
1.016896514556493436e+00
1.023753747306015205e+00
1.022263856323693654e+00
1.072493211389415002e+00
1.017638483582302023e+00
1.078532155266103354e+00
1.021208826745186871e+00
1.089296061801000581e+00
1.014170809969642262e+00
1.049149524897317942e+00
1.053130260486203840e+00
1.015650668469844087e+00
1.007386808795168509e+00
1.003338700653314985e+00
1.094649812101477826e+00
1.060568293998829903e+00
1.037920832278141026e+00
1.010358727129569756e+00
1.062648991434542944e+00
1.062862991694309089e+00
1.066877531578690252e+00
1.077904164417245569e+00
1.083556673840369022e+00
1.097517782542722253e+00
1.096016991880088387e+00
1.034495072568879737e+00
1.000090013100990882e+00
1.081305695491210361e+00
1.039835258600713130e+00
1.090427046596354588e+00
1.097814174434685208e+00
1.039400102355469535e+00
1.078228033847740797e+00
1.078926858957907076e+00
1.044470355000216344e+00
1.058664597130960505e+00
1.028762228100286391e+00
1.020080161604135727e+00
1.059005185198532928e+00
1.055325446710788651e+00
1.062171492968714492e+00
1.008423639661399029e+00
1.019553328274719783e+00
1.015518599400555333e+00
1.085904743050608579e+00
1.015188897648053423e+00
1.007731595055417539e+00
1.028864885284765496e+00
1.017410703883264045e+00
1.060486341064986071e+00
1.097966029315431857e+00
1.027423145964473150e+00
1.090731599565622822e+00
1.008623179435205630e+00
1.035787738226490617e+00
1.012350670733858760e+00
1.044813086981030814e+00
1.027516571673112722e+00
1.086230446902042734e+00
1.099739684288794539e+00
1.032574479211573415e+00
1.065020240767365456e+00
1.019157292989743668e+00
1.059399129780549842e+00
1.016866632902824419e+00
1.049688347429552415e+00
1.032669904318495702e+00
1.062218298395264604e+00
1.094379085275328345e+00
1.000288755327068291e+00
1.083387713036847444e+00
1.007545256051897820e+00
1.079767965758672510e+00
1.053082714352210125e+00
1.044256158343013441e+00
1.038855066041018738e+00
1.043186371468965756e+00
1.005392048360152613e+00
1.016442501894327277e+00
1.063932196382897821e+00
1.061989393601708853e+00
1.001499909238344310e+00
1.056547586766318103e+00
1.086247965602709531e+00
1.089795676152182313e+00
1.026754557343523500e+00
1.002878174868636174e+00
1.085123902104869309e+00
1.020900622999763474e+00
1.008091645435955863e+00
1.060810254538960828e+00
1.054179178537853367e+00
1.041098106181050920e+00
1.031033351832058464e+00
1.082626326849517984e+00
1.028152777514063976e+00
1.055248517898250249e+00
1.064509264717756976e+00
1.035540771637508017e+00
1.018492003688366010e+00
1.052377300177620656e+00
1.004088466747585784e+00
1.053502236483342624e+00
1.036510564612835639e+00
1.004245032488389588e+00
1.017548551565807813e+00
1.035442761791368405e+00
1.016693949941512409e+00
1.085839347338277916e+00
1.046459685594329114e+00
1.084010315664952984e+00
1.051952211335654974e+00
1.023282024318373340e+00
1.036623660445187056e+00
1.052143692864246693e+00
1.034993355860513997e+00
1.084177327081524478e+00
1.016601737490702373e+00
1.058944819410363003e+00
1.053289638969332254e+00
1.027942868084677386e+00
1.080019479249911596e+00
1.063290430578830659e+00
1.048474025883908256e+00
1.026472526682127739e+00
1.024965065182521284e+00
1.005315411276522797e+00
1.037710119272400755e+00
1.043189378658916588e+00
1.021234878501535492e+00
1.003757019348145096e+00
1.058620186190327273e+00
1.075803181334086700e+00
1.013178120696390794e+00
1.076421588263249518e+00
1.091228912843191567e+00
1.031293736612119982e+00
1.019097319195754414e+00
1.062454611076265154e+00
1.035550667530036106e+00
1.089480813584976726e+00
1.082160722845747047e+00
1.066255608367687513e+00
1.026643910741730004e+00
1.048282165140486111e+00
1.038204019370075670e+00
1.066109382795307203e+00
1.064972960119628720e+00
1.034123353991878158e+00
1.068761566908936533e+00
1.096742185697191729e+00
1.007120155528271832e+00
1.028280109646286578e+00
1.028487116389460221e+00
1.020808870900836052e+00
1.045542193534428455e+00
1.027384173825605762e+00
1.045404091366019417e+00
1.065999844433121790e+00
1.009739303488328410e+00
1.037892641814550210e+00
1.082109713611518309e+00
1.073714853937670632e+00
1.051834209739553661e+00
1.057018081749002469e+00
1.011571326033892770e+00
1.088131233010995125e+00
1.012883285461225080e+00
1.005738744613482893e+00
1.094362833098115884e+00
1.090678202208555492e+00
1.065093884841180838e+00
1.099112558108393811e+00
1.069321472120859706e+00
1.060423338717700004e+00
1.051893388908380578e+00
1.070078339965466752e+00
1.059217101795542071e+00
1.098646497520287202e+00
1.045595824536271090e+00
1.013099874806141054e+00
1.010423863051381543e+00
1.002752431449007942e+00
1.037845056345222838e+00
1.028111977187844639e+00
1.021444337168301741e+00
1.081283716170917231e+00
1.049950227350823218e+00
1.078781256156193136e+00
1.062461151413689242e+00
1.004553081623714927e+00
1.017404125305377605e+00
1.044322523570689443e+00
1.019355142696471983e+00
1.018323359557961938e+00
1.099273833593377825e+00
1.039034311717931480e+00
1.094971621445848253e+00
1.008875908342176553e+00
1.032805268262469989e+00
1.020731101257283280e+00
1.032282863998061462e+00
1.014987593010528100e+00
1.089805164263728532e+00
1.051514060614207935e+00
1.091833577518139142e+00
1.071734716679289434e+00
1.095305398809607755e+00
1.099818339819307544e+00
1.075395397468281278e+00
1.050729081601952997e+00
1.095263492529073623e+00
1.058617301698024260e+00
1.001416449910303097e+00
1.011900310343059273e+00
1.071775931641028246e+00
1.030760473036438141e+00
1.068839835846904673e+00
1.055581789057657538e+00
1.065784091711278414e+00
1.000473694276134973e+00
1.022537935207490589e+00
1.099694236602243302e+00
1.033774016671967555e+00
1.021322388873604270e+00
1.060565479367089115e+00
1.010204492389082720e+00
1.018006172610447235e+00
1.080604780853568814e+00
1.053899075691996368e+00
1.037730137837424405e+00
1.008360198016386988e+00
1.095121842445097915e+00
1.071224280812151042e+00
1.004946755773668432e+00
1.004848758272051334e+00
1.071277702636431517e+00
1.019758590306568236e+00
1.020346066415384279e+00
1.080803943169379444e+00
1.065341109652587104e+00
1.005536930353291947e+00
1.006809435388186014e+00
1.072201661528572103e+00
1.017901790981699861e+00
1.055186654830578608e+00
1.077483825318501065e+00
1.089953037123468915e+00
1.093570529369968680e+00
1.027539131839929620e+00
1.032552184325046918e+00
1.031114100128204480e+00
1.025946275072079583e+00
1.033097729871774728e+00
1.092561868561118255e+00
1.084305291310214026e+00
1.069125910387161982e+00
1.072337714038619438e+00
1.083464623894910384e+00
1.041658878373543207e+00
1.013497897284560967e+00
1.063952855453538238e+00
1.058990018439909697e+00
1.073851531682177285e+00
1.002876752282725992e+00
1.017573183782952473e+00
1.089172603171152165e+00
1.071632246669132371e+00
1.080556033085162015e+00
1.006437268293889575e+00
1.051666884623394305e+00
1.084563714602714501e+00
1.032525565190270722e+00
1.079968082135117635e+00
1.051948358798791228e+00
1.072587105763620929e+00
1.023314153269499149e+00
1.003422403245258110e+00
1.003968181255324055e+00
1.012476257188622553e+00
1.080173585189820207e+00
1.093692353177311061e+00
1.088035716826818655e+00
1.041107472953653357e+00
1.034438573141177597e+00
1.058358230678935419e+00
1.082812379121808499e+00
1.009137005890413663e+00
1.022000165882828826e+00
1.079178641541230332e+00
1.069279271999870273e+00
1.066075648671585663e+00
1.008590498692550907e+00
1.006011910816753563e+00
1.064904729840442155e+00
1.064851822380939783e+00
1.070953119864489933e+00
1.099572887230663820e+00
1.038541034915775096e+00
1.006086936644105867e+00
1.093496433110240362e+00
1.063644760165333603e+00
1.036440449546441434e+00
1.042624399676910452e+00
1.023278206716734084e+00
1.004067957285487589e+00
1.000353671146471557e+00
1.064425116518218584e+00
1.052959524159118532e+00
1.095423078780090709e+00
1.083264784424830429e+00
1.048089940243091212e+00
1.053264682003724362e+00
1.001776440077347896e+00
1.098675396981929619e+00
1.014744081853519830e+00
1.046135462646969660e+00
1.083197595150073855e+00
1.032129455593662648e+00
1.022630504779654226e+00
1.093912093346685266e+00
1.067335335518072137e+00
1.009990996152694942e+00
1.017210419052477333e+00
1.040749947030595868e+00
1.053590437037642324e+00
1.050443666108867635e+00
1.081124226977116187e+00
1.058934492174608444e+00
1.068735542069807920e+00
1.081368113791820740e+00
1.075314162036148158e+00
1.018564001076686987e+00
1.036003193169207748e+00
1.090099054921752852e+00
1.080615127098847106e+00
1.018448308311186601e+00
1.096490102361851848e+00
1.065119547233161157e+00
1.074803455279135678e+00
1.099197846511370091e+00
1.080304426290253694e+00
1.016611359523841962e+00
1.091224767530493134e+00
1.008897842014397472e+00
1.074664479569158004e+00
1.072676277616583462e+00
1.097878825300898198e+00
1.068015635994542301e+00
1.038291481939058736e+00
1.022218795227422206e+00
1.095112156450804175e+00
1.036694267459057572e+00
1.075162691475874954e+00
1.053569113706726679e+00
1.008002058743533214e+00
1.068456475418584795e+00
1.017128643195329030e+00
1.052099609616830911e+00
1.052827146242851120e+00
1.070051006571971941e+00
1.048012003802466729e+00
1.049653040339429966e+00
1.036481543533153360e+00
1.034580218188086764e+00
1.024011613154764078e+00
1.057402420985299463e+00
1.081661313025606308e+00
1.005839861321650819e+00
1.027117698008849889e+00
1.066832547605631065e+00
1.002052458282010283e+00
1.014210910832525681e+00
1.055078183947574466e+00
1.087798882844858372e+00
1.037616677588185210e+00
1.037309664695438727e+00
1.037264822214900128e+00
1.032048439667996309e+00
1.077777990011612230e+00
1.039495504570822737e+00
1.047658965477795467e+00
1.059776569704782734e+00
1.086240722442105788e+00
1.067846815388034942e+00
1.096811997382035164e+00
