1.436845720138295660e-02
3.557543597605905550e-02
-1.181401483300723206e-02
2.383284640602465268e-02
3.996482355587674395e-02
8.187945869027865586e-02
5.650915351005900145e-02
1.248090462472678866e-02
5.970184124615421362e-02
9.719041463450703300e-02
3.338909118084312788e-02
3.441659559398224655e-02
4.006949818977417754e-02
9.097241138152555029e-02
7.341959440254922087e-02
8.578016174237919345e-02
-1.016868261126936505e-02
-1.304524553540511306e-02
2.781210829556235789e-02
-1.016259587749973430e-02
8.252621774462738646e-02
2.726401778653110564e-03
7.919628225044242353e-02
3.544431219251394094e-02
3.177995697057382773e-02
3.945394913525701597e-02
-1.344773785021991831e-02
1.290573430773598804e-02
-1.637395280879760245e-02
-1.309845036953434690e-02
2.288829419515739025e-02
3.523035340374436331e-02
-1.227808214535279843e-02
9.689198166452266114e-02
2.009981134028391778e-02
5.253009510961094419e-02
7.100115634886376703e-02
9.163190634310261484e-02
-1.476167967088417091e-02
3.197172100853207244e-02
-1.705438495730455736e-02
6.116378695807844768e-02
3.503076987325391689e-02
-8.056020894172760682e-03
6.536902114114948037e-02
2.381068093856643711e-02
7.709429236345302638e-02
-1.849370226296671166e-02
9.144813031754997490e-02
9.006305162915584361e-02
5.659993859178373554e-02
-1.358143071698785648e-02
6.102657719569945516e-02
6.484799237298725927e-02
1.474792039323368983e-02
3.079576073664942737e-03
9.750688672012827740e-02
-3.649686344035278640e-03
-3.574379849359508865e-03
9.988280161656690193e-02
1.521461165384741313e-02
9.067303464242255917e-02
-1.801018393612492316e-02
-1.014215474286935155e-02
8.203576653030042465e-02
4.762400021287455099e-02
9.706928684814880581e-02
1.387980668802706388e-02
5.834599949153619625e-02
1.527791544516560532e-02
-1.644191050657925132e-02
7.315315161963509283e-02
4.179195842347820100e-02
4.033711568098497652e-03
8.645448389396566402e-02
7.602108420670521116e-02
7.930537308992888224e-03
-5.153046360091041722e-04
4.397088634747821356e-02
7.697553179586574118e-03
2.617294069806396992e-02
5.382489122840826423e-02
5.601931200602948413e-03
-1.888867821114352530e-03
9.288456932429760282e-02
1.041218343668574506e-02
6.315351532422837366e-02
5.155492240697240325e-02
7.052731022007309447e-02
9.581186481126406640e-02
4.525516428916651068e-02
1.122189333014106741e-02
-1.427732546032193031e-02
1.087189884527349840e-02
6.030283843265865640e-02
1.291833206581051788e-02
3.113067502118166754e-02
7.991247060122852464e-02
5.513942443254307713e-02
3.633562906151478755e-02
8.494531659877245511e-02
3.537461706336730849e-02
6.683411309964899794e-02
3.704464213992385291e-02
3.922081636910608460e-03
3.791280602481306161e-02
-6.365716788191430955e-03
1.928697034490562193e-02
5.365012849114532412e-02
6.339483127120747186e-02
3.439582805062676996e-02
-1.961425335729641284e-02
5.135293950778968552e-03
-7.305071671805073164e-04
2.424933375825371121e-02
4.519181999777359404e-02
-1.839357616459116884e-02
9.610742851891329597e-02
-6.454383885125446196e-03
5.233313305385636771e-04
1.461388488189141813e-02
6.832254953997095315e-02
2.088001835076510812e-02
7.221242443067044103e-03
6.700995298109745091e-02
8.491321799061297970e-02
1.095078551571217196e-02
7.721665388503526350e-02
9.845310699556562850e-02
1.407791339717082840e-03
5.108213780520783065e-02
-1.666859258870702354e-03
4.394729573613136153e-02
2.677230275365679105e-02
5.662884976089502254e-02
8.454342993160472719e-02
1.032634548451951892e-02
-1.365298794685674243e-02
6.913296737866414521e-02
-8.187357177714207207e-03
-6.912476424347734766e-03
4.102108563784623296e-02
2.957425795586493891e-02
5.137845283194741874e-02
5.219229992949193930e-02
-3.958510241867392587e-03
1.810136427363541120e-02
-5.780059641169142670e-04
9.348114404907470476e-02
3.269877822417514845e-02
2.589696774660391401e-02
4.771609074069103895e-02
9.917286761922385063e-02
7.615250976710707942e-02
-7.575705705989928263e-03
7.162705721486632704e-02
3.874233672745533430e-02
-4.721817390171051398e-03
-1.317947154977724966e-02
2.829799803592924004e-02
1.821426618765261893e-02
9.528940875872596306e-02
-4.790347634078297168e-04
9.829131804967132513e-02
5.149360961962337613e-02
2.090832901981707140e-02
8.431415660959150349e-02
-1.973251646600937548e-02
-1.514103100756740254e-02
7.324645731122662873e-02
5.606455527253062510e-02
9.168798565990264604e-02
-1.378955640370608041e-02
3.079632619683940822e-02
5.796605369545954067e-02
-1.978752178713658744e-03
9.154323755747269253e-02
5.475013743787648934e-02
8.183823641461254739e-02
3.792752655182687893e-02
-1.323512030847757287e-02
6.600517198368181793e-02
5.932268807552004697e-02
7.304546168168933595e-02
5.045291855802040704e-02
-9.815165480844103077e-03
-1.161114499873084661e-02
4.144718569752889326e-02
2.369526951759295605e-02
4.927521917486393788e-02
4.936112838619918786e-02
1.600965417637385813e-03
6.646051281694634327e-02
7.135798434645475308e-02
1.881768170767983764e-02
1.366456851670535058e-02
4.340049968955700388e-02
8.888371070807567220e-02
8.475784106853115341e-02
9.201230487148862047e-02
8.068334361726849091e-02
4.307501086677906210e-03
5.613380882555481233e-03
-1.596126955019321753e-02
8.654081464379546895e-02
9.285963907095594327e-02
8.839796209902933688e-02
2.072952327984510859e-02
5.282206291164233403e-02
-6.030931085341684900e-03
2.246142978872359489e-02
8.922488793252431050e-02
2.025728360103217982e-02
2.270383388669493241e-03
4.527304044916943826e-02
8.145802714052163829e-02
1.361573997712463638e-02
7.833609763630466905e-02
7.990372671619400124e-02
-3.578731786855016833e-03
9.044587838343898234e-02
-1.313758378804240345e-02
3.201187241250476323e-02
3.441575821658955647e-02
7.600031783922532591e-02
5.907523859412562584e-02
8.771484307543195302e-02
4.556402614746792035e-02
9.079134981899807111e-03
9.951734067719406052e-02
6.589138220285231662e-02
7.691708020913584631e-02
5.696972893793084136e-02
1.356988892206537414e-02
6.115134451612364019e-02
4.282242402712607698e-02
7.021219301673085889e-02
9.909822606852855542e-02
3.741396759529223848e-02
6.609053218494570503e-02
4.775279737666339452e-02
4.976408912939017659e-02
4.518269226516874459e-02
7.273336560161305919e-02
-6.367308492845924137e-03
-6.815807439471410767e-03
-1.591260268102389838e-02
2.034639388773689175e-02
8.513356214676742750e-02
4.829517641939946870e-02
4.470425400754582390e-02
-4.165303447029658490e-04
9.599571989139903117e-04
1.804543551378265040e-02
3.231854087686170107e-02
4.689286916680665551e-02
4.205273814769774909e-02
-1.691287540186175303e-02
-2.974778018491296139e-04
1.786315985340064874e-02
7.583145127048503131e-02
4.768743006742788559e-02
2.767692943843308787e-02
3.769684887967585107e-02
3.854670606683208156e-02
4.804042026690759359e-02
4.169450746421904386e-02
4.011140178061389783e-02
6.690604085071050200e-02
-9.035218532319136062e-03
1.187515802782409743e-02
4.793586350730161261e-02
7.389366915636856603e-02
8.909906730958022658e-02
2.015836248219017232e-02
8.551036293160554913e-02
2.315443040925055027e-02
6.125488542812086712e-02
-9.694763538713924503e-03
5.724536014859366029e-02
1.775218383943707665e-02
-7.850233505611144830e-03
6.585336355895271554e-02
4.283566527920822098e-02
7.311477584386172346e-02
3.124912196800557970e-02
-1.539380203104385308e-02
3.131378141291028816e-02
6.400448801434262258e-02
5.771874107274774235e-02
8.947511085744647152e-02
6.754947370996106093e-03
7.530170574171178577e-02
1.778951541799725714e-02
-8.401403465731135944e-04
5.410737289184539001e-02
-1.232424761232343846e-02
2.480879016702151538e-02
8.005990481735260345e-02
8.884071517487329706e-02
1.455498140540367052e-03
4.339658197732725042e-02
1.419838931227762266e-02
3.378471068189657645e-02
1.757964351244649046e-02
-1.071225633517355023e-02
3.076228402801420639e-02
6.950634328999137634e-02
-8.618275278938818118e-03
3.331821331210570170e-02
3.603482829502210882e-02
7.105636039555024430e-02
7.796932620684927928e-02
6.915361153608454159e-02
-1.261481535942159463e-02
3.762125518037255645e-02
-1.127734098020029621e-02
9.241400775139725632e-02
4.134212307953991083e-02
1.131009795668595774e-04
2.145142976623762646e-02
9.532246728585953843e-02
2.340915378176649034e-02
6.915691386507741290e-02
4.720322122570264067e-02
6.406239427282801879e-02
4.738591316190768343e-04
6.041662275865260223e-02
6.673256912675264163e-02
1.075583041825533756e-02
1.527135926718148698e-02
1.216731471793561573e-02
5.093490275001462397e-02
9.702724525186411098e-02
3.154304045187088235e-02
5.801332326132926931e-02
8.020891538134709148e-03
6.375030069727050802e-03
2.392469859434938687e-02
5.349189115408470308e-02
7.866666447928395700e-02
-1.545699030548441065e-02
5.112583578923936278e-02
2.622256497354036320e-03
1.870247750211497320e-02
6.902292887753826156e-02
4.241017633977503531e-02
9.890640975252877609e-02
-3.881107664923905826e-03
4.461383740047342172e-02
3.382247796567379450e-02
8.910733376920626503e-02
5.076170076173745771e-02
-1.538104904135857015e-02
5.577456108902231757e-02
5.081727274847668008e-02
-1.070756437095678540e-02
4.886036136430498000e-02
2.150019849500136790e-02
-1.996879901147306791e-02
3.012376963677594263e-02
2.712386445388251591e-02
9.752411788441897600e-02
7.509313781444950514e-03
-2.426017997438502383e-03
3.893900363926743047e-02
8.103336527158938596e-02
7.379265854968615479e-02
4.063488866956746492e-02
3.043537963393757803e-02
8.970560746939658381e-02
8.026036653946229393e-02
-5.284600430183580139e-03
8.154100776014673591e-02
3.442017803655168795e-03
2.791533276406740413e-02
9.950096681720617398e-02
-1.425478551988237225e-03
4.205401551180322495e-02
3.340975111174948609e-02
8.842757549583524224e-02
5.034442326885651964e-02
-1.761729638613551696e-02
2.640471440429210601e-02
1.515466700634736028e-02
8.035869295654456124e-02
-7.013972653254416101e-03
2.715880523557638593e-03
-1.289352182632338278e-02
-5.351348564738640096e-03
3.632793269874734499e-02
3.924919521889788654e-02
8.102917469245679571e-02
3.933943211290434616e-02
-1.050882570045979895e-02
3.363805348248566363e-02
3.313450748378891919e-02
5.625203870980370613e-02
3.607649881074638520e-02
5.316997068798870463e-02
7.308067476157042996e-02
9.618414932416474716e-02
7.317492871017503009e-02
3.309279425977142142e-02
4.789324268431571774e-02
-1.156208020390376776e-02
1.085328630474651640e-03
3.636871348771311685e-02
5.909971109127956646e-04
9.517072584011131153e-02
8.861971434009309478e-02
-1.130846822222436425e-02
2.390319841762942460e-03
7.107551343473791916e-02
-1.071045677416957928e-02
-1.723981908908291116e-02
-1.899299631390447690e-02
6.102221768287098558e-03
-1.417667747661844647e-02
8.959883119259989814e-02
1.880785679421425813e-02
8.734206429952712236e-02
7.441904594531736916e-02
2.192458295622059378e-03
8.544269735195947346e-02
-5.325596751825511718e-03
8.396106696146800330e-02
5.842381379170137612e-02
7.187458032356414117e-02
5.458695292884248318e-02
9.387682432073968242e-03
-9.197392522527865141e-03
1.650541366867515000e-02
3.793302539695087017e-02
4.320256619750882654e-02
1.320426914270835320e-02
3.774043844304247886e-02
3.545184097897310926e-02
7.806617047521605124e-02
4.674150985534537839e-02
6.846427948843206157e-02
8.920116740275946254e-02
8.118130471409025495e-02
5.361936132375230007e-03
1.589501763513534796e-02
8.737260546667598160e-02
9.540137770679441021e-02
6.457154001195858362e-02
8.053392063617742513e-02
2.636981533769452643e-02
2.483048635572590243e-02
2.595139234015488364e-02
6.359285930293463729e-02
7.414922667693271685e-02
-1.465813961342498327e-02
-1.517718804564646001e-02
-1.158859665266780831e-03
9.573012141486786364e-02
-1.323212625543022936e-02
3.032529059685478909e-02
6.936712633724867461e-02
7.943996622458027179e-02
8.011133484991142528e-02
5.573138115169982976e-03
3.192770065224045939e-03
8.695504236543362409e-02
6.755318773020277390e-02
7.661514611089906279e-02
-1.013474130104888987e-03
2.004879994712209512e-03
1.332055205932180034e-02
6.535486463899671528e-02
8.137653208619047285e-03
8.876504489827043154e-02
2.224810257347749690e-02
2.434898330188736346e-02
6.810838326462573256e-02
-1.672917835253011354e-02
2.107181892609732293e-03
2.326895011697402080e-02
7.977794096043717975e-02
-1.757028749844773835e-03
-1.984373513692291868e-02
8.890057280374393661e-03
1.028733516683968605e-02
-1.380818061698117424e-02
5.272140238851091842e-02
4.423476341500971742e-02
7.746631267512396612e-02
2.337823607639217746e-02
-5.059046895477153569e-03
3.630505485172379199e-02
5.705277015962964549e-02
9.628217472322660175e-02
-1.854296091155047815e-02
-4.642173935684201433e-03
7.689583736625790755e-02
2.228672216698477856e-02
8.682003643812541416e-02
5.844480007548372158e-02
