1.074725453400338759e+00
1.050112669312611935e+00
1.066052062244436049e+00
1.012382437769877574e+00
1.031943143631855353e+00
1.048790818729922636e+00
1.016975281289963062e+00
1.047262293144426648e+00
1.068827391525121406e+00
1.048055240697518986e+00
1.065221932635367574e+00
1.044787202052161579e+00
1.040039308478864832e+00
1.018515452568462987e+00
1.059641553344836673e+00
1.033897203847678137e+00
1.034855718657920365e+00
1.029071001842035482e+00
1.077989221324144875e+00
1.084054847670131272e+00
1.049637410975603036e+00
1.012393772181524376e+00
1.052112596604751982e+00
1.087929011031492088e+00
1.072274337585290782e+00
1.053250079330892985e+00
1.046719015395119357e+00
1.019635170441553162e+00
1.015458406774449429e+00
1.090751581052660679e+00
1.077739698452116368e+00
1.038521130928432123e+00
1.022249125958837546e+00
1.092390625749210864e+00
1.091497062404887419e+00
1.098614800590439256e+00
1.058974519556970639e+00
1.056213159309142613e+00
1.026781402863537807e+00
1.092021274763307126e+00
1.076992622369348007e+00
1.083220569552760359e+00
1.006437634595233055e+00
1.029421065044244576e+00
1.080317767959561470e+00
1.097582795782148901e+00
1.032153687602017200e+00
1.010387411946226388e+00
1.085084346972662983e+00
1.004224076874515870e+00
1.079689411725543335e+00
1.040636558731895311e+00
1.069357680752664352e+00
1.097749984205876217e+00
1.089956067628048642e+00
1.088407514936996279e+00
1.054920509266219053e+00
1.031447123316264314e+00
1.071855897208750186e+00
1.064576587706417943e+00
1.008236035820356147e+00
1.088365242599895089e+00
1.007915573687899746e+00
1.069989433867219564e+00
1.091715518340458990e+00
1.088269190419905330e+00
1.008194235939407823e+00
1.055119732751770512e+00
1.074048110697334524e+00
1.017923707445957504e+00
1.076030477551247255e+00
1.027384383690567393e+00
1.067637546525889825e+00
1.058344282942532466e+00
1.028146712858899914e+00
1.088542158836282248e+00
1.008739719504523791e+00
1.012945643935567963e+00
1.021435370018462185e+00
1.034652378576619958e+00
1.086347584489362639e+00
1.038642071421219448e+00
1.005885482598414926e+00
1.082098613620420036e+00
1.037255377774112697e+00
1.070707423371451750e+00
1.045541682587078913e+00
1.047287758833424398e+00
1.041833821343446820e+00
1.088727733319043267e+00
1.078110382719111859e+00
1.067775619620046301e+00
1.059923204679207087e+00
1.023728713500599019e+00
1.074526722337122431e+00
1.036495966258131896e+00
1.095759978477279128e+00
1.018279714149236792e+00
1.005340099993852432e+00
1.016503555554065352e+00
1.033428825655389405e+00
1.049287701791285832e+00
1.079509256977377651e+00
1.010345542146609876e+00
1.064544575882661714e+00
1.029873167797213274e+00
1.089607295591828118e+00
1.017816648088466724e+00
1.098335261882073421e+00
1.001596376119122223e+00
1.013328266875485717e+00
1.058098119166759776e+00
1.075096790602931618e+00
1.053614064486819268e+00
1.026717121438441627e+00
1.030651744438904949e+00
1.027588199936942503e+00
1.022447874759087494e+00
1.047128523940891398e+00
1.013107781375467420e+00
1.028738294495832095e+00
1.034201762040627415e+00
1.072396516753672424e+00
1.030782626613834241e+00
1.096622336510200579e+00
1.070382291334560643e+00
1.039372676530312622e+00
1.080904101175003129e+00
1.005031379175042039e+00
1.057319927414374083e+00
1.004520099742463701e+00
1.005458196982801145e+00
1.087872252780375470e+00
1.035513415904088408e+00
1.007283780362047798e+00
1.094558611262204995e+00
1.023329301191316487e+00
1.044073528837440756e+00
1.034261166019278422e+00
1.086348975331030475e+00
1.007335274360382726e+00
1.000656504852803552e+00
1.058985807787697464e+00
1.024260770865577541e+00
1.069471508377989766e+00
1.092788200113258057e+00
1.074151213674851890e+00
1.090077985186090226e+00
1.049461463044544685e+00
1.046328513433227636e+00
1.051627386894905092e+00
1.055719846002928231e+00
1.012690345559982497e+00
1.039880424823109717e+00
1.060909783381644989e+00
1.096755268452731968e+00
1.088850579825105136e+00
1.064856503259465015e+00
1.056549938906293340e+00
1.061484550730571685e+00
1.041463560403210753e+00
1.078053594447928143e+00
1.031560505338983136e+00
1.067873700801905468e+00
1.029448119153311358e+00
1.051907632911920354e+00
1.082806915032872963e+00
1.099975576492853824e+00
1.044348155361945141e+00
1.062741761578773980e+00
1.078922492139448241e+00
1.015834550893822907e+00
1.030242859996519655e+00
1.007443346313614985e+00
1.035492294738710850e+00
1.012486033091102300e+00
1.093703689885865415e+00
1.062644450884570491e+00
1.045897930750488092e+00
1.012090174319277835e+00
1.091085548779632930e+00
1.037621196173828197e+00
1.043809678534675989e+00
1.002984479546101371e+00
1.011538916262638477e+00
1.090670392324428528e+00
1.065094518119148681e+00
1.084591058471493730e+00
1.091088923782414621e+00
1.029233557900513851e+00
1.086356088802036490e+00
1.053507491762333048e+00
1.021588900810737277e+00
1.098790598395352980e+00
1.076042569590021314e+00
1.092872117681511712e+00
1.057505092920712597e+00
1.095234379330776164e+00
1.009780147367709935e+00
1.097493236677959283e+00
1.019891127113585760e+00
1.002424907361408879e+00
1.088817168143381586e+00
1.086476682659297754e+00
1.090079372254819656e+00
1.089860297448903559e+00
1.024259697586358930e+00
1.061814606416404461e+00
1.035495030537466388e+00
1.016741142712200174e+00
1.018380587664315495e+00
1.042789481038761012e+00
1.060845243819958039e+00
1.001198542958207982e+00
1.082419552668918428e+00
1.059677211462439539e+00
1.042404189242743362e+00
1.076803827987839135e+00
1.048763186774583689e+00
1.040972445609047670e+00
1.093261219076038904e+00
1.070821417117461705e+00
1.059316127689118314e+00
1.041732651689754263e+00
1.090365573865097248e+00
1.059873555700154846e+00
1.068189144875644203e+00
1.050313524812768629e+00
1.032504224861910069e+00
1.093291026949056999e+00
1.026331885909133490e+00
1.081887979948106704e+00
1.061016144874036726e+00
1.060217371728251479e+00
1.001272201187939137e+00
1.021165556985834666e+00
1.026233832043386363e+00
1.079157753290140187e+00
1.045762598281389621e+00
1.063387042644874603e+00
1.058907251860552012e+00
1.061430027611762972e+00
1.094412141409703443e+00
1.015595521695394687e+00
1.061411141488046272e+00
1.095481024614551435e+00
1.079249066983183791e+00
1.067795457609904020e+00
1.019785314794048547e+00
1.009282300012652955e+00
1.017795229232924648e+00
1.030270441166255768e+00
1.096518878031327970e+00
1.058292706464146971e+00
1.095067130221552443e+00
1.063215759636279012e+00
1.034070111466880881e+00
1.035505268205622942e+00
1.054214320089996049e+00
1.051672167349436027e+00
1.078062443690118277e+00
1.077388449370946022e+00
1.021112998094772184e+00
1.093614387777438246e+00
1.079737316213848386e+00
1.075179428793308523e+00
1.056050658602472936e+00
1.091505610512397251e+00
1.082856423642087007e+00
1.025575635309110778e+00
1.075519785666936290e+00
1.040988640603023097e+00
1.096792927840912979e+00
1.092371316029077555e+00
1.067318356397663592e+00
1.057941749552211874e+00
1.075848384131701030e+00
1.005279467214598821e+00
1.064730644206336896e+00
1.070054240621744368e+00
1.053059417632231654e+00
1.029228763588241113e+00
1.022890647998870417e+00
1.006951626731393379e+00
1.035604682345991234e+00
1.062845977329293534e+00
1.063874223252755824e+00
1.004704780862910818e+00
1.069033942314689956e+00
1.017116993925599067e+00
1.067907368364012788e+00
1.018570645147205855e+00
1.061296348148576429e+00
1.060247859376286739e+00
1.017693036151718466e+00
1.058205867726118798e+00
1.005402109056172888e+00
1.071678740620608750e+00
1.059340827542567087e+00
1.017032765299054065e+00
1.052782408972086081e+00
1.027814860500741334e+00
1.042843292893075091e+00
1.035080735603496116e+00
1.055101270080964326e+00
1.019588995152235888e+00
1.049345546162354648e+00
1.064726112314039241e+00
1.020858636439474720e+00
1.035476784439131270e+00
1.046439552066288137e+00
1.069195720408265604e+00
1.092659660118011411e+00
1.081055572147390231e+00
1.080612007230863370e+00
1.026112082227290889e+00
1.091640853485689178e+00
1.047077169135552710e+00
1.040073468537602075e+00
1.067301276979999880e+00
1.032012572082417590e+00
1.082741479473114277e+00
1.085185178018982732e+00
1.091153971992549376e+00
1.014028629219882793e+00
1.007630056018943288e+00
1.063202833736205166e+00
1.033497203388750174e+00
1.020768558066664111e+00
1.076821590206167079e+00
1.099491277157289559e+00
1.020652743320549671e+00
1.034905644518373968e+00
1.065336553193841906e+00
1.082664393478046660e+00
1.067664856795464745e+00
1.089035308763150800e+00
1.025173040698765803e+00
1.051547706963011475e+00
1.035169818363972816e+00
1.009777189104191564e+00
1.085925832581615458e+00
1.092490573553174915e+00
1.081666599408081408e+00
1.092333957681081769e+00
1.007055227504600081e+00
1.008433185266263798e+00
1.005111697899939038e+00
1.039989546213474281e+00
1.018711138984122577e+00
1.025341424284345493e+00
1.038825410253611636e+00
1.013371277138306992e+00
1.017146013808773564e+00
1.043393833262714177e+00
1.072351456882965293e+00
1.031059639276379114e+00
1.071142503015550140e+00
1.085293426816236195e+00
1.036005989817259110e+00
1.085086925578782058e+00
1.074709670416205798e+00
1.005705464612951072e+00
1.046495570812535858e+00
1.041262973318884733e+00
1.018421144286711710e+00
1.016021341710195092e+00
1.034796009670233108e+00
1.056127998979129234e+00
1.035381795519478176e+00
1.053801738346439754e+00
1.060282035084092245e+00
1.088573340242407372e+00
1.078258411286463936e+00
1.096302430829868335e+00
1.073442928804776431e+00
1.036048081418710298e+00
1.089429685417314664e+00
1.046026130308898239e+00
1.087368022903608900e+00
1.008827196243375690e+00
1.072345465115907448e+00
1.058232570827291052e+00
1.039003397911858029e+00
1.084400644802966607e+00
1.028122367172855212e+00
1.070026829290140480e+00
1.006253994814563679e+00
1.063667198553325921e+00
1.087902156496744821e+00
1.070751202683390302e+00
1.061604941161717663e+00
1.057387465130798621e+00
1.003766526267690029e+00
1.025876238186353540e+00
1.094347600584974378e+00
1.096144959616168313e+00
1.091664302927457086e+00
1.050542888802195707e+00
1.011833502115363270e+00
1.059592002427548252e+00
1.068301504405336777e+00
1.061937298988127942e+00
1.072610980415388715e+00
1.085850808185262695e+00
1.039227654511684973e+00
1.088241149257338503e+00
1.098395590424702917e+00
1.088949063916276883e+00
1.045278863862474594e+00
1.055724140810083478e+00
1.051515393344766958e+00
1.048315373368569281e+00
1.069513123124598009e+00
1.020088240850713479e+00
1.024989639136535402e+00
1.072454293826645699e+00
1.004159354970824536e+00
1.015253666107437391e+00
1.095958466559625810e+00
1.052815021087726288e+00
1.037997660520812993e+00
1.070170236247113493e+00
1.099735082023415966e+00
1.030792004836224685e+00
1.056781163847516192e+00
1.046527768847377748e+00
1.019503860043938337e+00
1.040410888994591110e+00
1.034094213259530770e+00
1.030154368332007131e+00
1.026113056484108554e+00
1.055768579588020728e+00
1.072474242029575420e+00
1.074052780197977786e+00
1.075798391101459917e+00
1.006072679745950715e+00
1.083493146807303242e+00
1.085094480078432788e+00
1.043121464246153485e+00
1.042183252655993764e+00
1.032847484101900859e+00
1.095019621826991862e+00
1.019478412364194675e+00
1.063825169699943007e+00
1.029565806924812144e+00
1.046500529097351695e+00
1.085434400660553189e+00
1.071528272444467467e+00
1.078495743448391941e+00
1.030617823257615306e+00
1.088976852131873230e+00
1.065036393321606045e+00
1.003607918652729358e+00
1.070416011258468636e+00
1.078957705327142857e+00
1.083925483238505683e+00
1.010129628591684758e+00
1.007397498088735244e+00
1.031424180546000491e+00
1.086132137078406501e+00
1.085540975215285364e+00
1.059240280133993073e+00
1.028699289932267558e+00
1.091363959365883041e+00
1.053350152453387034e+00
1.000073636254653398e+00
1.023094895913433167e+00
1.099118542823684264e+00
1.054214824691203312e+00
1.065323253202169251e+00
1.045841376748356755e+00
1.032434033465611023e+00
1.002490644154433674e+00
1.089963869568016719e+00
1.088584508590093591e+00
1.085248060746729193e+00
1.010732805944519530e+00
1.022391466523172809e+00
1.076394123309660333e+00
1.093021108193308333e+00
1.011880018109029500e+00
1.034634770439101903e+00
1.006709572077755466e+00
1.066599611367561762e+00
1.071159799489741049e+00
1.066957077435251922e+00
1.082227687056565468e+00
1.021840015880867814e+00
1.089416688650590714e+00
1.010645315435593661e+00
1.033194217832736017e+00
1.080555886060204918e+00
1.016820239533996473e+00
1.071562575217965829e+00
1.043933171114449499e+00
1.007170976432371079e+00
1.098729646666525284e+00
1.012804796026254062e+00
1.055237152743503382e+00
