9.067766554728305672e-02
3.908661712498705254e-02
6.113571318868196713e-02
-9.824943326258370191e-05
7.969428809004928949e-02
1.574768497346492116e-02
9.362958310976396414e-02
7.325182489537354624e-02
3.394521860930417578e-02
8.735213260333279939e-02
-1.327793616891520187e-02
-1.431009916884245711e-02
4.175151073163869964e-02
7.965823942596854390e-02
5.853872209328228604e-02
8.450132418906554366e-04
3.480619133775826601e-02
2.700347133107727435e-02
-6.622166041142510048e-03
6.210928047933636509e-02
5.382260568967855985e-02
9.211992300454209526e-02
7.570650429968350803e-02
5.688170493149702356e-02
3.088802315361551323e-02
7.125369971414249881e-02
6.251759338333787164e-02
1.089185243903836170e-02
9.103195542783099059e-02
3.606906082320861240e-02
4.642642936392146757e-02
8.016037623282627755e-02
8.601872349765696257e-02
8.868682379409739691e-02
2.697982961460439547e-02
4.370381235909780171e-02
7.708601783953496211e-02
2.470980099125033927e-02
-1.205617874782427025e-02
-6.800224474036933517e-03
4.740573393342227548e-02
5.099157659232889106e-02
-5.631652778451628691e-03
8.830812066797140425e-02
-7.802565829823766147e-03
3.578653318812954898e-02
7.555267081121215533e-02
2.291239228736995440e-02
9.062978440385491274e-02
1.749024541560888213e-04
-1.122861438907464884e-02
1.114335867878403497e-02
2.082392331416111839e-02
3.589210436655582148e-02
3.422517436667733837e-02
7.079588647509879595e-02
3.422229543480823089e-02
9.979193909473124680e-02
3.226151411248003031e-02
1.986228646342808393e-02
1.122223362588994217e-02
9.125829832059308144e-02
8.023548727592857976e-02
-1.678897958481704450e-02
3.919274185466786742e-02
2.094809347301015631e-02
-3.134688701552337114e-03
3.880695818310068990e-02
-6.323277350236916269e-03
-4.757991965554530037e-03
4.925352731674781381e-02
-1.994713452349917981e-02
2.693195637517291699e-02
9.739579873992335046e-02
7.210945308434710266e-02
4.963302448078897589e-02
1.004457493789282646e-02
7.674391652329616564e-02
-1.100125032852365507e-02
9.862717969908661730e-02
1.015908102802019070e-02
8.718431715400297433e-02
3.773258015260474996e-02
6.263307969395970343e-02
2.783602698608761764e-02
-1.661287302557340820e-02
1.744535555150234993e-02
-1.576267890919781992e-02
8.171939965571928255e-02
6.231895529025797964e-02
9.773132591098171451e-02
2.863933276641684664e-02
5.617103917674644287e-02
-2.011999793445327228e-03
5.841906670863601658e-04
5.187832725839107428e-02
2.870172022475551629e-02
1.890202398584249141e-02
7.873746986580668072e-02
4.277786635942139315e-02
2.339115142886396409e-03
7.291986689982499215e-02
9.316910385205885714e-03
1.484034872861883861e-02
4.582175099407534424e-02
8.144790710461811967e-02
-7.208645172257161296e-03
-1.776227906934210732e-02
2.252989285869218608e-02
-1.869904484570540648e-02
9.918864974722163552e-02
3.146957208913046811e-02
6.750490152565358226e-02
6.166359960470851886e-02
8.445281781486749240e-02
-2.585861443308530572e-03
-1.278554193196305283e-02
2.435516585582636964e-02
5.715504794210234107e-02
3.213025723026206870e-02
8.865531081375743749e-02
6.254872544975045856e-03
-1.212192666785580526e-02
7.666514890046921549e-02
2.524265365864581181e-02
2.922251149737535580e-03
6.179572684308203001e-02
-3.853539461916671155e-03
3.619160960558491513e-02
5.528044161740552909e-02
2.702646871530146183e-03
6.695896968728265453e-02
7.255218365787040324e-02
5.760448127438599908e-02
4.459364493711898136e-03
6.724845159157959162e-02
-1.485169157538610528e-02
8.129643908982499279e-02
8.597149257235976727e-02
-5.471311877206654073e-03
3.287567086265394400e-02
-1.246967211390519539e-02
3.229118727803693967e-02
6.458119049658099520e-02
9.068906457117020814e-02
5.446561326283569371e-02
6.965941950245435610e-02
4.895760569394863593e-02
6.138352592317498913e-02
1.772816581731099031e-02
3.331816392060960030e-02
7.541587802332194723e-02
9.864082323996745116e-02
3.241692246242471043e-02
8.899626554584136318e-02
7.443727464832286533e-02
2.162074740925297098e-02
2.652511758197556579e-04
6.985289189992707759e-02
-8.161052662239201214e-03
4.410124889610410326e-02
2.088016561644395752e-03
7.250995482738420428e-02
1.666005212571546393e-02
8.723037890569529385e-02
8.168545731102989926e-02
-9.342299722209186641e-03
-1.371919071495235690e-02
9.694134294971480659e-02
3.153748524823578314e-02
4.219388691897769939e-02
-2.973886680876204613e-03
3.397710569954628945e-02
5.598000791815523070e-02
8.561622028023023467e-02
-9.762266033471420426e-03
3.292803426037191339e-02
5.835516227835928216e-02
7.042259454489725734e-03
2.173013513218380668e-02
-5.485794871350400254e-03
-8.339096561789336240e-03
3.848597568497297283e-02
9.507306085512656768e-02
7.514383680320742276e-02
1.005950480775497785e-03
7.782447514969415003e-02
-4.711312330776252361e-03
8.463774288097647425e-02
2.736078999832801742e-02
2.581369060524273118e-03
8.633987988409645015e-03
-1.112163954606551833e-02
8.363757984319879213e-02
9.896433481306320112e-02
5.011287845659621876e-02
2.650648780429290183e-02
4.640151558357422101e-02
5.474014115869550723e-02
3.864020005057124119e-02
1.205412420243895041e-02
-1.393587563715234165e-02
6.818057358247454902e-02
-1.829524164549321125e-03
9.542483714188566835e-02
2.396829110401444904e-02
8.455200440569260456e-02
7.356469837549832469e-02
9.306555041594843924e-02
3.540053910547678873e-02
7.570683406320430353e-03
5.776844451927298785e-02
7.265594619500850837e-02
9.951037169045784392e-02
2.431693689598301775e-02
9.889650339567439274e-02
8.474798456986615269e-02
2.795407795500340006e-02
1.159137700136736795e-02
5.710913054959257384e-02
-9.751026037014906209e-03
-7.197039344763317414e-03
-1.244173521804325944e-02
-8.491472128522779134e-03
7.383055947274785868e-02
8.162427628004535751e-02
2.812932925245054464e-02
7.081270246512012811e-02
7.354835280429058986e-02
7.332336389355043060e-02
7.866410306279150721e-02
-3.414170977275924473e-03
9.494660265438195634e-02
4.360057873500271242e-02
4.857847582344275439e-02
-1.035139614021448815e-02
-6.898829362658349951e-04
7.611548398200207455e-02
2.313920672072728238e-02
3.894505445838450375e-02
1.899680203624485794e-02
1.916765784822951554e-02
7.353786014272828409e-02
3.520498733483885812e-02
7.782161296924891558e-02
1.379688381397635097e-02
3.772349324286476679e-02
6.938802225144991009e-02
1.602457493449697609e-02
2.452487337511194063e-02
1.018007666910494130e-02
9.923004129202571411e-03
-3.267184065746667893e-03
9.046953228914325629e-02
7.067811434699823592e-02
7.778652944801153768e-02
1.065364593476617050e-02
1.840614999711865860e-02
1.832071459006832589e-02
8.549553508468078766e-02
5.230837783725356127e-02
2.376246877231190727e-02
7.749494625071538800e-02
-1.089495281146237241e-02
8.581249020440576136e-02
5.626981958433129039e-02
-2.861136545430097156e-03
9.930525850426004386e-02
-9.153447544435913338e-03
2.139550412811469862e-02
7.621837646111991049e-02
8.654495834813265287e-03
3.809488287416289143e-02
1.141965354356682186e-02
3.567878376776778548e-02
1.697659310088139861e-03
6.231150807085672483e-02
5.536920830011136940e-03
7.005658795995680505e-03
9.917104414554241132e-04
8.351142737604146105e-02
5.699451107773402525e-02
6.558897388858564437e-03
2.963354168226401200e-02
-1.943672755582322512e-02
-5.423307732652345517e-03
6.649248503209775896e-02
5.507774938533574471e-02
-1.942550336942040420e-02
8.835004755590128434e-02
3.995489972752579166e-02
2.499100741126802569e-02
7.228054594185050197e-02
-5.855330113448261806e-03
1.885112936152534904e-02
1.324217439340740279e-02
-3.539790132745516960e-03
7.198001621660773952e-02
6.487119299264651473e-02
8.733132077027888629e-03
8.246768809276264212e-02
3.161493055517375361e-02
9.445653596745089142e-02
9.571733450908431751e-02
-8.321014107359161333e-03
6.346832333937776904e-03
5.173348954848516756e-02
4.358234737131051750e-02
6.099357477285999307e-02
-1.967158007158825717e-04
-1.243689387397860224e-02
5.874274927770918586e-02
7.033311270908405854e-02
-9.675245975512489216e-05
1.509386377229999729e-02
9.976722257566027208e-02
4.148441974542252386e-02
7.529698169104108441e-02
7.912334736700588067e-02
2.685029143110003944e-02
2.140155069937920915e-02
-1.217230821100500661e-02
5.623868193706033081e-02
-1.752839963223042086e-02
-8.401828844359523346e-03
-1.401531421463741642e-02
-1.167005285816449627e-02
5.606847858528639372e-02
7.273115554445273856e-02
8.451137295368175290e-03
8.551469527678118299e-02
5.082968606090002006e-02
6.627940534330413469e-02
-1.341223940636607215e-02
2.788201353950494482e-03
5.160736870945910326e-02
-6.946533983953079999e-03
7.981454135204039957e-02
9.286339828305838207e-02
1.867453548368333202e-02
6.006618205663821070e-03
-1.775498978027981178e-02
1.903182933927950390e-02
4.801649271345263814e-02
4.704748473497259720e-02
6.275640730106238352e-02
8.141717804659452662e-02
9.774073578249746486e-02
1.532011929587543189e-02
3.631400397388859225e-02
-2.991454598938986242e-03
5.714534380206615083e-02
8.437887034607297054e-02
1.505274893326008154e-02
1.238779118540355231e-02
8.576249359835138447e-03
5.971608411387455129e-03
2.310901235550150493e-02
4.587988298246320484e-02
1.021306196960389961e-02
7.942294695522232606e-02
-1.583782522523579858e-02
4.138897946379221926e-02
2.776740290050286677e-02
-9.021875558378161797e-03
-1.871453441000283519e-03
9.059666612404200514e-02
4.979032413342465713e-03
6.970073504650431406e-02
9.042760921805499674e-02
5.629199070675151850e-02
9.903029488462253282e-02
5.591901288712723683e-02
3.986691029316820345e-03
6.615863711023141358e-02
1.086873600747865695e-02
4.101960519160484375e-02
4.193327938691877865e-02
6.842548504686843391e-02
1.036640485496114275e-02
9.700021231272237809e-02
-8.803915396848575534e-03
-1.935419978262157073e-02
9.368859365516607474e-02
2.073047384523749384e-02
8.273499108205957520e-02
6.582877086527839927e-02
1.363724814806999835e-03
1.355849062010646908e-02
6.224516471595135936e-02
1.974920773529800430e-02
1.319774587413096931e-02
-1.282420160273924081e-02
4.321187647090102280e-02
4.752367838207732786e-02
1.196015389857798747e-02
8.470168052687604421e-02
9.770528414105554560e-02
4.593791402145787350e-02
4.590753686611596940e-02
5.992913012072902113e-02
8.425938318145473338e-02
5.034201678109974376e-02
2.821716618917985767e-02
4.319173045670741951e-02
3.282758301930431555e-02
6.674127494904619207e-04
2.336880811939309396e-02
4.360823720000217563e-02
-1.306525219600736948e-02
2.390471297510607732e-02
5.006433979994059924e-02
3.845675858769243005e-02
1.326389792416781885e-02
-1.577542130265927739e-03
9.316148566061878411e-02
8.397480912615279403e-02
9.771759280530003394e-03
1.896296684411197600e-02
3.154467428682776464e-02
7.609565299787660053e-02
2.539979064700375114e-02
2.119933765783251975e-02
6.749334042034976777e-02
1.989649883665457406e-02
8.674781011990245760e-02
-6.092415297873342642e-03
9.120234161732589107e-02
8.516598718059081169e-03
1.064635218591401464e-02
2.021414654973850353e-02
8.260987527826031684e-02
9.607657781960331211e-02
4.565551273772409935e-02
4.776964861680112195e-02
6.317435155930271884e-04
7.838895730841687060e-02
5.451340937199612713e-02
2.957660338684962517e-02
1.266743769188473021e-02
5.307853170993696856e-02
-1.141563448352273663e-03
1.065962154786206234e-02
-3.498888326837441137e-03
9.830261082722699384e-02
5.364248939826651852e-02
4.104813055457139093e-02
8.570637690181709401e-02
6.661144065020296878e-02
9.683326727060631578e-02
-1.534638813798178819e-02
-2.913990420758544309e-04
9.558808223430966672e-03
9.946678690902127640e-03
5.745816403700676478e-02
3.069718489526149577e-02
-8.643761354745640654e-03
-1.322754899211620039e-02
9.353753648287123357e-02
5.370770436665112113e-02
-2.428433905271660392e-03
-5.355119418022663558e-03
1.360280389420379446e-02
-1.868979488982685719e-02
9.637316897570087637e-02
1.178854231187783860e-02
4.901762351889769886e-02
1.894150012315966650e-02
6.973805491309881255e-02
4.925880911028807096e-02
5.529162594826146637e-02
5.877284341700204917e-02
2.935400285408562224e-02
8.846102322959754211e-03
9.345098868833007222e-02
8.989843067868037718e-02
9.505603649172586489e-02
1.394952966641446399e-02
-1.868736038429398560e-02
4.751083873854997086e-02
6.814169897945050736e-02
1.784221746713419293e-03
-1.274362967634901436e-02
-1.160814321053835890e-03
8.699810476429321870e-02
6.155262411620275598e-02
2.569005420577554280e-02
7.210393995442759829e-02
7.064897655346007166e-02
6.246849735717938112e-02
4.011760339855349744e-02
-1.080947024369977201e-02
1.738154140762019836e-02
1.281670992510218141e-02
6.493786260658253318e-02
2.823155653133168838e-02
1.662796179000414556e-02
9.977041756209721612e-02
9.094818912226673713e-02
7.033880456014250659e-02
9.346794179234969857e-02
-8.948498023650842612e-03
3.555073540907680019e-02
5.905784122737070541e-02
-6.687506071048288092e-03
1.994434013410398623e-02
9.565014831280325980e-03
4.221718841912848463e-02
6.254929628667334207e-02
6.212886124494318429e-02
1.770612260987571365e-02
-2.742776171736665408e-03
8.716838420007798349e-02
1.845344772752298759e-02
5.431397520065496531e-02
8.752020406138782960e-02
9.038963607234411224e-02
8.290474259178302885e-02
5.247477941916060817e-02
4.522187161645248310e-02
4.220818410023603057e-03
6.146767257321784916e-02
1.073033744722344529e-02
1.436459502211625758e-02
9.204143982449012468e-03
1.054199587995870158e-02
5.663021574596462104e-02
4.307050164301426398e-02
3.654214983450522480e-02
4.613937829520173284e-02
4.469188565182533046e-02
-5.231751143394570286e-03
9.722325102802956143e-02
8.356419213954481562e-02
1.078173251181265002e-02
6.633416437076232464e-02
4.406822454403085121e-02
9.945095575529848408e-02
5.080965855751293225e-02
-1.077701338124004496e-02
6.322056071669409499e-03
5.714176187036591748e-02
1.250259933258541720e-02
3.162622517372499359e-03
4.812083831380424559e-02
7.105761148931817595e-02
-1.748495503366899809e-02
4.839723486174653255e-03
6.569726496314813591e-02
8.977650558008341830e-02
6.796025816957715349e-02
6.794539435519571235e-02
4.278276006589408487e-02
2.676738827657502637e-02
5.292561065677024029e-03
-6.376307634640129840e-03
9.318377185056306300e-02
6.333225348924415021e-02
-9.065224181817934171e-03
4.450377066354940792e-02
6.779518560648306602e-02
4.502766686794426598e-02
-1.127482925086417676e-02
2.248191374737916817e-02
7.505460251951678874e-02
3.643878553087188943e-02
4.123618144669989605e-02
5.644944321472512849e-02
2.061339368648360676e-03
2.873811682160829981e-02
1.414638615975762417e-02
6.758655620306069922e-02
1.529335319499353432e-02
5.851951844345297526e-02
5.451633365066418935e-02
5.120521630981310357e-02
8.996787855190054028e-02
4.974849230079825269e-02
5.014387734863000323e-02
9.399975477172713145e-02
2.219496786220971976e-02
8.247372181303824767e-02
3.571995455466311920e-02
2.397541716675494552e-02
6.038535290023494539e-02
8.310777689880465002e-02
8.000877607582010387e-02
-3.425119571545832270e-03
5.154192772553589652e-02
6.697664644474499163e-02
5.084690222475103660e-02
9.334537428104097700e-02
7.331825551345105829e-02
4.192551697797725074e-02
3.160667935783335880e-02
8.216271873414231208e-02
4.698449806369021930e-02
1.773698517957973328e-02
6.322029753992938761e-02
3.960201466502496354e-03
3.946193127258379452e-02
1.560420088126592345e-02
3.982670225571152689e-02
1.812604240867326730e-02
6.376956222256376094e-02
1.474044214575745762e-02
-1.258564083895228822e-02
-4.705088482237218539e-04
3.351340000500170613e-02
2.026627723083270979e-02
5.142964504170986079e-03
3.585041480835184091e-02
5.421244310328153515e-02
1.969753324986355317e-02
3.328886173940899529e-03
5.505116173655365264e-02
2.044425823412830343e-02
6.041565448946534245e-02
7.290303823808409744e-02
9.395842033868932741e-02
4.080117780042209763e-02
-1.871589533569759795e-02
2.744154722467279095e-03
6.418632942921120854e-02
8.248291707723141852e-02
2.108874970184562367e-02
2.726625462376723943e-02
4.104534456269738618e-02
3.855513344477096149e-02
6.224483381784252922e-02
5.143973138582996762e-02
3.164426266471262461e-02
6.333659369781054205e-02
-1.328827233527932195e-02
6.110984827426413357e-02
-7.458994663050692517e-03
1.676699033836009586e-02
6.903981287863546201e-02
8.229082640724584563e-02
8.692640111634389322e-02
1.067038478190677347e-02
7.427713654024720169e-02
9.714260771755324486e-02
-1.235758831223140661e-02
4.519632604750838112e-02
9.488768153162750740e-02
6.204821764080455104e-02
3.591589799250154147e-02
2.477141665363918541e-02
-1.383029839552167919e-02
5.817861148981685188e-03
7.804320888337160783e-03
-1.657699906434073958e-02
1.790887567982302545e-02
1.537894848320535759e-02
-1.181051615645186889e-02
2.294344460191395652e-03
7.250657209567462624e-02
-1.300465771167622596e-02
6.957461783563116675e-02
-1.031557508814874916e-02
8.686313309123754045e-02
2.157618264508248673e-03
7.968582712305347093e-02
5.565540542006028324e-02
6.313278576407796439e-02
5.218531359419747995e-02
8.645488390319852612e-02
3.505484324632725246e-02
2.381147826698752981e-02
2.921898148166221856e-02
2.492176170188226819e-03
4.117155926289146894e-02
3.529529352224264338e-02
7.329688253275409848e-02
8.929137743151849271e-02
5.166286363478987675e-02
1.012613171490894109e-02
1.862710035288556859e-03
-1.469136704923955372e-02
8.705318152759405903e-02
9.604177684656663161e-02
1.817452739840394113e-02
2.014631476729613485e-03
2.609549947501230496e-02
-1.341923134009541212e-02
5.300473312119090286e-02
6.975710722773656447e-02
4.360257230941218254e-02
5.668736453058201286e-02
6.194222169193881744e-02
3.210481765707826063e-02
9.273753673159915167e-02
3.441358885221747210e-02
4.788564878364928723e-02
7.261552054200992590e-02
5.721728454010042986e-02
5.337774064697267673e-02
2.796298654071316045e-02
9.960165840380638680e-02
3.709324903041648358e-02
7.898037256370109283e-02
7.208042393788804958e-02
4.693888384578739914e-02
5.334955834696485100e-02
1.355094492113305751e-02
9.679899760024875122e-02
2.863289889790431378e-02
-1.068135415617304899e-02
6.681180686663480695e-02
2.041407498700534284e-04
-1.923170433016054004e-02
8.052635319949889847e-02
8.933317469479087891e-02
-1.179503530422099100e-02
1.814539687684111474e-03
7.638395551997397004e-02
-1.181106636414984423e-02
1.615466079948102776e-02
-5.563186775091004746e-03
-5.085171880677273604e-03
2.532806666221277050e-02
8.902692902721873192e-02
-4.681254316956640765e-03
-1.074706191883178195e-02
5.025154350332000641e-02
1.467192733034666796e-03
4.843279212601796224e-02
-8.092438939069697412e-03
2.014219284788690278e-03
2.278655167213506152e-02
8.323371922911076970e-03
-1.582796593129632071e-02
7.680223968007329760e-02
-1.037274491712112875e-02
9.917168308998991488e-02
-9.111823599112063576e-03
8.443260667109996065e-02
7.589022337807428686e-02
9.345031018783168941e-02
5.351296071148964328e-02
5.851725007941599443e-02
9.414511502047622632e-03
4.327926986411878563e-02
4.665106403226834675e-02
1.352769522847871095e-02
5.888479703543114674e-02
2.437004558378501676e-02
3.967896271825552268e-02
3.388948533247200523e-02
7.514131589402786582e-02
8.853288632910799594e-02
9.570062384782968001e-02
8.926892961571745999e-02
8.723325367885649551e-04
6.114236805094169780e-02
7.392750295041201902e-02
1.123969876428775744e-02
8.224529443467094858e-02
3.712252557680457976e-02
2.472064512359624724e-02
1.819136963973049317e-02
6.440578835861876517e-02
7.750070489148636055e-03
9.602311435085916780e-02
4.887915975455502104e-02
6.396336996811737008e-02
6.479984974254664187e-02
4.668144048168065829e-02
8.549452086941333739e-02
7.018814388380058278e-02
1.077661742658644201e-02
-1.007742288896942319e-02
2.859069355494421941e-02
5.126297196858409233e-02
6.953079686467444898e-02
-1.228327093314713486e-02
3.056175870089373678e-02
5.299752656609138524e-02
7.490688486751510833e-02
-1.622953125701254856e-03
-1.323074284015244260e-02
5.046401699506819494e-03
1.517536645963067990e-02
2.041220589214089512e-02
6.631562691556605604e-02
3.403961278891409759e-02
5.932261415751122202e-02
7.059909013057975857e-02
3.618676866271289261e-02
5.035258758131143375e-02
9.897659416777383756e-02
4.067147659835673723e-02
6.950295418833740690e-02
2.474085420857804335e-03
1.993730119592519376e-02
2.980434653459834368e-02
1.388385358787949317e-02
6.822391964615703852e-03
-7.888835308527054890e-03
6.448203182426090474e-02
-1.335951216304821776e-02
-7.822621984013129748e-03
4.589597434265194065e-02
6.326674362376866201e-02
6.885600818487289110e-02
1.375546453339388658e-03
5.087371149880182131e-02
4.907060262494647440e-02
6.827141208833324704e-02
6.831353870756277924e-02
1.974523540091862803e-02
-1.366781365521100439e-02
-1.817713989408169944e-02
8.960757432210555984e-02
3.398572012892320249e-02
9.035982084430872752e-02
5.831895554859754804e-02
1.667224311338081147e-02
3.987457003191194338e-02
2.806530444106856981e-04
4.762408874234154432e-02
4.959465097083283480e-02
6.805083372306685446e-03
2.132462045807390766e-03
3.465020321509394707e-02
6.651913509839461891e-02
-4.128055925891015165e-03
6.214834792657445567e-03
4.441540078905989453e-02
6.575968011119902312e-02
9.798260810852911507e-02
6.796206186835160312e-02
2.420576844855744716e-02
5.157077135712131999e-03
3.369113846912134835e-02
7.381791031784264157e-02
1.655214781739762844e-02
3.180324965389749042e-03
2.671317821341373869e-02
2.339130022460117822e-02
6.420901773818929459e-02
-6.934538429074538560e-03
9.881540166777365297e-02
9.411266637099152677e-02
1.517263471316335557e-02
6.412081184486445595e-02
2.962994991988663826e-02
1.698062406161776269e-02
2.313102082798130024e-02
5.580808561170162718e-02
5.065200107436916566e-02
-1.263025210798031719e-02
-1.064543307701868412e-02
4.130321532792056993e-02
1.757954275212224651e-02
9.497355254804995539e-04
6.223297543382667885e-02
-1.724764817963697974e-02
9.371032856206323869e-02
4.724760930359268862e-02
-1.972532873435441439e-02
3.252188185806328957e-02
9.273118881566727589e-02
3.439102459229273490e-02
3.445619304327762755e-02
7.182484393249825849e-02
8.205724956662750758e-02
6.763709929420153033e-02
9.327199566391802810e-02
5.184640947263195743e-03
1.254257518510722494e-02
6.342296607406537612e-02
7.626334940710469829e-03
2.522841984607777574e-02
-6.119372475352245072e-03
6.207612553380109643e-02
2.173961515103798106e-02
9.285895123404153823e-03
6.251816159784331917e-02
1.250796179180010612e-02
8.151624098616842840e-02
4.805076808979133474e-02
8.976990483442960633e-02
8.239202951403865050e-02
1.691757355751117090e-02
-1.118717230227442641e-02
9.265227507665001194e-02
2.919249749565962573e-02
-1.549825279268835822e-02
9.565057019089845403e-02
2.206914479125191703e-03
8.206889166351066800e-03
7.403065693501023614e-02
3.510629097718816205e-02
8.270207374083604623e-02
5.594535028868712068e-02
8.014782887012937562e-02
5.994314537632102619e-03
1.478810998945958785e-02
4.254023525778406756e-02
2.394768719077274358e-02
-9.195374848310535615e-03
4.221358107408001992e-02
8.174323628362732685e-02
1.407703696749072406e-02
2.192343200505318321e-02
-8.457747686093237613e-03
1.712011449605710736e-02
5.102037770454731502e-02
8.215282958654371304e-02
3.458554601968355513e-02
1.601517292565684744e-02
5.900735484612786019e-02
3.694607503504510060e-02
8.877962367317170089e-02
8.081865666039501905e-02
8.190156333590846438e-02
8.804436091279599363e-02
9.592908069387212633e-02
9.146221275155591579e-02
9.525974641914140839e-02
8.342627370608715620e-03
-7.868636670403827971e-03
4.583179429912856429e-02
5.853702798802347396e-02
2.681692292675425318e-02
6.495855740251675614e-02
7.516746506559406071e-02
4.753256561306519468e-04
5.167446912335395270e-02
-1.784339971974320191e-02
4.190178619259196657e-02
3.041334000047600170e-02
1.899739033650929207e-02
2.092558505537730693e-02
8.949182025150836245e-03
-1.927025726306003800e-03
9.098801795524737168e-02
5.133314217040547967e-02
-1.067969893925898271e-02
-9.154774253695992237e-03
5.555020210148245430e-02
5.411659217181565007e-02
6.913702557836994000e-02
3.824035976661246949e-02
3.766769642091592762e-02
4.606605239196159829e-02
8.081441585324890264e-02
2.469524327258745475e-02
1.151185537112276239e-02
-1.151407171326495477e-02
6.405129001367099173e-02
4.695447570044451735e-02
1.430223605026242559e-02
-4.585714448088008821e-03
6.766394745841505104e-03
4.701031602254135411e-02
7.051175271839237035e-02
6.994533935818239567e-02
4.523039138608811460e-02
-6.451888592886464990e-03
1.707627099981938110e-02
1.207726634968256732e-02
8.174330753452027643e-02
2.146581933543719248e-02
8.825574526706601169e-03
7.834521385263926163e-02
-6.917077480647758347e-03
3.552827490387922699e-03
4.898709344789078934e-02
5.897064355154824078e-02
1.439491940726090810e-02
5.846694513915905167e-02
-8.840060938657376063e-03
-1.557519051896384676e-02
9.376696378906539120e-02
-8.074034567187719433e-03
4.848550425892669824e-02
-2.525030802081645182e-03
6.786438316304298224e-02
5.429911463368630731e-02
9.549208106188940282e-02
-7.386310032098783798e-03
1.100634355294445241e-02
5.074945658842187901e-02
7.203686035583781178e-02
8.007105423072656547e-02
2.085430890447384847e-02
2.499830583493068900e-02
5.337307017562699374e-02
3.855450676636015817e-02
7.066545820514864851e-02
8.002377533678346755e-02
7.411823275558175605e-02
5.613680985130480028e-02
2.217197020108866573e-03
2.296981231353835765e-02
3.196203896507054942e-02
5.382408917816315641e-02
