1.050558809462769139e+00
1.039282135600746670e+00
1.076133140525901366e+00
1.048565516087822669e+00
1.026581640609245616e+00
1.003548409888757931e+00
1.013024108575519611e+00
1.002139824398336820e+00
1.077883696043002271e+00
1.054313230480904418e+00
1.021508711763383204e+00
1.073998010187189101e+00
1.050197581528599988e+00
1.069115041495490193e+00
1.068401950420753588e+00
1.057291217420944340e+00
1.022091543699458649e+00
1.051450787182543811e+00
1.088689241046619349e+00
1.065600157688289418e+00
1.067151511184546653e+00
1.018488166315014709e+00
1.005342484767959510e+00
1.015982388573061446e+00
1.038077835675547345e+00
1.019140634261757272e+00
1.063997635653419316e+00
1.031977093349585539e+00
1.075414666681965059e+00
1.048457194714845109e+00
1.083936143878434288e+00
1.018107115947164409e+00
1.023200286679644799e+00
1.090862571969125616e+00
1.023396002617034339e+00
1.010669983232078017e+00
1.062067433558306906e+00
1.027060443062306705e+00
1.073299793254552270e+00
1.070201141199360828e+00
1.088510746374045768e+00
1.087522405717039398e+00
1.051935588105752828e+00
1.017889072205251155e+00
1.071156823834097160e+00
1.078706430277399653e+00
1.093620094473374937e+00
1.031734625382865422e+00
1.002174924273883772e+00
1.090616512666839011e+00
1.080752680823159784e+00
1.032027400758411595e+00
1.054300112079826768e+00
1.006245931228687329e+00
1.028820053303237003e+00
1.077088771045589866e+00
1.056832906449440168e+00
1.061046470175917467e+00
1.049072593069491743e+00
1.073932678564151866e+00
1.024037854289127969e+00
1.020549137650823557e+00
1.047006138361394001e+00
1.074765622784279229e+00
1.030296064192153693e+00
1.029564030054446411e+00
1.076107890403209977e+00
1.053820027978031426e+00
1.094927816012253086e+00
1.052167643634639216e+00
1.042685790481735486e+00
1.068009429399839894e+00
1.081946446737585665e+00
1.017444360464749398e+00
1.011913996348798861e+00
1.033315313147314951e+00
1.044582717766876945e+00
1.074315791846656376e+00
1.077989128192015533e+00
1.012707520336291189e+00
1.097383550390372609e+00
1.074763667002835987e+00
1.027705223146801128e+00
1.090626763308032210e+00
1.025184813090141978e+00
1.065786639983084427e+00
1.096025357636618569e+00
1.065623385451921923e+00
1.066330832754886604e+00
1.075551542800352367e+00
1.021069582658844510e+00
1.059312983238160699e+00
1.000101432916009392e+00
1.050954101394339535e+00
1.029362422280607481e+00
1.035318887939260746e+00
1.074663518409496810e+00
1.024069872653812663e+00
1.072182719142058982e+00
1.050348123237542453e+00
1.081391438710892272e+00
1.014547805978071038e+00
1.076075351816261128e+00
1.022615726182387608e+00
1.096638914546599120e+00
1.012304568891659873e+00
1.023490380134765232e+00
1.069299040895088426e+00
1.085015555423214373e+00
1.099920229604617106e+00
1.048201747667150352e+00
1.058689396476407918e+00
1.032431174075108427e+00
1.037094061568222259e+00
1.050077733808727043e+00
1.042017241364966873e+00
1.070166225749747291e+00
1.041986229732793090e+00
1.072462351467167174e+00
1.097470765006270943e+00
1.091911542795464207e+00
1.033717794183082406e+00
1.048468609939605889e+00
1.011928688123985953e+00
1.084001056644180228e+00
1.025410984641359047e+00
1.001942716277634426e+00
1.024218269600807751e+00
1.094860228539143998e+00
1.018528502679181935e+00
1.039967934654095094e+00
1.090057585199480927e+00
1.069870256423877120e+00
1.015782756415744448e+00
1.074080389000553026e+00
1.096386572883392585e+00
1.061414186750157196e+00
1.010804597967675411e+00
1.006999422331968486e+00
1.094725274080055488e+00
1.043234422884502743e+00
1.048623736242853433e+00
1.073171035493476921e+00
1.044250065221896229e+00
1.075014279128948758e+00
1.052330814878785770e+00
1.019270666574520590e+00
1.011279100941775644e+00
1.053346920395688224e+00
1.062456407825497884e+00
1.095837588334587442e+00
1.057567374199808397e+00
1.059293439925239833e+00
1.051184782955289831e+00
1.080330997665134962e+00
1.043740611650303185e+00
1.098897264797319862e+00
1.032069452562549339e+00
1.018545799602896373e+00
1.053752657589346775e+00
1.008759922753517557e+00
1.023591951153263624e+00
1.058892866984879610e+00
1.008649826572703967e+00
1.009479832549569744e+00
1.049225304005235282e+00
1.047291092857140837e+00
1.079973408938597279e+00
1.051713467454316708e+00
1.063985078996144695e+00
1.089917630350068389e+00
1.095952810560946178e+00
1.085369621582243704e+00
1.073761330875037112e+00
1.022326046092610685e+00
1.066424385274708841e+00
1.014346445522297691e+00
1.049405539114693031e+00
1.024122446012857068e+00
1.037591674556699539e+00
1.072771765409021860e+00
1.096020602026152035e+00
1.003785965889059995e+00
1.056877238215255144e+00
1.056357396350573907e+00
1.081575299673741997e+00
1.060695781588861353e+00
1.074331976268672273e+00
1.081697747342211358e+00
1.000168636750653262e+00
1.099767573609349736e+00
1.098089922671732221e+00
1.076751058925119908e+00
1.051132393237198981e+00
1.060064303662521690e+00
1.073899937597988519e+00
1.021349302805444337e+00
1.067075038688639399e+00
1.057973469456817250e+00
1.030799345238332387e+00
1.049553171984528799e+00
1.005806710820408734e+00
1.083816098658037630e+00
1.034079466863225383e+00
1.084407806400636165e+00
1.059896578983625437e+00
1.068864568456614039e+00
1.050334159757593921e+00
1.044529712767534368e+00
1.078083937095983824e+00
1.020463646466226670e+00
1.080313338931754963e+00
1.043824375250128167e+00
1.098009267050004789e+00
1.051474043394496460e+00
1.049745773774398927e+00
1.068694767333481899e+00
1.008123091586620612e+00
1.035609624653197169e+00
1.089651725147749772e+00
1.036070960188797407e+00
1.086415232302912148e+00
1.070150882095464162e+00
1.001917059026487422e+00
1.016768003188088354e+00
1.032268875068111491e+00
1.027650994158766151e+00
1.031335634757080788e+00
1.004224928354997770e+00
1.016445798198369443e+00
1.064157782317567857e+00
1.041180427060532709e+00
1.039853471759334402e+00
1.036554718012426379e+00
1.029922859101596533e+00
1.099262080044682399e+00
1.071614047527985836e+00
1.086780380817331748e+00
1.081143023573985618e+00
1.051876636554909705e+00
1.086341230492092969e+00
1.014511957081426941e+00
1.022274255406608212e+00
1.032372448879613769e+00
1.054112766920339617e+00
1.032891159611109444e+00
1.088843603103806901e+00
1.039597084561546758e+00
1.064510662741562808e+00
1.060636971745892776e+00
1.006121573205740916e+00
1.079962032801322858e+00
1.007211150841557101e+00
1.074077725669536632e+00
1.016338183821956953e+00
1.014302541151366643e+00
1.083377626077097977e+00
1.008096642249876274e+00
1.076670157804220596e+00
1.066478809015197315e+00
1.024138936508280473e+00
1.034486845930044474e+00
1.054156243608960430e+00
1.032992023866557751e+00
1.044499142663879665e+00
1.089719197735810052e+00
1.023900762576988255e+00
1.091751560746285765e+00
1.010844231662672010e+00
1.033618100359751768e+00
1.035726395319603865e+00
1.043440596326156822e+00
1.059289316906481204e+00
1.038090663939911007e+00
1.056087956816743390e+00
1.096036520191479013e+00
1.037372376544359431e+00
1.091290941337544673e+00
1.036397637867117805e+00
1.032178573757397411e+00
1.093534974123261616e+00
1.083729389329446402e+00
1.018866540051728276e+00
1.058862553260675465e+00
1.056232607450389160e+00
1.089816071859309066e+00
1.056015221416716887e+00
1.042458837826194529e+00
1.000607874666804564e+00
1.016734048399148715e+00
1.051923936129723902e+00
1.023610411548493193e+00
1.047754141690533825e+00
1.036213885800944867e+00
1.008272499323390026e+00
1.047635097315476438e+00
1.096937396104762819e+00
1.003280835690437911e+00
1.062938051616880708e+00
1.014854083311888422e+00
1.000043447392155116e+00
1.082470208613215634e+00
1.064906520317810301e+00
1.082026309205351255e+00
1.019032194199550823e+00
1.073241393219325879e+00
1.017139384886708520e+00
1.051730090349698221e+00
1.033338951207566581e+00
1.082829772395840440e+00
1.099504718389931135e+00
1.067845795966326561e+00
1.086461775137591124e+00
1.069836749884118365e+00
1.077983783319809152e+00
1.031934431566706944e+00
1.085558621061406548e+00
1.026115424493318162e+00
1.000144438866405583e+00
1.096271026600903920e+00
1.061352207972186656e+00
1.051192118092125538e+00
1.047977462575463203e+00
1.089564962837227258e+00
1.093492915281578881e+00
1.045143137939409828e+00
1.069990319622048602e+00
1.087542905651197378e+00
1.025528838888219108e+00
1.098732441382423319e+00
1.087185071290604821e+00
1.033616849092460210e+00
1.015075347411732221e+00
1.035639547830481400e+00
1.094634548257871653e+00
1.084967635942071018e+00
1.072750443857113600e+00
1.064392272441953224e+00
1.051371846074584226e+00
1.060187721452029663e+00
1.040800746588675274e+00
1.037260124395964711e+00
1.048133433860623631e+00
1.032088638425389338e+00
1.093676190736000198e+00
1.087656363950597393e+00
1.027707042976385488e+00
1.076541836171175381e+00
1.094368542051562310e+00
1.048155765214780377e+00
1.002372057403538630e+00
1.077220463859958288e+00
1.020445095061358387e+00
1.010071061460985353e+00
1.031028743591535068e+00
1.050368657666578498e+00
1.088259221506477914e+00
1.006876155958944752e+00
1.039438118886692131e+00
1.034922510326874656e+00
1.007069316569229711e+00
1.045593418324227031e+00
1.027267010855798413e+00
1.005446874162914561e+00
1.064523245095614357e+00
1.030042900325669475e+00
1.031578445254977661e+00
1.034318236525632928e+00
1.070189777800768738e+00
1.094086281330509003e+00
1.098925280651002367e+00
1.074384925498922172e+00
1.039175575199592583e+00
1.010762579075809908e+00
1.072177697542201047e+00
1.089787367300905085e+00
1.036891999140191256e+00
1.023662174885956899e+00
1.018207343023309619e+00
1.066881939108182964e+00
1.080749866940565518e+00
1.099827627098642235e+00
1.010956464944093414e+00
1.068360174795174755e+00
1.022380306970981811e+00
1.094919826263065499e+00
1.026213439528129712e+00
1.007161614529181959e+00
1.036690822391156175e+00
1.028859984244270276e+00
1.007788531470240612e+00
1.007019482529530885e+00
1.021262093953712036e+00
1.082836757535730499e+00
1.062038921488168697e+00
1.027600226586809384e+00
1.078330500176606588e+00
1.026099028814255965e+00
1.085471767491271056e+00
1.073974614707220443e+00
1.008153592211284533e+00
1.021884272640891655e+00
1.096088573705520375e+00
1.027987443491977793e+00
1.009340023739950576e+00
1.045431518571500851e+00
1.046429923778709803e+00
1.066165076831122382e+00
1.013253075631659117e+00
1.006339289329102993e+00
1.000949897831193258e+00
1.037331538994534785e+00
1.016397621669484552e+00
1.026547278938859664e+00
1.099598242853816688e+00
1.040492506522851635e+00
1.077286700962789112e+00
1.058547666847773350e+00
1.030397044582364252e+00
1.036856195687459570e+00
1.099014515439879158e+00
1.064466230631782917e+00
1.064888067330713062e+00
1.005372441344817291e+00
1.020663165010661455e+00
1.037301808574053519e+00
1.053705191114551631e+00
1.014284641429687106e+00
1.085507741125226078e+00
1.090958151598003800e+00
1.024187277651046557e+00
1.079226522505862151e+00
1.009819905308978916e+00
1.006282598747942014e+00
1.056584080288013094e+00
1.018477485571832153e+00
1.048522280422883757e+00
1.032168596134748872e+00
1.094380087741955609e+00
1.010635579504371107e+00
1.000065669092420562e+00
1.055659837544014712e+00
1.009159822724479794e+00
1.052724736370148628e+00
1.088037936628474922e+00
1.025577872122484413e+00
1.080777721073585829e+00
1.066212993592867031e+00
1.034424921702623346e+00
1.002787909749426554e+00
1.085659643181564160e+00
1.020331885168302977e+00
1.023109053429489324e+00
1.019616775808588782e+00
1.055559377242574204e+00
1.037686208598089133e+00
1.008901798621119061e+00
1.041238063922941492e+00
1.067615976983431247e+00
1.036695646806632620e+00
1.008791230598508504e+00
1.024575817691751656e+00
1.094574926020764671e+00
1.055241610771789018e+00
1.080468307440521247e+00
1.040353114228773190e+00
1.055681413387655976e+00
1.072107897302343238e+00
1.022644645659619878e+00
1.004519910898977963e+00
1.002539397707808089e+00
1.002329871575923903e+00
1.056637030516673237e+00
1.007973350786504074e+00
1.003774070274775942e+00
1.017966815693822191e+00
1.058900378381561813e+00
1.013414214198412155e+00
1.094435493347836186e+00
1.083324137552811095e+00
1.095275525231084846e+00
1.043755671203037583e+00
1.014909782873260724e+00
1.079026923814013772e+00
1.050531175864204414e+00
1.084982600504987182e+00
1.056498130115230083e+00
1.012812569134335261e+00
1.078606626688343395e+00
1.036388567639545899e+00
1.015163503951372226e+00
1.018511006586044987e+00
1.041461200364260264e+00
1.053551771099955348e+00
1.005717990861843658e+00
1.069777030747894653e+00
1.010551461269587614e+00
1.078515887250749872e+00
1.087288655485351363e+00
1.007702355075619449e+00
1.034910007251064190e+00
1.087310032088252276e+00
1.027367329838516419e+00
1.062589344317065976e+00
1.034754262247516099e+00
1.089626860133430242e+00
1.091672851640920650e+00
1.047401861096604936e+00
1.052733377871504228e+00
1.096923383593589429e+00
1.061471110504823345e+00
1.076219777850917936e+00
1.088445908798824302e+00
1.008407409345063899e+00
1.021884518479178272e+00
1.076500933931954229e+00
1.065383862151589422e+00
1.089837799020494602e+00
1.059004021909599746e+00
1.027496634824082600e+00
1.099215848773165582e+00
1.063989715505994083e+00
1.068053392082084718e+00
1.082694436581640884e+00
1.040824849943032593e+00
1.082614036457834938e+00
1.022990025533426772e+00
1.034581185907423651e+00
1.019662792273535734e+00
1.098327716994612624e+00
1.028520222215789204e+00
1.053664976496988315e+00
1.015343714368009076e+00
1.046386332688499676e+00
1.003767033936679320e+00
1.028132415587723836e+00
1.053819857457702014e+00
1.070404627352270266e+00
1.019693416963734167e+00
1.070758178672416960e+00
1.032385990685178223e+00
1.068068096942688117e+00
1.003922866377772616e+00
1.025490662679992449e+00
1.076577266068374339e+00
1.003754085312822397e+00
1.019088046450209672e+00
1.082108146785157876e+00
1.003625192019686585e+00
1.055139905574369097e+00
1.085791358476183799e+00
1.020035866972031746e+00
1.012491784367024916e+00
1.096295742958924846e+00
1.027140913843951564e+00
1.059323591084500027e+00
1.001127546221664000e+00
1.079468004243282486e+00
1.050201709057284827e+00
1.067621043826982197e+00
1.057800445728328320e+00
1.013989382605390288e+00
1.024731165210568617e+00
1.088727561566997126e+00
1.021180064077443328e+00
1.019916481434736788e+00
1.073267764104012700e+00
1.060652817927879799e+00
1.096143187136909614e+00
1.054707399352363906e+00
1.032723059291408507e+00
1.059107559951199207e+00
1.071794308050818989e+00
1.039811583127893124e+00
1.051703086822614264e+00
1.084616900533223127e+00
1.076945034616844543e+00
1.025323336890562764e+00
1.039672992210380009e+00
1.058936850850031641e+00
1.009593007282188593e+00
1.027811264417613168e+00
1.007526374131133995e+00
1.028177464841775191e+00
1.068366158496284024e+00
1.039040031839517653e+00
1.011003503915149926e+00
1.092155966894914343e+00
1.037412153885751698e+00
1.069070703997208049e+00
1.085239374208397445e+00
1.036265736097178092e+00
1.075992137644906643e+00
1.069171553937680930e+00
1.085965845154868603e+00
1.007035812730708857e+00
1.067235418832803928e+00
1.099260837946967051e+00
1.091214418031034805e+00
1.069807065800595591e+00
1.025232406927375273e+00
1.065611840782713760e+00
1.061160869458885436e+00
1.083916192618094465e+00
1.040102325704699737e+00
1.021365416464475429e+00
1.029140433308577629e+00
1.032191078432060705e+00
1.065477349391986017e+00
1.005530021576699573e+00
1.020341714130841515e+00
1.013159234873352910e+00
1.021657324214712670e+00
1.084011081716696800e+00
1.088243782265981840e+00
1.076299756180365774e+00
1.004007963678429149e+00
1.018525474401636099e+00
1.082817880672682032e+00
1.090686223085468143e+00
1.068395112769646049e+00
1.076930762021901078e+00
1.030264096235474325e+00
1.055036377808290737e+00
1.022009135099748223e+00
1.037257140747332107e+00
1.044064784465813300e+00
1.016619817277774951e+00
1.001051473598689734e+00
1.036890357818065489e+00
1.043335395111255393e+00
1.085527818740032124e+00
1.015673821249490016e+00
1.025889168801854767e+00
1.064227250326064578e+00
1.065104541887830658e+00
1.059710899222879865e+00
1.004362048708606903e+00
1.021800786529561744e+00
1.088515522737895758e+00
1.017061921703965810e+00
1.078240788061394007e+00
1.076946517470316556e+00
1.064612583024882930e+00
1.093361321997531777e+00
1.006664327575042428e+00
1.068826285571583545e+00
1.084124555526667866e+00
1.082940401091270433e+00
1.085732402227139293e+00
1.057111568801315071e+00
1.096734744712017484e+00
1.061729843609400703e+00
1.059611047439738662e+00
1.056310715960819158e+00
1.052123538815092907e+00
1.046772807266292293e+00
1.093869517895701415e+00
1.001956435541933477e+00
1.060223028546317892e+00
1.043660921888895698e+00
1.037153596132935895e+00
1.080204472484017186e+00
1.081964092267657218e+00
1.093905424065566789e+00
1.003322534536937871e+00
1.091078123727055038e+00
1.093174193701702546e+00
1.091773493931306627e+00
1.075554549681821070e+00
1.059113493232206826e+00
1.087562992673264173e+00
1.023169522168704715e+00
1.008525937365344127e+00
1.059673460891450203e+00
1.076405507200882683e+00
1.091007898456527014e+00
1.009030366862684103e+00
1.003165579992270962e+00
1.011921168024113804e+00
1.084155574841391800e+00
1.009388450247525659e+00
1.008849314839760147e+00
1.054654774655002791e+00
1.080292120044699100e+00
1.051562037994860699e+00
1.011007811663719336e+00
1.070660645518859866e+00
1.024236438865235854e+00
1.039745580121968604e+00
1.082300041508355237e+00
1.050534539460488359e+00
1.003838634649330430e+00
1.046738100298930441e+00
1.031581316400647097e+00
1.055693868309005135e+00
1.037326044387068213e+00
1.044355084030227809e+00
1.061294777493542840e+00
1.026042112584421684e+00
1.013310650633072907e+00
1.023157772535054244e+00
1.056157336212541820e+00
1.091068953165066580e+00
1.064168669982619164e+00
1.039376056343522148e+00
1.095198968288622066e+00
1.042613420548619496e+00
1.030577564863917051e+00
1.046230851690718389e+00
1.085636441265532826e+00
1.007720324156020419e+00
1.059774316569511710e+00
1.028061877169080374e+00
1.057244350828290269e+00
1.086611367583087517e+00
1.077672149704290483e+00
1.036137308534183843e+00
1.080373184441403733e+00
1.074248054329109969e+00
1.053614676626168478e+00
1.062697248665668281e+00
1.025296612268226326e+00
1.085215414213381635e+00
1.000450605140916993e+00
1.044336141549155661e+00
1.043962226422959549e+00
1.074663442991170559e+00
1.000188064752687067e+00
1.004113544590984342e+00
1.082490114179574636e+00
1.049550600511346188e+00
1.048960180936375775e+00
1.010244419336787436e+00
1.024689823098011709e+00
1.060564084014209207e+00
1.066936620261856650e+00
1.028300689051804717e+00
1.096449554855983610e+00
1.052910521968585700e+00
1.053128462750093419e+00
1.011515491499239694e+00
1.010186849006940113e+00
1.046899057011367651e+00
1.067503029390245883e+00
1.031923295520586814e+00
1.089083331952053868e+00
1.079861033330131281e+00
1.081120489655780004e+00
1.011260259038340825e+00
1.094696816175749765e+00
1.036311008851199533e+00
1.081253968263670151e+00
1.022077009052178465e+00
1.006553543889747715e+00
1.016880012284307799e+00
1.096335768489450802e+00
1.058370574629099448e+00
1.032766170023307950e+00
1.012892474418195299e+00
1.041611608376961540e+00
1.058032940370997155e+00
1.070615682297791249e+00
1.058603903910426247e+00
1.035733480836493303e+00
1.046371959214644320e+00
1.024773858794192805e+00
1.085236372355356638e+00
1.053340484040520275e+00
1.090588541685824975e+00
1.067462314627934727e+00
1.068801862252538148e+00
1.095384969677805520e+00
1.052696920393423774e+00
1.099046250127081015e+00
1.085958196526008113e+00
1.013768096834666732e+00
1.020885432333705989e+00
1.053535678146220400e+00
1.004688669869362228e+00
1.084850260894710594e+00
1.020970724021151410e+00
1.034062787751646839e+00
1.015807095850237873e+00
1.041506282077246492e+00
1.097248295594574596e+00
1.012900400244983956e+00
1.033571413400282912e+00
1.059423727103261603e+00
1.049353653088864302e+00
1.043400748296004155e+00
1.064154520407673443e+00
1.060155201148132553e+00
1.044851211027023163e+00
1.046204633276490270e+00
1.029426806555881591e+00
1.004571125369414952e+00
1.060364878646646636e+00
1.032378280610986465e+00
1.052929088275383451e+00
1.008828351920685096e+00
1.024457099990358611e+00
1.027731641363949233e+00
1.039671201685465896e+00
1.031003102467302535e+00
1.029937110742573214e+00
1.020566790051961492e+00
1.016517399562802737e+00
1.066174085548643680e+00
1.087206974234310231e+00
1.053205647768274300e+00
1.011586027384065112e+00
1.090783423044233258e+00
1.021111945127441745e+00
1.062055684282501744e+00
1.029741818104836115e+00
1.037739192124285337e+00
1.042317502059709522e+00
1.052678916404137910e+00
1.018428538455515175e+00
1.010583844955266875e+00
1.050550912986328411e+00
1.002014320883616971e+00
1.040215009356452613e+00
1.087092976857744198e+00
1.050277624892392403e+00
1.035664587051045027e+00
1.012329069725870667e+00
1.037412852470713798e+00
1.053629559378217007e+00
1.045876005907234729e+00
1.094382730919115421e+00
1.068023288537257365e+00
1.099224994768950969e+00
1.084993493242212503e+00
1.080400933683093978e+00
1.098268964708534412e+00
1.041863190635446745e+00
1.041838566295379298e+00
1.075110345885349483e+00
1.076052323727687554e+00
1.088386015243243854e+00
1.084608859663004354e+00
1.054058522436684964e+00
1.080621974457021350e+00
1.067600642562974489e+00
1.041469809730376950e+00
1.004464780160748694e+00
1.067258058682112543e+00
1.044936676706413436e+00
1.079515378554021687e+00
1.054777783923880330e+00
1.052246222127177555e+00
1.083878567077007693e+00
1.028352649254868023e+00
1.053414843268922541e+00
1.046097405060794516e+00
1.029960807614986207e+00
1.084768064244008068e+00
1.053530445436084984e+00
1.095427717956412694e+00
1.044531533843560345e+00
1.044443787940896984e+00
1.061522096296461770e+00
1.064858226584174838e+00
1.018215552914056854e+00
1.003717873880151767e+00
1.071566799703106865e+00
1.042349832562811773e+00
1.010532241185329250e+00
1.052782979036656963e+00
1.021308226627511972e+00
1.074248881906326281e+00
1.029800764343891784e+00
1.049956900645538482e+00
1.001102488652463540e+00
1.072967467431042321e+00
1.015580503188497241e+00
1.086533045705878386e+00
1.056284374849389529e+00
1.095754150009572658e+00
1.046048528536736022e+00
1.073442886116499073e+00
1.098970133378795788e+00
1.060102567849259048e+00
1.096292409726413730e+00
1.006327190892863044e+00
1.008500574524519466e+00
1.075720665857528902e+00
1.058244565848326157e+00
1.061404034608854907e+00
1.057381267029282146e+00
1.076599336828145681e+00
1.023115358510215511e+00
1.090048473857822886e+00
1.017463952541866279e+00
1.049582417718748273e+00
1.003196803000614867e+00
1.055085839461611386e+00
1.061803578754025867e+00
1.073480101663245589e+00
1.079110584261202765e+00
1.020892779908529890e+00
1.091127382389814438e+00
1.094897827177101490e+00
1.007301384334177596e+00
1.042435769092393549e+00
1.034774314054172750e+00
1.059468531292226290e+00
1.028840887858291753e+00
1.081711815441203761e+00
1.023934951568331364e+00
1.075057617133999610e+00
1.095302231452725428e+00
1.052429941637784694e+00
1.036516202515193719e+00
1.028827217443161635e+00
1.029749024314432715e+00
1.031359731258851609e+00
1.065423141723323530e+00
1.020949269175823737e+00
1.071844227833784080e+00
1.008624074167603135e+00
1.003244676382474942e+00
1.004229306677070443e+00
1.051232039243461536e+00
1.065649670260838233e+00
1.067710517169639717e+00
1.024447453413351194e+00
1.090809398361564986e+00
1.078467219400437882e+00
1.079907258063908637e+00
1.024066022510834895e+00
1.039313111086511476e+00
1.024477753832006233e+00
1.010562784900458366e+00
1.042185367409222740e+00
1.023130948360956083e+00
1.089949171656498850e+00
1.025133013197353948e+00
1.007843273567018638e+00
1.099590426122283304e+00
1.096434301296670188e+00
1.076832728937401118e+00
1.045990574990325106e+00
1.077744238866786386e+00
1.041808344789483032e+00
1.005707456965448054e+00
1.089157145353281564e+00
1.063027555849421546e+00
1.062521033337319398e+00
1.006808469244665050e+00
1.044377045589673259e+00
1.056231046093697890e+00
1.075819759569825562e+00
1.041834555285044983e+00
1.002195336956970051e+00
1.034028597108936909e+00
1.011810271238863024e+00
1.002530660170031673e+00
1.005719517853944645e+00
1.085384040432836539e+00
1.028116657287837743e+00
1.081819603802997465e+00
1.086013263447518362e+00
1.005002529650518506e+00
1.031674494761842364e+00
1.068917819363023991e+00
1.091951242657166032e+00
1.094490785694067991e+00
1.031581562949047015e+00
1.009755998948075106e+00
1.072210678567499409e+00
1.074942129104580424e+00
1.011320624834436410e+00
1.081942710643365890e+00
1.012188461892995495e+00
1.069158472871842180e+00
1.007434748381238032e+00
1.084832370415577785e+00
1.067501102839004457e+00
1.099083829453010308e+00
1.092423859815483400e+00
1.047970296322159545e+00
1.032994226847016250e+00
1.043238481868625334e+00
1.012241775447447978e+00
1.097192483210722935e+00
1.000465205135538271e+00
1.034747434029766877e+00
1.048824600382737948e+00
1.028530389046918181e+00
1.051529637051985544e+00
1.077563153196960943e+00
1.007315565281003522e+00
1.064413367379435815e+00
1.058852573693697341e+00
1.002270827831722277e+00
1.068069398201408005e+00
1.023044185551468477e+00
