1.455609592657110610e-02
5.925290285303329296e-02
2.673639054249848587e-02
4.263525334263693067e-02
1.975707392233413615e-02
5.970023253601759727e-02
3.141714679872910365e-02
4.705472017438885879e-02
8.624484226077516746e-02
3.596205954579376196e-02
6.526927960977559062e-02
2.701773863167217585e-02
-1.653228095877653375e-02
7.556112182065691241e-02
5.339808112662016576e-03
6.511328833210840855e-03
-8.661394880229385251e-03
4.209568216479944724e-02
3.088510463237140527e-02
9.718219337869116181e-02
3.065209565720448948e-04
1.907713466916998238e-02
-1.763010130786089522e-02
2.796862969025628101e-02
8.499182794960289528e-03
4.876587652527065997e-02
7.058060644523560245e-02
3.661566054010093052e-03
-9.323511703634365655e-04
4.540493066380933695e-02
2.520708513361577183e-02
2.067612085535784280e-02
9.720407865738053821e-02
6.299664443489506882e-02
5.150715204646863499e-02
9.496563366584229171e-02
8.576855189078040620e-02
7.553843463890824728e-02
1.548664769759359669e-02
7.455153885145772430e-02
6.667782999704818803e-02
4.146458046550793863e-02
2.019320736908639807e-03
2.257582364460265431e-02
9.738536774416334252e-02
-1.643789274461840422e-02
8.453227129789561700e-04
3.379366668760146186e-03
9.938691538252082680e-02
8.511813328135627021e-02
5.497570351285935297e-02
-1.300532783612591559e-04
6.439750737389397794e-02
7.538048295501359464e-02
2.899287546399681795e-02
-1.548513929515326314e-02
3.354536339716752968e-02
6.444433200100614656e-02
6.874278866196976978e-02
8.977250557100908968e-02
8.121158015303783784e-02
7.805946126967563958e-02
7.391491690645055068e-03
-9.177178693342509519e-03
-1.740034670819878490e-02
1.392555280304432971e-02
2.068328950261501611e-02
1.827490169171474763e-02
2.247416692147373787e-02
-5.009311796563999455e-03
5.025715973939467313e-03
3.870651356490396877e-02
4.613717063553254838e-02
7.663047023511294908e-02
7.568616206257312851e-02
5.690479201777115525e-02
5.881972201351443053e-02
5.364254855635350316e-02
1.369510261589652542e-02
3.304368109041197488e-02
7.181671240029333103e-02
5.324754442635956653e-02
3.725096561789068006e-02
2.033739344643233776e-03
6.433476526204826018e-02
3.833119281891440161e-03
9.413972159721610555e-02
8.403847556887300563e-02
5.242389800013058654e-02
1.545729625854108322e-02
3.641903114299678557e-02
6.376238622692671776e-02
9.520452078531228823e-02
4.590598606488163064e-03
4.955335014491608903e-02
6.140169250908800169e-02
9.362999497205345967e-02
7.901429191832132215e-02
7.613782552531758729e-02
2.144829014960277988e-02
5.880999406017946296e-03
4.058401326803297293e-02
4.330929646099386521e-02
-5.226815953631449088e-03
2.532779248883356912e-02
2.379203508050020330e-02
9.431835868870054596e-02
9.484961900609822916e-02
7.611259689812320539e-02
2.505251948971684225e-02
9.942929149646444198e-02
6.370811693014319377e-02
1.483660342492088349e-02
6.672863130188316089e-03
3.837758164965060503e-02
5.272345122238047965e-02
7.337285308018386132e-02
3.014657483848492622e-02
9.920540905107209928e-03
5.041931465651233735e-02
7.535910221971144074e-02
3.468555028765855919e-03
3.254415151521630745e-02
6.278290313941690959e-02
3.926378228054711039e-02
3.610320925890872501e-02
6.565308823208527989e-02
-1.237732586462460260e-03
8.404876875216960030e-02
8.966792169405331248e-02
2.657051811106406550e-02
1.052474461089579136e-02
-3.996362062118369307e-03
8.849535637076189065e-02
8.924493897312098245e-02
9.845007770007918602e-02
5.619690709832532438e-02
9.214121550366763391e-02
7.725122675715058451e-02
9.286774344040978069e-02
6.149127841484705592e-02
2.910169895895908451e-02
4.945867254437470717e-02
-2.648673121656845014e-03
8.742418687969766289e-02
3.532683078408403038e-03
4.452897809361922032e-03
7.487550705014546504e-02
6.885629467464923770e-02
5.892258395215992095e-02
9.868881251556570200e-03
5.836893462440193026e-02
5.626383189215258818e-02
3.561543821672717713e-02
4.482310333240190070e-02
5.503913411385345789e-02
5.550636684773815888e-02
9.137575960891609894e-02
5.832899803019861440e-02
3.812253160142640290e-03
7.527914550804269689e-02
4.117570481600857368e-02
-1.749266661223419436e-02
8.141028927368929025e-02
3.297000919338279046e-02
9.280557421234911231e-02
9.829663439741626041e-02
1.766362590460944515e-04
8.665708180313673459e-02
-1.370829768070353991e-02
6.433797995503179323e-02
2.379830831654742782e-02
8.359147964179235168e-02
-6.767452351418281817e-03
4.626921433993630428e-02
1.778863435096400894e-02
-1.443574923566915205e-02
7.629741939446592347e-02
8.810629949917793413e-02
3.666834282652010196e-03
9.319850550561660507e-02
-4.612570737548849983e-03
6.044419640027047513e-02
1.875503986373679502e-02
7.555214269476416555e-02
8.797790031475127837e-03
2.499117423677944469e-02
4.591514336186726386e-02
-1.103049904823002157e-02
4.361928779896953601e-03
6.799930129991306471e-02
5.142736166084410643e-02
9.252982423561307429e-03
4.921778467846081584e-02
1.331503954074570936e-02
6.744513952136926838e-02
5.819192834036590600e-02
7.632922626366310526e-02
4.685078505009490635e-02
9.320222216101664570e-02
-1.497050365557226967e-02
5.384261119943252460e-02
4.544531910764225413e-02
4.095054135088324609e-02
2.642447219297701724e-02
9.891200817362945374e-02
1.793274507363238832e-02
-8.712479277422845517e-03
6.679392547001651581e-02
8.573786835892745206e-02
-1.434215201641413431e-02
4.913621743368359884e-02
3.817616376417805324e-02
1.123628700659212720e-03
-7.465845652078882677e-03
1.485460678193387465e-02
1.599126180639969322e-02
7.098775019200635750e-02
-1.721018597491005830e-02
9.380384890122200892e-02
4.852881667784812725e-02
5.699417845235947577e-02
3.955344926587843479e-02
7.150374664195836838e-02
9.629475107687086866e-02
5.994083284993589889e-02
2.744394307431235677e-02
5.931724026498345903e-02
9.467881307178786787e-02
8.494110755789494038e-02
7.237828834478995943e-02
8.305824537728370704e-02
6.322965189936906316e-02
6.614568854307738277e-02
7.493940568773028998e-02
4.927777036961342172e-02
7.840766778739949316e-02
6.119842898789534802e-02
3.421487826527110088e-02
1.236815037599710287e-03
9.070043351136705678e-02
9.139033026113826952e-02
-1.750366560642952277e-02
-1.616786223351556265e-02
3.471127083437319794e-02
9.053737626725084919e-02
6.188602214452533501e-02
6.765155484739966696e-02
1.451152826591426900e-02
5.838169332066618644e-02
8.624380274909818067e-04
-1.063595513014620013e-02
-5.583588386087860039e-03
7.818565637099353371e-02
-4.890192938339369549e-03
6.872272490084044283e-02
-6.847632577422539668e-03
9.548007302527049267e-03
6.976983695614952241e-02
-1.480869063486149953e-02
4.153571132570303692e-03
5.382226393786662677e-02
5.845056683436822276e-03
1.689914210699171651e-02
8.496749646593550198e-02
9.569135712151721762e-02
4.127304158202103890e-02
3.686893409270332322e-02
-1.425918311075650285e-02
7.024196205444920016e-02
-1.542355898587736279e-02
8.747868454250516679e-02
9.650717603212558005e-02
9.180909018493368934e-02
7.348779445815856182e-02
1.468822320208499135e-02
3.428303619376046885e-02
2.475118550529866943e-02
8.357169969069777604e-02
2.070912368938021900e-02
3.442205124069777633e-02
4.541560076584878758e-02
-1.229104873988289340e-02
8.561723483708991167e-02
4.322662746347627483e-02
-6.597423784405597597e-03
8.321721041981540445e-02
8.739165642036633708e-02
9.140391436590851459e-02
-1.339336365306238383e-02
5.122795925806374051e-02
3.846027511437291602e-02
-9.135799347133887610e-03
-1.637194886779736944e-02
6.876882799020316017e-02
4.168071421472677174e-02
7.965427205403902144e-02
7.815815956048430269e-02
1.917035416456561517e-02
5.884800827512469412e-02
5.642815021834651085e-03
3.436343275012025689e-02
2.950920076113959858e-02
1.683326435264614895e-04
5.975598413362193800e-03
4.757034899237654046e-02
6.917938318470179260e-03
1.052443348355543498e-02
6.613950809077440846e-03
-5.519885082446614188e-04
5.610524237885359394e-03
-1.062527994968007899e-03
2.895114694146005627e-02
-9.712916238209729977e-03
6.299864485237909040e-02
9.809982845061268608e-02
7.821939400785640761e-02
-4.268689899938709481e-03
4.504009945296677531e-02
5.888152560375890798e-02
-1.564895795969610190e-02
-1.742046206246047196e-02
8.203667007751744983e-03
9.389854885714147420e-03
4.950758501761702568e-02
9.211720313728720411e-02
-1.122881126968188620e-03
1.426695604386531493e-02
-8.688340279192829571e-03
6.456987518093765255e-02
6.988493125748809071e-03
9.157704723812164216e-02
3.003564208816468170e-02
-1.114753371977595699e-02
1.493289345319608052e-03
4.784744635528648260e-02
9.671581504017538744e-02
6.547521841406941934e-02
5.503801095547222744e-02
7.891672114344806810e-02
9.752313269527040918e-02
-6.986724711053375614e-03
-6.141841126744256030e-03
5.734567324888513451e-02
-1.693667473550348676e-02
7.743902100079666506e-02
-8.113022155684509670e-03
4.881474836542330775e-02
2.047331459410255475e-02
7.674825600091567113e-02
6.340915089505007318e-02
7.732682662323246692e-02
1.472812454672649610e-02
5.366986728062832224e-02
-1.789217491579566527e-02
9.201942171827093286e-02
-9.094051882605466708e-03
5.436120897108683014e-02
4.048407617615473741e-02
5.152934242944362531e-02
5.078548950522263766e-03
5.269072281959814863e-02
9.692790574419123117e-02
9.416122756694514373e-02
3.601926469699509581e-02
8.881869032595063329e-02
4.331088886801386095e-02
7.137669998446606601e-02
2.564784113062194490e-02
3.968391490747461003e-02
5.734307287494869176e-02
-1.451179409556119931e-02
2.852720044917853373e-02
-8.336703776562238988e-04
1.347453569700949108e-02
2.465235503814805842e-02
4.379423487220468481e-02
7.201067657378602827e-02
1.918116098322393201e-02
8.525727943935499514e-03
6.056093543320426043e-02
9.382325923817037838e-02
6.612055728071349059e-02
3.846601019223475082e-02
5.256826496339926658e-02
2.623516601931193473e-02
3.189904355808763359e-02
5.716722545282310053e-02
3.408045545410959276e-02
-1.786017312255587519e-02
9.610366944957718371e-03
1.990237691012968282e-02
5.983422724478625054e-02
8.530479553864042663e-02
1.539913143285887367e-02
6.340226790029368509e-02
8.998072616301151794e-03
3.598743426459059813e-02
-6.723789595199093985e-03
8.438923657294364333e-02
4.520107515095364570e-02
9.188471189468999656e-02
-6.408543841508537384e-03
1.276563111755522548e-02
7.179531445176491611e-02
1.332892528252209094e-02
9.821130781750610217e-02
7.609599471519591651e-02
6.595301247795986449e-03
-1.040621428667479545e-02
3.560868213300892593e-02
9.670929081820923978e-02
4.028512155893951285e-02
8.141763131179456658e-02
8.709159002108479708e-02
3.037772419890140060e-02
7.715255858985675674e-02
-1.896133572382487434e-02
2.117142834130040716e-02
5.255323534046114908e-02
1.324156323067340532e-02
1.767430723530249992e-03
-1.631699364090913318e-02
3.983934309352327174e-02
9.958093651376229150e-02
6.083182871704627404e-02
5.043274459899122625e-03
2.579150468593234199e-02
-1.701927796586239633e-02
3.330064003387001037e-02
2.129803187194870620e-02
-2.913043017228573311e-03
-1.321179414867179255e-02
2.413269212791401344e-02
9.310406814098100281e-02
7.389901607508722603e-02
4.904779221601128503e-02
-1.393206092511664607e-02
-1.564972103534943357e-02
-4.466083450321045242e-03
3.556196611562680021e-02
6.125588716724822413e-02
5.001748542706729861e-02
4.234343259518699720e-03
9.423882348937012710e-02
8.833496021907166762e-03
-2.554325041626764187e-03
-8.100796214594913405e-03
2.807786805357309276e-02
2.381545819139517864e-02
7.569375600879842125e-02
3.439831010167952730e-02
2.218787067018542988e-02
6.803403732203228138e-03
8.762147597832425916e-02
-1.859053008205214033e-02
3.986845619686282816e-02
6.657926765851861217e-02
7.895243249453499923e-02
8.915276323531891312e-02
2.175753860282093541e-02
6.976270553043423250e-02
4.237794823202803429e-02
8.993758952184212341e-02
-1.106453416596813594e-02
2.009686932519157490e-02
2.593707622398613508e-02
2.756258051024236891e-02
8.498432514706982799e-02
8.769823098825105245e-02
6.363508135992244907e-02
8.165883155133706051e-02
8.986390593914726777e-03
1.475632462071075138e-02
6.978562793905986050e-02
9.067525140349880219e-02
2.965331755546738932e-02
9.741198256561792168e-02
8.234451129225524302e-02
4.845824523367021908e-02
7.446915461609054931e-03
-1.343133233680792425e-02
4.985022690986078142e-02
-1.220560793554838208e-02
2.145157842578030230e-02
7.938592909747875515e-03
5.527681528088811830e-03
2.469269279581272694e-02
4.594079378889009968e-02
6.826061729040731885e-02
3.983494782974225656e-02
4.720968002802433672e-02
9.976614072697205515e-02
1.180457726247575653e-02
1.053002306863062842e-02
2.050326016865885656e-02
4.894345929521336236e-02
9.861523663205130213e-03
6.829433326877672183e-02
4.992593722175328597e-02
9.108134629907178870e-02
-1.653077616047661860e-02
4.382175276776377471e-02
6.321584030072582849e-02
1.829335990954917765e-02
5.860590485281275824e-03
-1.038716273672165777e-02
1.361249407055093244e-02
1.648917687034738219e-02
4.654900737255089627e-02
5.038299683328652245e-02
6.519629056847217607e-02
-1.183442549275622209e-02
2.947216339540606120e-02
4.202839632484775545e-02
4.935755235128158613e-02
6.794932472054789063e-02
-1.912214216084156398e-03
6.571285822424180467e-02
6.224491670738448168e-02
-7.110264122806686515e-03
7.324119662784442375e-02
3.071629380837180567e-03
1.724696993772148815e-02
7.339655769136661789e-02
-9.517920648088073685e-03
-1.428488802192517081e-02
1.354285359768553701e-02
1.293508578277629065e-02
9.091265438281621869e-02
4.079668213291468004e-02
8.275465282876807993e-02
2.107260787098820878e-02
6.306839657214277639e-02
4.119111936689100195e-02
4.065966068210422057e-02
7.367047823494546344e-02
1.816476902314819938e-02
6.265504322086588862e-02
4.898648289042412118e-02
1.049679940288503546e-02
8.233624439216301327e-02
6.243482010437294283e-02
1.728183979484832281e-02
-1.878527081173118202e-02
7.217209359932891255e-02
5.842136231792327550e-02
6.151595015094254992e-02
5.057032703862775203e-02
3.730657634134386391e-02
3.095567316350959428e-02
4.623021554777392156e-03
6.354363142461825348e-03
4.754970662899822564e-03
4.297930505954865310e-02
4.779218487263581228e-02
2.812398931746926470e-02
9.554152520241908364e-02
7.219136878656759460e-02
6.205619319662300515e-02
8.472293335486529020e-02
9.278152923312582567e-02
-1.928271212265989312e-02
8.313609654650452874e-02
-1.484373734988866933e-02
2.347203165401088795e-02
-1.458158794801164143e-02
6.827439211109679468e-03
-1.049873640212102208e-02
5.261045584540553766e-02
6.555836546029723821e-02
6.678537771051486216e-02
8.637927585755940385e-02
8.091172623631476268e-02
1.559355040446984766e-02
2.692595262078573484e-02
8.938416998093136334e-02
2.063884246283343230e-02
6.102215168586176686e-02
2.712770710649926517e-02
-9.396238772892834268e-04
8.869769138039142187e-02
3.658234361067766449e-02
4.111287053167318739e-02
4.297645239899844372e-02
7.066305708678424780e-02
7.504209432802791402e-03
2.621999968427752778e-02
6.156977866154192403e-02
-1.860133707357536012e-02
2.807516498092025095e-02
5.522296372653158480e-02
1.775609847327953503e-02
6.950991644060447450e-02
4.434116748298910782e-02
3.252137066570565116e-02
7.961257378285861719e-02
-7.298917798977377566e-03
4.759147730851383262e-02
-2.504681725227116129e-03
4.287865312224760361e-02
-1.527896922201247426e-02
7.941536789082137560e-02
5.772219676842155200e-02
6.271288369727767709e-02
-1.519303540235314443e-02
2.479472868141829531e-02
4.486931009889164046e-02
5.017678235715425372e-02
5.019999060567868765e-02
1.783544251680663911e-03
5.080204998047004039e-02
5.215353789170974058e-03
4.533483691116005354e-02
-6.973890688524723297e-03
3.164182427318987245e-02
-1.640109364904120473e-02
1.591105327046057547e-02
7.563797348409179166e-02
7.271206406638548725e-02
6.218022781230017615e-02
9.500503137870466852e-02
8.632899957014976422e-02
2.613270351032138603e-02
-8.016786797052963265e-03
-1.361085267640878456e-02
5.897369747306555055e-02
5.617704548885830984e-02
4.125245238516200841e-02
6.511278287293309486e-02
-4.858442007790144540e-03
1.973920947815127960e-02
7.821424129791045010e-02
5.907546508582085798e-02
8.405675251531846692e-02
8.845933978039230428e-02
6.720679362154495518e-02
2.988981295591612228e-02
5.880974318267055689e-02
-3.778610439442796343e-03
9.303445612093293182e-02
2.974550287877794977e-02
9.170720984559535549e-02
3.459726064616690244e-03
7.260836653848583289e-02
5.780234606423179100e-02
3.675733263542747820e-02
4.447861733793714856e-02
9.318941495995781976e-02
3.814173832010553378e-02
2.864217327158666629e-02
9.599034169311587705e-02
5.327658262124890243e-02
-2.933712898889051512e-04
5.155809488431996324e-02
1.460282868484481453e-02
8.423027917832000278e-02
5.978147255901723744e-02
6.688410092299684750e-02
4.163258301101779857e-02
7.234333330717972188e-02
3.054962272763670980e-02
6.042546436945461785e-03
3.819194132888459325e-02
-8.172684564469493221e-03
3.782169529757950510e-02
-3.178991635910972252e-03
-1.324481046368814613e-02
5.048183700907166865e-03
1.816213473549939048e-02
8.805600999303279247e-03
1.708899131527371815e-02
7.054928407175236477e-03
2.426276779008070331e-02
-7.306676296730789041e-03
9.143297030458939767e-02
-9.492938745777123460e-03
8.886243747919493619e-02
8.853652125213010149e-02
1.341925753876870367e-02
7.017922077334291797e-02
3.938577403545281963e-02
4.304636342171826169e-02
2.840599430136787548e-02
1.271743039752984764e-02
8.399471563478566605e-02
8.671679935438345033e-02
-2.303065884187369128e-05
7.338350027486263694e-04
6.726311305070771518e-02
3.960491233324353599e-02
-8.118997277636328183e-03
4.194808686365637806e-02
5.660761170924777375e-02
3.397063812865656895e-02
5.967417637981982381e-03
6.762595890826641337e-03
3.747422820598335369e-02
-9.570394308116467533e-03
5.988347809987276671e-02
5.813539339094087044e-02
8.343626305233554918e-02
-1.756117714648841935e-02
-5.870666331373394081e-03
-1.695219319864440383e-02
8.959918867859255343e-02
5.437936598196448090e-02
7.979849395298400927e-02
3.755388312458536604e-03
6.331961359037189402e-03
1.927286032467458513e-02
7.812065129810390196e-02
5.753065322815453797e-02
8.617641632026325216e-02
2.063561131412445029e-02
1.637722145306704305e-02
-1.367257937936718071e-02
2.075812710855514179e-02
6.492688129127187346e-02
1.797911545800208802e-02
7.405578219420966279e-02
2.499444927105861150e-02
8.535760110742882101e-02
8.350789611547414226e-02
6.723514233040539523e-02
6.225182817163653348e-02
4.850052529714586613e-02
5.982568411086526539e-02
1.397377465202905358e-02
9.107633986552095273e-02
9.440821419610599674e-02
3.947685989970689535e-02
5.000219612167820793e-02
1.003322458823959623e-02
5.976419997781892007e-03
3.693600540294413037e-02
1.355302285874876791e-02
-1.064960695410538567e-02
5.571437223491036705e-02
9.176858866229432865e-02
6.946198547421432445e-02
7.683744336504187700e-02
6.342502017382221913e-02
9.512523905859092410e-02
1.647994345680453901e-02
9.775509698593595753e-02
-9.055545598566165297e-03
6.318446630602710112e-02
7.603704309740794143e-02
9.166878439468140183e-02
9.808105505908681909e-02
8.025229609393874641e-02
8.233617927694406036e-02
6.667616174477621060e-02
5.031362252376300748e-02
-1.157499366928551633e-02
2.905277669904695811e-02
-2.613732678691561839e-04
3.855836351658467609e-02
-1.327142009466729389e-02
-1.197113947433019014e-02
1.702340329520342713e-02
1.540182854616935562e-02
4.960988445298235294e-02
2.167087144330489060e-02
6.017750597502347087e-02
9.906459206917118260e-03
-7.260634857008008147e-03
8.986470209272144627e-02
7.958658177469581096e-02
2.609629934966796114e-02
6.415359857786785691e-02
3.622505666585586204e-02
-1.912844696371613501e-03
8.174986597780660447e-02
6.541932105377432083e-02
-6.932779278938858147e-04
8.665279482616151940e-02
9.446988971191164208e-02
5.953916445892348808e-02
3.181945232316385486e-02
6.615855856391561485e-02
5.824075988043911356e-02
-2.222562697281639521e-04
8.453955616846978161e-02
1.874184118530503387e-02
6.691949070580811842e-02
7.565623613699359873e-02
1.546037055757794321e-03
-1.271554075041113861e-02
8.263980618155210289e-02
4.619448682024478170e-02
-1.803984170909644566e-02
-7.873353172476818887e-03
5.938813461097634805e-02
-1.502941994698234196e-02
9.720953178170987918e-02
5.194331853858807913e-02
1.552047810779905515e-02
9.046278003863551798e-02
9.091080021418358748e-02
5.508410557308972277e-02
-4.939097352736098942e-03
7.676703286500413670e-03
3.839425911101865263e-02
-2.439961692333254134e-03
2.316215831775841547e-02
7.982359652707932129e-02
7.110449227238503644e-02
9.603343336289056620e-02
1.493860093624431798e-02
2.234959004832535318e-03
8.657084273020826393e-02
-1.160055375628417894e-02
7.753315560942972140e-02
3.963976483862413636e-02
8.645701324064866689e-02
-8.851204034978533627e-03
4.965173143751618057e-03
5.767882736493162854e-02
1.088913407457555230e-02
8.030062182326304365e-02
-8.466684437803684293e-06
3.332487393148393651e-02
-5.949722652042960594e-03
2.606911937693402043e-03
7.301986257485912346e-02
2.266122548351667473e-02
-1.613541725289806966e-03
8.891082440628216010e-03
3.641043124339349291e-02
9.214311938518730816e-03
7.212491496834676219e-02
3.721462464579751439e-02
-7.046059434957036016e-03
3.706111570773891473e-02
-8.617743111713104670e-03
6.443502359925620815e-02
6.402435659429686621e-02
4.048631234721160321e-02
-7.621304703645939010e-03
1.067941379638437036e-02
6.125379435799692407e-02
2.138842771440861018e-03
8.180351677881567141e-02
5.121769177174123611e-02
9.462584720748619393e-02
3.990703110853133229e-02
2.788516363019774916e-02
4.165929329055252650e-02
2.832514678028626512e-02
-1.220464590439215846e-04
4.575371407885839292e-02
4.635842618593179199e-02
8.625949348152250895e-03
9.069459968404541828e-02
7.055699806047921463e-03
1.397099758119477522e-02
5.010320265994334943e-02
6.670257174114890830e-02
-1.953206164103869769e-02
-1.888946314387748501e-02
6.406934860491093897e-02
4.803026211673565304e-02
-1.362182671378945470e-02
8.749786645275274555e-02
2.964341247911841601e-02
2.448409855355657486e-02
2.058010241981739555e-02
7.095345891801906058e-02
4.072715590140170427e-03
7.269389533621765931e-02
-1.256476529955683971e-02
1.140067139149115658e-02
9.884368047209324271e-03
1.407217300512439082e-02
6.950062225117646653e-02
2.191317087979989878e-02
6.887602851579201213e-02
-4.938567580959171005e-03
4.661381450778172286e-02
2.954366961164405295e-02
3.838962678742610657e-02
4.704030415957946576e-02
2.678538622485807097e-03
3.307685367454295255e-02
4.882514528545846277e-02
3.459086484472315148e-02
8.903163286903235940e-03
8.102711723361703811e-02
4.149409465490766502e-02
-9.184128753327060191e-04
6.573444050588139742e-02
4.479399289401579665e-02
6.263252368059488151e-02
-1.645116629854874446e-02
5.970402900747118213e-02
9.740995294802910764e-02
5.590304397569648143e-02
4.923321060862978493e-02
6.517874206483743882e-02
2.665403477065056773e-02
3.086112765291373905e-03
2.105263705142497097e-02
8.518225521253224020e-02
6.038176778259563005e-02
5.042407133016678367e-02
6.305188350438617473e-02
3.083507818558462940e-02
-1.766891946793155629e-02
3.343747115246820112e-02
-2.661630633159970533e-03
1.401413642497357018e-02
4.991226740181804733e-02
4.092131698400647277e-02
3.974864673850080077e-02
9.181210858882460357e-02
8.328185953884763293e-02
6.997320638423583372e-02
-1.408898954296588721e-02
-1.214194708154727256e-02
5.381945232065341034e-02
1.372897024027820365e-02
7.662627918290314255e-02
7.616708574909855645e-02
6.148414822317782580e-02
2.080650863853778301e-02
8.675796849868111504e-02
8.418514943600839684e-02
6.979706705445647141e-02
-1.393518781771636850e-03
5.510179833854229881e-02
2.345776910830950010e-02
2.346163634083979835e-02
2.893843303823003324e-02
4.692658962278394019e-02
5.509880251544015117e-02
8.443423942630363943e-02
-1.062407525491257387e-02
8.347498722576784935e-02
3.569751384643979342e-02
1.121910238591434031e-02
-1.405930241707332475e-02
-1.946512945776300227e-02
3.983381548493870883e-02
9.970807371350082215e-02
9.025894654226363639e-03
3.661805723907174404e-02
7.332963617279855684e-02
5.302213776885583707e-04
7.792766249711961801e-02
9.985517778518998577e-02
-7.842041176768307573e-03
3.844007640304629436e-02
4.037596964611527006e-02
9.453118899836226996e-02
5.890751352977197097e-02
8.919020810390332343e-02
9.329435917590885030e-02
4.089774330171228045e-03
4.266552095011446472e-03
-8.937392366697717930e-03
3.562254900762409915e-02
6.299777451090649016e-02
2.934961003784895481e-02
3.178196055549969978e-02
-1.738260444308777769e-02
9.800508662279083794e-02
8.841181143278871446e-02
6.264925828898509907e-02
4.953688828181065928e-02
2.784004667505552214e-02
1.679610006965180299e-02
9.629471540530923357e-02
2.390946477452363453e-02
-1.098903048082655598e-02
2.995311953948672293e-02
1.539694765869524182e-02
2.347028093547036745e-02
9.159204542677627792e-02
1.262498054574340625e-02
9.341109221609238122e-03
1.150397742553073074e-02
5.996799515226078348e-02
1.774492080494365423e-02
1.607934294178757148e-02
9.176400413189801653e-02
5.321122948881815140e-02
8.837810740025084377e-02
5.052106201917923312e-02
3.586327027290549252e-02
-1.056156868298717411e-02
-8.066286417883337945e-03
-8.412455944468084576e-03
-1.312632715911916589e-02
3.799121976706025527e-02
-1.068185552016098772e-02
8.397092028408016662e-02
9.155533077008631837e-02
-1.365458681901738497e-02
