1.011480227067964588e+00
1.075937936010321394e+00
1.049498057119887529e+00
1.049632656397643027e+00
1.059168349145464871e+00
1.014657464158121192e+00
1.098719601179248384e+00
1.087030559395277596e+00
1.095354001854528248e+00
1.077571569669470097e+00
1.054007500287249099e+00
1.088535347490542815e+00
1.004330246321995856e+00
1.074404086153113225e+00
1.025115130199488966e+00
1.059834220407446459e+00
1.074635645576980991e+00
1.018771424112517199e+00
1.020211962614087531e+00
1.020779767558790185e+00
1.044171430427620395e+00
1.042273450627668518e+00
1.013449482765917287e+00
1.072123877916370205e+00
1.012840545402788672e+00
1.063907081235672791e+00
1.078064708011863715e+00
1.010333463337156568e+00
1.087037543026101449e+00
1.060992032005704022e+00
1.024822083805872142e+00
1.036287901274093759e+00
1.085454405221565111e+00
1.004740064699331192e+00
1.046954624101584352e+00
1.057112211832705650e+00
1.041155602787851464e+00
1.065349295508194016e+00
1.077560965435075513e+00
1.012453974092212494e+00
1.072094896849365542e+00
1.070991651686811430e+00
1.049362484936650963e+00
1.009925080965268451e+00
1.095155269037694667e+00
1.019211993739479905e+00
1.023435668939914889e+00
1.032154631611496676e+00
1.051468225367236942e+00
1.071544754719606196e+00
1.061924806914423813e+00
1.045362015570853620e+00
1.090241646428237843e+00
1.015308902176019101e+00
1.011766203086746252e+00
1.043073596476708609e+00
1.058535897952272764e+00
1.071077508032221681e+00
1.000049961510351082e+00
1.068042670638266856e+00
1.019959611814862388e+00
1.093515072589236858e+00
1.053519253125105193e+00
1.056416438782877387e+00
1.069515941641601353e+00
1.037101022186357691e+00
1.099772028463074758e+00
1.040198318874292926e+00
1.044779165339450699e+00
1.047025250621574477e+00
1.026729782636324639e+00
1.056904482736300999e+00
1.041530824913698527e+00
1.019108102105949154e+00
1.046051830607192201e+00
1.052105738703215554e+00
1.026211571649408016e+00
1.087244403184471908e+00
1.008728013994852013e+00
1.093997589861454678e+00
1.057606461085849769e+00
1.081898460091421210e+00
1.039910551325870625e+00
1.077895548233881673e+00
1.053776286786012539e+00
1.001376668772196332e+00
1.087165225182334494e+00
1.094523739944091245e+00
1.089743801159589021e+00
1.069549487702972757e+00
1.019077075757803152e+00
1.073681165019514383e+00
1.051627130707287971e+00
1.017617930085413347e+00
1.051990294299575357e+00
1.088742934391892181e+00
1.044937830682576285e+00
1.054930059522274588e+00
1.091542755333391623e+00
1.049583252551746781e+00
1.085145832166833690e+00
1.098535713814162484e+00
1.000336051323109876e+00
1.029296143219713855e+00
1.098501619194222734e+00
1.060593065128609291e+00
1.094741998535464056e+00
1.077936573625082550e+00
1.052670005927397900e+00
1.011723312720923085e+00
1.060168805831693373e+00
1.072249175582008052e+00
1.069484666487703128e+00
1.096065310748506771e+00
1.048643862436829277e+00
1.053936880473233195e+00
1.075020836478193909e+00
1.062243503570043268e+00
1.055450298894075267e+00
1.013822943722138659e+00
1.082762400319589480e+00
1.015873053298021800e+00
1.081157272700356220e+00
1.061255054041498447e+00
1.041334771037901064e+00
1.051611638058392195e+00
1.072538720629529596e+00
1.028926249936331416e+00
1.010454344636447344e+00
1.036896797128228576e+00
1.070141963298859356e+00
1.024990151218227563e+00
1.093640154397054642e+00
1.012365699614767856e+00
1.092923520434001095e+00
1.047799612862897911e+00
1.070136244912141876e+00
1.074437189251367109e+00
1.062077229712860005e+00
1.091123861139656315e+00
1.079364309423344270e+00
1.035536553870470167e+00
1.001744930892679131e+00
1.061628313154881376e+00
1.058649748326306428e+00
1.007753243815623367e+00
1.098170401450023093e+00
1.075690986728865095e+00
1.094993427236151007e+00
1.051753492284367208e+00
1.016961474759363382e+00
1.091651448749338060e+00
1.015457632973193469e+00
1.062281005266511480e+00
1.008956245987893796e+00
1.095209351064849290e+00
1.040885626706005596e+00
1.088602092026221380e+00
1.051262711243029724e+00
1.087149701510180089e+00
1.006706327918005739e+00
1.016342675836778620e+00
1.071986316727826072e+00
1.030434975952413179e+00
1.096758790224300784e+00
1.029695311874436081e+00
1.060330212736374067e+00
1.034671487161462844e+00
1.026805504139085112e+00
1.042073524768674542e+00
1.058522797929242198e+00
1.043019504675206210e+00
1.039319093454231346e+00
1.085290227493465043e+00
1.057625502649270466e+00
1.094244484139426765e+00
1.053046360054178621e+00
1.070223381188931899e+00
1.052903071727709250e+00
1.086471080124905564e+00
1.082542292061847933e+00
1.084511406301095882e+00
1.099149216558089170e+00
1.041682866760186732e+00
1.087371596635315241e+00
1.067981941351876962e+00
1.037507591462087042e+00
1.062093694006851718e+00
1.064387021581469472e+00
1.047836012866409705e+00
1.075191564417201207e+00
1.016022873741886601e+00
1.045316232892920860e+00
1.048129229078409441e+00
1.050388840411637714e+00
1.000290971347188140e+00
1.067938765910609211e+00
1.021708983691334671e+00
1.014788733672442156e+00
1.043118817422655553e+00
1.075013161128056227e+00
1.033267637630481461e+00
1.026969847999200658e+00
1.034398501300670459e+00
1.087388229771369064e+00
1.057016174199378211e+00
1.033369008649962728e+00
1.002566039136732368e+00
1.014908963577118239e+00
1.031314700235109738e+00
1.042585838874372284e+00
1.018186877033861348e+00
1.010931542410733686e+00
1.031592839980080001e+00
1.034900354449312943e+00
1.059690662889825941e+00
1.054129788553297420e+00
1.023614478831881502e+00
1.050722444821939661e+00
1.034242632135401463e+00
1.057131490193599976e+00
1.067691370825567532e+00
1.056868335462927577e+00
1.028077296013258257e+00
1.029847009182848439e+00
1.070027682165020533e+00
1.045717703095741635e+00
1.095366671423152694e+00
1.060669145535205082e+00
1.010969051835854282e+00
1.055665446011324615e+00
1.020893920380255171e+00
1.085972975666160689e+00
1.080619522831997914e+00
1.065564881648667805e+00
1.086317855059406812e+00
1.029641075803719108e+00
1.007323546714474105e+00
1.076744649704797885e+00
1.024799488050295526e+00
1.000497097383922007e+00
1.087104979268767257e+00
1.073203221289538378e+00
1.058433857554161417e+00
1.036869964549437029e+00
1.057826296281012546e+00
1.020227143020753457e+00
1.021218420469038435e+00
1.055172992030371404e+00
1.021576870759294930e+00
1.080852445546673701e+00
1.024968999780893064e+00
1.050196480990781334e+00
1.034346106828524237e+00
1.057528923189191339e+00
1.077014474180487902e+00
1.087893324929928740e+00
1.040775330133577814e+00
1.088487412203388516e+00
1.015538014333563943e+00
1.036030504814654085e+00
1.004215672285120098e+00
1.057099312257890222e+00
1.086986073714959700e+00
1.033726519289641654e+00
1.018937170768767997e+00
1.053948180052961092e+00
1.064575027966711440e+00
1.005409052619993471e+00
1.038761071909035660e+00
1.085663000915366494e+00
1.097848987036347923e+00
1.099421122135153306e+00
1.045744754786554820e+00
1.003353192545965555e+00
1.011207956801365659e+00
1.018705739331861482e+00
1.087730919224636716e+00
1.067809556600440191e+00
1.014867870965445285e+00
1.098674255903208552e+00
1.086187960321132628e+00
1.011731063211026349e+00
1.098739464111232245e+00
1.072596663642934045e+00
1.015921936197975439e+00
1.062469940893134401e+00
1.010757797777298350e+00
1.063251300956041812e+00
1.069111775562068933e+00
1.024736732922098881e+00
1.034046045622084131e+00
1.064915250958323290e+00
1.091391975380848089e+00
1.003211914260144777e+00
1.043281719495752657e+00
1.006632521025919935e+00
1.022494043434250433e+00
1.080087862870849014e+00
1.001325557353169193e+00
1.043976504375420555e+00
1.002479186578013159e+00
1.032480938975751883e+00
1.073644677707497719e+00
1.055381558976293599e+00
1.093560705506429143e+00
1.080782438421411973e+00
1.081377627322262169e+00
1.065747964197035103e+00
1.079250894789568038e+00
1.099387668709236543e+00
1.081853871849459692e+00
1.044334283837660360e+00
1.068856105235522325e+00
1.063113780517326079e+00
1.073252235054856563e+00
1.030630075348719865e+00
1.012059501925774319e+00
1.095392332337424168e+00
1.039009920574145873e+00
1.076788402573808812e+00
1.002816950820414776e+00
1.032886816789334805e+00
1.016077034551222669e+00
1.017710835658407253e+00
1.078703115673023571e+00
1.029069531188119946e+00
1.000605584377386448e+00
1.048123177927492655e+00
1.035160649303129565e+00
1.024412331127454667e+00
1.051478869052624443e+00
1.020586198502063002e+00
1.029628706391446435e+00
1.052643471697134681e+00
1.089326576600825769e+00
1.007388584368392737e+00
1.052139265843594629e+00
1.097194690900677783e+00
1.098033525588467008e+00
1.055059464253006007e+00
1.091352906591418037e+00
1.075261137823619650e+00
1.001280441360752560e+00
1.014023125790303625e+00
1.071761986972433300e+00
1.042362342596763636e+00
1.010439351601978952e+00
1.085622691203528500e+00
1.074765331797687740e+00
1.031959437854004236e+00
1.067664897804531554e+00
1.046411190434041627e+00
1.019512618536618342e+00
1.096165025424777006e+00
1.091907121855678175e+00
1.052647408185350519e+00
1.032328003275886141e+00
1.090676921856652548e+00
1.063333288888981709e+00
1.085794035617039022e+00
1.080947284352837601e+00
1.083722984302397885e+00
1.074828324953321701e+00
1.002175612899258716e+00
1.026532881196013713e+00
1.021200902923192100e+00
1.001640994981283006e+00
1.090311243306829159e+00
1.055673070561619964e+00
1.026913416854775551e+00
1.006315399850437275e+00
1.095962628144288464e+00
1.031884435688131818e+00
1.046408310992489543e+00
1.020470965443475597e+00
1.014654786314143076e+00
1.094025482532945626e+00
1.099432244963145955e+00
1.077490514571379787e+00
1.042045067200633168e+00
1.065612818865586231e+00
1.057983445422399083e+00
1.077676963344628147e+00
1.042001102709337879e+00
1.054893524083547529e+00
1.005994575868646823e+00
1.018385567000505754e+00
1.051556063219404979e+00
1.002832248540542093e+00
1.085109977004135473e+00
1.008453093139487500e+00
1.097233646839162580e+00
1.032357097043975047e+00
1.070327966396910524e+00
1.082638518839078579e+00
1.073244912742087109e+00
1.018118014487321199e+00
1.068489795015024946e+00
1.063999646164083046e+00
1.099974396447632286e+00
1.074720886551956411e+00
1.005867164930844826e+00
1.077420761518574466e+00
1.023736570656146760e+00
1.053927848250905353e+00
1.006588505617008744e+00
1.047556999020073709e+00
1.044895233426566650e+00
1.067395877794519388e+00
1.088242202557731186e+00
1.001776085401000049e+00
1.081576465893639760e+00
1.058606515877767773e+00
1.006300377860252615e+00
1.048508270782278373e+00
1.057438324463801038e+00
1.019991032507930884e+00
1.017015374951077522e+00
1.035957148952765472e+00
1.067115336025326267e+00
1.035166336133437781e+00
1.014015100332537056e+00
1.058853634832414681e+00
1.097314058173878726e+00
1.037806188784812234e+00
1.016491056388072911e+00
1.055191372911432168e+00
1.032318891534411476e+00
1.079376688716400023e+00
1.084059799019457815e+00
1.051178135371047206e+00
1.015769625254901776e+00
1.039719980141594835e+00
1.017084842433480851e+00
1.066668300004565806e+00
1.070622361786993659e+00
1.004515485337821090e+00
1.063205407801547153e+00
1.045053765493798359e+00
1.094551706080443720e+00
1.017936340844596943e+00
1.083616086933193445e+00
1.018630920271796025e+00
1.073664087557252955e+00
1.025018750566669690e+00
1.055540355193526070e+00
1.004420488695884739e+00
1.067524161529627813e+00
1.063715264791049719e+00
1.067070599182502244e+00
1.054422228752114776e+00
1.098446845194509969e+00
1.057402958462743570e+00
1.030729822232631099e+00
1.022599488603328277e+00
1.085259143621253308e+00
1.098253817897391071e+00
1.003455730261878287e+00
1.076576057768034111e+00
1.039404727477844848e+00
1.000170640633009089e+00
1.097357769358572765e+00
1.086337934321459642e+00
1.072816746851064984e+00
1.066057347919100007e+00
1.083774228917185223e+00
1.009994618836575819e+00
1.084040851306981912e+00
1.035936340639358910e+00
1.041746664331110628e+00
1.025493851632690356e+00
1.005409929508802147e+00
1.018220361676820840e+00
1.015703492767571881e+00
1.044050633858608856e+00
1.001505483066963853e+00
1.052188999962822669e+00
1.061032589053051201e+00
1.018318900434306951e+00
1.040450599224524986e+00
1.034405119438101206e+00
1.083392248293858939e+00
1.023875833883200803e+00
1.087179635588717996e+00
1.089496671644449188e+00
1.021158733717674849e+00
1.057734832155435178e+00
1.074196200337835139e+00
1.049285555327117203e+00
1.045532721006232624e+00
1.056636794556375047e+00
1.033978843157158378e+00
1.015938489118069388e+00
1.056356768880456709e+00
1.053561319006711461e+00
1.083034336758340377e+00
1.016893794171106258e+00
1.009956483374024216e+00
1.071441116288463391e+00
1.093980696704689004e+00
1.079400930658863667e+00
1.028764442015897007e+00
1.080226517598716240e+00
1.097350757026468449e+00
1.050819838714509791e+00
1.054532655880075831e+00
1.019314407974466707e+00
1.087649508660212705e+00
1.031444923065975461e+00
1.095419776973665771e+00
1.016087707282564478e+00
1.024182277638693739e+00
1.075222610220879726e+00
1.057041962204508634e+00
1.041506441692163776e+00
1.031647817817193724e+00
1.061934753910896312e+00
1.016878378539548766e+00
1.082406236515992104e+00
1.037459261590538251e+00
1.070990133414731149e+00
1.025340114620144627e+00
1.075011281538134300e+00
1.054220744646781727e+00
1.064379107251621548e+00
1.081348152651113503e+00
1.088000071901152666e+00
1.046435590986176445e+00
1.031798350329773184e+00
1.002609150298841900e+00
1.015964667069391369e+00
1.003326158710526439e+00
1.001671264696157193e+00
1.094438891637621092e+00
1.037235183779438019e+00
1.006224673835018457e+00
1.030529880589373448e+00
1.079752247952764144e+00
1.000164991141491377e+00
1.000456781972951958e+00
1.068909444320027990e+00
1.029310603865057461e+00
1.040725755058575563e+00
1.044592772084803833e+00
1.068230774915793546e+00
1.081872589150415953e+00
1.042403410613314874e+00
1.038192065689260035e+00
1.061243747399607695e+00
1.063881461097046399e+00
1.003001566458270988e+00
1.070500570463429835e+00
1.020325060285966146e+00
1.074425841133552550e+00
1.024246562580049646e+00
1.054153438210152283e+00
1.056104815381844197e+00
1.039515254056229576e+00
1.083759785908858131e+00
1.054329367105743875e+00
1.005307742719091513e+00
1.090657498338162945e+00
1.064592055573430063e+00
1.095104738775181330e+00
1.052356510937473733e+00
1.014079262466124343e+00
1.040230108458980229e+00
1.068039189659681032e+00
1.061004833111313994e+00
1.062734285637061626e+00
1.099879246270043742e+00
1.026725417648261862e+00
1.092773061559412007e+00
1.052337740520639553e+00
1.055125501878679151e+00
1.078221008836475203e+00
1.054742619261836323e+00
1.038753819032428360e+00
1.043259837841463700e+00
1.083706913169759867e+00
1.084440801543711030e+00
1.058455847377701708e+00
1.053776159648419863e+00
1.039177751014702888e+00
1.062437849319095795e+00
1.059927365050334691e+00
1.006151966557225830e+00
1.035316900077099644e+00
1.041478469611653468e+00
1.089028957733261027e+00
1.080985160633249009e+00
1.046776797315316809e+00
1.028993957398876891e+00
1.055517197302975996e+00
1.006336886882151394e+00
1.017024997091123817e+00
1.034001117025099559e+00
1.021692434806886096e+00
1.068262168804560375e+00
1.051099771137106176e+00
1.031145532586148494e+00
1.071898248132486575e+00
1.004529718465291710e+00
1.081300030556832770e+00
1.043129448623080657e+00
1.046852158153935397e+00
1.014837014513620073e+00
1.010077960338637837e+00
1.088090533931772796e+00
1.029840769510162568e+00
1.000063155501169865e+00
1.099463141929430954e+00
1.004552778902882526e+00
1.029575110955928130e+00
1.070489235459892940e+00
1.017478075179084840e+00
1.028775998356380672e+00
1.025367197928582330e+00
1.003858234156321805e+00
1.074174911488745332e+00
1.000922842677283375e+00
1.035242513710936230e+00
1.067093188428393402e+00
1.021429369128152187e+00
1.073506484154934437e+00
1.047306753340333074e+00
1.014430061060092036e+00
1.009655481193904025e+00
1.056696731143775381e+00
1.084490578854021114e+00
1.075014616451970273e+00
1.017643795297614950e+00
1.026596884377370067e+00
1.057701765002398986e+00
1.013840406268235572e+00
1.081792253377119595e+00
1.051764980267791305e+00
1.053658253467405270e+00
1.054576816397557737e+00
1.036923881990015728e+00
1.081126285777242346e+00
1.026046716607228459e+00
1.016129890043659723e+00
1.010602287107077002e+00
1.041921520303700666e+00
1.056187596499982728e+00
1.013897389426570816e+00
1.034746588682472490e+00
1.063937447549393456e+00
1.011179636898095202e+00
1.054344181166318561e+00
1.066796340101750618e+00
1.014500883660579111e+00
1.087161003031347217e+00
1.006481733072233320e+00
1.094445606744309352e+00
1.061311958004387490e+00
1.038432922690268878e+00
1.096855932554110735e+00
1.077585749517613545e+00
1.037709405115952332e+00
1.001444519141426515e+00
1.039103617481982544e+00
1.046831530822067702e+00
1.013276884319786131e+00
1.003718671875876378e+00
1.043832288874180447e+00
1.008746246504324873e+00
1.095093687874574506e+00
1.081748162345980813e+00
1.065013037690624609e+00
1.064392263136124006e+00
1.078137139232522967e+00
1.071119249276818008e+00
1.024532980284795780e+00
1.009888015623658930e+00
1.040528613207959863e+00
1.079206183242933603e+00
1.009207015270528363e+00
1.047784348323000048e+00
1.052031819222343456e+00
1.069068485469558460e+00
1.072003955531015684e+00
1.071143800281972647e+00
1.039904670052085756e+00
1.018819497460011991e+00
1.014695315876351422e+00
1.028266859269655997e+00
1.068129013113666259e+00
1.083645165083717332e+00
1.091877179623696126e+00
1.036193701950633539e+00
1.062972230741469737e+00
1.039274194454129274e+00
1.060453783243568093e+00
1.097431805375312486e+00
1.010808389579498368e+00
1.077989727772258322e+00
1.004667233146791849e+00
1.092735787021679617e+00
1.042218832313850818e+00
1.020439646832316916e+00
1.042050192987986845e+00
1.080395055841569363e+00
1.098784858490478911e+00
1.099918661236286344e+00
1.074163810502913652e+00
1.046402302733979051e+00
1.094070099560375819e+00
1.062731159439993522e+00
1.033545507440516875e+00
1.071702950637504204e+00
1.099866099543711950e+00
1.007938884962013448e+00
1.051474990885301164e+00
1.049002088370934560e+00
1.062222621675773748e+00
1.042945401220142454e+00
1.033211580870869284e+00
1.079307808434453619e+00
1.079369660293303834e+00
1.053731167937930424e+00
1.086139908881919247e+00
1.043576450716164228e+00
1.022359265233380388e+00
1.045020967052463501e+00
1.030984211916957216e+00
1.032698150312790553e+00
1.006940973044551768e+00
1.054651561792532943e+00
1.013883221317473771e+00
1.049072376300252962e+00
1.030417554498118449e+00
1.014173465004424068e+00
1.076309067090801541e+00
1.021346198768717128e+00
1.021560189165369836e+00
1.059254136701881066e+00
1.099422087521141345e+00
1.044041805850817184e+00
1.093730792684878939e+00
1.007533970325515726e+00
1.000105585390029361e+00
1.056801469364602619e+00
1.079583930941787395e+00
1.067489806247334139e+00
1.015054501546827304e+00
1.052434570700879979e+00
1.068774302136852983e+00
1.020910346247331013e+00
1.085514530504159136e+00
1.011855573136032804e+00
1.006208244929153173e+00
1.022677949402213571e+00
1.055916163173822087e+00
1.016548137627663939e+00
1.004709573709865245e+00
1.026685922024262787e+00
1.082722669938426918e+00
1.064889074158437809e+00
1.056418796948176642e+00
1.019558063546183391e+00
1.019653696341146221e+00
1.094075731189887879e+00
1.058386321249266571e+00
1.018595964396997511e+00
1.087248410506772789e+00
1.090240828934069484e+00
1.047503025657497533e+00
1.045337505355215635e+00
1.057564193523536700e+00
1.026733556675769599e+00
1.024946658351278517e+00
1.050846095946826875e+00
1.052636302651378752e+00
1.012022081664281759e+00
1.023037484694142574e+00
1.062678908187421944e+00
1.005018374464129893e+00
1.014403044851269087e+00
1.086631454050652312e+00
1.043965396160654979e+00
1.076983457035476155e+00
1.061846223070455286e+00
1.007851093029996870e+00
1.026807809547674699e+00
1.073840329016522821e+00
1.052742157294059622e+00
1.054908921216954454e+00
1.045648004382720098e+00
1.083446216959011998e+00
1.026306508040963017e+00
1.073074598453775508e+00
1.006102639918336372e+00
1.002903117674856404e+00
1.060658365924096458e+00
1.083867785954270246e+00
1.051560645558165197e+00
1.097801124820895646e+00
1.000220950899085581e+00
1.032565355200433244e+00
1.057334720567596253e+00
1.050349129711100504e+00
1.024371643829760536e+00
1.028594942717801386e+00
1.075969289786866678e+00
1.071800793334425128e+00
1.046063632979463920e+00
1.002098481344391390e+00
1.004737428263196675e+00
1.070538118063129485e+00
1.009482997788327507e+00
1.049042725982460622e+00
1.033104555616959130e+00
1.078297378879831570e+00
1.065403773892596995e+00
1.064269509878155162e+00
1.010192069676863813e+00
1.005266932131988256e+00
1.059980156159681774e+00
1.087982917276254291e+00
1.054326817604433586e+00
1.044500729734475275e+00
1.026328578883046516e+00
1.010347652993028422e+00
1.008531394653463531e+00
1.053923815598961422e+00
1.015447292010804414e+00
1.067594576381322602e+00
1.042966370543481291e+00
1.050030389151593191e+00
1.059060192731216432e+00
1.002707353522873435e+00
1.054682317686333803e+00
1.017388350576355238e+00
1.066349410946051846e+00
1.041020859890421368e+00
1.075108912152578089e+00
1.060225513408963316e+00
1.066450082197389460e+00
1.018732456935815600e+00
1.069801379188614732e+00
1.026765882205556979e+00
1.094244794576115565e+00
1.096975094516309035e+00
1.077288883023285182e+00
1.029692575297595614e+00
1.075351957359627963e+00
1.087931574697244441e+00
1.008801180728872593e+00
1.033293895685776231e+00
1.023361505615941747e+00
1.084457600512483966e+00
1.017525761915625271e+00
1.062616347964855379e+00
1.071501024688398251e+00
1.000067827405779486e+00
1.018388739793741227e+00
1.093606190249185151e+00
1.010707465443472897e+00
1.035369588616389835e+00
1.054905621245092018e+00
1.034454814613266604e+00
1.088342613932524072e+00
1.056059543638149023e+00
1.045216147659107309e+00
1.013279641480956172e+00
1.071625346941277090e+00
1.020981905262564382e+00
1.061565728748069759e+00
1.008101058633370739e+00
1.017356896812284361e+00
1.029666329170970451e+00
1.032676229704437176e+00
1.027463423435132306e+00
1.052068455334884467e+00
1.049745513821602749e+00
1.001271773458382475e+00
1.094037260893752528e+00
1.071296819772172393e+00
1.025453463129871290e+00
1.021800608913230324e+00
1.063729455086455999e+00
1.085878419240886794e+00
1.008937197517343343e+00
1.053120493109408473e+00
1.046821428460654513e+00
1.066380930868004562e+00
1.015231583285406636e+00
1.052987178710166338e+00
1.017174046934396836e+00
1.087510342975954059e+00
1.078587956494663658e+00
1.056807059884665279e+00
1.029367955741704366e+00
1.076128513261105590e+00
1.031554371715535545e+00
1.079929994179098740e+00
1.074603248813328582e+00
1.000247243961947641e+00
1.069745374542808269e+00
1.003805348839544198e+00
1.069430165714077896e+00
1.019401731420692681e+00
1.005084443701438790e+00
1.002118302479321432e+00
1.068509546055206760e+00
1.024297491212966538e+00
1.074568912035051671e+00
1.055854807648194615e+00
1.021568982011201498e+00
1.093226007327392502e+00
1.063802171803680530e+00
1.087645814661386545e+00
1.057840255392819229e+00
1.066743049661626586e+00
1.050151966835543904e+00
1.053819869199105641e+00
1.044859702512317856e+00
1.020043546633151443e+00
1.051572463628999143e+00
1.046872570861780760e+00
1.026282526918863791e+00
1.040476765738781006e+00
1.026664399505396563e+00
1.072365773003631340e+00
1.079304735890596501e+00
1.070254218397905133e+00
1.067825749280816749e+00
1.099427536829466145e+00
1.062106475212773349e+00
1.015635297777164103e+00
1.027402791232863377e+00
1.073379269138913239e+00
1.013749032170123909e+00
1.049063586461917996e+00
1.096050840670183213e+00
1.071040679855961297e+00
1.086562085950173007e+00
1.054760716264496967e+00
1.086357014428159795e+00
1.093603642300675194e+00
1.020617030475884590e+00
1.027922106035282557e+00
1.037954469263465240e+00
1.009164135977510535e+00
1.024450555839194976e+00
1.089636695851532666e+00
1.062987663038614805e+00
1.089055294293723053e+00
1.035105548373931983e+00
1.028638384550053519e+00
1.022234125057503329e+00
1.029489638308372479e+00
1.008129181623316439e+00
1.081468199342300318e+00
1.077865845977847847e+00
1.067398680539540345e+00
1.012584427916111363e+00
1.042624685151045671e+00
1.089110555036280736e+00
1.053940438215310138e+00
1.000443750100376228e+00
1.069632871024811305e+00
1.056580507009904357e+00
1.038281221716440106e+00
1.084100042479460901e+00
1.014087213400720611e+00
1.037537177703841129e+00
1.035496253161743097e+00
1.062203750132608482e+00
1.085553472405885289e+00
1.056817827521236763e+00
1.068177191450049524e+00
1.063149739416952677e+00
1.028866841886047823e+00
1.050481797484826840e+00
1.023282081767847185e+00
1.004682919823579379e+00
1.011449300472668122e+00
1.020951027167768865e+00
1.072491048528822377e+00
1.035003001182126736e+00
1.059670231270636753e+00
1.093227306212613881e+00
1.030278498527614550e+00
1.022869443690341607e+00
1.069986680573737248e+00
1.060825610459116719e+00
1.018125833599330621e+00
1.040905568703466288e+00
1.037368098104820113e+00
1.001181639639849852e+00
1.055658196739055255e+00
1.069286989894447260e+00
1.051076691355581794e+00
1.000014423993026869e+00
1.053395810741244443e+00
1.099165332258932981e+00
