7.794145325250724510e-02
3.523179970427364749e-02
-1.961974744306034871e-02
4.697118093305679976e-02
4.624100419083609914e-02
-8.726815458509706511e-03
3.477438407064367687e-02
-1.813720269024213586e-02
7.900997219786183579e-02
8.176776959005779832e-02
7.155125942425166752e-02
5.801689947837840311e-02
9.161164035997298311e-03
1.091879623240084654e-02
9.794035321983211861e-02
4.077218467716911543e-02
-5.585127696189377475e-03
9.515285136873205540e-02
1.651745763576153297e-03
-1.733949619247495549e-03
2.711058143512191584e-02
5.636666002316270685e-03
1.969798823037549954e-02
1.861689331180815463e-02
4.598404567649130859e-02
2.685612972160537557e-02
1.110525139188252991e-02
7.322821186662741011e-03
2.309491619890182215e-02
2.684385507793693101e-02
-1.501124296358562031e-02
1.146167537751545742e-02
7.840672693016285943e-02
-1.993010227045403232e-02
5.960568580039769804e-02
3.249335451445216350e-02
9.627310828572153978e-02
4.712717470481146698e-02
1.004362494373456718e-02
6.929779132686773868e-02
-2.978293618749655591e-03
5.829869834906459269e-02
2.337433534307269481e-02
1.238519083284620251e-02
-1.786840902330805864e-02
9.692967631652732452e-02
8.823382504610866039e-02
3.173449500337048590e-02
2.569140752780925754e-02
2.646066005208870531e-03
6.651780921474918784e-02
1.626827634973080847e-02
6.325449471334246287e-03
1.657797821936852697e-02
2.998903662105032245e-02
4.506704708860516384e-02
2.941831793685735844e-02
7.864035874203696708e-02
-1.823903453446037298e-02
3.680713361611077927e-02
5.972006344198364791e-02
9.426286796546644309e-02
6.644831339330199704e-02
-6.721796478260481933e-03
4.567103144469183973e-02
9.195377354137487802e-02
5.049204543066836137e-02
9.117119011539251416e-02
9.070684881408890010e-02
7.375179877772768122e-02
2.477126670923758198e-02
4.877704652296800669e-02
6.951227106529332678e-02
6.486059787751236039e-02
7.325589613747775231e-02
1.254002490227926550e-02
1.795271414355280662e-02
4.682248282319334542e-02
4.636912072978696675e-02
7.639666742778533637e-02
-1.753996019121860026e-02
6.660409988211709459e-03
1.204762814275078461e-02
-1.222956963643516415e-02
9.887289910205261656e-02
3.921465671925014607e-02
1.611600647685624763e-02
4.852421250242058837e-02
1.297594843416958674e-02
7.061323675298064595e-02
8.056040745254405833e-02
-8.424109763510823079e-03
-1.768628683669518434e-02
9.672190452275893080e-02
8.575348132407403789e-02
2.880653124309138016e-02
4.367272165315686655e-03
4.523434968755732366e-02
1.660058198296067086e-02
1.454744090225409611e-02
6.208957192394280733e-02
5.546020770403897737e-02
4.972382389699021854e-02
-1.634134020472184298e-02
8.095785343091847774e-02
8.857659914041630944e-02
-1.161580045358037543e-02
9.585540245763105038e-02
2.219161064557477123e-02
5.978864465542955975e-02
-1.540820896251968684e-02
9.632952050337154765e-03
8.573982447230327208e-02
1.777032156930736725e-02
-4.629990804600784063e-03
6.730878615273423737e-02
1.380161817902611845e-02
-3.405070994648221050e-03
5.060544233487661303e-02
6.470758957766033215e-02
-1.245411240446527359e-02
3.609752553394228458e-02
3.874029142322710229e-02
7.178294377846075602e-02
4.652375750239198804e-02
9.899705011441266300e-02
-1.041326630650995372e-03
-5.967944603592683847e-03
9.515756079920141552e-02
7.756779578407128894e-02
-3.405091075630910236e-03
4.263889691300548623e-02
9.766776131021376317e-02
3.662291184200784644e-02
7.109199505458865809e-02
1.146246389272771379e-02
8.523136783895074453e-02
7.610969928260218065e-02
-1.272479158047286514e-02
6.388855974629166490e-02
6.885829353224792726e-02
-1.515009791715618559e-02
5.740245063222018662e-02
-2.150985046866081551e-03
9.178024513967512898e-02
3.150900038367311640e-02
-1.465662899802593414e-02
2.065087483819370504e-02
-7.989030500663418105e-03
2.036776847443435082e-02
6.694948133652509070e-02
9.236546361785258341e-02
1.557133995497873499e-02
2.884715828113824584e-02
6.132723456711708376e-02
6.977710331090636320e-02
6.487638458761874061e-02
2.639556347817204399e-02
5.887705368028647857e-02
9.673558372069027134e-03
6.662359436377010558e-02
-6.123130430959154713e-04
4.734101601951287708e-02
7.565610864248079048e-02
8.713978712932408943e-02
3.624680267904549502e-02
1.488921954184257643e-02
2.089983534742456336e-02
4.555963167524214319e-02
3.109786295022795924e-02
3.545795449171773583e-02
-1.196016663771252812e-02
-1.000062090835715164e-02
7.833415775638294387e-02
2.002403311676865041e-02
9.421628965547193535e-02
8.616426062085431881e-02
5.251703853496776653e-02
-1.765763993352668926e-02
1.012713230340256051e-02
5.414389190531641166e-03
-3.245320566302341281e-03
1.990158776778994110e-03
9.874308825558801572e-02
2.455975564414287701e-02
6.385826977803776144e-03
-1.999760273684452264e-02
5.382144301871581715e-02
2.776839487847540186e-02
-1.208654763492027044e-02
-1.946274094389941617e-02
8.641928472276680373e-02
6.598534134222250325e-02
7.189667539947314223e-02
5.711981637901430986e-04
3.496482120275452854e-02
4.902651428651452065e-03
4.846248614151808798e-02
3.394944590753350144e-02
9.063866890218225114e-02
8.535551660351026193e-02
8.416929693291037851e-02
2.254333760853494475e-02
4.806055487914499824e-02
3.256809766576318488e-02
5.269271642337849948e-02
6.011216530876568875e-02
3.488289270572375589e-02
3.539023031777067951e-02
-1.150781789526045262e-03
1.025844538436529452e-04
-1.190804979283105643e-02
1.046720799405504235e-02
9.988739718218676844e-02
8.648898750451143591e-02
2.869223705999834548e-02
7.943615730150223320e-02
2.936961708491854853e-02
7.217088532564035208e-02
1.087037691388683530e-02
4.228909862020860388e-02
6.291936285491704639e-02
1.593725972535889324e-03
2.506473840576159753e-02
3.166429531669331943e-02
1.541812979070630515e-02
9.792809248295972213e-02
8.944693843089725205e-02
8.395556622893643461e-02
4.905102535632636929e-02
4.885387456667225625e-02
5.324957841675076464e-02
2.989968168857249850e-02
4.892712253109082754e-02
6.729792353454432108e-02
8.076025177721016246e-02
-1.210690147445695267e-02
3.210658037021986433e-02
6.117183862393158617e-03
8.661361712840262572e-02
3.242481952479420171e-04
6.303108232882860540e-02
3.250005878236332524e-02
5.925386507797847369e-02
9.635352845350587947e-02
9.791717753770155797e-03
9.115150923753166656e-02
7.847256615721094619e-02
9.425817647435298652e-02
5.071843388546609654e-02
5.391884491664680756e-02
-1.013026763065687057e-02
-2.592691504609185432e-03
8.602553560557464618e-02
1.805334292136752741e-02
5.934178358801698444e-03
7.244359460333300860e-02
-1.056593089636253396e-02
6.945632172598106835e-02
8.754293446798712408e-02
9.715726599275276154e-02
8.391982582455520534e-03
-5.724343469335440096e-03
-7.877940959337323065e-03
7.291154806722843773e-02
2.097380640955196288e-02
9.988727241415902569e-02
2.337943497303323140e-02
2.842157828464155281e-02
5.656285532400792682e-02
-7.177066983593823751e-03
3.999832344221236624e-02
5.797119134749009750e-02
6.012947785746346197e-02
8.468774216090535489e-02
3.470370611646433900e-02
3.116197256640579685e-02
5.518627294294498054e-02
1.776311034768137190e-02
2.848272747287431891e-02
-4.279615272047530838e-04
6.381239932683079041e-02
-3.190567980069149157e-03
2.957230736345505331e-02
-5.706045265346858936e-03
7.561182498776196359e-02
5.724711381523744924e-02
4.245096410191867564e-02
7.148083529603048436e-02
1.007404029742803991e-02
7.855657014993235043e-02
-1.550394852791763325e-02
7.228902654311826492e-02
6.347808132054372221e-02
3.722771623897502824e-02
2.486101038486504891e-02
3.025199450116373978e-03
1.629097929256339075e-02
7.502505170505460730e-02
1.650827736329925008e-02
2.240805660313677575e-02
5.202034428040613889e-02
-6.624929632623633921e-03
4.308793779914447952e-02
6.353824955110159989e-02
-7.112533730002800272e-03
-6.589212681184600587e-03
2.395603742286100610e-02
5.185865011542879072e-03
2.320111316946075683e-02
-8.384937390379491179e-03
9.018319796135172706e-02
5.098517240028592468e-02
-3.129213219363245063e-03
6.544008438441085984e-04
-1.269246908541795532e-02
-1.243845872398315240e-02
1.354324595444569498e-02
3.936935157095325377e-03
1.800110299547407963e-02
7.304031333319187247e-02
8.890780584951654686e-02
4.103278460657404370e-02
1.703271815650814550e-02
4.784585041461020261e-02
-1.912134473128438220e-02
3.153541050514745148e-02
8.494517874254683965e-02
2.515693167488336143e-02
5.365670060908181438e-02
3.098239500463243964e-02
-1.587690812268720969e-02
2.451045920355749211e-02
4.974766809703276560e-02
5.490298684349874392e-02
4.896801597613113788e-02
6.863181261705014746e-03
3.386625813898930248e-02
2.289211281731151279e-02
3.313976419913002014e-02
3.002744587340250640e-02
5.427204295859752725e-02
7.406915816875443703e-02
8.294803418765349379e-02
5.325970645826355598e-02
-9.442439785963423204e-03
7.628129007505800308e-02
3.706782827150810478e-02
4.450360809969820808e-03
4.709033703171162932e-02
-3.532050218795948493e-03
2.477222653285212142e-02
7.380906947321544398e-02
-1.003619419987701079e-02
2.854765396381871503e-02
9.403862247810557129e-02
1.554572305877404206e-02
6.360371084574570344e-02
-1.835322388958188916e-02
-9.215686221516765711e-03
1.126666273813515390e-03
9.034375583278872468e-02
-4.490663761859425146e-03
3.010251674829720822e-02
9.616842629578510604e-02
3.416461732844527921e-02
6.412689149719597026e-02
3.983041950166529843e-02
7.284688016171105007e-02
5.775915678133856923e-02
2.143302895537581645e-02
2.383899058908800841e-02
-1.977391331326963306e-02
3.933467573770381420e-02
1.611716984104265629e-02
2.581861416879368057e-02
6.802421768523168183e-03
2.980733243899328158e-02
9.609532061749599674e-02
5.191524794504207008e-02
-1.206742451503377972e-02
6.284543716330932839e-02
-3.151633379525665274e-03
4.576930065441521533e-02
7.099602130947767209e-02
6.490627091645388702e-02
8.986212712951947845e-02
1.273356364315308617e-02
9.997539459477175483e-02
9.500974977801027177e-02
8.215675304070933771e-03
7.316679697701879148e-02
7.775952716215672744e-02
5.214952344397090489e-02
9.327374638293077502e-02
6.600205874196764244e-02
4.339200684303166911e-02
-1.694160507611783273e-02
6.746951003768165978e-02
8.264087050030243659e-03
9.159637135556876475e-02
8.558769035312574491e-02
5.599685612147889402e-02
1.977769930462335360e-02
1.649246810145845246e-02
7.823139818382303379e-02
-9.361670295437093947e-03
2.559919176211025715e-03
6.661094161001972214e-02
2.436433542440007496e-02
4.219467698981557713e-02
1.347209565009132096e-02
7.521986721360873762e-02
4.928429695943829791e-02
7.951820850903736082e-02
-1.434772579088074498e-02
-4.784182727908732960e-03
5.490828611630094169e-02
3.677057285514410967e-02
6.449183991315952935e-02
8.944236598018125151e-02
9.208615013639828706e-02
-8.893674881193200724e-03
5.767145332329826068e-02
3.534529715693460195e-02
3.714536947452831694e-02
2.711775121716148221e-02
-1.312614143578076480e-02
6.856987056582507234e-02
9.071714791199789185e-02
5.679468186279118536e-02
7.643955294909789144e-02
5.951775768915505693e-02
5.272245069295397601e-02
-1.447031694458986162e-02
2.073465770154128002e-03
9.996708213836683066e-02
1.667322860665557474e-02
2.929563344024293040e-02
3.386677400044732500e-02
7.101085900526245276e-02
6.766764955979916174e-02
5.968707093514326323e-02
5.981488479752478105e-02
-1.963671665967076790e-02
7.820160812439358455e-02
-8.423305208710041292e-03
6.113983587881945125e-02
7.879550170385046792e-02
9.713694956397909974e-02
-1.669868362415206572e-02
8.293334768440337179e-02
-1.536032317670772002e-02
8.483545362096962805e-02
-1.127458742368096616e-02
9.592688327721267394e-02
-1.777296477373486658e-02
-8.035724132479956858e-03
-1.066719416659908659e-02
2.515452646535309630e-02
2.909965192554659838e-02
3.727933687839440902e-04
7.611750027602719182e-02
1.963143820763068800e-02
6.154081422922236255e-02
6.012416462065220402e-02
2.947110645096309017e-03
8.575724470088738616e-02
6.998273838768104271e-02
3.286748539425769777e-02
9.212345359042705545e-03
9.920625556949811547e-03
7.704157129643822433e-02
9.847913128606590460e-02
5.722521186468076948e-02
8.362460523698715675e-02
-1.998314920958084787e-02
3.150020151973018101e-02
1.028782834330380785e-02
6.945571318272485140e-02
4.196641253351815481e-02
7.763273425144971707e-02
4.079519254130824224e-02
9.954017514937864297e-02
-5.749215102949482500e-03
5.262029086710039161e-02
-1.097175000751281736e-02
4.340572479703501407e-02
2.348433861953371296e-02
7.927949766303157841e-02
-1.195786301175275415e-02
3.608975660129348784e-02
9.593158057216583101e-03
1.897769800028304907e-02
4.456956604051889870e-02
-1.175903674657574963e-02
-1.038684447927705999e-02
6.535324190228476715e-02
-7.982924237947205959e-04
5.807201784713840464e-02
6.969248713736984902e-02
9.021812842812648725e-02
7.098896521196687570e-02
7.358920413724155674e-02
6.211644641317569382e-02
-3.112541103132762665e-03
-6.108125371275918702e-03
2.150837570214632691e-02
3.621813823106643376e-03
-1.287218357197282212e-02
2.146203005295458169e-02
1.959294112734521684e-02
2.482112244313946017e-02
-1.412003288615905697e-02
8.441026846495860991e-02
1.463871845523223927e-02
4.945048349389256914e-02
-1.338412548023447911e-02
8.565917964881386570e-02
2.480734571174552858e-02
3.788911169307097870e-02
7.023790366938098551e-02
3.687283111728378859e-02
3.672131906766232246e-02
2.082086108582356307e-02
-1.803464471055282736e-02
7.112014954916767717e-02
8.154729158843043724e-02
3.027710257402504643e-02
-6.845477298449207174e-03
-1.203479880597850722e-02
9.853019824669852211e-02
4.621509790399802586e-02
8.451243406352458576e-02
9.516769901532681764e-02
7.162627748727334875e-02
4.995386053460766640e-02
3.912378798772914168e-02
7.323974370671285095e-02
6.263472548604813450e-03
4.605378834062033577e-02
2.451002548944261270e-02
-1.487703504094659533e-02
8.043411977163432425e-02
6.000464287645074224e-02
-7.605561799700280221e-03
-2.710872630902201597e-03
7.784096061232317898e-02
1.254621234507188876e-03
5.823933967982466986e-02
-1.729425780113371183e-02
2.116834642676642189e-02
5.773181894362081068e-02
2.872775216723526606e-02
-1.942046445772583826e-02
4.324395382171701552e-02
-1.340339850921051096e-02
8.086599328026947142e-02
-1.712626291134784762e-02
8.343370507770933586e-02
8.061219344983736046e-02
8.338111992088599600e-02
6.717675082048477075e-02
3.719298113562261032e-02
-1.491353417417348726e-02
9.969523150616093482e-03
4.624456215203247289e-02
1.348865293801977325e-02
2.545793150726350859e-02
1.596814370947853903e-02
4.969996800320447550e-02
4.002113982334461195e-02
-6.303842075747139936e-03
5.673205809928008603e-02
8.703936082640129079e-02
7.829949884553291661e-02
1.545492183469742917e-02
6.350250458707223933e-02
1.631746261842912868e-02
1.486140991964976163e-02
3.753295413556743954e-02
2.056187885048676653e-02
-1.840524651324711852e-02
8.333871048385929625e-02
3.688444759950729179e-02
9.073065735331717341e-02
6.227247237980637617e-02
4.386955304302539438e-02
1.216074638912059691e-04
7.485918972221151935e-02
-3.850916978645209376e-03
4.752013870468753398e-02
5.011360261359246171e-02
2.592750491691797263e-02
5.993840436315258507e-03
4.006415519723131868e-03
1.787494929691499715e-02
1.861148967533987272e-02
7.090866239880279365e-02
3.266487479417606865e-02
6.345187625219971678e-03
7.007405834597539573e-02
9.536988232923646058e-02
4.369407452359716504e-02
7.078085538459005788e-02
6.348114476988254984e-02
1.308469504623996013e-02
7.927993719986559107e-02
9.058396339547132581e-02
-1.052683169840865768e-03
5.294373594596783750e-02
1.260352878537264812e-02
-6.816383143454762469e-03
3.021309731395287537e-02
7.655196800292787818e-02
7.173843320936349605e-03
4.372508732302493595e-02
9.979423591580773023e-02
1.595914919605121232e-02
6.147331239712840179e-02
7.709238380616816044e-02
-1.410619183507043871e-02
2.125476287162836667e-02
3.199646683141087189e-02
7.963958840948477669e-02
7.171104459102199680e-02
-5.116401796989186040e-03
4.666491239734776864e-02
6.700396727559332355e-02
-1.587323814830368662e-02
9.977438012285984315e-02
8.886555458494246884e-02
5.554302965420868099e-02
1.062696647843974426e-02
8.026593596295629462e-04
9.897910427788565724e-02
-1.089074434566482397e-04
1.621593157683428807e-02
1.910311106999458206e-02
2.796606496856362048e-02
7.315696028531802619e-02
-7.558909705306095586e-03
7.289162750538299984e-03
-4.982755368036495547e-03
5.439006350531577771e-02
2.499928456507334237e-02
2.266907767795461534e-02
1.100702638425334751e-02
9.413012224862858657e-02
6.778222930155668180e-02
8.021513174046379646e-02
9.818985350639371223e-02
5.842040276037709090e-02
2.369521751515157523e-02
2.715793932556222548e-02
4.380670643435535805e-02
3.107539049143765927e-02
9.274518394717266856e-02
8.654557742405182691e-03
2.984095439093087734e-02
8.875074260416118688e-02
1.126866846210326442e-02
7.144568644885576636e-02
5.683197968440763248e-02
6.750236741429704868e-02
-1.883097712588478745e-02
-1.898039049063266273e-02
9.822297051860383321e-02
3.402578354213824097e-02
1.615634067909886909e-02
1.260149565982720057e-02
-7.729467834821535099e-03
1.124541767056865676e-02
5.751378369226216314e-02
-1.368646278278071171e-02
3.441021618345593835e-02
7.623821877838020400e-02
1.462378536466420187e-03
6.797962470082323516e-02
-7.906349736099826941e-04
4.304470259274718880e-02
8.478693508830056902e-02
2.151209165526423231e-02
8.446733439160379608e-03
5.961125607920587932e-02
-1.289734954412923018e-02
-1.968628127663522159e-03
-1.805549792876013845e-02
-1.713318077338321296e-02
2.810424717906339839e-02
5.100716402351611334e-02
8.786285415234673657e-02
6.692032683684331906e-02
8.621829335719183307e-02
2.286027035845284924e-02
4.947410344922100606e-03
4.783610945294250461e-02
9.840969438644060763e-02
5.864393726529500139e-02
3.802396258179401023e-02
3.855832765494364434e-02
5.604252859175112844e-02
2.129556507864188361e-02
9.851635453719642666e-02
7.807050893078626430e-02
7.079199655685773640e-02
3.508249502224364269e-02
9.800721346087275243e-02
4.433858908096455220e-02
9.779185214780176938e-02
8.832799297665142046e-02
-5.504805039768405350e-03
4.280926027482429008e-02
1.442461000880497154e-02
-1.020168580442392357e-02
6.383791075509848145e-02
-7.106367541363442508e-04
4.755005219923956472e-02
5.203319874472386863e-02
7.433062152209027329e-02
3.717873893062656476e-02
4.519875561520704521e-02
5.456003806894475783e-02
-1.069296857388025816e-02
-1.829593677129901994e-02
4.986734224987975084e-02
4.007670243243939556e-02
7.461801554860766905e-02
9.544536692207339357e-02
6.475942362363715232e-02
1.934817517669161838e-02
1.373514430316258653e-02
1.824632172726941073e-02
4.191635707247820530e-02
1.749579106474232273e-02
-1.843964766088460050e-04
3.947193083497335664e-02
7.156810108363827194e-02
5.020592357159701924e-03
7.369821754956347448e-02
6.048052808729030561e-02
2.549063710131707974e-02
3.897823529317483160e-02
-1.243260184559941833e-02
2.640269856541989021e-02
-1.695892950935098259e-02
7.424943843224450502e-02
1.554130188284466932e-02
5.447531037016921374e-02
-2.550863609252964487e-03
6.165014120802590758e-02
3.381422060023395182e-02
2.125414141914279756e-02
2.939879732659286815e-04
1.688191983022676798e-02
7.875225217237782904e-02
7.151632934616224124e-02
1.069728844030149589e-02
2.864355612381837626e-02
-1.940440353449136152e-03
3.443532050995481986e-02
2.336626825684374673e-02
2.246420424394140331e-03
9.992992557015276112e-02
4.220029404225011938e-02
1.382816387512439751e-02
-1.508972524033029908e-02
2.630133854796363677e-02
3.837413243144546793e-02
-6.571932894920173504e-03
5.327935463788234516e-02
-2.738874286691304893e-03
9.859177548003923708e-03
9.401887806253859947e-02
1.799234907567515487e-02
2.145622515952686979e-02
8.657300819922419954e-02
1.114369802550575772e-02
7.059696114516803012e-03
-1.694768286260248807e-02
7.559647303332556190e-02
3.119650307557455746e-02
4.457963509951502756e-02
2.395326706070583303e-02
9.871559681439631695e-02
-9.271894810169189691e-03
1.313679317888598666e-02
-6.908456741700543316e-03
1.793598404677035005e-02
7.537680287343249963e-02
5.762327445657274005e-02
4.613236375337396999e-02
3.733455608601631004e-02
9.499944436289143451e-03
-4.239102418867601862e-04
6.714002456166626165e-02
-8.598621758216240529e-04
4.652433196327480924e-02
-8.887369489367547351e-03
9.684672318400809610e-02
2.204000866123868516e-02
-9.919916231501992032e-04
-1.123289029378290137e-02
5.612656014811404082e-02
2.650503414506683378e-02
7.366981273250582107e-02
9.244413911861777688e-02
7.975380582812510721e-02
1.416930327978633067e-02
-1.120590226853791262e-02
-8.007501300262641342e-03
9.955635454375040549e-02
-1.091776872489402805e-03
4.482840723162313801e-02
-1.638185955221232309e-03
-9.150448745904045389e-03
-3.122082307474242230e-03
9.286808469002048871e-02
4.349765051177588437e-02
7.160161852845997599e-02
9.425571753448254431e-02
9.919827785600097980e-03
9.561481632589480251e-02
8.792918323060427976e-02
5.969231783525019708e-02
-1.730568506605574541e-02
2.314797725083336463e-02
5.071998111806398646e-02
2.618925435759148282e-02
2.575633083703725290e-03
-4.597894446789005038e-03
2.001557045036073471e-02
6.688870877695628214e-02
6.951388791337297091e-03
3.740054058222617300e-03
6.961657172206910105e-02
3.207522205395389042e-03
9.151046966383025172e-02
3.837593770474811983e-02
4.350490640519437402e-02
3.399880059870712123e-02
3.267801568070866081e-02
6.504096725529323608e-02
1.092808230749158990e-02
5.474081913914052855e-02
7.215216073191275947e-02
2.566365421471573580e-02
8.718053760512720074e-02
5.043693052262435139e-02
8.396076131929126191e-03
6.911946787266007308e-02
2.820163609472537899e-02
-6.762585138695466347e-04
7.079719136869196128e-02
5.735100824082840776e-02
9.317560618769357705e-03
3.726688945913730899e-02
5.222740688296888256e-02
9.024452117136143314e-02
7.041328156169707198e-02
5.700377276748763711e-02
9.653515175808781434e-02
3.831746347822415077e-02
3.048778025615975565e-02
9.584362480415392627e-02
4.796578590173934675e-02
-5.556161161745499372e-03
7.555664029417774596e-02
7.131753537518797925e-02
-1.186124877523314636e-03
4.414786679995441609e-02
9.381274976372016433e-03
6.001313357932019921e-02
1.234065374916246821e-03
-5.247222896903673897e-03
6.729947966856743291e-02
6.566603121613991123e-02
2.962745047413293739e-02
-7.768710886927657905e-03
8.264801450952005690e-02
3.131287673568801389e-02
9.144514283979626734e-02
3.889810707843181781e-02
4.291425390622737035e-02
8.437614425288399167e-02
7.127720104583708249e-02
3.740742207137646991e-02
8.523096189398397804e-02
4.429185509609247229e-02
7.574641243460800144e-03
5.079951880252876750e-02
3.426320294829685031e-02
5.055593249776975384e-02
8.464686075374094898e-02
-6.693776922121509598e-03
1.767380820992814350e-04
1.311262819367975743e-02
4.758679046276609315e-02
2.972175041380987690e-02
6.076986094795937265e-02
-6.013387403934280367e-03
2.896494625398643788e-02
7.718847562673260276e-02
8.426946611828940725e-02
6.403554360662853939e-02
9.613243052912900932e-02
5.605239336406360462e-02
-1.045263450417749200e-02
-9.288460075945187758e-03
1.873351682172027730e-02
8.127501337187816033e-02
8.682780368375336844e-02
1.157369408268528119e-02
1.187064440822744107e-02
1.454674084493921479e-02
6.246161981880347935e-02
4.176035662685731453e-02
3.780297180417488412e-02
2.336098523440989158e-02
8.380327012930005592e-02
1.779226946582804572e-02
3.673238967653216780e-02
-7.690196646294564578e-03
8.713972301808997623e-02
-2.053544363872828599e-03
7.827396594355484627e-02
-8.676731754680536840e-03
6.640759475480674523e-02
9.861084066630862455e-02
7.082827925835673277e-02
8.617883988223597191e-02
7.346104439624856486e-03
-1.260908147606844970e-03
5.239907521638691168e-02
-1.767334209964975186e-02
6.969621205463384650e-03
2.217755424890821211e-02
-1.567610970224437780e-02
2.775934103097916356e-03
3.277032675390273431e-02
6.603001947915022873e-02
-1.855711416065742789e-02
1.045621693856585085e-02
1.186086512431750242e-02
9.402365565099106426e-02
3.177195602631584237e-03
-1.700555560721786486e-02
5.097070429687298315e-03
-1.432760394638853130e-02
8.334191921298292338e-02
1.488466352566781073e-02
3.877965661195810487e-03
3.148029211965031049e-02
2.620950117897103901e-02
-8.249921463135455671e-03
2.816683371367557573e-02
9.736395605740361114e-02
2.403051530652601173e-02
3.648670484955725268e-02
6.042600399705173875e-02
2.224128728051614004e-02
-1.445414776335252408e-02
8.457018479349137641e-02
5.900918672063672210e-02
4.564547665243168240e-02
3.085988475643442613e-03
4.750956348984398947e-02
3.332718172137973112e-02
9.985380311162013467e-02
1.855925131446701029e-02
-4.542774742403906871e-03
-2.935480441147234054e-03
5.976652275939434156e-02
7.143211917386923376e-03
6.397858559968418179e-02
5.691706703397962641e-02
9.703419752791342390e-02
-1.915046148865960640e-02
7.380122105659608911e-03
8.053746514658420563e-02
3.569126764129643137e-02
6.440989112042379283e-02
2.415118280118710645e-02
1.501618188706646886e-02
1.997473390707079147e-02
6.437258297360461123e-02
4.075560247150716853e-02
-1.749842047283918164e-02
6.526676123816771424e-03
8.781059046683910990e-03
-4.649214652122040867e-03
6.571227885712778438e-02
2.206900036444168697e-02
4.930032134198528149e-03
2.910651278967165551e-03
8.626605372280818362e-02
1.979291077296269422e-02
6.492915287316160244e-02
3.827447069116328426e-02
7.198277902019005470e-02
