1.045379224674610974e+00
1.044079376668942016e+00
1.046828346552582945e+00
1.075333944268529018e+00
1.018630900021050278e+00
1.076307748379764062e+00
1.060634527505841085e+00
1.026097048142045276e+00
1.049472513427778475e+00
1.052700583901412301e+00
1.041852057880789939e+00
1.058939993296794446e+00
1.064202040586434306e+00
1.085785094349969615e+00
1.004463137834323838e+00
1.067423808948807507e+00
1.031643807443071381e+00
1.002105259054032471e+00
1.005427311311756222e+00
1.015762083236608548e+00
1.075528381564506031e+00
1.076869705654997622e+00
1.001515350705182605e+00
1.068413044717324567e+00
1.001283467053947440e+00
1.001956390612076531e+00
1.097572389838199713e+00
1.024180633279575758e+00
1.062576697956897798e+00
1.005374108698517066e+00
1.058490268502628062e+00
1.075010047783757194e+00
1.045582442050338123e+00
1.049806094559982750e+00
1.007875967422050101e+00
1.086295590996735561e+00
1.033315975493844574e+00
1.070512310949587764e+00
1.042876314884950251e+00
1.020550621462608776e+00
1.008822957641730245e+00
1.004613693601683400e+00
1.078321858090051766e+00
1.078142525566777143e+00
1.009879817315840977e+00
1.058181480634709848e+00
1.084818663208142464e+00
1.020565504370141152e+00
1.032949197826551702e+00
1.058005037763897427e+00
1.026490440636004697e+00
1.094212851035690548e+00
1.040098394219235667e+00
1.030999094090436996e+00
1.047761986584539784e+00
1.076445410129879043e+00
1.098673113602971041e+00
1.049388415432136901e+00
1.087338468834466054e+00
1.064777516110021027e+00
1.090298740148741397e+00
1.021665691827672751e+00
1.025446228848182928e+00
1.032296708293129361e+00
1.032619851633884922e+00
1.026288846237645158e+00
1.097685780760262908e+00
1.065016535985946478e+00
1.053406648384160427e+00
1.017074378910364008e+00
1.046402757026885677e+00
1.079235943727564928e+00
1.081742099298679705e+00
1.089898634697367585e+00
1.049204975937178874e+00
1.064160686787018362e+00
1.055501751980703284e+00
1.004099145721440323e+00
1.045332545981004113e+00
1.074997262720158941e+00
1.051365724471166940e+00
1.067331805575107317e+00
1.082574695261035780e+00
1.068686811025577388e+00
1.073016026898421460e+00
1.045765659222022137e+00
1.072265139803215916e+00
1.075610418201266016e+00
1.098782321762727943e+00
1.072643918420489451e+00
1.030974813697469017e+00
1.073885310659587367e+00
1.073224725922807377e+00
1.055486741638594239e+00
1.012819953408045093e+00
1.003268824339998089e+00
1.070919987763748971e+00
1.057069151528184703e+00
1.007499159350274232e+00
1.078549650230770984e+00
1.044689717742293578e+00
1.004965482697242729e+00
1.094606083846220157e+00
1.095527189070993002e+00
1.003694528939943265e+00
1.044295805456041615e+00
1.095828501163771174e+00
1.044098008558677293e+00
1.079780871847335622e+00
1.062831476356163707e+00
1.058536419273478746e+00
1.044266762503177404e+00
1.056017624983368597e+00
1.062500979224516584e+00
1.045667825032279508e+00
1.062293646413147608e+00
1.028359435629702778e+00
1.006414990949677124e+00
1.093345136067296997e+00
1.024939520717678132e+00
1.067698141194831862e+00
1.092707356885323833e+00
1.029627697175100387e+00
1.082315631898446151e+00
1.084676395570585372e+00
1.097789900861911416e+00
1.099966967749532287e+00
1.091565330140120471e+00
1.065025278210166793e+00
1.096054816352196593e+00
1.086996508748221402e+00
1.051165592787310921e+00
1.017880658654384263e+00
1.083726577537182711e+00
1.014146643946393089e+00
1.062211610777989312e+00
1.022311011742725650e+00
1.092588162050290190e+00
1.054617914451356997e+00
1.089969288197961239e+00
1.085166036908555176e+00
1.045591144390841887e+00
1.081958656919751238e+00
1.085716207284724621e+00
1.073268119380842434e+00
1.057530281088968627e+00
1.053136692909869776e+00
1.058389371837388016e+00
1.015262133006948897e+00
1.039092469771699889e+00
1.026297351203687480e+00
1.088329759414630171e+00
1.011502494371831817e+00
1.086823517953970919e+00
1.085757591168105662e+00
1.062974669050074761e+00
1.033361844092539616e+00
1.084775056793458869e+00
1.082136483822609296e+00
1.034522700641337334e+00
1.031021819127283967e+00
1.061192798141072702e+00
1.094161894439658500e+00
1.037395198028771670e+00
1.045522229883324217e+00
1.083624266881559661e+00
1.079737478642737170e+00
1.013618384994112720e+00
1.060989297793972108e+00
1.030652823262699691e+00
1.010945955800027107e+00
1.064931100657294794e+00
1.093000371560550743e+00
1.010817235076773679e+00
1.027943049710393408e+00
1.084929150458276093e+00
1.068326718299745348e+00
1.043658128598436985e+00
1.085559165640778367e+00
1.076223906905427796e+00
1.005438275733494313e+00
1.073914206565478535e+00
1.088141349332582219e+00
1.084373728162534078e+00
1.074903532199657619e+00
1.025801643986844480e+00
1.079756787185452982e+00
1.031760145488002989e+00
1.020942497022534257e+00
1.096552736825373131e+00
1.022956321026018855e+00
1.098289799279956513e+00
1.096491077357024002e+00
1.018866445951851274e+00
1.038289983519097071e+00
1.048761976329694701e+00
1.088132053542746336e+00
1.026321089773861717e+00
1.009328386026729696e+00
1.055861602891392081e+00
1.044584121152256184e+00
1.020810131069246562e+00
1.085908240345838882e+00
1.058411269506430941e+00
1.062003789012499366e+00
1.034774163162698102e+00
1.078021816528049737e+00
1.071937921872959221e+00
1.031030694278500359e+00
1.046947871666527474e+00
1.092457075509108755e+00
1.027727986969543483e+00
1.006876697935062070e+00
1.056510944913989336e+00
1.030247633493486026e+00
1.077162895915905860e+00
1.010100480349173546e+00
1.022898979191506408e+00
1.010721397373993469e+00
1.073768415304335422e+00
1.024742896652300894e+00
1.074890334143201454e+00
1.035527093852891545e+00
1.045154376206767877e+00
1.000168012998280398e+00
1.091025992763640096e+00
1.043982311199321611e+00
1.099751323932409708e+00
1.050021041748443462e+00
1.076585278833735559e+00
1.070930175076569180e+00
1.088752354290882129e+00
1.097442956871111486e+00
1.028154539449171345e+00
1.085392579929004064e+00
1.073442298338354917e+00
1.080782057726355161e+00
1.080870832389999148e+00
1.036963862318874607e+00
1.056430637723460686e+00
1.052620669613555382e+00
1.070702067677646863e+00
1.023696828992208596e+00
1.005601590505393217e+00
1.006048706029198492e+00
1.028196214038683332e+00
1.076691278958690434e+00
1.027965595365084805e+00
1.027602635708845469e+00
1.090041632657528625e+00
1.023838360098219935e+00
1.095553123965669950e+00
1.098137545965389039e+00
1.038088262744047974e+00
1.013384271925496183e+00
1.054875561522309768e+00
1.067682806453435163e+00
1.042033443788222824e+00
1.019329660810633476e+00
1.086895878046904906e+00
1.047963014481317678e+00
1.099931768062169635e+00
1.039406180793135848e+00
1.027199822187762512e+00
1.093800985304467677e+00
1.083850725275693483e+00
1.033056728080309572e+00
1.034672562549883823e+00
1.066171106543707614e+00
1.051561060577783646e+00
1.085890321815914605e+00
1.088050668471832294e+00
1.085197042707415793e+00
1.027956500972104559e+00
1.006280544119733333e+00
1.008168650015270895e+00
1.031532306576548486e+00
1.017083245804979219e+00
1.075066265157681444e+00
1.019917378534118901e+00
1.051409995499853034e+00
1.063972854244982225e+00
1.070754853106504534e+00
1.036927886415594413e+00
1.054895011753822054e+00
1.066090068965728443e+00
1.038630311882304591e+00
1.051170436336476666e+00
1.051590540190023848e+00
1.052005653393521367e+00
1.048057343227003058e+00
1.043656516340815577e+00
1.057227128898102553e+00
1.045518898159031318e+00
1.023203294662175411e+00
1.047688595148813739e+00
1.019952305410940729e+00
1.030543215254446698e+00
1.072328979310919195e+00
1.056608490967178460e+00
1.024428649118868107e+00
1.084260818896879419e+00
1.038616613137049338e+00
1.045025154657152067e+00
1.043729034872494355e+00
1.072158479840865652e+00
1.084935383987404078e+00
1.083956292497886054e+00
1.020606259781099645e+00
1.079647582085418112e+00
1.039372759651270739e+00
1.018319798767188811e+00
1.005236637381446307e+00
1.025637897552550415e+00
1.007094242936677153e+00
1.062053228817895878e+00
1.052862149449735440e+00
1.059640204961600718e+00
1.024645596293427774e+00
1.037495906027661841e+00
1.036175874132273300e+00
1.013436455902417155e+00
1.019330517392919466e+00
1.054018632671831712e+00
1.080857137722829320e+00
1.065637555301941930e+00
1.034929767252718902e+00
1.000932135864450512e+00
1.041837313816776245e+00
1.059802649340950254e+00
1.076843658125086423e+00
1.041589213313840023e+00
1.026055813870564215e+00
1.021161203253435401e+00
1.075782672210482405e+00
1.078347979960033065e+00
1.094564791896031286e+00
1.061840729214447832e+00
1.054288763429811482e+00
1.083166925028861138e+00
1.062253510100357179e+00
1.040006105459626129e+00
1.090305417703428592e+00
1.089873973962926179e+00
1.056190611984941352e+00
1.034286011128601190e+00
1.030213883815680465e+00
1.070894342614680417e+00
1.094596980895723215e+00
1.021966054580899508e+00
1.020930712070560187e+00
1.098387401384845585e+00
1.092925488015383140e+00
1.052185194742051744e+00
1.051052772966047932e+00
1.098165265695380644e+00
1.079915307820721537e+00
1.022485478961884242e+00
1.061707687933125532e+00
1.017230203640119512e+00
1.061887022138821690e+00
1.097927060573536062e+00
1.074875117454033635e+00
1.077781304048691435e+00
1.088185042970324368e+00
1.023731209631893568e+00
1.064255776652176744e+00
1.023417830258010808e+00
1.083635729733652520e+00
1.084487256436928337e+00
1.074616570734264087e+00
1.004780385769523665e+00
1.097036226298056638e+00
1.074310080094867947e+00
1.026528735791046865e+00
1.075174901447701892e+00
1.024402849226762502e+00
1.097472474686528532e+00
1.036543838449149213e+00
1.022341643109989651e+00
1.091119819194947382e+00
1.016096516565870633e+00
1.085819985884628469e+00
1.047286506514051307e+00
1.001064236506255423e+00
1.055674515192528640e+00
1.011261739284108341e+00
1.053674933509290090e+00
1.010420649797910020e+00
1.073319033090601060e+00
1.002766681067533083e+00
1.012622341383017988e+00
1.077731062981125421e+00
1.082896077646557709e+00
1.045528197638520229e+00
1.047932219417875510e+00
1.099484517319157861e+00
1.091329293074281948e+00
1.018022827739772485e+00
1.041913393005918786e+00
1.080709399241874813e+00
1.052759549632679370e+00
1.021363036611482533e+00
1.046617334838590319e+00
1.089659880515046808e+00
1.093072138378409219e+00
1.049196475185465660e+00
1.041832215127324490e+00
1.008403380112298686e+00
1.008224299672459967e+00
1.041508707000205147e+00
1.075272830869887786e+00
1.018549094926218146e+00
1.016204292330754377e+00
1.005024427238562890e+00
1.056463194390173221e+00
1.061476465334981301e+00
1.055951446090807933e+00
1.083815337032887127e+00
1.092591724919466101e+00
1.053100421480407167e+00
1.075928308164597169e+00
1.010997426380281228e+00
1.032211389229796827e+00
1.046231707963575230e+00
1.010718895963811370e+00
1.041790131507131845e+00
1.099567292639878735e+00
1.046247769943343231e+00
1.074298229849080855e+00
1.008305349992973943e+00
1.046153641508408949e+00
1.000178874733987255e+00
1.043369983870155115e+00
1.041008982181290232e+00
1.073301670118312678e+00
1.004463837372256085e+00
1.006489817970999123e+00
1.056386766496227203e+00
1.010580622716964694e+00
1.009172263230319277e+00
1.029703903570714285e+00
1.044923978445539525e+00
1.087173669354253080e+00
1.000917487074421741e+00
1.034572330233512139e+00
1.098159350522391886e+00
1.070443509667642346e+00
1.093098434356982951e+00
1.004722172586727025e+00
1.010128675147118793e+00
1.026167103738997222e+00
1.025101342366514512e+00
1.042908161576709292e+00
1.051618105017559035e+00
1.082107098118480382e+00
1.033044865453825123e+00
1.039571312239474743e+00
1.069787275833957052e+00
1.021517623444194722e+00
1.053626754568587121e+00
1.049045642085291385e+00
1.013179104655153262e+00
1.094004052973873486e+00
1.060822863740024768e+00
1.071641148157785883e+00
1.049804985607222019e+00
1.018417002096129620e+00
1.026749794492415990e+00
1.043147601470872265e+00
1.033971231302294402e+00
1.040391880839276029e+00
1.003996596592145352e+00
1.047558021012858775e+00
1.011648768279302946e+00
1.076262315088409638e+00
1.081141524241534091e+00
1.072500806593272404e+00
1.046250918470816638e+00
1.073781863715940421e+00
1.090894352809461898e+00
1.098697115053972162e+00
1.063282920499343254e+00
1.011944184354250709e+00
1.039044064258549005e+00
1.092472459330363410e+00
1.066806496562809681e+00
1.028165834323675254e+00
1.011654862484987039e+00
1.020817907531484714e+00
1.052754104138229563e+00
1.028705856976448452e+00
1.096264732343815274e+00
1.093756462736195534e+00
1.063968101315615922e+00
1.027016260200018793e+00
1.077887549557788205e+00
1.086096563470747567e+00
1.002970627189404551e+00
1.086245176770343601e+00
1.063336912572058646e+00
1.083626570353606766e+00
1.057433198658435103e+00
1.085631331320297210e+00
1.027922964990797494e+00
1.014821675950777768e+00
1.099026169119997176e+00
1.018831243618152804e+00
1.098235421618539709e+00
1.077771271323531455e+00
1.062059292211312789e+00
1.040987207724354713e+00
1.033051616083093593e+00
1.044290003299516156e+00
1.038985964597522793e+00
1.034522582848214745e+00
1.016584483440645892e+00
1.039989717877403796e+00
1.028742432140943963e+00
1.053264095493965380e+00
1.004478621106712710e+00
1.095035956372151675e+00
1.051058330039692956e+00
1.029021534186638887e+00
1.011543328254299823e+00
1.031960336433890513e+00
1.021491249447204597e+00
1.083065158637921632e+00
1.084606293222050821e+00
1.027162923443510678e+00
1.040751609243984133e+00
1.077052747080440964e+00
1.051872923547943817e+00
1.020347713700767489e+00
1.093221807235749798e+00
1.088976211074557110e+00
1.094757343732693622e+00
1.060496829135330721e+00
1.074356330285050509e+00
1.052036355655101119e+00
1.004799388819626715e+00
1.011863903667801878e+00
1.086552275411330148e+00
1.006107621919257733e+00
1.096013022794093850e+00
1.052637758000585011e+00
1.089045349094025283e+00
1.026685648226642655e+00
1.057765773006879684e+00
1.004365376959219569e+00
1.027261472217780414e+00
1.069168931133392508e+00
1.027964857397464682e+00
1.017134709142594184e+00
1.021468421600401744e+00
1.015875299699226186e+00
1.055459475684322967e+00
1.010892674469758834e+00
1.083425701641237415e+00
1.081225493825053174e+00
1.067123526642795195e+00
1.071118651175975156e+00
1.009227727037548261e+00
1.052455908006975527e+00
1.004267648040822580e+00
1.063723600604629338e+00
1.031796481603485027e+00
1.077877679121873600e+00
1.009674922221033944e+00
1.093903831524918990e+00
1.013534832193570878e+00
1.008418827401640794e+00
1.013938098337441973e+00
1.050606824271197226e+00
1.072068241688282297e+00
1.005771157175627373e+00
1.026314286200401105e+00
1.045455043220448577e+00
1.073945305772146863e+00
1.044775921884292025e+00
1.070590882008033429e+00
1.008012023609193175e+00
1.020418811065193498e+00
1.032868102131152543e+00
1.060134967918606730e+00
1.025596100239543507e+00
1.041516139442188571e+00
1.012412887135859973e+00
1.054027018212583711e+00
1.079609558039852146e+00
1.079975474566017057e+00
1.017063969299450088e+00
1.045095793640549831e+00
1.044013816768462277e+00
1.042894957239567377e+00
1.020413803133221275e+00
1.051926789874600088e+00
1.011910908194733949e+00
1.080381532168523728e+00
1.062203916603382536e+00
1.017425245852602966e+00
1.026996338085184313e+00
1.019764873274662476e+00
1.020596088376301669e+00
1.060104042310102690e+00
1.027781354836492467e+00
1.079029267649768364e+00
1.052875342463193364e+00
1.052682554796658287e+00
1.081601758661599133e+00
1.015323580389198455e+00
1.051565346078324081e+00
1.013204403958082978e+00
1.063317393001858902e+00
1.067282845442740991e+00
1.059161669784603133e+00
1.096379962862027879e+00
1.002887961428997610e+00
1.058841830716618970e+00
1.087404642090811668e+00
1.022157320863700924e+00
1.022519497736053884e+00
1.087652760218073889e+00
1.016453805564186963e+00
1.060671599256248765e+00
1.085524429140535929e+00
1.015263702809853452e+00
1.076790644356671045e+00
1.032116762137804900e+00
1.034971965940659766e+00
1.015231401977587211e+00
1.095207910686860187e+00
1.005241506881958680e+00
1.091815320046443105e+00
1.051367544854636460e+00
1.080441736917947093e+00
1.043049449784318572e+00
1.039919422757226375e+00
1.022305050844240615e+00
1.002645662572342999e+00
1.051466300529354747e+00
1.056548420766920904e+00
1.091321245257056871e+00
1.074579958414287661e+00
1.000004530149635196e+00
1.001593060939559132e+00
1.060686820245492434e+00
1.098719003992126853e+00
1.033461907169270555e+00
1.058748116107480763e+00
1.027162277353675490e+00
1.025108571196276408e+00
1.026373448327957849e+00
1.062719339753658288e+00
1.086183592812192567e+00
1.055918735867554581e+00
1.077782014571198932e+00
1.019501936699667599e+00
1.087518698989317967e+00
1.020163891826666891e+00
1.063203244014250259e+00
1.011675552422419688e+00
1.066581215801360560e+00
1.003239819002895494e+00
1.013945853555876075e+00
1.003073995573371846e+00
1.054833891055244610e+00
1.030082852264151860e+00
1.014640351822018616e+00
1.044055354678530723e+00
1.080402138640398357e+00
1.073743084283386828e+00
1.059388631380072443e+00
1.042876431382744995e+00
1.019439910987503417e+00
1.053969194021207256e+00
1.070655322250615216e+00
1.000258885963252631e+00
1.095584047245268033e+00
1.070045177170323436e+00
1.058865348808179840e+00
1.074840064826482200e+00
1.001080666809783803e+00
1.040012498679137476e+00
1.016328850239758053e+00
1.055995986644236106e+00
1.072631640702414790e+00
1.039935753209666691e+00
1.044531205875109947e+00
1.006906527837990284e+00
1.053013841427446806e+00
1.071502260057607625e+00
1.084633061655475794e+00
1.012202967402632048e+00
1.060754348172138428e+00
1.064251970633355748e+00
1.000528820377836414e+00
1.072163292242540367e+00
1.086572437166158700e+00
1.008508867586493052e+00
1.092118346065412915e+00
1.073297235180368681e+00
1.047487084141865310e+00
1.062894403847176372e+00
1.098556178980075071e+00
1.044146415975056419e+00
1.044652925773776220e+00
1.005721692790326749e+00
1.013775484854380959e+00
1.066750541644254868e+00
1.070233240339302894e+00
1.045481295439271374e+00
1.059572102509991121e+00
1.040742558624635050e+00
1.046661004973376441e+00
1.035564879348143563e+00
1.050694229292083559e+00
1.081975237022763991e+00
1.035096349576555053e+00
1.076481336181384529e+00
1.076425313890784441e+00
1.088581925688981045e+00
1.045566848124470649e+00
1.003974499009480992e+00
1.099424995201395916e+00
1.085629868217337091e+00
1.085097891901927847e+00
1.035872372204435177e+00
1.052007551615627534e+00
1.052723301134499856e+00
1.050629955723550557e+00
1.016165236474987132e+00
1.074987669011449487e+00
1.079448836683427393e+00
1.032618057657199717e+00
1.000545222559016789e+00
1.075560385417835274e+00
1.011386346820071003e+00
1.018416767069726836e+00
1.065524601139602234e+00
1.070463370879881637e+00
1.035255270698017149e+00
1.062908671255627047e+00
1.097566233373979072e+00
1.005659926579598684e+00
1.095381888810795123e+00
1.071693416655498776e+00
1.092721644124390101e+00
1.058915204420508127e+00
1.002358446083967625e+00
1.087756687615603735e+00
1.097147437093678235e+00
1.026968103525686793e+00
1.058008492070185991e+00
1.092604662758277279e+00
1.009128890660121236e+00
1.020660596097421990e+00
1.002381055989506553e+00
1.066047361161905904e+00
1.093658883277348393e+00
1.021692992227461572e+00
1.083000355262036640e+00
1.083328459551317513e+00
1.031440469175131769e+00
1.040130826465637925e+00
1.072113640654112743e+00
1.021756061185055131e+00
1.075704666643082952e+00
1.061608529119873134e+00
1.021196729941867609e+00
1.085324635338357657e+00
1.080194559627910778e+00
1.061595333957596976e+00
1.010554708462444662e+00
1.068749908963638307e+00
1.068448478177544958e+00
1.017444675237991314e+00
1.007969841663884258e+00
1.012102766332273029e+00
1.065014943807673697e+00
1.048630799249428813e+00
1.048784479803866798e+00
1.027530893494991826e+00
1.080113852476670688e+00
1.013269860997602523e+00
1.052447840556023584e+00
1.022238978841591983e+00
1.025282516430151558e+00
1.045349557701038767e+00
1.091568689721958085e+00
1.045487755368990079e+00
1.055378471474204050e+00
1.092313843723498490e+00
1.063044245796814558e+00
1.037757909879044149e+00
1.024069442422775644e+00
1.075610048936042951e+00
1.091307796733571367e+00
1.098129230069186724e+00
1.032108721193426559e+00
1.015269793278346544e+00
1.040284147574753071e+00
1.095545720435810999e+00
1.086693866123750629e+00
1.017668806208537058e+00
1.052832904527294833e+00
1.083695802448247258e+00
1.027022142120033399e+00
1.058404080540758407e+00
1.054863139970025232e+00
1.065657845382659286e+00
1.000516179300495301e+00
1.075585835572703264e+00
1.047595458414714464e+00
1.061263309437562086e+00
1.045468301923044629e+00
1.041832099593423377e+00
1.063799322970528038e+00
1.056037608405570039e+00
1.058422101052822972e+00
1.068141804402244155e+00
1.002871244788340110e+00
1.084090938304292484e+00
1.035652419426099202e+00
1.090028382841442767e+00
1.079254848601666206e+00
1.017670993938639246e+00
1.016356540005420861e+00
1.061303063804918789e+00
1.001651914499982032e+00
1.045225604839617795e+00
1.006187006224870339e+00
1.054432065896562021e+00
1.004852850669546660e+00
1.014829210500906020e+00
1.039589719247967947e+00
1.045704871294805161e+00
1.050487689893823129e+00
1.015913764551095610e+00
1.003411426719164945e+00
1.052348288514081798e+00
1.079139947662148158e+00
1.039850860075718142e+00
1.004390476400158771e+00
1.032171919246653191e+00
1.011274558978878080e+00
1.084327124614316240e+00
1.040948243799170836e+00
1.090435666227454581e+00
1.039287146929529282e+00
1.017842780621679433e+00
1.018484420478182884e+00
1.019729023307591076e+00
1.006321073437991043e+00
1.063771046545959553e+00
1.003841837739969156e+00
1.033001241589022179e+00
1.011198635020084780e+00
1.098479011692183871e+00
1.014737407146318882e+00
1.067153390504150590e+00
1.065160103099119793e+00
1.001692197672695128e+00
1.018539336451726562e+00
1.084184587273594680e+00
1.063706333619235167e+00
1.099644671244696115e+00
1.045082567270841922e+00
1.083019449273006973e+00
1.010762984374154794e+00
1.031158017021593709e+00
1.081641599419772115e+00
1.095861091151217659e+00
1.099681179529626851e+00
1.067795749837767483e+00
1.012211669114450263e+00
1.066959766456885950e+00
1.035064203782096959e+00
1.034054861894149191e+00
1.046816566586684649e+00
1.088357539358938419e+00
1.097159531760187656e+00
1.039821644611634177e+00
1.035772030294678014e+00
1.012416906073228207e+00
1.068088270910338977e+00
1.038216303290860676e+00
1.022714030735637047e+00
1.018378814958706302e+00
1.007284556231889505e+00
1.029599247475670998e+00
1.074311149185860570e+00
1.086005713641282178e+00
1.059556111421714464e+00
1.060878845603702381e+00
1.029549445070860436e+00
1.054974118584160792e+00
1.055854913294703268e+00
1.053961212466262731e+00
1.081015377890676810e+00
1.009511666904097549e+00
1.069056838725979119e+00
1.080254430499152818e+00
1.082525857491939192e+00
1.087468084473201202e+00
1.032002149431911819e+00
1.084685626372033251e+00
1.092685068678387106e+00
1.025415257679121783e+00
1.082511479454289383e+00
1.077786086758661499e+00
1.013062687594526112e+00
1.053841566817593778e+00
1.097884593697338707e+00
1.057423518263522766e+00
1.013358526377912572e+00
1.066518347086137020e+00
1.091629126380531112e+00
1.095438658774388729e+00
1.072743179449794804e+00
1.091236231734809659e+00
1.041633562850584616e+00
1.049366604438737305e+00
1.084950696282190652e+00
1.014424280064825767e+00
1.019190642359145249e+00
1.004752244225096902e+00
1.035758713981896895e+00
1.084180308782829893e+00
1.016884867266416137e+00
1.053747959900665387e+00
1.064755166597227687e+00
1.094016821845994691e+00
1.008395976127184346e+00
1.075396205281843987e+00
1.008028860405984384e+00
1.012408944651683074e+00
1.027170063889468521e+00
1.030904771536009346e+00
1.092925422079815911e+00
1.018716776597407447e+00
1.038242713583537480e+00
1.025466281674382918e+00
1.086658708695952713e+00
1.046920092211891307e+00
1.078529456949808285e+00
1.097458847654736225e+00
1.058310526724174805e+00
1.032805888437626551e+00
1.007487598323507649e+00
1.049714692765348012e+00
1.091092341563096868e+00
1.024203202338030083e+00
1.048972150787492730e+00
1.030382758088193462e+00
1.060397049204480968e+00
1.062287806328784612e+00
1.074921729444824559e+00
1.056969443158511934e+00
1.032271857107945001e+00
1.010894783926846063e+00
1.023924854531386153e+00
1.080663933035621804e+00
1.028646740030279449e+00
1.023812332088692711e+00
1.078351764315117700e+00
1.022302546615230234e+00
1.093243856042986684e+00
1.061976582083326903e+00
1.054334905075574813e+00
1.002598911384927627e+00
1.086194044733948649e+00
1.053581747633415722e+00
1.045983929221427022e+00
1.071376912973601936e+00
1.015950209426743189e+00
1.090857058478831521e+00
1.069878775075659316e+00
1.051937024878273341e+00
1.020027953528964026e+00
1.088905712857652919e+00
1.033367016816189921e+00
1.010297842158844661e+00
1.058951302956246288e+00
1.059417445740123087e+00
1.080877823744697874e+00
1.072967846130082004e+00
1.017482152013842400e+00
1.091303027547265492e+00
1.032618285457468810e+00
1.045712067196415740e+00
1.007708544891129376e+00
1.079482713888081147e+00
1.087432288129938973e+00
1.011279004830465622e+00
1.066671646540728657e+00
1.039732509996401433e+00
1.051840136854505392e+00
1.087130695548098824e+00
1.051075976855297300e+00
