2.935851577052580111e-02
2.029885656061765006e-02
1.311812661278560430e-02
9.541813180100185143e-02
2.794804434207932495e-02
-1.364438739619024121e-02
7.490546900087307475e-03
-1.069545048119156794e-02
7.031777853206540307e-02
1.553144439373586524e-02
5.437836390586296698e-02
-1.821489450252221018e-02
-5.545585413127719979e-03
6.644863350192127538e-02
6.185872187709608172e-02
-1.776735038091025939e-02
2.811237022861297341e-03
2.020486122412305449e-02
4.048349017540349426e-02
3.114057874294471132e-02
4.362680421905686112e-02
-1.448840122484602172e-02
4.980447176012063604e-02
8.240501627164956155e-02
4.078635163676652686e-02
7.405193036387432148e-02
3.600392537703964169e-02
7.614010266165598118e-02
1.971258720559801100e-02
4.851115465478407496e-02
1.471720928036487561e-02
1.071436042523344831e-02
1.087801155628814742e-04
3.356124755784213598e-02
5.200863003059234824e-02
6.479885548505827375e-02
9.531667782210727358e-02
2.550136148046245124e-02
7.930182603757450488e-02
-2.680362447283719113e-03
9.358463192597098190e-02
5.053503850924678797e-02
5.089757060675355327e-02
5.359924277070292342e-02
4.376335620663064641e-02
-1.540793752579239229e-02
-7.910222453677144203e-03
1.374729842774507008e-02
4.727887328693473890e-02
6.801336435291889526e-02
4.206088212575301299e-02
5.196725464066839772e-02
9.834111452481390792e-02
-1.848552257649594202e-02
5.519572935158442717e-02
4.012805329432794776e-02
6.268137851476830724e-02
8.940108625932176312e-02
6.624626766881154538e-02
4.353912851079123902e-02
-1.846023246136384993e-02
7.527502471960345609e-02
2.841278570191458144e-02
5.133341533959426273e-02
-9.069696107411658048e-03
5.305565500322963202e-02
2.273538311663538328e-02
7.929369012192262478e-02
-1.059660626954977286e-02
6.075994700984710395e-02
2.137146153774853799e-02
8.449354084082372207e-02
-1.142125580906436233e-02
7.523165955387721426e-02
5.081960156762614644e-02
6.564366269076849641e-03
2.751620963271921363e-02
4.394126651491959967e-02
7.961946799820313059e-02
5.114662636525268979e-02
9.557433472034346233e-04
5.644899927646507276e-02
-7.832246021817939122e-03
8.398228349419191441e-02
7.783379217929622951e-02
-1.919615429532223541e-02
7.020452376530086913e-02
8.342321183086885694e-03
9.507437322734171858e-02
2.930847039295849873e-02
3.726726492044760142e-02
8.079068240487236041e-02
7.360498654402072849e-02
3.601311293964591653e-02
-1.279244000876208695e-02
4.668890858741260586e-02
5.864293139177015335e-02
7.993102787977250656e-02
6.618070194761853375e-02
7.013075829500209357e-02
-1.865845456897446270e-02
1.811843571153274809e-02
5.987181899741167435e-02
1.819376851792755059e-02
2.829471795693476802e-02
6.409157683007768447e-02
5.557397933851501715e-03
1.306387783143026990e-02
8.593679004997481496e-02
9.588416978596220330e-02
3.848661801458828913e-02
8.222581070783446799e-02
4.174396791975426568e-02
-1.395288768232330091e-02
-8.162356678583559955e-03
6.923439141819313913e-02
8.814681328685923523e-02
-1.443980401480266310e-02
5.912738929914340691e-02
8.632772823161034836e-02
3.770660088740297733e-02
9.233718703576813958e-02
5.250940946538984466e-02
1.224838213618218222e-02
7.469001085150171748e-02
2.915519164571376068e-02
-1.338224443053426249e-02
3.462837689248276368e-03
-1.784406940632914107e-04
3.204415728046364209e-02
2.172248150343223869e-02
5.560355954689050195e-02
7.513845071953870192e-02
3.513056885647447558e-02
3.611844124051792615e-02
1.210141745476814648e-02
2.491208405580267946e-02
6.244415778177803134e-02
2.427806644228909863e-02
7.444293334442086268e-03
2.884784720889324930e-02
7.860714048390891884e-02
3.944859865195737836e-02
9.759956574884671998e-02
1.694605978932537532e-03
6.034297389302296921e-02
-5.611274792830028488e-03
7.678068814788335805e-02
2.689414327068720412e-03
7.954381047023036111e-02
1.506506802827751665e-02
4.795688230795602802e-02
-5.921530967359624198e-03
1.708606047553984028e-02
1.318563119979375420e-04
-1.890771983742568774e-02
2.803626170159727662e-02
2.563493213754541519e-02
8.630358421234871069e-03
9.193177859227658066e-02
1.369129902725907746e-02
9.388714390145409816e-02
5.154220995253910864e-02
5.428936320447541597e-02
-1.283879649435760474e-02
5.307763996319796174e-02
3.268271520461576291e-03
9.652512639707787334e-02
-1.854893455042276942e-02
-2.647205790053050456e-03
2.335566479284155103e-02
3.351239157391609769e-02
6.253294357614669341e-02
1.851569019260228613e-02
4.391559513911146018e-02
6.882720763258085017e-02
1.895208308673900985e-02
4.344101616147738598e-02
6.046877551666857142e-02
9.823902747920093548e-02
4.319846587725431619e-02
9.186548823527436458e-02
2.839246714657942330e-02
1.162019073609916672e-02
1.362000850753445139e-02
5.629323204584597840e-03
7.440424778940800399e-02
1.526424319138231997e-02
9.730529886586081201e-02
5.709114476165569330e-02
9.475032546159924129e-02
5.857855970935983009e-03
6.673399756246166381e-02
7.344211076107964864e-02
1.507180900373689472e-02
4.777680089678253139e-02
4.904618731460561737e-03
-8.134090467974539398e-03
5.903623160418693117e-02
6.795244202803436828e-02
3.570776161728182740e-02
9.135847247063182130e-02
9.798711542329698043e-02
1.268712148749421773e-02
1.349606485320123742e-02
3.356636690994574401e-02
7.808911602206228264e-02
2.335550554517981311e-02
8.041609609453593405e-03
3.272842873918010986e-02
9.829092754408798316e-02
9.481294309395855990e-02
7.909286336164594866e-02
7.160746952965725554e-02
6.194555323905559518e-03
1.544401594334654168e-02
2.791397142815007712e-02
9.651264835838820055e-02
5.495105964451650615e-02
-1.578027462765613578e-02
9.572117330834876980e-02
7.266806667302734557e-02
2.209170192567078486e-02
5.433865654717491556e-02
5.991854296855150808e-02
9.794362211134158280e-02
4.765507390225405537e-02
2.421465398336541605e-02
2.578249434888906302e-02
4.276252686614211151e-03
4.835991790128967016e-02
-7.095467245707406945e-03
8.341195367857270893e-02
3.291925506700177362e-02
-1.807039616190534576e-02
-8.631023325744635946e-03
1.636403463371982961e-02
6.999683182076618659e-02
6.598740035674349746e-02
-1.146849297430880751e-02
1.483696639350560662e-02
5.422435590169892572e-02
4.102332099605922322e-02
2.865048653567020889e-02
2.425939089821734992e-02
5.172061804995328749e-02
4.440240844729964609e-02
2.539883693788392779e-02
4.460962072089445785e-02
6.289172612064511392e-02
2.950344178805334658e-02
7.709530503098056819e-02
6.220208575804694884e-02
9.971352313899724262e-02
7.006258034908502408e-02
9.991399545571619245e-02
3.016689007480266929e-02
7.814310608679617132e-02
4.847922325151100831e-02
8.584572549452566814e-02
3.709531333174648227e-02
-1.248588378208954561e-02
3.535073797817844810e-02
3.716403459635439499e-02
-1.456729048417129690e-02
5.948969502898067419e-02
1.061798481245103398e-02
9.451647511870013563e-02
9.811890648755507149e-02
8.901487883719864935e-02
3.351215397046845845e-02
4.148779144370537408e-02
6.765498335076976233e-02
8.670259376846292665e-02
1.538639586019112729e-02
6.909093705574344269e-02
8.013041219539569077e-03
7.794871631925670563e-02
8.942927088398142793e-03
9.641834713699588832e-02
4.082617050418087257e-02
4.955786301265210914e-03
6.105789950364770569e-02
7.226577079196799813e-02
1.872459908827837569e-02
6.148477136313591773e-02
4.278028110912011905e-02
5.352697084420966755e-02
2.198337048153685760e-02
5.126134319153412278e-02
1.193222434438447749e-03
1.559682242588382103e-02
5.509782535267571113e-02
7.924011486211222921e-02
-1.864690856975572547e-03
4.319073363278674166e-03
9.995209300960349041e-02
2.200905587011292922e-02
5.676016142970530254e-02
8.006815423482659122e-02
1.448540968954625460e-02
8.838104283664313665e-03
3.191638135914813545e-02
-1.813306105252765824e-02
-1.903622881211076631e-02
2.140085183761186380e-02
1.421046466532220956e-02
3.102060147526427072e-02
5.705417181864055887e-02
6.792513760747330431e-02
4.545977737359052639e-02
7.031566738224960533e-02
1.224227131057049542e-02
-1.298806880204384819e-02
5.302137158466543876e-02
1.067463107247701437e-03
-1.379170205136475910e-02
-1.102103513631734477e-03
5.262173712337300802e-02
3.007002442527099625e-02
6.450480692227017476e-02
-7.023026135702598385e-03
5.280181917756862631e-02
-1.495905450461583637e-02
-9.786311412046302255e-03
2.276712198510303167e-02
4.732299434441451791e-02
6.966758472598721941e-02
6.213162157353595283e-02
-1.942406624453670710e-02
-5.829222599300666607e-03
-1.324750716047551347e-02
-5.454659992584187309e-03
3.714249529237435843e-02
2.071395545282931142e-02
-2.039425942335016534e-03
-1.098210777208381145e-02
-9.569628348563003276e-03
2.676188969404132492e-02
9.638829218503534857e-02
7.154056017298834891e-03
-6.618364087533343265e-03
7.745436226212452924e-02
1.871959384375419463e-02
2.767375536324566745e-02
-1.229415834897656587e-02
9.968026370573011136e-03
-1.897701917444476194e-03
4.595283422266176199e-02
6.804400458605255886e-02
5.773619413470668094e-03
5.503206448628436553e-02
4.138454036715459583e-02
-1.476202851446351341e-02
8.998253621580133699e-02
4.161772725113040139e-02
6.791452370981702902e-02
1.790252975700601032e-02
-5.906212380444024468e-03
1.491551529326430939e-02
8.323264644961542169e-02
8.971286905602247896e-02
3.056472460184024229e-02
3.333720500316333935e-02
6.671548251884693026e-03
8.543277809318987337e-02
-1.613008839464541780e-02
-7.513158947848944114e-05
-1.336638599168185615e-02
5.140703869510672430e-02
4.036318557522645956e-02
8.261687637789939809e-02
8.409856580788770131e-02
4.584780243190708648e-02
3.645580539818966265e-03
-1.908213884672144839e-02
7.655761939779620606e-02
3.641487493857070712e-02
3.320176154980929162e-02
-1.534514574705625120e-02
7.237674113553775601e-02
3.686207372332434007e-02
2.238300059463440086e-02
9.654977229793856863e-02
4.727899891236942570e-03
1.595284181726726661e-02
6.010776417635509128e-02
3.022622816483470573e-02
8.592775120181221638e-02
6.204235175262064195e-02
1.094442732102231947e-02
-1.905276932515781799e-02
-8.530152552045885614e-03
-1.110799950293425709e-02
2.212577072899190103e-02
9.798588261541005262e-02
8.370514901589180823e-02
8.852743490629330636e-02
6.969401161176992654e-02
5.196911389896219369e-02
3.688769432399009729e-02
8.948042859703664309e-02
7.719349737694590485e-02
-4.193752884417558530e-03
6.050068500676265837e-02
2.556557763572958261e-02
6.551331865380878583e-02
8.599060327230431677e-02
3.419248002639263539e-03
4.730424378645615990e-02
3.028560563171596789e-02
1.365366747582908227e-02
6.341634731864950747e-02
-1.263581909876426018e-02
4.198285290606423859e-02
7.049328736267930495e-02
9.013593673637580739e-02
5.403924560241912811e-06
8.557391157301892648e-02
5.556752679851859056e-02
8.708766918073403140e-02
3.241482245871357692e-02
2.415363259009671235e-02
4.365930763745196064e-02
-1.077872149864433915e-03
5.138746587874098992e-02
5.122218177754930823e-02
7.973270330330418931e-02
6.197939790795811699e-02
-1.673411246519118656e-02
5.299340710508493313e-02
2.167630120543637476e-02
-9.871436338114296036e-03
9.270076776873022867e-03
4.629424912130306047e-02
1.230935117990150304e-02
8.949794043587231546e-03
1.112327738456913087e-02
7.718780992287081755e-02
3.628728231407467308e-04
-1.545453760668336410e-02
9.555463438284711453e-02
8.476181092761905789e-02
9.518638695055378629e-02
6.052557439139472084e-02
9.260454529916901933e-02
6.584663559265714616e-02
-1.913492632824639189e-02
1.859894437135706582e-02
9.140757997565358839e-02
5.124312550623361801e-03
8.181915956338746410e-02
-5.769201469766270865e-03
-5.466486959499264331e-04
1.163639176488523094e-02
8.359231706405158280e-02
4.682275328803639503e-02
8.049392674552140192e-02
9.622221719465398615e-02
5.154016590621429694e-02
-5.329648552305270293e-03
4.659256409167841784e-02
9.219691593413754938e-02
8.224811798853697009e-02
-9.302155050985789694e-03
2.670756092904754200e-02
4.207700279752953076e-02
4.786657671401860908e-03
-7.207731629682120889e-03
6.918967419704996624e-02
8.903251405650319805e-02
6.851537130267229547e-02
3.077266914364816183e-02
-1.970237998798114037e-02
4.579005882469432132e-02
8.080621799577061837e-02
7.243075362278636464e-02
9.387581312873329031e-02
2.685852714752673745e-02
6.874559586830053526e-02
1.547597692956438273e-02
9.290663351467683129e-02
1.790083336617165691e-02
5.519450154300742373e-02
5.339111172074612055e-02
6.874936738066525499e-02
-4.329633439892312946e-03
1.428756745141006659e-02
-8.566623550972009976e-03
3.218737802759452649e-02
-1.006969824604733547e-02
7.607223618528480280e-02
7.450590034156247266e-02
6.638079284205801456e-02
4.817173214796497543e-03
-1.524063107735447106e-02
6.817433725461645444e-02
6.692008296194686123e-02
7.937407170948244939e-02
-2.965772325172033597e-03
