1.036511155660307049e+00
1.088058813803769898e+00
1.004238758746571536e+00
1.006362731787322273e+00
1.008137309488274624e+00
1.042467039689132458e+00
1.035089888747526832e+00
1.053622002623975984e+00
1.059048194953473132e+00
1.012196338428405840e+00
1.059672175473651112e+00
1.052273852193584380e+00
1.066455940651536372e+00
1.073181290243067076e+00
1.094986301105572046e+00
1.013309026903311816e+00
1.079794783804478575e+00
1.078963254078540324e+00
1.044326686844225804e+00
1.005062131694252070e+00
1.014660087261260557e+00
1.019250048329944924e+00
1.089942994615103133e+00
1.088650468112253522e+00
1.098609629334025062e+00
1.056943460566548199e+00
1.024927263388686338e+00
1.081147035071456042e+00
1.039610266829979368e+00
1.042694777139122619e+00
1.022807991939954864e+00
1.051911180332846474e+00
1.070840569597542702e+00
1.061130967307612583e+00
1.089961076455917999e+00
1.023243355052545489e+00
1.069021772221985689e+00
1.044677941556114265e+00
1.059494372810628304e+00
1.036343589375069207e+00
1.083818797758473229e+00
1.050880510095054454e+00
1.013987908787878256e+00
1.041505589936611242e+00
1.022395383705447802e+00
1.025552402357926551e+00
1.092572000639902674e+00
1.010389959490553213e+00
1.025247381599590168e+00
1.066574634047278369e+00
1.049559942209596475e+00
1.033244566822528743e+00
1.033069732381338479e+00
1.056765579313822201e+00
1.077247581990754544e+00
1.018837194535796575e+00
1.027532668696087725e+00
1.026519433226131373e+00
1.092054472353361838e+00
1.061040459246264556e+00
1.028221767362536232e+00
1.038639948637598343e+00
1.028637169726018374e+00
1.017219418667023367e+00
1.016773377892857155e+00
1.012789168329191192e+00
1.078783766745421868e+00
1.018473476382576237e+00
1.055012182708655599e+00
1.020762702186164494e+00
1.074384182274239263e+00
1.012618323012400179e+00
1.014868527208657722e+00
1.074213813831089048e+00
1.067170056171672377e+00
1.078174362654507945e+00
1.060475417935811127e+00
1.054067159994652059e+00
1.042500755168281668e+00
1.037273130216724848e+00
1.089475320967714600e+00
1.001637582072313570e+00
1.023828727296554497e+00
1.052640791208771187e+00
1.021348085401206696e+00
1.004136084109851890e+00
1.083469656753349497e+00
1.019724254003685715e+00
1.019961709731254995e+00
1.018601352766671519e+00
1.094086245537911450e+00
1.021320428606852015e+00
1.066524620722717476e+00
1.099450247875193742e+00
1.026193268021705407e+00
1.065133522331142002e+00
1.060596432290497271e+00
1.054778369435152019e+00
1.034013850801863255e+00
1.038411220467022389e+00
1.080311579069666461e+00
1.075104357027884872e+00
1.041244894051269076e+00
1.083716229938065601e+00
1.001247773184867906e+00
1.024395602554776019e+00
1.047469664500817688e+00
1.069912931692997393e+00
1.049405985622303916e+00
1.073396711205194531e+00
1.081372656944888710e+00
1.041785184483783544e+00
1.015635921566972133e+00
1.030670222746720599e+00
1.051065704077917218e+00
1.083832176911005307e+00
1.028864922114847147e+00
1.025608365095412422e+00
1.028175895437173359e+00
1.064425134020030139e+00
1.088953386280881119e+00
1.044089872699726085e+00
1.094626980648020664e+00
1.038696595832437009e+00
1.049695192578046887e+00
1.042066065819464704e+00
1.041888043137163322e+00
1.081387623753616634e+00
1.010226901894987650e+00
1.023598527823640358e+00
1.072090303319795712e+00
1.071104675706547438e+00
1.081915118653339558e+00
1.086809974654856958e+00
1.049923878439942060e+00
1.042633862822206270e+00
1.049673002067563976e+00
1.043995813484469792e+00
1.050701623158796671e+00
1.001078679842390073e+00
1.063934628612681177e+00
1.004695642445119885e+00
1.096724364181454359e+00
1.053706379403748228e+00
1.058884623838030503e+00
1.043506152914681406e+00
1.008932379477666785e+00
1.042650270647454525e+00
1.020576250970000931e+00
1.097812434474031429e+00
1.029098196319104597e+00
1.026821937658699779e+00
1.003333530047049393e+00
1.058832210504204951e+00
1.061415526041270985e+00
1.062508313197333853e+00
1.010531189464543456e+00
1.008470645199448956e+00
1.021304038240266943e+00
1.043483780017016915e+00
1.099969957153100752e+00
1.094563612862182733e+00
1.089841830054358862e+00
1.079237496368288696e+00
1.041579592662491782e+00
1.053155474123204316e+00
1.093496508997447547e+00
1.072986988992908675e+00
1.079676465261874441e+00
1.023140230377181270e+00
1.003282063088209775e+00
1.072858407529145186e+00
1.093191240377910045e+00
1.024741203658276145e+00
1.092725325937467185e+00
1.072357289564485505e+00
1.094624183098508396e+00
1.078602871684062547e+00
1.066984446915168139e+00
1.007515527211029216e+00
1.083400003338175654e+00
1.049059363355426600e+00
1.063247038104369935e+00
1.095646350706807493e+00
1.091051306454292158e+00
1.033418312508905812e+00
1.030907423596492123e+00
1.089975915175253274e+00
1.020073358331443192e+00
1.094685699396348078e+00
1.070018369256968915e+00
1.055530876183262246e+00
1.090635026365947224e+00
1.050943152050137552e+00
1.062140601221103431e+00
1.041668361235390527e+00
1.068562134759656335e+00
1.060728803053165414e+00
1.018127799879039896e+00
1.042730557083784815e+00
1.086609262174225377e+00
1.090235948369013608e+00
1.067612842189362032e+00
1.046663727014133460e+00
1.077765892213872645e+00
1.095652002644338818e+00
1.007239262828273141e+00
1.006373684153416326e+00
1.075674112066395738e+00
1.076561705367860222e+00
1.021977500321399113e+00
1.010656926863584104e+00
1.015887283053393375e+00
1.074957465902431242e+00
1.094616188091347642e+00
1.093839540057692572e+00
1.077421308206025330e+00
1.076634545658645914e+00
1.095518994260072709e+00
1.001164429246757193e+00
1.084114112399019003e+00
1.083019361329405461e+00
1.025960566383617323e+00
1.065185957899890346e+00
1.029610412101344297e+00
1.079047864667584511e+00
1.003678639494197000e+00
1.030485796269788867e+00
1.089340813946960029e+00
1.043264574771634257e+00
1.015258311626100474e+00
1.006447038166019770e+00
1.039693439039923284e+00
1.054988835924294488e+00
1.064582511799514686e+00
1.017701581983023962e+00
1.077505331925715071e+00
1.034740485300278623e+00
1.032295963520750703e+00
1.069886658758902875e+00
1.015189444058099300e+00
1.042786135669234948e+00
1.095411396368406010e+00
1.014750189047072704e+00
1.094553092448353748e+00
1.022908051305338573e+00
1.092379146686837998e+00
1.067028590981848213e+00
1.008874108933722979e+00
1.056045933753821275e+00
1.045135744859398974e+00
1.047810321030426817e+00
1.087326253883730720e+00
1.018342979129129633e+00
1.098455684143968103e+00
1.093406387959022785e+00
1.001181442250942633e+00
1.012711152628121614e+00
1.056940069483334854e+00
1.067635684816120367e+00
1.058375062836676594e+00
1.054969563965807655e+00
1.053351938020262946e+00
1.017472074753982714e+00
1.038106920518503840e+00
1.027788452941369002e+00
1.036748388991145520e+00
1.082932982475414585e+00
1.074720966776001374e+00
1.080059770028142685e+00
1.089921411656195271e+00
1.065085214520559376e+00
1.035241331436514090e+00
1.009131670220954291e+00
1.076282315968957182e+00
1.015254841042603884e+00
1.048927340403398523e+00
1.018330381429555231e+00
1.089286677873307241e+00
1.039435754224226072e+00
1.054522394829896070e+00
1.069997160826880345e+00
1.041146863507155462e+00
1.018616064497547047e+00
1.094525909646993256e+00
1.042937954716190108e+00
1.063270606884840097e+00
1.052993763666685290e+00
1.023560364524363608e+00
1.064551514082375805e+00
1.029300281242802484e+00
1.096917265687682663e+00
1.003743686226801213e+00
1.051606102399083698e+00
1.040095806740133133e+00
1.029159669353897799e+00
1.014133430733463959e+00
1.032019882565377467e+00
1.069706235397285043e+00
1.035219452816376284e+00
1.038790081742710480e+00
1.055431182239490839e+00
1.087709134250534948e+00
1.003980082777521154e+00
1.068440444337488415e+00
1.031249918916609776e+00
1.092438264751464105e+00
1.061228347987607457e+00
1.081369935016639250e+00
1.073498607153483553e+00
1.051383705866582030e+00
1.065272560760012421e+00
1.029849410667683651e+00
1.058480545346178081e+00
1.019642356623859936e+00
1.012147920559512748e+00
1.012862669907412805e+00
1.099369326991428197e+00
1.073994709888326016e+00
1.082524501247162263e+00
1.009102783172486140e+00
1.002133362735466937e+00
1.065711016502752795e+00
1.092749911440928257e+00
1.096434349492510396e+00
1.011318533005337805e+00
1.009023812381499852e+00
1.064474454792158520e+00
1.004553641623086468e+00
1.037303126418626986e+00
1.089586978149743590e+00
1.019258328274976311e+00
1.016944902737955347e+00
1.065756970456391617e+00
1.091737675571819999e+00
1.002006645118801886e+00
1.033670528378637155e+00
1.057185416064635453e+00
1.045707418997441351e+00
1.063781114551840101e+00
1.017810445853938983e+00
1.015454233348201285e+00
1.098311466018366378e+00
1.049984349602580913e+00
1.000297764138109891e+00
1.092387494335464115e+00
1.070137851788266925e+00
1.068640416700209039e+00
1.086366126866461057e+00
1.098356373199221858e+00
1.057995616939662931e+00
1.049562351009447614e+00
1.069721988514002575e+00
1.081299466123396336e+00
1.049633014826676813e+00
1.007891663874281640e+00
1.042215602720535594e+00
1.035856378048582105e+00
1.070078043945807522e+00
1.048457991517668830e+00
1.078106009100180840e+00
1.094630466496663734e+00
1.084163260532711837e+00
1.090680248512203132e+00
1.018156873622608982e+00
1.093408015842400216e+00
1.063260887456501491e+00
1.077306495790785856e+00
1.062968791074001551e+00
1.029955962850938489e+00
1.041474640371134575e+00
1.019955632614991448e+00
1.063498150985293655e+00
1.042818046095793649e+00
1.020793506135836193e+00
1.014337187721269684e+00
1.002948936288344139e+00
1.095362748877993342e+00
1.036867669632467681e+00
1.015748600550165692e+00
1.097667048526243638e+00
1.033904724781931295e+00
1.011346304321156575e+00
1.075916989284330327e+00
1.072051371917614793e+00
1.000372898321846726e+00
1.088279325780863172e+00
1.079512620066265693e+00
1.028513927173820841e+00
1.076295574928161525e+00
1.078232600121811657e+00
1.095094694035842142e+00
1.074142525270220139e+00
1.000235922832791724e+00
1.047496112577428029e+00
1.060600332545530433e+00
1.096714631641441340e+00
1.037217360061134741e+00
1.012943176731118111e+00
1.018707299768216723e+00
1.062555779305551784e+00
1.080503189835355204e+00
1.058241905820723083e+00
1.087161564270096026e+00
1.083433851549148397e+00
1.043513893583340346e+00
1.008527643981977473e+00
1.063008833731440061e+00
1.089109969289019375e+00
1.052492910430249395e+00
1.019123126216247455e+00
1.004621428090080482e+00
1.081495598900899413e+00
1.023703738798607654e+00
1.082353846875206971e+00
1.033325279693764864e+00
1.062661299337027909e+00
1.096144010254934242e+00
1.035540558116946119e+00
1.059451121950978791e+00
1.016920162897042568e+00
1.072581405796989573e+00
1.080147171235956716e+00
1.084835465379768937e+00
1.049272968442576781e+00
1.044487606273756697e+00
1.015573553002470764e+00
1.015147546025499281e+00
1.066242385911322144e+00
1.047450919590094287e+00
1.053885643845200226e+00
1.073474608899065208e+00
1.001728672972528766e+00
1.071963263782526043e+00
1.077084617657277921e+00
1.084125729740212707e+00
1.079798370184999357e+00
1.034158159028534918e+00
1.063929517974769645e+00
1.049952846174443843e+00
1.039281157449852167e+00
1.078615558440692235e+00
1.010588451600353599e+00
1.023716869865138879e+00
1.037234502607949693e+00
1.002984271096212021e+00
1.086840419751988751e+00
1.094181462211389455e+00
1.019927221653354144e+00
1.088611147594412909e+00
1.081774233453560496e+00
1.051438076173644820e+00
1.082491281696517538e+00
1.055917231744681439e+00
1.037646216266694843e+00
1.029997191146193813e+00
1.054387166570526890e+00
1.042381950568580740e+00
1.010163957529665479e+00
1.054898715869484027e+00
1.036866131138692637e+00
1.019797042234681594e+00
1.040457611313009068e+00
1.035307282650783200e+00
1.062916179725553079e+00
1.045800992959864173e+00
1.099445645886691914e+00
1.088601276324986378e+00
1.055764693883884497e+00
1.042304379508243173e+00
1.008202342347974012e+00
1.022940706054425553e+00
1.067218157748273111e+00
1.011624330630340518e+00
1.001099515592694722e+00
1.004749883040712000e+00
1.077023898390732981e+00
1.014497971359726636e+00
1.033580395246910921e+00
1.048967525536514289e+00
1.066341129524744691e+00
1.050722419985167466e+00
1.084943648147850492e+00
1.084040912603300599e+00
1.004012363588290047e+00
1.006865483502706882e+00
1.094504919522977016e+00
1.053932798456015618e+00
1.075177056915256335e+00
1.018200434469892057e+00
1.022074294649209181e+00
1.005506844092556973e+00
1.050800151430971718e+00
1.082085085271978553e+00
1.015200440304488305e+00
1.090021218164637151e+00
1.060535193082912775e+00
1.074981394508640831e+00
1.099029507722718790e+00
1.072831546863337149e+00
