3.778684405347855491e-02
5.205822743724246304e-02
8.209531534509965922e-02
3.889161771669132073e-02
6.873752534016332183e-02
7.705208397673021098e-03
2.178517529653153581e-02
4.923406660339423729e-03
2.928674787789747533e-02
6.562013390338454488e-02
6.518246774340849536e-02
3.470860267993160220e-02
7.487236507958024145e-03
9.150365117234107726e-02
9.231094427135508318e-02
-1.054819108153522318e-02
1.357228562893202442e-02
-1.135730766939010983e-02
8.633007076861302920e-02
-1.964209631487023877e-02
-3.329569214777394759e-03
5.546407493279020828e-02
9.690594915666590758e-02
6.832867453379826150e-03
8.829114113683280557e-03
7.107604326505385928e-02
7.124228729879854283e-02
1.128866435045841263e-02
2.272517232999106060e-02
2.871107860068191492e-03
8.877114131832883337e-02
1.493665196960661246e-03
9.528073106285725458e-02
-1.355729113425440877e-02
9.897485832987659021e-03
3.265424945789825728e-02
4.998362607554383830e-02
7.978438440290430700e-02
-1.402184164533217328e-02
2.249927702854769354e-02
5.019672598789004514e-02
8.545541930011024689e-02
6.837900550522615917e-02
8.001227501615543192e-02
6.973463881365077333e-03
8.312435134067892861e-02
9.640739451857403830e-02
-1.556605917687789963e-02
7.536924487785212623e-02
-1.726136258113109348e-02
8.417043580247303425e-02
9.756414492050001497e-02
5.765910952687879065e-02
6.091773326467808669e-02
8.454365766972192497e-02
9.569008005439977316e-02
3.011407995317355937e-02
3.388312126683128145e-02
4.863427412012708007e-02
4.068949655055661280e-03
7.025128074530119504e-02
5.640022994509394372e-02
4.706281117633730193e-02
9.842482905489224887e-02
-1.523416613085126770e-02
-1.846801586993809113e-02
6.404173331605608754e-02
6.390088517068562290e-02
3.695802455561043864e-02
-9.264324282233648775e-03
8.385578337612353828e-02
8.838367392560161906e-02
3.535248449968576845e-02
9.359792194074317839e-02
4.290456811841927842e-02
8.355476151388312178e-02
8.783042432672479027e-03
1.145479649935353048e-02
-7.238422949911060833e-03
6.820064736082830092e-02
3.325319946022912976e-03
1.812493854802692608e-02
-6.955349224268906824e-03
9.127955775104641678e-02
-7.564255240589833409e-03
9.453099992282235076e-02
5.701095637791571413e-02
7.314036448900915199e-02
1.515741464718041789e-02
-4.694561047994642855e-03
5.141260560535632074e-02
3.421673010427402073e-02
1.291405476617111733e-02
4.982716912118922981e-02
5.655326542727907857e-02
6.594751479449245668e-02
3.490665502232580264e-02
8.876329692208625999e-02
-7.504181800696847759e-03
2.758650801002102831e-03
-7.779803553912188752e-03
4.517820497789798440e-02
6.682988895195479673e-02
6.370765162547875615e-02
4.909141168711625425e-02
8.862520358797496001e-02
-7.930426145258663573e-03
2.029992049452074634e-02
4.339397202455434754e-02
7.101419262841797420e-02
2.555436278196591623e-02
1.212390082630580498e-02
9.862426322598286110e-02
1.202605680419132836e-02
6.267626625281116914e-02
7.544864650455897215e-02
4.092610716716918451e-02
4.210328512923255939e-02
5.573330156836951710e-02
2.667431786649679740e-02
8.825513961513539035e-03
8.464516921436973651e-02
3.362741098268488826e-02
6.824945528812115247e-02
-2.057842667513111456e-03
7.897667509553435439e-02
5.929108452332987333e-02
7.772310170544101393e-02
4.959089113074605093e-02
7.055687321549687641e-02
2.761171981202931516e-02
6.805240759539404882e-02
3.548190197378665173e-03
-1.796328471779855621e-02
7.227171389076723906e-02
5.751122267667135857e-03
1.927011572138517467e-02
2.472665646084333188e-02
9.554694723324012873e-02
7.287752924876915450e-02
4.127261209198698766e-02
3.821930301325375534e-02
5.786980358657282941e-02
3.119492537734219403e-02
-1.063914042255019975e-02
9.169741398678721289e-02
3.930104191383894385e-02
9.394152317600741597e-02
7.797206409514596814e-02
8.347521117843928473e-02
2.020199790303489271e-02
9.500553341033464438e-02
2.388678245161831790e-02
3.090805524990464584e-02
2.925306669504084203e-02
4.357538868439492230e-02
8.180108053752370434e-02
6.928507303087944047e-02
-1.022154506453160777e-02
9.225761260491015248e-02
8.500201160890095975e-02
6.987114563676326273e-02
2.588195499540678693e-02
5.697747511310825852e-02
9.907139069170696477e-02
3.857073057784143888e-02
2.249050427794890492e-02
6.637762836165521374e-02
5.162446865295163001e-02
-1.836625318078878230e-02
-1.060278395450354842e-02
8.112585970872157604e-02
1.828223057891339640e-02
-1.831702672362833101e-02
3.401040005393012045e-02
1.735549393781900610e-02
9.935832540415871772e-02
4.316022718196448060e-02
8.158128431199429542e-02
2.720003132801106574e-02
7.237103637265197842e-02
5.033486949816302902e-02
2.627656634555995338e-02
6.563308002031821575e-02
-1.897459271120287283e-02
-5.895744034054741303e-03
5.849611693481356067e-02
2.240292512935445138e-02
7.384155024800106992e-02
2.670845751833082413e-02
6.445188089558724631e-02
7.141455352929056144e-02
-2.271837685288574660e-04
-1.303855323563924036e-02
2.397277857041842444e-02
9.050111748455288985e-02
4.928000432795222319e-02
1.467924785439323615e-03
4.076513342973361875e-02
1.150198503435915023e-02
9.097814712128787784e-02
-5.228885558967995978e-03
8.941573979054356219e-03
9.065221784629320934e-02
3.407448227413392705e-02
9.240167683683182809e-02
6.066362461954016849e-02
1.452204655327990826e-02
-6.136583860694266868e-03
-9.725451768183325518e-04
6.916372192044875633e-02
5.132424469745877627e-02
6.586470870495685082e-02
4.626252837549675589e-02
3.087968449214717817e-02
1.515091336095087879e-02
2.087567552605945967e-02
7.851785064573575668e-02
-6.673257308397450085e-03
1.744587983046911109e-02
6.376244247587635472e-02
9.400517786676909626e-02
4.792112047535401764e-02
1.190520511365078180e-02
1.723706702904660368e-02
-1.099802720326812332e-02
7.430674964540245897e-02
8.414642301271427205e-02
1.758671661888401572e-04
6.472475229998218837e-02
1.515693230862088722e-02
8.765508156909485038e-02
4.936291191517645782e-02
4.568649391422682782e-02
1.277846375745465488e-02
3.726445283982239565e-02
-1.351278550833719810e-02
5.221911400107831502e-02
-4.332186055050639417e-03
5.681875470884749368e-02
1.343241495527667043e-02
2.543056181080567343e-02
2.005239229336824511e-02
6.794932262259342770e-02
1.390671451265524522e-03
8.734218290133301255e-02
3.082384310741964964e-02
2.771988464729339616e-02
8.621276310725517478e-02
6.931327237245424322e-02
-8.836451584966690045e-03
3.945961055680938245e-02
5.686616114782189202e-02
9.733982729299955894e-02
7.434148477588421733e-02
-1.754079037140943154e-02
8.716769838088878064e-02
9.234535561381769508e-02
5.229234567056940952e-02
4.741783820427083324e-03
7.459577244587917155e-02
9.343810061382352983e-02
4.993005481429448056e-02
3.358705222382284139e-02
4.426586656523627539e-02
-1.355952740794804517e-02
6.771152259215373892e-02
1.008517871546019129e-02
1.624573085625314120e-02
5.198350081445997362e-02
3.106084057162064246e-02
1.628721743653730250e-02
4.661805340947314247e-02
8.239286477265796160e-02
4.591129613589722824e-02
8.754533264783437296e-02
1.324718510008363395e-02
3.459688908469535362e-02
1.344346587596627687e-02
3.278162775364981685e-02
7.215775567131199608e-02
-1.226531271338001002e-02
7.032696651993954051e-02
-1.925245537717185443e-02
1.387415723921723784e-02
1.919803088185409110e-02
9.915478535205936306e-02
4.383138271071009007e-02
8.957724819820284123e-02
-2.355991695087159693e-03
9.056776037917552147e-02
-1.688188523812506059e-02
3.444031041965139872e-02
7.335354129684248936e-02
9.417491517818694924e-02
9.408290243043790357e-02
2.117769773666660846e-02
7.406353276678274977e-02
8.004981720138363427e-03
-1.611745720095652742e-02
6.254356920744501280e-02
2.657416367943887456e-02
5.551597899153927484e-02
6.505747744807016675e-02
-2.062960518145477012e-03
-6.338929365449023565e-03
3.919436476265952818e-02
4.177794757768499290e-02
2.508857242009246771e-02
7.748415700176200516e-02
8.708782484323919493e-03
5.377604818389979113e-02
7.798962059217415255e-02
3.062913926048773175e-02
1.851994046919888323e-02
7.701784807627150287e-02
3.863892446230413058e-02
9.626398111562130266e-02
7.116941181730615518e-02
8.199021751889572218e-02
-7.839989168238772205e-03
9.982359354711790866e-03
6.986723009786628691e-02
5.001946086463865404e-02
3.083769915968330097e-02
9.519361655162325575e-02
3.031274116708094005e-02
-2.020911230431424177e-03
1.052351401306018605e-02
5.211713393744840661e-02
9.646268692305060011e-02
5.444581506146252414e-02
3.745396845597133428e-02
1.923254597521876705e-02
6.620944417384749814e-02
8.683802790016374729e-02
4.111320087322324623e-02
8.659842344156473692e-02
6.949049006006578766e-02
1.856369864799305505e-02
-1.598561961196766357e-02
6.614385643807754733e-02
7.472151465056008079e-02
4.477545725449173786e-02
4.308156897970513710e-02
6.553712535092104385e-02
-9.710918468285506533e-03
2.563982992102889144e-02
4.893678509510583641e-02
6.970531143062053819e-03
4.273700787602020823e-02
-1.125492483281919677e-02
-7.046304399063103505e-03
1.691877888460463844e-02
1.978809656796213720e-02
5.337910349724143966e-02
-1.641734776129403009e-02
6.885489751954940868e-03
1.857331253525981371e-02
8.215559208547152520e-03
7.973756852313299004e-02
7.500621572743432219e-02
2.605901380206162785e-02
4.269544178219784880e-02
7.623452242113563926e-02
2.715500607668098684e-02
-1.691640772486423944e-02
1.303065266357448029e-02
2.383226353114854465e-02
8.924611022842628139e-02
-1.216949636718718183e-02
3.611069003393424515e-02
8.215356251306532576e-02
-1.916780608554081652e-02
-1.310217343011645802e-03
4.187635445534934608e-02
5.062090211728677291e-02
3.935361842944556932e-02
7.322515217744801630e-02
2.019650795750676034e-02
-1.932643416234332626e-02
6.688088877244960373e-02
1.254248203060760389e-02
6.404020574065742710e-02
4.026443569066964767e-02
3.009326445808121683e-02
6.960177052136770626e-02
5.782239138866510086e-02
-5.113989669820673961e-03
7.840077891386947051e-02
9.342128322857851108e-02
7.727313833207800908e-03
2.610723374798920929e-02
7.345609021237609060e-02
6.777332369153817038e-02
-1.921417533751256998e-02
-2.699288291157751762e-03
3.313895542010635020e-02
3.298936509211505830e-02
-1.240327222931691953e-02
1.681574935577878280e-02
-7.447385782241222260e-03
-6.580687643415607246e-03
3.502237454188707189e-02
-1.986094206517384497e-02
5.904289839222243153e-02
5.902861816929494410e-02
3.411900109193172215e-02
6.655066779225639328e-02
8.063134109465769361e-03
3.466925387533761199e-03
2.344393711167280445e-02
5.936463896285687492e-03
2.954443417881085984e-02
1.234893304933152788e-02
2.101193898999311263e-02
6.499647958153542682e-02
-5.424073145523337913e-03
6.194938107657631254e-02
-5.824010814297073471e-03
8.124485946443479878e-02
1.138160409254853137e-02
6.034250576589526849e-02
2.866059273448963787e-02
-6.114814355649964006e-03
9.208941468601912483e-03
5.384010715657316926e-02
5.188662480842151647e-02
9.135101502764547687e-02
9.549100757285221286e-02
5.463167648414031519e-02
2.221630265101253235e-02
-9.443707149703856052e-03
2.298964813794083031e-02
8.049115902606009121e-02
9.333782244895501290e-02
9.114192934871552521e-02
4.462861938239851001e-02
-1.285245128367556305e-02
1.170682502131469363e-02
5.756813233656443707e-02
5.529294444641880135e-02
2.046332848651557720e-02
7.485852448113229640e-02
8.304485567742259100e-02
8.842681773433033743e-02
2.371629180292548697e-02
3.149876253716049623e-02
-1.544001318348414004e-02
3.955029101394542945e-02
8.675936367988232312e-02
-1.035228138817924706e-02
4.826755312055688862e-02
-1.221920868827226087e-02
-1.232929251915725576e-02
4.910696883951844172e-02
7.139457445776074135e-03
7.442241992280339280e-02
2.430305928684554570e-02
1.788341463078259655e-02
3.054345383330990191e-02
2.740514071830892420e-02
5.546902965955353287e-03
2.941944864688602126e-02
5.065075885148685730e-04
2.052637829881386392e-02
6.676979241305264212e-02
9.427258525832739322e-02
8.962624474790065188e-02
4.754511380924651698e-02
3.460481316518995709e-02
3.031852816561072042e-02
4.559773534214547897e-02
6.894620260141964829e-02
6.840368736771523794e-02
4.520362077302891857e-02
3.167679728307984388e-02
-4.254387651492972516e-03
6.573756721038090389e-02
8.686159876929269719e-02
-4.814636149064018683e-03
2.508833362884291610e-02
3.952050437960498430e-02
6.232564301616061453e-02
9.270734284973292105e-02
8.371348895557435832e-02
7.643754441876149386e-02
9.942633209333701094e-02
5.730760396517493860e-02
-1.166339758910693580e-02
5.012625699577336058e-02
2.818545890555897507e-02
7.989693552484326833e-02
3.500210988772331500e-03
3.379821314152804679e-02
4.045585139255472584e-02
3.406919573222897540e-03
5.171147789808482054e-02
8.495721844869380535e-02
1.123363999140265454e-02
1.705560112033892642e-02
5.906730720998801254e-02
4.536036236802896970e-03
-1.446461019982294739e-02
4.471315567118329393e-02
9.617928218033627852e-02
7.754553267733575728e-02
7.390002008820822921e-02
4.410833432881916538e-02
5.720910923446632934e-02
4.224210326020487460e-02
8.986255293133001143e-02
2.771413282016679455e-02
-1.908225428450657790e-02
9.602099854219458414e-03
8.807462120350696699e-02
-1.163071944235449275e-02
4.282621660581198419e-02
9.665716955886227701e-02
5.897586689942906080e-02
3.774237798811612421e-02
8.299121740807616221e-02
1.869197882353665005e-02
4.871387131943669124e-02
9.043380364562027263e-02
-1.904498566400085816e-02
8.124615679113740552e-02
3.734895646785134360e-03
5.369364170248373813e-02
2.548752973887919923e-02
6.254269217352095844e-02
8.673742637177567216e-02
4.556381962566805055e-02
5.062416373667316671e-02
2.888132852621186700e-02
8.617856696816134088e-02
5.280104256794779238e-02
2.431082504010391790e-02
2.688336390180796898e-03
8.040124763161084209e-02
8.058640713912164355e-02
6.929111466070017600e-02
5.111451844061254413e-02
6.101489434900242426e-02
2.419222091087057033e-02
3.019387916312052736e-02
-1.028807424578477743e-02
4.398516891350712221e-02
1.452098172863767675e-02
1.285480742065992291e-02
6.910489047479706493e-03
5.846868862407937628e-02
-3.703902009966120179e-03
9.010700835816658205e-02
5.937414026521377342e-03
1.721585590322357792e-02
5.260917997513699096e-02
-1.740421795651071399e-02
-6.684175237945821565e-03
8.434881244762540420e-02
1.981734720486940868e-02
7.142336011870013823e-02
4.333504283666118895e-02
1.427006736843186921e-02
7.178274792150193817e-02
4.863010734856619555e-02
8.232834262554353244e-02
3.949978580724214372e-02
4.090171557372791755e-02
4.181715597727854450e-02
1.937066460399804527e-02
8.008125558116344078e-02
8.443224152893383239e-02
5.439156679224715907e-02
9.886108469407124677e-02
8.013074069613351780e-02
1.627248813639714867e-02
9.415093751718887904e-02
5.309682488185010762e-02
1.989193492604137206e-02
7.701049564383057044e-02
-3.294465721630928517e-03
5.102414026075130504e-02
3.981304332836130278e-02
1.430640684329203757e-02
7.105572991696901264e-02
-1.754850000002558530e-02
1.555251469670167544e-02
2.597406433938708945e-02
-3.251695442787850415e-03
1.069552117470928126e-02
-9.143733851093256010e-03
8.487310653736422628e-02
4.122056519656101814e-02
-1.785349275016678144e-02
9.450099916307530545e-02
7.850676182921045854e-02
3.396506202801036212e-02
4.964717593580806471e-03
1.069411371585129999e-02
7.072980515548916991e-02
2.320847632363995730e-02
2.912995235471714864e-02
1.241443125905246012e-02
8.969858159100572992e-02
9.463258791719124374e-02
2.218637855236952131e-02
3.925239114584649913e-02
-2.092452131649533142e-03
4.873118050390148892e-02
-1.725520123453225252e-02
9.667318646184122621e-02
7.672423112239894205e-02
5.412759489709821625e-02
6.253033657115611432e-02
9.938831040766407665e-02
8.006688208320771050e-02
8.674765355579248938e-02
2.905189787928650832e-02
6.174850748648619270e-02
7.748869808690635186e-02
1.384538000515031855e-02
9.335578450519720073e-02
-1.765778583631906831e-02
2.761406167540802689e-02
-7.887502537528810753e-04
4.933814044300377510e-02
5.654090752752621851e-02
2.635644669974048990e-02
7.174930185018664475e-02
1.670335998956761284e-02
3.082951161562852080e-02
-9.063980275192125291e-03
1.058412429748752104e-03
8.789320322057016244e-02
2.559946078011006779e-02
1.225789903760634778e-02
7.862802854775889638e-02
3.234398769843095656e-02
-2.487548718507887752e-03
9.538736598298155900e-02
2.237998219774700939e-02
8.797796585183849383e-03
3.572712179960448042e-03
7.580604415196402768e-02
-3.790144136173900780e-03
-7.459191086911709165e-03
-9.605179788740966784e-03
9.938157575212762385e-02
9.855428996137718944e-02
6.475805630594286266e-03
5.901623894008009574e-02
6.344694837698043599e-02
7.731451907612185703e-02
2.201695826832105254e-02
3.114368704710410510e-02
9.964159046162146538e-02
-3.014352074614919802e-03
4.384047042397466037e-03
1.478615490387847828e-02
3.195277979899149856e-02
2.136373302565566443e-02
7.370389170682831170e-02
5.889693694765218979e-02
2.295839766772945698e-02
8.638891478212618047e-02
-1.257927211953145316e-02
6.699590986723842623e-02
9.960559207911683088e-02
9.647850655370207584e-02
6.060261024663089746e-02
6.653001359746593679e-02
6.141988970000623882e-02
7.436502008405290742e-02
2.308110165480490097e-02
-1.784025635809168703e-02
4.343549138443723867e-03
4.712172972484496292e-02
4.577281353710282302e-03
3.222523752055266033e-02
7.006901126571024596e-02
8.696434676354646010e-02
-1.842007047943348963e-02
-1.778381333474048781e-02
4.123749037661911254e-02
4.966295192904922329e-02
8.996520376773793626e-02
8.944791065650820050e-02
5.846441478293876171e-02
9.075058077288356007e-02
9.508527460126753317e-02
1.028178436783085126e-02
5.093867305945359858e-02
3.628586668682251548e-02
-8.397014374218620889e-03
8.726947148578333147e-02
-9.333740958406213858e-03
4.545012270742121441e-02
7.719265520007383141e-02
9.133427692075452020e-02
5.616933802074160209e-02
2.129196165145108913e-02
7.726750935639913054e-02
-1.295251663067111328e-02
4.872649998324168896e-02
-8.192394729150160801e-03
6.710586342857416398e-02
8.742318083927180794e-02
9.663330978622503009e-02
6.259526317826646924e-02
4.367782742775369598e-02
-1.080544813128284792e-02
2.552897250869988824e-02
4.602126230360753523e-02
9.425358772383388151e-05
5.013673768499699035e-02
3.428678838309524857e-02
5.765744265426357706e-02
7.685629749564605595e-02
1.486271222347249413e-02
8.874453472337297255e-02
5.921273526850401314e-03
3.840379080454704719e-02
4.299698069860106997e-02
-2.747665436450011378e-03
2.351486354645542995e-02
5.390685358020060047e-02
-4.380098241887345895e-03
-1.257625868681793227e-02
8.608710332787511410e-02
2.256700542528163392e-02
3.860757074858182925e-02
7.280618920263380589e-02
7.035516369861694042e-02
1.078451248266019610e-02
1.758539198017110630e-02
8.408476023619107509e-02
-6.284744967103742669e-03
7.950865453572689145e-02
-3.121564956125668505e-03
5.214307518980083878e-02
-1.345637257320628742e-02
-4.703687116680149716e-04
2.647413194047661469e-02
4.189910709431500513e-02
2.585523070600443188e-02
1.790397041734722791e-02
8.151845905351443045e-02
5.322382677656371797e-02
3.831499467780603851e-02
5.528355527314876561e-02
5.157724833398227848e-02
-1.863019871985589423e-02
6.974499431855039899e-02
4.108464224177209301e-02
6.865479527815319949e-02
2.621462068591557532e-03
1.889129383960089573e-02
-1.341383732197519441e-03
-4.705194425372200354e-03
5.177144807306616192e-02
1.282514641009241049e-02
-1.704575090698621717e-02
8.259861174803245776e-02
3.049440248205565265e-02
8.302561674506342415e-02
7.776223839069976163e-02
9.028281547331332146e-02
5.555933775787660900e-02
5.114398956318023937e-02
9.855146637393015496e-02
4.180396010894371628e-04
1.701294128777113349e-02
-1.175536108889631282e-02
2.200862079552470471e-02
2.947886980657467640e-02
1.910582041218296737e-02
1.425630660771543337e-02
7.171111797476076299e-02
7.407687850206085001e-02
5.450645175596116609e-02
3.419786196249634258e-02
4.491330181075750549e-02
3.434246472221283430e-02
1.122287318613418572e-02
7.567345387160251402e-02
7.069565914767490800e-02
5.967153260598417885e-02
7.676687724616625130e-02
6.914366751692678503e-03
8.366477065255978340e-02
-2.295822848328233495e-03
3.242869690860125664e-02
7.732861457570423813e-02
2.825351197083912289e-02
7.131146228525760133e-02
-1.516409010368051716e-02
4.189818406438278187e-02
4.196174632406983462e-02
3.414931950430191709e-02
1.323666159110644877e-02
5.763740990995944169e-02
1.442871098342506445e-02
-1.169086450604418792e-02
2.512604165024653544e-02
3.053597449226850766e-02
3.270066171741042860e-02
5.456181390133627018e-02
2.902624641474395653e-02
-7.154534038055992973e-03
9.137414262940785070e-02
-1.158908552903649414e-02
-5.924720859992476177e-03
7.212725963065888535e-02
1.971953400176567478e-03
2.644717742431235835e-03
5.236741513563968053e-02
6.966743903918276581e-02
-9.891331389762112944e-03
1.094500240028066507e-02
9.472934907269126015e-02
2.731085737856901730e-03
8.652915264745507373e-02
1.417496387523530313e-02
4.148328438390599948e-02
3.701794975835279167e-02
2.375409987916930754e-03
6.625730138096262711e-02
1.567735783367473976e-02
1.757159078725654619e-02
6.273597421942894714e-02
4.817903217354263523e-02
2.831239029194757006e-03
8.013048924475489609e-02
7.878517424657047186e-02
7.288664205517707273e-02
6.886886484922430385e-02
9.214046921707474969e-02
3.801132969973511355e-02
8.908045557178041751e-02
9.289172836689128798e-02
8.040560869674343025e-02
1.283046216437022310e-02
9.838969818385871757e-02
4.253461760392428237e-02
2.058364254456474321e-02
-5.630476755062637992e-03
1.031534383266813695e-02
8.074687260096898023e-02
9.186738228814113338e-02
-9.688235898706903937e-03
8.281166622316459003e-02
7.778842545667070951e-02
5.866180554700971272e-02
1.823831524854324301e-02
3.602167984262419353e-02
1.796836784647539223e-02
2.850120687351839419e-02
8.034042886798233030e-02
4.754585940151137557e-02
-3.773842842849255141e-03
5.372321468368314312e-02
5.675695228216688648e-02
6.599506927671103251e-02
1.026809892593422840e-02
-1.271758653857979482e-04
5.536304136323154379e-02
5.030141445851746274e-02
3.782429020581887236e-02
1.730190644741858366e-02
2.882391209048565037e-02
7.182897179302456803e-02
2.647460788315552163e-02
8.430426646180998879e-03
4.190819414706024870e-02
8.446492890508143503e-02
4.874219569917491446e-02
1.270273264011554867e-02
5.312030832244542256e-02
9.895969695593760662e-02
3.867460623384015583e-02
9.482398052600188310e-02
7.597973544258151968e-02
-1.890302602579430752e-03
8.073232265446786404e-02
8.476017713361221062e-02
4.611342026684284168e-02
1.562283978287727290e-02
5.096192878452861230e-02
1.249324718972119955e-02
5.303803850507969597e-02
9.435199473467532905e-02
4.728894992416948773e-02
2.018523387382090487e-02
-1.241378320447879442e-02
-1.494038137998115329e-02
1.409309558940726945e-02
5.753479956431717390e-02
9.405479790139253948e-02
8.038856141147991685e-02
7.787397738232058886e-02
6.691396875423889778e-02
-7.054992166256152455e-03
8.105444544714016791e-03
7.102209536719901461e-02
-1.080440325011762515e-03
5.349554596265407302e-02
-1.261731382707662573e-02
1.615918288040133974e-02
6.858179083402488052e-02
7.098173255206559340e-02
4.423780920644579395e-02
2.175317131944045149e-02
3.777568361569709487e-02
9.219755785332182929e-02
1.728322740559490658e-02
6.046754684597424601e-02
8.816041351951976746e-02
-5.827702580208619573e-03
8.279679407585717466e-02
9.195647371502618794e-02
6.077958601098647218e-02
8.319496299011477913e-02
3.714363227243935861e-02
9.758047917333566301e-02
8.576003398650755560e-02
7.474152675714603594e-03
-7.888512115368553554e-03
1.199781633599049033e-02
1.000042625067521299e-02
-4.943302750429805215e-03
2.660526118230505457e-02
5.701039971704595366e-02
4.163333597179884327e-02
6.741458823721864502e-02
-1.297387950398307642e-02
3.403374011155296808e-02
3.725968634421676640e-02
9.560441429121042944e-02
1.038382061644798834e-02
6.442453066169073761e-02
7.521385862236833197e-02
5.068569341419867924e-02
1.625475864593931355e-02
3.460233972511454759e-02
7.035644289496365000e-02
-1.722904432057843771e-02
8.057041241044350655e-02
7.011362946195158485e-02
6.176508645408573805e-02
8.267821352302980042e-02
7.839039346004825215e-02
4.970769273418430140e-03
9.189284806024290708e-02
9.276759761031942719e-02
3.618433567691091424e-02
5.209847304864180517e-02
4.240513309389085106e-02
4.850070529883934722e-02
7.081107925765733890e-02
8.999027091003206080e-02
1.529689077629495589e-02
6.113747532788328665e-02
5.436182466492212040e-02
4.737864951585844808e-02
9.761015811579079604e-03
1.358958256595867511e-02
2.975242228344703380e-02
-1.313668460410736052e-02
-3.024618933665883941e-03
2.804414265962021022e-02
7.700214364391383404e-02
6.137835743556554341e-03
6.920583299959758017e-02
6.036992196093851626e-02
-5.070280792917188431e-03
-1.203802944298691668e-04
4.362454527357811918e-02
9.508240370602032143e-02
3.316318415479523052e-02
2.342040291338310168e-02
4.664780255198049119e-02
4.688473050652716689e-03
6.764701195910685638e-02
5.459670053403782586e-02
1.270973466623553927e-03
8.961637238864052224e-02
3.352367459388110038e-02
8.001616601461333800e-02
5.334895593878334619e-02
9.836556172594105446e-03
3.224581290858664906e-02
8.469746447157273928e-02
7.001596486206887460e-02
7.301418407569598701e-02
8.690829153072253399e-02
9.810445229469043349e-02
7.360147473040287713e-02
2.483813211350642189e-02
-1.993901501418033836e-02
