1.076780659022023023e+00
1.097780519624605100e+00
1.070835960800109010e+00
1.010921240577300928e+00
1.018833064944732136e+00
1.015706154996350197e+00
1.064290045849545452e+00
1.098218832410062795e+00
1.090847462371254739e+00
1.040115113373511146e+00
1.032009834145635629e+00
1.014776115283811952e+00
1.030690300809987470e+00
1.006887884876531025e+00
1.020928606683559448e+00
1.024998656831417110e+00
1.089549482708037864e+00
1.054867460508254196e+00
1.094446044607389812e+00
1.088794629813002457e+00
1.084097040636196052e+00
1.064708239498486364e+00
1.054961573500989402e+00
1.072005401976073857e+00
1.064114701388329864e+00
1.093731385698206049e+00
1.087277147902110386e+00
1.047406167419610235e+00
1.028335899500486983e+00
1.029948663778146534e+00
1.072011254559878113e+00
1.064727338811710000e+00
1.063235524599118520e+00
1.094235224935923734e+00
1.099399820433420549e+00
1.096925152165375339e+00
1.002119717658525255e+00
1.079139833030446916e+00
1.032854638806503189e+00
1.013840011088348536e+00
1.049211045659429242e+00
1.026944452579976685e+00
1.006793444682791971e+00
1.052956450896878060e+00
1.028628750205596409e+00
1.080953194903636172e+00
1.084817874966840678e+00
1.042852316331269735e+00
1.025636299993913481e+00
1.023379591629266505e+00
1.078008413763118734e+00
1.053765472229593714e+00
1.075742362510521355e+00
1.041982269434660768e+00
1.062936968773603219e+00
1.057092575524065436e+00
1.025795032728229472e+00
1.039066703926711854e+00
1.024594880415616194e+00
1.098225952427878127e+00
1.012419291908828400e+00
1.022527636182019695e+00
1.076760084888904734e+00
1.015974272324423833e+00
1.015826391360846737e+00
1.021380084691122292e+00
1.043729039709463846e+00
1.064583180749517632e+00
1.098965976508055498e+00
1.033372434102505011e+00
1.074511877589394482e+00
1.033354993165215729e+00
1.093351288488204398e+00
1.008017748836927963e+00
1.039375708178046587e+00
1.073030052195202089e+00
1.009067381808585795e+00
1.007256062946810138e+00
1.036268044511751807e+00
1.023680883712751122e+00
1.019630276902228072e+00
1.040380837498952493e+00
1.055204323354865803e+00
1.044848322930182816e+00
1.020873049483048467e+00
1.066518442447344395e+00
1.008251983804122842e+00
1.054422785409978136e+00
1.044416712474244502e+00
1.060776103062307962e+00
1.033129466465960711e+00
1.096450272323827413e+00
1.065698138780229565e+00
1.008926848191086689e+00
1.009461580264653824e+00
1.093002202967611414e+00
1.008916130559844193e+00
1.068683613132266341e+00
1.046105268760354923e+00
1.037123660835396421e+00
1.084854011041658239e+00
1.023123943132312919e+00
1.014192231902154129e+00
1.093083075430897999e+00
1.025917620065575964e+00
1.073351219941939716e+00
1.014075254524163805e+00
1.072400366965690077e+00
1.069657394800405115e+00
1.093790883606551745e+00
1.023990935574727645e+00
1.091114228170896983e+00
1.090051904486143419e+00
1.001686542585793038e+00
1.071133583193955685e+00
1.016201921383263373e+00
1.088343187923367816e+00
1.008874896507817365e+00
1.067042547467866864e+00
1.030449009860395115e+00
1.002481346866058054e+00
1.074931732744525137e+00
1.059427094435726469e+00
1.029097684745273522e+00
1.095197833305237456e+00
1.043579764140393440e+00
1.060980767003193881e+00
1.015764806868931336e+00
1.068915582407529152e+00
1.062566595516727164e+00
1.078747643444203819e+00
1.010869500394314446e+00
1.098299363140252005e+00
1.026310228916769818e+00
1.077763297315697422e+00
1.046643320957223233e+00
1.047410617353336404e+00
1.064995670845985121e+00
1.004815383427626552e+00
1.004863178055813266e+00
1.099237947124093839e+00
1.041992487180983806e+00
1.058455479472731664e+00
1.074552609906188616e+00
1.015417896441248136e+00
1.093747584721561417e+00
1.040626694797322838e+00
1.071580597792074041e+00
1.001031823491291828e+00
1.094868521656163551e+00
1.049292547670841236e+00
1.059702646995596131e+00
1.099459900084395647e+00
1.015229038023892638e+00
1.019714098255255941e+00
1.050100458183634400e+00
1.068954613380504792e+00
1.078163817421367909e+00
1.070496293582251734e+00
1.044591632376526524e+00
1.028814829391453411e+00
1.087673448075529015e+00
1.036325775226199841e+00
1.079100725806286132e+00
1.085827831635099106e+00
1.015280565567816984e+00
1.024542613081271814e+00
1.036390401147097018e+00
1.040071074461565770e+00
1.041089152418349650e+00
1.034135407827672326e+00
1.086341208289084426e+00
1.012719145221190331e+00
1.061394949943889054e+00
1.057699670949710402e+00
1.020909536888628288e+00
1.084602680589720425e+00
1.055738346223732638e+00
1.072802290826597504e+00
1.029767352904834565e+00
1.070127606927832487e+00
1.048109929513030947e+00
1.097660466292068593e+00
1.025132344393850925e+00
1.072251197103185616e+00
1.001829834790442408e+00
1.086144140701245320e+00
1.039393418948134196e+00
1.018019583673162032e+00
1.026956754739168920e+00
1.026280508796746149e+00
1.013139025997600307e+00
1.025801788601977238e+00
1.059192134206045965e+00
1.034359900491063078e+00
1.056158562413518354e+00
1.006731626907287680e+00
1.039266968603128838e+00
1.019888410410481949e+00
1.084800700170966525e+00
1.082152771183740425e+00
1.099064820815455201e+00
1.070613838777748850e+00
1.054058653335503193e+00
1.012610655866195142e+00
1.051867936268095161e+00
1.021380357537321482e+00
1.093792728237028333e+00
1.042792230810624332e+00
1.014233102807313935e+00
1.088526521419030280e+00
1.063493916799144845e+00
1.088926043272299138e+00
1.093739057577393758e+00
1.052295869952838192e+00
1.071127109954061352e+00
1.059742307049847732e+00
1.057209077960329591e+00
1.086303204793843014e+00
1.018196116832770892e+00
1.051495732166574104e+00
1.058814174501840011e+00
1.072757536528592404e+00
1.031400369480364176e+00
1.086471739540365800e+00
1.051030392881761921e+00
1.071111002205530127e+00
1.040561334806158644e+00
1.052420866188801041e+00
1.058868103551503959e+00
1.032645311008145050e+00
1.037714839143489609e+00
1.066002836776140938e+00
1.076167713085045330e+00
1.074333562344218507e+00
1.031758479679043106e+00
1.049222113980592397e+00
1.064407984243328942e+00
1.052407441447716252e+00
1.081455503658817152e+00
1.031201262058119683e+00
1.066840769821030932e+00
1.033773272236085283e+00
1.063573239702358508e+00
1.070138416632804290e+00
1.050924624161237109e+00
1.038905809773773337e+00
1.061584341012280053e+00
1.056029203381452231e+00
1.024592749428156369e+00
1.088133340090037926e+00
1.005866988271576501e+00
1.014309158854402426e+00
1.091946925251718437e+00
1.047078543511288151e+00
1.043326362299639598e+00
1.033165452247696514e+00
1.004837744490883145e+00
1.015044959974639616e+00
1.068915716991399645e+00
1.047322914791284365e+00
1.026795877483696495e+00
1.095816444886086760e+00
1.023165674399884706e+00
1.081760856649475855e+00
1.048280469808047011e+00
1.097762208754175850e+00
1.048224704387680228e+00
1.040479556210163414e+00
1.094733624115034942e+00
1.037591566757968042e+00
1.000017518562106078e+00
1.021177080704687601e+00
1.036751982571659569e+00
1.011679450308740957e+00
1.028284989749439049e+00
1.081553809479444350e+00
1.023734416919200418e+00
1.059742303739802383e+00
1.028138344530908466e+00
1.028530945221027171e+00
1.048169096228236619e+00
1.005367495161881175e+00
1.031636506018003718e+00
1.012610312791691891e+00
1.088832608648437672e+00
1.058570566224120935e+00
1.002288439548309595e+00
1.038497637506855753e+00
1.076146887480289749e+00
1.055067504302713122e+00
1.090196198904179292e+00
1.080789789716599891e+00
1.074813924103761975e+00
1.074835211601043339e+00
1.096274260877924567e+00
1.025697046865754025e+00
1.094521798650244904e+00
1.001484592210302838e+00
1.091462494246052461e+00
1.068335583299495184e+00
1.078120246430847473e+00
1.043069269559062207e+00
1.091276103749054815e+00
1.058270745887720743e+00
1.031754324271657142e+00
1.083323114521074881e+00
1.025933490418867500e+00
1.057804965726675706e+00
1.074386666821366854e+00
1.019091546724933295e+00
1.021853803099001201e+00
1.019603758236647728e+00
1.037016188723605126e+00
1.009420964433576762e+00
1.028109452843295246e+00
1.097865842171709350e+00
1.034187418667498415e+00
1.081162171832182661e+00
1.098493892334750921e+00
1.096238983235572784e+00
1.097110382192044487e+00
1.021085371540031872e+00
1.026372437386484426e+00
1.026477397086366317e+00
1.088440573741267681e+00
1.017596369651746491e+00
1.010093239598444104e+00
1.065200075992626116e+00
1.020479641025685114e+00
1.053206189794587688e+00
1.006178411452969934e+00
1.050889438535042464e+00
1.043954732207444502e+00
1.097988671587660559e+00
1.065304292528586716e+00
1.021768934065351520e+00
1.010289609804088773e+00
1.098299200633787276e+00
1.041522810961886814e+00
1.026469901071998647e+00
1.094421547909411929e+00
1.053746937943956130e+00
1.049724114869839742e+00
1.010004111838972429e+00
1.006404428265459838e+00
1.092419058539506604e+00
1.007087597057610973e+00
1.098384755683247116e+00
1.098201113179891886e+00
1.019335607354372009e+00
1.057055747483250929e+00
1.049676301004186296e+00
1.066096187232723258e+00
1.058640807608135059e+00
1.077493555873045183e+00
1.045274253828409217e+00
1.077056964180699516e+00
1.071099343448010943e+00
1.081971681417843723e+00
1.037869911339871720e+00
1.050194567913082633e+00
1.077040732182952931e+00
1.037648265870654063e+00
1.006692916932500070e+00
1.072581136051212525e+00
1.069121680887363812e+00
1.095737080479680658e+00
1.004582573473500329e+00
1.073326177957934391e+00
1.012099595480526082e+00
1.004053458079621652e+00
1.005190124858364342e+00
1.035299563452077409e+00
1.001690785111276405e+00
1.083843019978974143e+00
1.060042927614704311e+00
1.062189800443648968e+00
1.082858467377233902e+00
1.053004839025717843e+00
1.011538914868683969e+00
1.000979408443822383e+00
1.005931046192013234e+00
1.065238066678382056e+00
1.053946781198194627e+00
1.051154585242127348e+00
1.015053404212143739e+00
1.053785820272746809e+00
1.013904923146947246e+00
1.035673354012021763e+00
1.060373898704659590e+00
1.014392191064433568e+00
1.006727658013208959e+00
1.090426541776038372e+00
1.041002549549707279e+00
1.078879696751081863e+00
1.020420104145735696e+00
1.025061270114733025e+00
1.039965788040276617e+00
1.001092721334725821e+00
1.070844629728311626e+00
1.034814807053211494e+00
1.042658213196319128e+00
1.004578559171111163e+00
1.092695201528411708e+00
1.057981005089326798e+00
1.020604722296657219e+00
1.046680086442507873e+00
1.060901841052569239e+00
1.007936991112838854e+00
1.044645511594692655e+00
1.068960455879560234e+00
1.052625637447772711e+00
1.099580385984370912e+00
1.076974259367055708e+00
1.090244673542736242e+00
1.040718760362105977e+00
1.003906818082255459e+00
1.052688160877810697e+00
1.091288491339460931e+00
1.011558525625469329e+00
1.065521174396084625e+00
1.059550774086001290e+00
1.069325999770143198e+00
1.012628176596390706e+00
1.066196144905917409e+00
1.080499428159946484e+00
1.069173859144395777e+00
1.015552034775426105e+00
1.051495150366539955e+00
1.028325245930100662e+00
1.059684008907517461e+00
1.063728645086235325e+00
1.033607962919351753e+00
1.064196060842542924e+00
1.069374978755478711e+00
1.049945739628156627e+00
1.011581722596433197e+00
1.078724017615943165e+00
1.090551185487452557e+00
1.001148511330625990e+00
1.071300702935589433e+00
1.086251545432079579e+00
1.061725752392097544e+00
1.030806727471848205e+00
1.095415408148439740e+00
1.039370034618780414e+00
1.006824276084430814e+00
1.042861316814631456e+00
1.048077678294494275e+00
1.052761892145963607e+00
1.040898991065052348e+00
1.038530708863973695e+00
1.060940435385549163e+00
1.062772047042701562e+00
1.049541999283902127e+00
1.035650646070830350e+00
1.028812961918016633e+00
1.081501257086297185e+00
1.009541967608382107e+00
1.080998048172835402e+00
1.088346108792651812e+00
1.054994726669659322e+00
1.031884815544839018e+00
1.025887227033048354e+00
1.019062340120967525e+00
1.083912371393491059e+00
1.001012055163506220e+00
1.058471015091329237e+00
1.076755824220957170e+00
1.047521834181791345e+00
1.002024892122372890e+00
1.050834368195381785e+00
1.071327648780193487e+00
1.045654278075475618e+00
1.092969463305466293e+00
1.060606460788404704e+00
1.097969085713642823e+00
1.053894605802347728e+00
1.041344530673139257e+00
1.025153983011639625e+00
1.027666291384553565e+00
1.033389827292765739e+00
1.097572094008701038e+00
1.036379694471176283e+00
1.026247750119107405e+00
1.085501677531511611e+00
1.040972709191176016e+00
1.017174374474464793e+00
1.058784236913846932e+00
1.075045071670942098e+00
1.023307862661994694e+00
1.089319353794144574e+00
1.034711177653800052e+00
1.063726228502238857e+00
1.036674727236470028e+00
1.093165735245920756e+00
1.074864466120861284e+00
1.023566503040857834e+00
1.030293448177615590e+00
1.032287601959358758e+00
1.009178530392482509e+00
1.037698961954042653e+00
1.003233621484303617e+00
1.069491786743748118e+00
1.058400890432100283e+00
1.048964279020358825e+00
1.046274314517129600e+00
1.061749919580276647e+00
1.069355741062361309e+00
1.001309439089305364e+00
1.016350856772183509e+00
1.067518480881482823e+00
1.057154714518257377e+00
1.033853932420113031e+00
1.078316502680137789e+00
1.038688861066368263e+00
1.054285977738548485e+00
1.046345313039893199e+00
1.095963241259230170e+00
1.034790261240700948e+00
1.042348390665855717e+00
1.045484284139941433e+00
1.058460232722535199e+00
1.012611016854180201e+00
1.024342398410031496e+00
1.006410943780378986e+00
1.047599090160317825e+00
1.059251513179561677e+00
1.097856976768200710e+00
1.066952617960012617e+00
1.077464998171191013e+00
1.003434389717006603e+00
1.070319627750151437e+00
1.034135079648139444e+00
1.030226300162601749e+00
1.087085099610301642e+00
1.096058687682342381e+00
1.018893395528028156e+00
1.051929822598939079e+00
1.029674457225013162e+00
1.009401135874861577e+00
1.091753910011669770e+00
1.051630491793284383e+00
1.083488024643069370e+00
1.032846972963270993e+00
1.065853787979804457e+00
1.029518047481325471e+00
1.091278090830918979e+00
1.077698234273607891e+00
1.071262074608067882e+00
1.051186429225633212e+00
1.019501653879765435e+00
1.035879659367472394e+00
1.067251527409866396e+00
1.047235599895059766e+00
1.062760077756429666e+00
1.020632270177219469e+00
1.001534039504152762e+00
1.018283432063633809e+00
1.011201087176909930e+00
1.010663572721400616e+00
1.099169157483477210e+00
1.037898601377647223e+00
1.011701015558210903e+00
1.069083260655408374e+00
1.048145441116694387e+00
1.024770482721075515e+00
1.007202600720604080e+00
1.022411605552382197e+00
1.047863058453783802e+00
1.011376289778784354e+00
1.009670802763486197e+00
1.068549930177723040e+00
1.025635788950782779e+00
1.011237094056437469e+00
1.058515290619021387e+00
1.021259812982235671e+00
1.013393979974398063e+00
1.005972706733586186e+00
1.006886398227460733e+00
1.063811401772314147e+00
1.048430467400608412e+00
1.004651618396949830e+00
1.090755461899537426e+00
1.056202457220884350e+00
1.066358046112072300e+00
1.062368207701712031e+00
1.025148707106010137e+00
1.036347649186599496e+00
1.087977788187228123e+00
1.006649403324054726e+00
1.080250891699099158e+00
1.030265954257895800e+00
1.015984941424810106e+00
1.053225313187759804e+00
1.043220050786268338e+00
1.037214875017329563e+00
1.025280010786762563e+00
1.020022686432967118e+00
1.091638712607365891e+00
1.001080504935990545e+00
1.075682224297083156e+00
1.005896841636325645e+00
1.066824354157566157e+00
1.056857527909065730e+00
1.068800286230942698e+00
1.047862017595406092e+00
1.022238115101801403e+00
1.053797638904199641e+00
1.041173259521549266e+00
1.022496384142983050e+00
1.056966352572601187e+00
1.061429429171690808e+00
1.037674547584506390e+00
1.003622840332295318e+00
1.087660794359399219e+00
1.091757777354710690e+00
1.041921032154959459e+00
1.049169093597980496e+00
1.097559432877671437e+00
1.053410164658322934e+00
1.070205460315380552e+00
1.074989327284808560e+00
1.045740096102302674e+00
1.042113711443090063e+00
1.034283267899080316e+00
1.026087590619778611e+00
1.005021653134770210e+00
1.064680181354575206e+00
1.037308007958297251e+00
1.090057108118972051e+00
1.003056531954729769e+00
1.039496953005550672e+00
1.045310573604936399e+00
1.026158950728035535e+00
1.081394033542068422e+00
1.054120223138404366e+00
1.066462660998976242e+00
1.019779589485398263e+00
1.007755029862076990e+00
1.003390768377710351e+00
1.056637069398469464e+00
1.085097117423721391e+00
1.070235383699885467e+00
1.029338756807958610e+00
1.066650409264730204e+00
1.086635279253108655e+00
1.074503029059648229e+00
1.019834378178711143e+00
1.033175458997989793e+00
1.095256798708211798e+00
1.089116466347721301e+00
1.080146484227464176e+00
1.014327293997769219e+00
1.049251049139017233e+00
1.099022550652817731e+00
1.038588111672568148e+00
1.069680651831079521e+00
1.022313402531251691e+00
1.092567790925053295e+00
1.068178162398149222e+00
1.043014488989794986e+00
1.029266016804980532e+00
1.017245306249665138e+00
1.019959933469605229e+00
1.099153383221801894e+00
1.094560367857379646e+00
1.098414567116621221e+00
1.007842190948336825e+00
1.020327381547009749e+00
1.087379629457339902e+00
1.049365654162129680e+00
1.032920660832978621e+00
1.002680936770056652e+00
1.066241571527259291e+00
1.069965575445380512e+00
1.028080655015389144e+00
1.079781700016575474e+00
1.087060287486132815e+00
1.031466164705754363e+00
1.088297969335982218e+00
1.038458297558352506e+00
1.080333665515827324e+00
1.011180412344838908e+00
1.056787369973841040e+00
1.099251831118126965e+00
1.035131797606741566e+00
1.077664118963284512e+00
1.025658013399528778e+00
1.002321757637505417e+00
1.087586301466633598e+00
1.036375163417800227e+00
1.029519562413648170e+00
1.093372379085130186e+00
1.040689974206169488e+00
1.060752208793832141e+00
1.041882596591309440e+00
1.093561996961113225e+00
1.072401194417080816e+00
1.059438075194799600e+00
1.090172409978939827e+00
1.098565714157468287e+00
1.012494745529318063e+00
1.001722097675251888e+00
1.019539643450929844e+00
1.005924875374046179e+00
1.052668006980910453e+00
1.068806408927968299e+00
1.056057568239102240e+00
1.030288489290580589e+00
1.026857374769334141e+00
1.089442973734701559e+00
1.015888177434518980e+00
1.028546436521428076e+00
1.036436893454506514e+00
1.001494102798451635e+00
1.054756094188948001e+00
1.007971382406792182e+00
1.025852146486592398e+00
1.095836921403140041e+00
1.037011897284446871e+00
1.047656851698050007e+00
1.026120548123612863e+00
1.080462067458713982e+00
1.062922113386113088e+00
1.064213603038387523e+00
1.005756862098176496e+00
1.010191193692767220e+00
1.000573256547604650e+00
1.030544582464365311e+00
1.046758530255677000e+00
1.006966845803016319e+00
1.058386422778861302e+00
1.072585807410069370e+00
1.046929256252306484e+00
1.065196923411733110e+00
1.025986428770689463e+00
1.027954696189535388e+00
1.036292645573319016e+00
1.016621022107765393e+00
1.056670345800844180e+00
1.093687228065471917e+00
1.077594898545563229e+00
1.045350891898387591e+00
1.028173176699661129e+00
1.030982986642350552e+00
1.005818624098176572e+00
1.070026108271247445e+00
1.042876509034225574e+00
1.059923701072933655e+00
1.079171166860904973e+00
1.091943530573545651e+00
1.045429514672504778e+00
1.068013250936987735e+00
1.070595980110873979e+00
1.010644659313159055e+00
1.054363861687997117e+00
1.002518898236543610e+00
1.010538942926767936e+00
1.047379254023772299e+00
1.081646351994685062e+00
1.003191921477794679e+00
1.035801794655066388e+00
1.053810154846596570e+00
1.068371977518963956e+00
1.015596770859015008e+00
1.090883308858076717e+00
1.058835228493644198e+00
1.079686462266493008e+00
1.079411062081036654e+00
1.051502435827654791e+00
1.017910495963128881e+00
1.072423156733700811e+00
1.089032742565970713e+00
1.010972854801982290e+00
1.041658488448046871e+00
1.073020795000713123e+00
1.087766240979687771e+00
1.083786588792722272e+00
1.081796172751879004e+00
1.008159785935937913e+00
1.023859991259764124e+00
1.093149159083805166e+00
1.004328110922988238e+00
1.003001186091717845e+00
1.022076763628265272e+00
1.084571904127639153e+00
1.047599716118057245e+00
1.000122197365833188e+00
1.053701255699585282e+00
1.091272272085891393e+00
1.078985032008807465e+00
1.013019770179923063e+00
1.063666619735701646e+00
1.089553237853137180e+00
1.005652412933785600e+00
1.075194815739125564e+00
1.043840175956081806e+00
1.046993269594410636e+00
1.099691901832804630e+00
1.000680330088713488e+00
1.017890991978769977e+00
1.069466372509636054e+00
1.059362604955410347e+00
1.083385666067014697e+00
1.060121604867084288e+00
1.060401225605906550e+00
1.065880502879975600e+00
1.037039088394102526e+00
1.037711423466415761e+00
1.025767224265498712e+00
1.022092356590003748e+00
1.062179143525081138e+00
1.048037642009471027e+00
1.075072936066574059e+00
1.079010346346039650e+00
1.063265765507065197e+00
1.063295703535940939e+00
1.063925612135165677e+00
1.055916549035158303e+00
1.069923079130232546e+00
1.074626666204576475e+00
1.021381781935023270e+00
1.056889053138192924e+00
1.047977916777392826e+00
1.045606150334238871e+00
1.041071830453574876e+00
1.016402451533345186e+00
1.035537065610272478e+00
1.038515178859742205e+00
1.064009891198380187e+00
1.058590397229673741e+00
1.063558990205356825e+00
1.055213867018655494e+00
1.015813158899157687e+00
1.039291443605583343e+00
1.000612211818935560e+00
1.007652754901275483e+00
1.060226536297194988e+00
1.084932816684069934e+00
1.010841399887481451e+00
1.019291816904267289e+00
1.091247483586833766e+00
1.007893091026118793e+00
1.058285065179031648e+00
1.028257784043338674e+00
1.010107782993396208e+00
1.039748020288836283e+00
1.047003162434862800e+00
1.046850895240464041e+00
1.064890130022619452e+00
1.052909012866517502e+00
1.048856617111668887e+00
1.025719411408329007e+00
1.067206153953597969e+00
1.086972886875250843e+00
1.087234682009079023e+00
1.092315815029465398e+00
1.089309428959964077e+00
1.007667892036522295e+00
1.090475833171590248e+00
1.019272540339364763e+00
1.080375916660013980e+00
1.048414847682180850e+00
1.082886935812197082e+00
1.075874597474565597e+00
1.070564042524001280e+00
1.001750704981822837e+00
1.017032739445867806e+00
1.005219167157684668e+00
1.075413819433698182e+00
1.041567985287884301e+00
1.017947643128148227e+00
1.026259280464061341e+00
1.038607125871801262e+00
1.032118837916580878e+00
1.090644284649355145e+00
1.040485174236441157e+00
1.099794161867667430e+00
1.049529244037646691e+00
1.010714195545715732e+00
1.009394136456718938e+00
1.032938263681902891e+00
1.061801264743031048e+00
1.005775851747862326e+00
1.057497457336753266e+00
1.085980277091874946e+00
1.078084177596167592e+00
1.098980795943391930e+00
1.058559819511824429e+00
1.087761680314254464e+00
1.018650538622183577e+00
1.001497366468192096e+00
1.011487195451336474e+00
1.019265248838449489e+00
1.095596667808111047e+00
1.070130050571621139e+00
1.003393566476206811e+00
1.061975030631830963e+00
1.051004711001763958e+00
1.022956573782368261e+00
1.088342955934193723e+00
1.012369550568236631e+00
1.043527425754869897e+00
1.000997454051635094e+00
1.002638818294428580e+00
1.097665957528740854e+00
1.017200574892776155e+00
1.036283408418268159e+00
1.007608255746005765e+00
1.020404136787500304e+00
1.097056585481649194e+00
1.028355833604185587e+00
1.026771637069847865e+00
1.069467830980263656e+00
1.074903919001653163e+00
1.080612154723139984e+00
1.098763680018338240e+00
1.083568723415697432e+00
1.040320656976906566e+00
1.050474446247949611e+00
1.055591273758082815e+00
1.070180615112461098e+00
1.046687424105990694e+00
1.016600849833590114e+00
1.007261388084318865e+00
1.076942485267391669e+00
1.054933981750307836e+00
1.040657603080074045e+00
1.002839499264549739e+00
1.043093927339792337e+00
1.006737667604864939e+00
1.029770716731617908e+00
1.095513550476919562e+00
1.080389455560827772e+00
1.020980741226445554e+00
1.079497093920893214e+00
1.024407274558186920e+00
1.000561090134431508e+00
1.048020905630170141e+00
1.032325978818047663e+00
1.044652087757634185e+00
1.007431759232466861e+00
1.092575335009166704e+00
1.077434094774056605e+00
1.097110064542987429e+00
1.081208796792895388e+00
1.076034489961413376e+00
1.063627074331027877e+00
1.013426116416048073e+00
1.007517744391515313e+00
1.023922580463952015e+00
1.043857478484929047e+00
1.047779193369739126e+00
1.087399125436771863e+00
1.004970394733398109e+00
1.097370824045678761e+00
1.067375896972716065e+00
1.074168320387863584e+00
1.094312248558261036e+00
1.091771094430451283e+00
1.000254841695206176e+00
1.060977027750025670e+00
1.088854363510648016e+00
1.049677286920731145e+00
1.007231125881295375e+00
1.070885436579202432e+00
1.033043466877987315e+00
1.021282652586079420e+00
1.056268955448991020e+00
1.045764015363157551e+00
1.047764280107864376e+00
1.030588510437154381e+00
1.098490740015483302e+00
1.089838706025136661e+00
1.068253006065912336e+00
1.052029308996230261e+00
1.012377828052685169e+00
1.002550130562743114e+00
1.057526477002662224e+00
1.043363156925513069e+00
1.058105452039173056e+00
1.095580581986294488e+00
1.038131594998548124e+00
1.087969826897314141e+00
1.047567838773200810e+00
1.032793000002978800e+00
1.080922534287375392e+00
1.046310301999871628e+00
1.074217493876187035e+00
1.018922423901304386e+00
1.068336924481971373e+00
1.034855760441110606e+00
1.024563184805769467e+00
1.034363781833712581e+00
1.056455129157302997e+00
1.051202083257402720e+00
1.041282018021265632e+00
1.016649220610132742e+00
