2.160652970982661694e-02
5.279921633946584036e-02
4.844653532590767475e-02
6.139569245710400913e-04
3.752648791391111072e-02
9.761417887115042546e-02
-8.966754299641869000e-03
-6.872012338653745930e-03
8.440338024670608619e-02
6.691027574255939414e-02
2.994787848262329619e-02
3.061195636785619609e-02
6.048896979344479952e-02
-4.487696528133633400e-03
2.274201498130170099e-02
1.013680991048697411e-03
5.437747783508837390e-03
9.422741942272577775e-02
4.867570640245542923e-02
8.244678079481992938e-02
3.489833475770670601e-02
7.397274826042114781e-02
3.610026405021003748e-02
4.464511153929495713e-02
1.800296610651200627e-02
5.607549508097488256e-02
5.845393403432137813e-02
9.424867720661252168e-02
9.539681969490249047e-02
-1.168791029584863479e-02
1.541905466692415974e-02
5.304808439681228671e-02
5.625640338996262813e-03
5.848439594526401442e-02
7.274004931240102279e-02
7.642756862169107490e-03
6.886514252859134155e-02
-9.419106755814215040e-03
6.139615226605127374e-02
4.175610851339241203e-02
6.931639162541677890e-02
3.950043650340685775e-02
7.318231884316465929e-02
2.489329397740669067e-02
-1.850028767028666365e-02
-1.671678772131961546e-02
7.940510444884649188e-02
3.710403336548107056e-02
8.020712167208610133e-02
2.764960757714393993e-02
7.090705185368713359e-02
3.862216317304448254e-02
2.585920101658916934e-02
5.999806074212421514e-02
4.745278086792703576e-02
-1.588104210634159325e-02
2.156725987227779348e-02
-6.075790009025725663e-03
9.938849389693922565e-03
7.716867972337873582e-02
-1.104009793372447146e-03
5.549224051201950836e-02
6.030677950390600506e-02
3.099613144070667223e-02
1.856992486609644957e-02
2.380383688158674640e-02
3.554157289190337798e-02
2.422682779367222802e-02
7.326139857879944428e-02
8.705153870053433662e-02
4.699903175979143477e-02
8.000786720561994803e-02
7.894018514042107360e-02
6.075006672214354475e-03
7.227960071589129010e-03
3.396052201099443446e-02
2.784707183317150850e-02
-8.728736825565856089e-03
2.106788213977930924e-03
4.443579602310945842e-02
9.598770211740659253e-02
2.930227958172849576e-02
7.181503588414345218e-02
-1.594761297330362163e-02
4.781401920542506512e-02
7.206244490693414217e-02
5.291553325012844644e-02
8.672048686408379004e-02
9.467728486342986971e-02
9.408236411893224072e-02
7.489728485089817978e-02
4.639398748613604573e-02
9.988947232458461611e-02
6.201478988596992314e-02
5.504201598811613028e-02
-1.144002497607769613e-02
6.825021793589171326e-02
2.379075061412725886e-02
-1.434312281307165149e-03
5.455057499550719502e-04
8.569568247484936341e-02
-1.471938527091236175e-02
2.339518679849439398e-04
5.277439640200534687e-02
7.884985467120575464e-02
9.930378533629585780e-02
6.437093135511509634e-02
2.472439368490914405e-02
6.942126578917105773e-02
8.092338484247824093e-02
9.347428475118876867e-02
-1.537899936515125035e-02
4.507226606949663039e-02
7.670366649705799567e-02
2.875322564451227372e-02
-1.295647332496028224e-02
9.360039174021576869e-02
1.190360927500666924e-02
-1.303698900324287008e-02
8.409800360410923936e-02
2.534397136233093248e-02
2.123444476486435403e-02
2.547516477386487649e-03
8.539123294995058788e-02
3.212267405486014804e-02
4.039595144844230351e-03
4.703697815569277130e-02
9.879151877498229539e-02
9.025451718302306831e-03
7.202290113465856236e-02
6.913971245619301986e-02
2.802187840763334728e-02
-1.299019934360383724e-02
6.292821440960873203e-02
6.721803678510777230e-03
3.569081724207846806e-02
-1.197222513560926641e-02
7.841363495002577622e-02
6.772960403253795725e-02
1.857876976057960469e-02
2.303087745765640751e-02
7.400190789592743512e-02
7.343215113549986239e-02
2.842709193716541627e-03
1.679308331602702084e-02
2.938700200584546882e-02
-2.440468466647860435e-03
-8.031373649981627186e-03
9.891135253905881941e-02
1.735279100073241002e-02
6.292487060537174659e-02
8.221994431544087101e-02
9.026311748606925811e-02
5.902266713955203747e-02
6.889410551034154395e-02
-2.737497100009783635e-03
5.979595674758109158e-02
3.792285200020668878e-02
7.559593668925231047e-03
1.709993258765721627e-02
8.769378978143997638e-02
2.396200258565873639e-02
2.333681003275129076e-02
5.931052851729182174e-02
7.334472262148336585e-02
5.467320253385621331e-02
-5.579715019138373894e-03
4.529539348167244128e-03
3.723726586568024133e-02
2.804379981041702288e-02
4.957010655483995443e-02
6.224027165951803720e-02
2.865639406779433088e-02
3.691013710503074363e-02
7.802179494971171053e-03
1.537395297431796634e-02
2.679729914065605637e-02
1.884512496467705134e-03
5.179372353753396163e-02
3.384795009786240039e-02
-2.352160049642643136e-03
6.923760731395382784e-02
2.288070252545200758e-02
8.450140393666673300e-02
5.943291397482564076e-02
1.947407932413875928e-02
-1.283754764895708722e-02
-9.050638898086629108e-03
9.966125851665316726e-02
-7.040678524237131003e-03
9.516374320995404923e-02
2.447951976949548289e-02
7.960401064876949928e-02
3.086046841076738392e-02
4.352455364820437267e-02
6.441529795524023050e-02
8.385404647618088791e-02
6.612926081396781897e-02
6.564610751525959409e-02
9.799392302017011225e-02
8.842699172603618596e-02
8.240316855210308433e-02
-1.060772056334279533e-02
9.319815216070420627e-02
6.072636078256993253e-02
8.980139392061722847e-02
9.987465655974299417e-02
2.430458970671955932e-03
-1.474739648395643858e-02
6.606158268483509899e-02
9.939469701054569339e-02
9.580037632102827994e-02
8.320364681829672815e-02
3.574858683923952396e-02
5.187035707523242334e-02
1.023475208645738266e-02
7.606044898870858995e-03
9.304159617403226501e-02
7.527422326808808073e-02
8.949377335256938210e-03
-1.873609864955532930e-02
9.320956051949672028e-03
6.425403218443291598e-02
9.140258022220199008e-02
2.657714096777779103e-02
9.204908550549151247e-02
6.530443882824729651e-02
7.827771359648504068e-02
6.326848774476109827e-02
-1.427458628154338466e-02
3.769846329039347466e-02
7.386593423104827194e-02
-8.715875634663307683e-03
2.524010267225847495e-02
-4.555408411242240288e-03
3.471909725542503267e-02
4.103363219652320093e-02
1.282942143722720293e-02
2.926484940578824925e-02
3.072460595568481459e-02
7.975740315753716836e-03
-1.781983249554338830e-02
7.856214188746882265e-02
4.265017830489647999e-02
6.969067748684679153e-02
9.067230996379547353e-03
8.170370287646511187e-02
7.857431948189057269e-02
1.238960429169077768e-02
2.168894688313474997e-02
6.706468099230744606e-02
2.275103731918481573e-02
2.695075023100464151e-03
2.568426841598436469e-02
2.987365291183522939e-02
4.889781006353355330e-02
1.946208508928789702e-02
2.614463672769607241e-02
-1.813204287804535964e-03
5.292315548680923132e-02
6.458805656876934198e-02
5.668547401356821558e-02
5.341784237340424513e-02
-8.942729292478811959e-03
9.155750968456219385e-02
5.872299480293656504e-02
-1.572643348439312083e-02
8.988441879441229354e-02
3.945900019809209236e-02
3.243685479701885477e-02
5.686818422654528471e-02
-6.193884567307249983e-03
7.931194294132996869e-02
8.375980083412659649e-02
9.287416703320162947e-02
6.483991358893279044e-02
6.554213501818881293e-02
2.616037074177280861e-02
-1.252392480625501986e-02
2.489310776373005255e-02
9.967143787164406410e-02
4.482553040834216795e-02
-1.801609103467338019e-02
8.644537248446705624e-02
4.786818187526641066e-02
-1.060160307053736352e-02
7.685465245370448617e-02
8.616765943392808158e-02
8.954001179662417209e-02
9.625263027730832088e-02
-8.520361574109677066e-03
2.801911381402489784e-02
4.794911324785121332e-02
4.367991262354098403e-02
5.727244512791707098e-02
2.692624538057375796e-02
1.569532120134583750e-02
9.971495467667546020e-02
3.541014164257140495e-02
9.975947811916610619e-02
-8.480332709803044614e-03
8.487440964014328348e-02
-1.717127828597690004e-02
8.467069274882192687e-02
8.434521009729555041e-02
2.451969637714411857e-02
7.306752822460815811e-02
9.671499504107018697e-02
1.460181678230001306e-03
9.438270851249648541e-02
5.976208436489875708e-02
8.300338131044041057e-02
7.046828334584252784e-02
-1.450088160720128770e-02
4.674769233139006164e-02
3.547600213914200995e-02
5.231550820661366730e-02
8.593609301825445856e-02
2.526983714627890551e-02
9.853051709792730317e-02
2.822671755746951686e-02
8.192203311923471065e-02
5.392606353605959579e-02
4.053658014235081430e-02
5.503642786897547379e-02
2.939467420005181450e-02
5.259950656719575290e-02
9.279485885963313641e-03
-2.856067975804354314e-03
8.771807451027656410e-02
1.600168497835565209e-02
1.874264667076732185e-02
5.912200138587940523e-02
8.997903701192835890e-02
7.871933515586175545e-02
8.683005030905188715e-02
-5.246362685539480292e-03
6.561233999399086747e-02
5.710255717672467479e-02
3.042647662771305259e-02
5.542054233022496168e-02
9.261276447102646803e-02
2.795460013337452282e-03
5.146241092114665905e-02
9.778099990441524447e-02
7.818504244364524181e-02
8.976447341633289612e-03
5.594096856636972953e-03
9.412185046745821793e-02
3.974736907637663186e-02
8.478905974851085048e-02
5.745156882670715559e-02
1.227173424595609866e-02
-1.716437971078322092e-02
6.247975616027372225e-02
3.140320599120968725e-02
7.839351204644123827e-02
1.101234951048158175e-02
5.381067671540401554e-02
2.065947345977202018e-02
-4.714252836018499593e-03
9.361241913621368149e-02
9.706150683169274818e-02
8.039863421921222830e-02
3.172664416933397569e-02
2.655478105652172779e-02
9.660677295865528758e-02
9.353111943380398863e-02
5.832627677804005928e-02
3.853540819154338548e-02
4.682455887272625461e-02
-1.288179438521326776e-02
4.532286805560052645e-02
9.545916958316157108e-02
9.871492297250240855e-02
5.572026818639953805e-02
8.160830782453866450e-02
2.654266907002149692e-02
2.664693806241776389e-02
4.507396484059056352e-02
3.890037566579797323e-02
6.203580616572652862e-02
-1.452392442988625042e-02
2.002486145528115102e-03
3.017980593600471870e-02
4.064322080348574395e-02
-1.531477017899261772e-03
2.817403721294347088e-02
3.165049558522944895e-02
-1.591052181974763474e-02
-1.631170831188726369e-02
1.357773312950433589e-02
-1.661088749133907139e-02
8.567801572828710743e-02
8.172815775277469941e-02
-4.956403814197565122e-03
6.001253411126096504e-02
2.262873522798417372e-02
5.165003838254431101e-02
3.525851681918672209e-02
3.575575223788243773e-02
8.908920017699938076e-02
5.227386355308713539e-02
8.668899341611512044e-02
1.134822372234494184e-02
3.928167056579830174e-02
1.740776550427567890e-02
-1.374964316112967620e-02
-1.258348653129758021e-02
-7.564263875345370730e-03
8.970888426125384063e-02
3.301672342436405561e-02
5.295369694595691845e-02
1.766881647287605120e-02
-1.092027069554414066e-02
1.053853123610592676e-02
-1.606425632193719116e-02
6.846437271305776118e-02
6.682551517508970862e-02
4.170100178821956050e-02
3.733845856322219603e-02
1.172939456737212907e-02
7.031193670231249138e-02
8.981979967657395536e-02
1.780061305220604836e-02
6.098109767959010441e-02
8.639731247179766038e-02
1.981373193026908161e-02
3.052633155024084624e-02
1.318312907684175347e-02
5.671294931271289586e-03
7.751638889719050796e-02
2.255612994328992302e-02
7.601935474122502312e-02
8.220284518579490385e-02
6.651869651844054265e-02
7.871419992065667448e-02
3.391217117750111587e-02
2.332704509959373021e-02
-1.235597350662314894e-02
2.375101869922309136e-02
2.346371173674896907e-02
3.405618860562788230e-02
2.734294766597019158e-02
9.668300294256333693e-02
-1.651525318126139882e-02
9.727896511211239772e-03
8.539874807329547735e-02
-3.631048603213171688e-04
3.212210971316363517e-02
5.674673761033577346e-02
5.890512584815740804e-02
5.191261856390018414e-02
2.247287121429960080e-02
6.829848112098058088e-02
-1.455295212998199139e-02
8.298563512061635228e-02
4.366980078430440781e-02
5.305659122781959669e-02
5.108592815354749683e-02
3.263173691997407755e-02
-8.772714893465262745e-03
3.655777165950634122e-02
6.816447141893497430e-02
-1.067890420904769010e-02
7.787766850551244846e-02
-1.196254585033592298e-02
-3.930562164644713086e-03
5.585929482226743847e-02
-4.338674581487449167e-03
7.959948274544385860e-02
5.393043885794064629e-02
-5.970798360268108132e-03
9.079662390382747805e-02
-1.137414215809897516e-03
9.014891630867877259e-02
3.173330623541431583e-02
7.647076210585075640e-02
4.036891445794449362e-02
1.610031685097610896e-02
6.541092638557838290e-02
2.320311658859418660e-02
5.130231350076989993e-02
2.479244478018611045e-02
9.802207307578375550e-02
8.125844481458145696e-02
-9.578403509470239524e-03
1.189751921400085746e-02
5.348170362031179348e-02
4.445854749736351252e-02
6.023638116909159346e-02
5.278403336026425696e-02
4.943987365631795361e-02
8.629793483491798867e-02
-3.381514607477202616e-03
1.473595442857660379e-02
8.464051573691619423e-02
-5.400127590301133720e-03
6.538852208423374945e-02
2.376243472324400877e-02
