1.083005656671943040e+00
1.096392108812291433e+00
1.097801289523812063e+00
1.012482111588867806e+00
1.029250497511101425e+00
1.075355151008785537e+00
1.066503401906607307e+00
1.086864458848383341e+00
1.003558803799922128e+00
1.010536320908332897e+00
1.036189947220076402e+00
1.014995780441333428e+00
1.080224714734874025e+00
1.075040157880331693e+00
1.081326841169828024e+00
1.011308596764541434e+00
1.057994250182890283e+00
1.076895772681364161e+00
1.060697801469216106e+00
1.051617678584553017e+00
1.026877060945027953e+00
1.038214508051480855e+00
1.077901619147835666e+00
1.015458751275584603e+00
1.031018450136935494e+00
1.098085309699579071e+00
1.052693406063158310e+00
1.091936593750187923e+00
1.094824247607548040e+00
1.055410599192953880e+00
1.068620237046036925e+00
1.015554901414186917e+00
1.061061520317057694e+00
1.046037193214817806e+00
1.077477047472075400e+00
1.048528087812871545e+00
1.043332115509547187e+00
1.013229372456425414e+00
1.076270397909455223e+00
1.030977523320654843e+00
1.094945652416020154e+00
1.034290920357372912e+00
1.034355974119965493e+00
1.080816737134622230e+00
1.064979265112896423e+00
1.000209848011160307e+00
1.064082722548348681e+00
1.085168826168421585e+00
1.087968932194096405e+00
1.073545935371123861e+00
1.083133458174359909e+00
1.088928002844852694e+00
1.096764226039670831e+00
1.079532779214209537e+00
1.082869056737519209e+00
1.080874825091299174e+00
1.050442606658671174e+00
1.030896351067102756e+00
1.040209860008811216e+00
1.071898019186691142e+00
1.094155287415364164e+00
1.024189910654038638e+00
1.007959137256677407e+00
1.009704518686965757e+00
1.073174786939182557e+00
1.051806582429049008e+00
1.022050724565672031e+00
1.035840743700017219e+00
1.012960767909599546e+00
1.013928982221722341e+00
1.003734035635827748e+00
1.030330082962252591e+00
1.037778239882363840e+00
1.050019842592557762e+00
1.013734499455771765e+00
1.002058544848272836e+00
1.071442018323641499e+00
1.058622282573569606e+00
1.054679370896870250e+00
1.014055352921261033e+00
1.005470556976954200e+00
1.068822758471119849e+00
1.040536553169673528e+00
1.098909651858967385e+00
1.056247697232475691e+00
1.025332269907860194e+00
1.090314391141005590e+00
1.052018115979171720e+00
1.079888147403565979e+00
1.009136049266009749e+00
1.073354507324755680e+00
1.065208604505086587e+00
1.056957527901422500e+00
1.064451106730857521e+00
1.016221335046387564e+00
1.068402057146234929e+00
1.018936677452372264e+00
1.091002738194165600e+00
1.099654477084019755e+00
1.089163583186045781e+00
1.072885780873102046e+00
1.075893935273073421e+00
1.066691943912999374e+00
1.058011972536719858e+00
1.004219941113651871e+00
1.031924307440063915e+00
1.045708691898785014e+00
1.052080691090222730e+00
1.048428884915445725e+00
1.028741869840531953e+00
1.004256136821579659e+00
1.000538263970351283e+00
1.009265105262981521e+00
1.012679850531468473e+00
1.019662469643589420e+00
1.067794541088485039e+00
1.061931031160875838e+00
1.028859599332587527e+00
1.072897140406525285e+00
1.009891453469479838e+00
1.061249913051680149e+00
1.080525615980619358e+00
1.054424256888617073e+00
1.004339719342733472e+00
1.023867366540082147e+00
1.056693720506333367e+00
1.073877775780055721e+00
1.030613821239780181e+00
1.001343592899012425e+00
1.085846361368919322e+00
1.090613297958545669e+00
1.028602782429026252e+00
1.084917340904260508e+00
1.053933417748246448e+00
1.006688919501512069e+00
1.041232045066583956e+00
1.054100090482912533e+00
1.017189294959849777e+00
1.090661807075289813e+00
1.020856171514928690e+00
1.076077771370159031e+00
1.070307559434928946e+00
1.039607879206963181e+00
1.031306253850163168e+00
1.020906178666337594e+00
1.076208580174941476e+00
1.058177949736249790e+00
1.035786208517099016e+00
1.048230991992909811e+00
1.042490758221939595e+00
1.026928312167022517e+00
1.035031473825919868e+00
1.031822839165466466e+00
1.079298010987340684e+00
1.066733731256485074e+00
1.043147457982455784e+00
1.030146126492688996e+00
1.087052206027398604e+00
1.010713033392992788e+00
1.074147226324203341e+00
1.096702512187674339e+00
1.065342240511999661e+00
1.049844510164895661e+00
1.069737171680995136e+00
1.056444686044131664e+00
1.059912563241223182e+00
1.076293123372657590e+00
1.035286298180073672e+00
1.022794209259673570e+00
1.023448906435559413e+00
1.021831570019025692e+00
1.043175651492867395e+00
1.088318291015871520e+00
1.001444107593646438e+00
1.062521961629112610e+00
1.087898176771080028e+00
1.045834665269668173e+00
1.099707307305136661e+00
1.034667827045855804e+00
1.026649220483200731e+00
1.098708687366028114e+00
1.090793352324030518e+00
1.069940038636777446e+00
1.063123809030654954e+00
1.010237800031233535e+00
1.008343185481564319e+00
1.071266632040323019e+00
1.052201874007521187e+00
1.006386794615667046e+00
1.064416815097152913e+00
1.061812417830407362e+00
1.053466690837037811e+00
1.003721068032256802e+00
1.029235853981431470e+00
1.067470238900842361e+00
1.031630468336800943e+00
1.039099470640586942e+00
1.071963927126013516e+00
1.027812539320834384e+00
1.075058827388224891e+00
1.003405666842829724e+00
1.006077050878205759e+00
1.036420387415221356e+00
1.093941614893462422e+00
1.076529338964844484e+00
1.099147688340674556e+00
1.067845411580627735e+00
1.032223839698511503e+00
1.038915110009738685e+00
1.005359769740788112e+00
1.085724913307895001e+00
1.097248981882301910e+00
1.003501450346041546e+00
1.032353901986652556e+00
1.042333597469325079e+00
1.013290050466453485e+00
1.094550223252576560e+00
1.008108906165843033e+00
1.035401933858953294e+00
1.029396876478615441e+00
1.070427219087227710e+00
1.045915135251108907e+00
1.097823175664985440e+00
1.082651652237112794e+00
1.014922102521300662e+00
1.046468164118763644e+00
1.045515321523249330e+00
1.089149495667614653e+00
1.005727573502287919e+00
1.087065375742906292e+00
1.034326561411464063e+00
1.039605146208152808e+00
1.032621928411497692e+00
1.071080232686515421e+00
1.001634108670538481e+00
1.015597653177920945e+00
1.008166689224816448e+00
1.099693999289867996e+00
1.078303807923601809e+00
1.024743833679415239e+00
1.029795135267840056e+00
1.091507220462635930e+00
1.071289225708372594e+00
1.027364738919969156e+00
1.009029341756615183e+00
1.058268864379600549e+00
1.057361702529254766e+00
1.020407272649408892e+00
1.079916791819505173e+00
1.070822694888568849e+00
1.097797732019596184e+00
1.073869396103646290e+00
1.035486086124253191e+00
1.025287753861911622e+00
1.081618642292802024e+00
1.015584385490689634e+00
1.026978188698718153e+00
1.084939342926513062e+00
1.072599218881219230e+00
1.060134617553458947e+00
1.063027953123823810e+00
1.050997635226022187e+00
1.048425464571780097e+00
1.083138552568180923e+00
1.088404858340216608e+00
1.038299908828427265e+00
1.082961043682202806e+00
1.061847169040469607e+00
1.028053472140562752e+00
1.031088984615046611e+00
1.071426780611187901e+00
1.026531895858975529e+00
1.064863721384386119e+00
1.023155929126785768e+00
1.090989725288122436e+00
1.035202703412537728e+00
1.015720918086326252e+00
1.028705537059079855e+00
1.098688788754057954e+00
1.026081591151578154e+00
1.026445537701762278e+00
1.070645589153403687e+00
1.048781117708301958e+00
1.007860167887260294e+00
1.087808346351643918e+00
1.056934213830256652e+00
1.091003880122756398e+00
1.067963648839287183e+00
1.073351733247655204e+00
1.005644634708849239e+00
1.070983229723476038e+00
1.067394324552672469e+00
1.081452175652753755e+00
1.083950324562369838e+00
1.070042692860623923e+00
1.098163594782971098e+00
1.065427709049306948e+00
1.071729866799560726e+00
1.077635659232570653e+00
1.005056695034872050e+00
1.075145210977832777e+00
1.006661480590390401e+00
1.047560148363442245e+00
1.021571506279815411e+00
1.059419801700941077e+00
1.015490189280756406e+00
1.006933201977883607e+00
1.086961252198659356e+00
1.003834292831113917e+00
1.046018591203650594e+00
1.026074508153323128e+00
1.092544434686565591e+00
1.093876417053469607e+00
1.055761080566332000e+00
1.064274933080630259e+00
1.040079298159992449e+00
1.068665545108908210e+00
1.063961700774180397e+00
1.065172968883847604e+00
1.061359387607514693e+00
1.028205974812408385e+00
1.009203732210754101e+00
1.079352128128255206e+00
1.079871387778855052e+00
1.098028913088381353e+00
1.078315054996382027e+00
1.073057841445064220e+00
1.017391747198515661e+00
1.030927248382294659e+00
1.096823656224777732e+00
1.032748456215059729e+00
1.098885109583267683e+00
1.036031628884944933e+00
1.046430947131938183e+00
1.086996908945492057e+00
1.031858414166983984e+00
1.097714138200956979e+00
1.045046922319606608e+00
1.042602656315133602e+00
1.079034025135845898e+00
1.087152155530407782e+00
1.098703929692284254e+00
1.058300781780302513e+00
1.064098127060492338e+00
1.088629658286302204e+00
1.078294293751863364e+00
1.070647370456495384e+00
1.023707678753573269e+00
1.010725193021812851e+00
1.029061045045361888e+00
1.050011226408421372e+00
1.007858420912472130e+00
1.013340949341559938e+00
1.020379921825332659e+00
1.046155574692220425e+00
1.024876679971251647e+00
1.014129985257055999e+00
1.088148482441302356e+00
1.009929617071470886e+00
1.022572231435760814e+00
1.026684545439126905e+00
1.003085532829772308e+00
1.000981166878158302e+00
1.075176285233830242e+00
1.035839977634971154e+00
1.061210741878811703e+00
1.057238719686823369e+00
1.063991707602487180e+00
1.098383290498039955e+00
1.027643696094826531e+00
1.034518647409355507e+00
1.087191321338673466e+00
1.020259222231680196e+00
1.043367155947724001e+00
1.090847488313182456e+00
1.077342867700647133e+00
1.042527012610364290e+00
1.081071763978549205e+00
1.095599115918200139e+00
1.054076716739105413e+00
1.017266633814081667e+00
1.026506028239543289e+00
1.026338094074797036e+00
1.068997427044070969e+00
1.095260005872602083e+00
1.041505116028799360e+00
1.027501926149379852e+00
1.059447697651297648e+00
1.041377420531254705e+00
1.008748072126782747e+00
1.071711787669116678e+00
1.079480648675518406e+00
1.028298756098422251e+00
1.030278101368109489e+00
1.074883106877656758e+00
1.067021063014725435e+00
1.061393250360453289e+00
1.015685808261224565e+00
1.002003341732293551e+00
1.069584393770343755e+00
1.043341534576842644e+00
1.039066626581835129e+00
1.016188314181564634e+00
1.033593852477441732e+00
1.014039403684148466e+00
1.011465329921123590e+00
1.056037508543056225e+00
1.063730127933755654e+00
1.049136888656144739e+00
1.047118271922533594e+00
1.039018266137990532e+00
1.005080631182165396e+00
1.069843605443801415e+00
1.036532803754787402e+00
1.090696525774078163e+00
1.013462708757472130e+00
1.088331994629138322e+00
1.045341990885295891e+00
1.087367793427679530e+00
1.029795806018394044e+00
1.073699176367298280e+00
1.076589324916448209e+00
1.052301959469211790e+00
1.041410812173769962e+00
1.056662764035245505e+00
1.053185521862047835e+00
1.099587274173938534e+00
1.034290921715341538e+00
1.039965901581163976e+00
1.036652669254400472e+00
1.079184930586041702e+00
1.055325796910935532e+00
1.054807201754243140e+00
1.099166954652570638e+00
1.031176013086033016e+00
1.018366706199581584e+00
1.095313078844351029e+00
1.043403385191174149e+00
1.023845142991339330e+00
1.066050292632838348e+00
1.026721097723252818e+00
1.064337975642422052e+00
1.088769530842526256e+00
1.046167413323770612e+00
1.035620531401277189e+00
1.082447763797602436e+00
1.088030608709918301e+00
1.015027195631108770e+00
1.010276329860810840e+00
1.051894248935067111e+00
1.096546547565350416e+00
1.030208909949774654e+00
1.036422598842040799e+00
1.014503480390390067e+00
1.031629342228420398e+00
1.024492442620865251e+00
1.090583025243344162e+00
1.065143762433399033e+00
1.031627491196648760e+00
1.047635671863445195e+00
1.003595993687176335e+00
1.012416754964728050e+00
1.080039011576167995e+00
1.057987016899052390e+00
1.032367671091575012e+00
1.080620855850789042e+00
1.002498411103910136e+00
1.049195622543508843e+00
1.092729026142976512e+00
1.086886605733837108e+00
1.055684359146264795e+00
1.021341128356083150e+00
1.052187805331195936e+00
1.047572455440697992e+00
1.060595351737153580e+00
1.042945995031605344e+00
1.009899937892206223e+00
1.002228007367390372e+00
1.017547049583531260e+00
1.026090412497884685e+00
1.085261167067550270e+00
1.087109891142864271e+00
1.001383058140503435e+00
1.062283109943231940e+00
1.090077423671889978e+00
1.097327545733285170e+00
1.081241414584706906e+00
1.053551104866599752e+00
1.063998842322043892e+00
1.003724634546625083e+00
1.006188617046921863e+00
1.069012658561806051e+00
1.001607460578467057e+00
1.063151591954278885e+00
1.031365774585970341e+00
1.062915834047918118e+00
1.088652163233753800e+00
1.098219454706489406e+00
1.096385974677374531e+00
1.016252576458491985e+00
