3.377090248516853577e-02
1.032667276062501638e-02
3.077008320800439858e-02
7.662523125706968696e-02
-1.369050559549370161e-02
-1.643025215850302256e-03
-2.992603101347791200e-03
3.585043444123887924e-02
2.023828377751584265e-02
9.929584101664509777e-02
-1.225301568019426975e-02
8.009360380772539978e-02
1.910354079704119565e-02
1.591557777612337063e-02
-1.723219866868041378e-02
6.731937521644925509e-03
5.709020820749685643e-02
4.876829998824008805e-03
7.660239544210070695e-02
2.577500232297404506e-02
1.821571716267115018e-02
3.588425622466778764e-04
5.414618543210489993e-03
9.309925266741975181e-02
4.451947431745370554e-02
9.633094950791067090e-02
3.458837895324651246e-02
5.791015878246308368e-02
8.928142863922632066e-02
7.666719062488493164e-02
-1.004179963983983445e-02
8.229941515246357031e-03
5.472781271111767931e-02
5.617421410548369132e-02
8.740451258626595610e-02
-1.118878129133630411e-02
6.581033141604057668e-02
1.231418546079931717e-02
7.477004551759507123e-02
4.164906715943821058e-02
3.275479573750422757e-02
6.854999072111915559e-02
-4.734028406457362059e-03
3.207574397926284127e-02
-1.726536032665548087e-03
-1.578214591297417979e-02
7.862012113972489946e-02
-8.535644160573152214e-03
6.898422455359375094e-02
1.083941978144653193e-02
-8.812210426237185312e-04
7.299804316788442715e-02
6.596007358720239189e-02
3.080551658751839658e-02
-8.205407276559290725e-03
1.459265937786758879e-02
4.367878231548660839e-02
2.435590548635544264e-02
4.939783392182428567e-02
7.458030898826745192e-02
2.945541663479192204e-02
1.492935837377435543e-03
-1.132756265562673281e-02
-2.346080166724589383e-03
2.528014780493302235e-02
7.899132983670138775e-02
-1.981302043813454664e-02
3.714303899982029922e-02
7.654896057397062026e-02
2.594265602278888680e-02
2.935841527961128780e-02
1.501147915687985404e-02
5.491366907930293750e-02
3.587183624088853551e-02
6.778166360885327923e-02
9.765916177865285874e-02
-1.639287904443450725e-02
6.101161077911629316e-02
7.693403794967770826e-02
6.208393057138729410e-02
9.805985266900597852e-02
7.031452071359478584e-02
6.489449312440750961e-02
9.792250774352020959e-02
5.382119080318992221e-02
9.022221436688089569e-02
-1.439895358414940846e-02
-5.447746848938237255e-03
1.116911108678670175e-02
2.512920193370793420e-03
6.292078247612463426e-02
9.946926069453668195e-02
-1.577173568610737431e-02
1.041833571648496590e-02
1.215233697661794940e-02
2.639200871948966035e-02
4.994382672053924999e-02
3.434498809963316968e-02
9.281616227896798133e-03
7.846707309675668429e-03
1.827350945022021209e-02
8.078106181262513508e-02
8.140886317435835906e-02
4.962437037794434347e-02
5.123184222805585164e-02
9.418560177839177538e-02
9.445773869572819670e-02
9.074879516696776616e-03
-1.215906967407194214e-02
-4.957131490532246804e-03
4.752406268394593347e-02
2.004837820125598274e-03
4.970695774404024214e-02
3.471730371810970162e-02
7.089644440124329150e-02
2.839552658390389131e-02
-2.520971031366385506e-03
7.960526360742185836e-02
8.121203888695449624e-02
4.363960929492054219e-02
1.702622836253938829e-02
1.091569453941833995e-02
9.228618484157787710e-03
8.462249378125673294e-02
1.084262282942074704e-02
8.273110579108543250e-02
8.454663164461555247e-02
-1.501816439651524303e-02
8.167006944109617139e-02
6.911599107787445850e-02
2.594317422839189854e-02
7.081239453125312555e-02
5.989941839809911905e-02
-1.944124089317884538e-02
4.624727553618938891e-02
7.034978020005429322e-02
5.455678112116899015e-02
6.425567711293538042e-03
9.204906161503458029e-02
8.692857577376972289e-02
7.507391108679926928e-02
6.096975051550046487e-02
9.027244530108326226e-02
-1.046868121013529683e-02
9.306291808877054095e-02
-4.516191171853728425e-04
-1.059179861775315888e-02
4.710432858658399058e-02
4.291371936463009296e-02
5.373881889904519316e-02
7.745648786324318968e-02
-2.984189465879579645e-03
9.457953700306785672e-02
1.951492475694891968e-02
2.642153987260411827e-02
-1.082130913685750394e-02
5.157009685792300624e-02
-3.381888350497120471e-03
-1.356915676389154266e-02
4.822456106946927668e-02
3.879576527192139801e-02
6.296848650599255748e-02
-1.606963536595081010e-02
8.831742829384470195e-02
-8.498624220010507838e-03
3.251604280813417958e-02
3.725493275365865387e-02
6.718092593219328335e-02
5.396677289296110402e-02
2.156427930868891688e-02
6.476453232814484429e-02
-1.127255104801005124e-02
6.726381089194946594e-04
8.267893032538116416e-02
8.389646975507952797e-02
5.960310335087073974e-02
5.270064777165968384e-02
2.333635381587707489e-02
-3.598500049825301139e-05
1.925886505052952155e-02
-8.973076269455159543e-03
9.452133730536653455e-02
-1.456069212344243691e-03
6.549995459222304750e-02
4.886142650080556316e-02
3.755133481031505682e-02
1.755094929098518705e-02
-1.217322653079476458e-02
6.126325451280337231e-02
3.492447460456839237e-02
8.483658310569905381e-02
1.163721260424934248e-02
5.713454014830225691e-02
3.074976433348293806e-02
3.216117210959747175e-02
6.088363302452770576e-02
6.450539044009313827e-02
2.912337198980666231e-03
7.467907332824152977e-02
6.152731415836865114e-02
-7.591849596099259703e-03
1.928697141822387218e-03
4.178228743358039510e-02
3.293196940099991921e-02
6.764212266108458882e-02
7.034923999299391717e-02
5.714201723071518635e-02
7.910370378316883277e-02
4.340092936266766455e-02
2.301268381980040370e-02
4.721441364023580556e-02
4.947935863428369607e-02
2.881774446524635810e-02
6.818347896657889207e-02
2.695970237035307318e-02
6.811234021502844682e-02
9.987745307593125232e-02
-1.553805689927329273e-02
5.099818038177456048e-02
5.912262832690959313e-02
2.232624310556083000e-02
5.252242901064206604e-02
1.781898162030045099e-02
1.869027413909340671e-02
-1.416602954252541534e-02
3.923955555103116055e-02
9.891945748029043473e-02
6.356037275521789209e-02
9.582874622687700961e-02
-4.353737254458492356e-03
-1.582180959284040789e-02
4.646903294764212489e-02
5.814788850951102539e-02
4.726647425791653812e-02
-6.264703201116782888e-03
4.941884785302011474e-02
3.755277310159504944e-02
-1.276673098446363605e-02
6.616423697261181180e-02
9.259175774942980663e-02
8.344938064657390908e-02
-7.940312110680894722e-03
6.975812134923076169e-02
-1.881152420914656079e-02
6.026502220595551795e-02
9.449711483679291979e-02
7.516213821528482109e-02
7.400839945655279806e-02
5.325098530082858495e-02
6.525881761893730093e-02
-1.086853030548338636e-02
2.027576432695061062e-02
9.877648892442175699e-02
-5.196647267466734943e-03
7.166916854482338617e-02
7.178359742546278066e-02
8.026736136729402393e-02
6.707777103430941079e-02
4.096454074805483403e-02
7.653963337482309892e-02
3.208521372639733249e-02
6.988413900450565763e-02
5.111783249738882651e-02
1.423796547410118712e-03
-1.706043449888578270e-02
5.267008561975337899e-03
-9.786912892410950734e-03
5.562122912109914580e-03
2.100560023873821944e-02
3.501469420472368144e-02
6.326239512518752606e-02
-6.403227481852473771e-03
7.664037836305451212e-02
6.777116009163514088e-02
6.026817057895027252e-02
5.642298171547933949e-02
1.900607868859012159e-02
2.173252562407096758e-02
1.836863490556587056e-02
-7.103875966045274104e-03
7.383720013191445719e-02
4.544458408615706380e-02
-7.988984889510922574e-03
-1.846482175497886000e-02
-8.533556371141561361e-03
-1.811941662159905972e-02
8.106541117854000611e-02
5.892308052678803254e-02
5.539416640175272299e-02
-3.016691655079426632e-03
3.356875757194328902e-02
5.844814050622593182e-02
1.379795796762921592e-02
3.823116498013794107e-02
6.095423266162823539e-02
1.138475941164738756e-02
-7.730545330460886211e-03
6.255365628978150350e-02
9.072192635229804625e-02
6.297598016657718345e-02
9.006746647165764924e-03
3.257795446351151314e-02
1.289867248267019192e-02
4.155255064970823919e-03
4.450320892251791172e-02
7.501830577568457947e-02
7.865262851299094360e-02
1.577927975895547855e-02
1.156002117087364181e-02
8.866059389579102057e-02
4.263371516904797265e-02
3.088143395261048682e-02
7.314459933037333050e-02
8.682665930050806335e-02
2.557467258675240676e-02
-4.875085261617159715e-03
3.225204548393245663e-02
3.658723193167723320e-02
2.570699184727751399e-02
1.189444676571022735e-03
4.237342189784723545e-02
1.734461065031846563e-02
7.989017856633320869e-03
7.364777507295160175e-03
7.618124863640839128e-02
-6.753717873910941236e-03
6.009218348253039799e-02
8.294375463231604129e-02
7.738680772899665661e-02
-1.328720416574186852e-03
1.384580585037913439e-02
5.848302074349674695e-02
1.688178051057968518e-02
7.808112985466009182e-02
7.116377255272740565e-02
3.543686725902160661e-02
3.881195542575771595e-02
7.868428773546683186e-02
6.212922346161761644e-02
7.969152135080658644e-03
2.856413277276588850e-02
6.377789936402458726e-02
5.699142973492175857e-02
7.327653522097044014e-02
9.372547653788272648e-02
6.153595095347748345e-02
3.448903326558042104e-02
9.721114002958931855e-02
6.154246032574285652e-02
-6.605026966527427490e-04
5.153261043068772806e-02
-1.949131626178803381e-02
9.342177884163006818e-02
-5.989444326374993022e-04
3.083540314417682407e-02
5.497635894555642777e-02
3.950124970042058481e-02
5.111836540284535324e-02
9.373842079657977722e-02
6.681012880219411310e-03
6.666346790762883723e-02
2.613338964086090246e-02
2.327138450494641367e-02
-1.553073574993128585e-02
8.036929637554504624e-02
6.802792275017503776e-02
8.968814653160303574e-02
9.557440674669542835e-02
2.623499649917108642e-02
9.280641031179399925e-02
3.136357966292056820e-02
5.373307300180467372e-02
2.248928056479334095e-02
4.177930978223981517e-02
6.040990429405668216e-02
2.239028979082275175e-02
7.865517997702904662e-02
1.213798358056243989e-02
3.260865726624552485e-02
6.083017839831823814e-02
-4.536774990516467820e-04
5.424592185189605620e-03
8.436380633794185457e-02
2.869299764027272506e-02
5.055112800226116421e-02
5.149367427328763180e-02
5.609473284792509951e-02
6.984800454162481964e-02
5.255427262767502217e-02
9.191270048499781964e-02
5.836332781718517326e-02
7.469553657652473755e-02
-3.968444753499115324e-03
1.473664764663854335e-02
2.118432922774471372e-03
6.860030418412134401e-02
3.390535071497199904e-02
7.523639938095610241e-03
-1.567608317616062119e-02
-7.795878240798090678e-03
8.096766175629180329e-02
8.532664298371694933e-02
-9.948089720116709556e-03
8.664512526745757337e-02
1.245459587363670004e-02
7.315458143924740558e-03
7.770412760793030116e-02
5.287330283886110260e-02
6.467389326633153634e-02
4.450817779893004311e-02
6.428071713701881407e-02
9.500993126584604542e-02
8.261831718664525148e-02
4.033070695515869608e-02
-1.363092038372969161e-02
-1.215776668872287254e-02
-1.156824273844027709e-02
4.445718912615777285e-02
-6.523626742863499264e-03
-3.351058469450350630e-03
8.513893067458892794e-02
8.065614972009001182e-02
3.842439690572982403e-02
2.386646979733776305e-02
9.881839582850228398e-02
1.787376095684058488e-02
4.482819868779287786e-02
9.064766576159714873e-02
3.535446458408388754e-03
3.102860304950328871e-02
9.219879204007658258e-02
1.362571630287133170e-02
2.952126453391789793e-02
9.242977009528999255e-02
4.823872851678584484e-02
3.339686549322368192e-02
8.740792938567643056e-02
2.962511886675603043e-02
9.738146496481955849e-02
1.114693292655928245e-02
4.226770725375400550e-02
1.976479315804932288e-02
-3.551651989712599489e-03
2.599088460016965238e-02
8.785311926740928257e-02
5.623458401822849229e-02
-8.028744260625688550e-03
5.784694813961517579e-02
4.826001520274783574e-02
7.330435942385556125e-02
6.009744316910081707e-02
-4.675695464913660199e-03
1.131117338191136093e-02
6.119833353768021345e-02
1.153848310135923219e-02
1.796045991734990591e-02
4.174768910311940640e-02
1.807956955068168101e-02
6.332096307064179197e-02
4.690137883336072122e-02
5.599110009732384541e-02
3.004385163584169169e-02
5.871362479102687493e-02
4.911450573264874997e-02
2.201934193991634744e-02
1.658796510241422953e-02
4.748379870319786866e-02
8.466742987783973384e-02
2.785345421919050227e-02
8.486845200853075644e-02
-7.798731285284484990e-03
9.021803857499029189e-02
7.857048643471561955e-02
5.117865417103166503e-02
-1.077723274123761239e-02
4.451649428842366363e-02
1.262813793117378500e-02
1.460093469149162035e-02
9.930854018400447902e-02
-8.469298400868558938e-03
4.245572528859663242e-02
9.669040801545708552e-03
3.029333858255013265e-02
6.201571271494231430e-02
5.592329580541696710e-02
-4.809245479243492299e-03
1.278299800339668599e-02
9.343545987601259428e-02
8.026727486523188571e-02
7.022426655365507364e-02
2.523308193766390581e-02
2.010531569096473195e-02
8.927562925608381605e-02
1.858927208751732715e-02
3.476148632551259721e-02
3.591523887054309805e-02
4.140834197158775598e-02
8.116692190054446143e-02
2.434579494758582971e-02
8.297050709616862058e-03
