1.046502954443401467e+00
1.022457381894953610e+00
1.016715149257930051e+00
1.012024356701323180e+00
1.084619076688037920e+00
1.039954709496004659e+00
1.014181708012544147e+00
1.079269983970688296e+00
1.092198219255410940e+00
1.025548858659448781e+00
1.048061203846744727e+00
1.017393615555449271e+00
1.065620148965188640e+00
1.016114820730068979e+00
1.074295315782376470e+00
1.024588701339390617e+00
1.075408155342082894e+00
1.009385858952664305e+00
1.096284133950350403e+00
1.082101583921023957e+00
1.027087185209081044e+00
1.075832960893486012e+00
1.018847806926137078e+00
1.072325684354750841e+00
1.046264864799753669e+00
1.033615050747094255e+00
1.096606270892220403e+00
1.001300508578637283e+00
1.060498542090947183e+00
1.099741998854724789e+00
1.029674814733237742e+00
1.017011057160431831e+00
1.064924221575599184e+00
1.016671563034357018e+00
1.073693220419291716e+00
1.002068759482792393e+00
1.078822316263938319e+00
1.026014838829876652e+00
1.017547417132863119e+00
1.027131483210626195e+00
1.089521586689921939e+00
1.034071130568098074e+00
1.027268791615260080e+00
1.006815640522248589e+00
1.034411769358545063e+00
1.044032015476776820e+00
1.099043967284228929e+00
1.007052354635219249e+00
1.009384177083797463e+00
1.015645226660050637e+00
1.070866880036624114e+00
1.053359037637296769e+00
1.080507082589764911e+00
1.089175047181448308e+00
1.016012214021797755e+00
1.053927519225274390e+00
1.013473020899959387e+00
1.070286660465899820e+00
1.059355742799656941e+00
1.051968528164730854e+00
1.009341083402796491e+00
1.026264459799415940e+00
1.040964442267960255e+00
1.010745131836001454e+00
1.000617211126519912e+00
1.043255576757430081e+00
1.030773128257750804e+00
1.007118161529577893e+00
1.036947227070750488e+00
1.073487147976399880e+00
1.095204316744472051e+00
1.021424267477600623e+00
1.092669486751441488e+00
1.018209842984621805e+00
1.070957687574984885e+00
1.030370779162107508e+00
1.054464562442172904e+00
1.002033271836135109e+00
1.004476781345295944e+00
1.091476196039331326e+00
1.042447748602844726e+00
1.015772604210275931e+00
1.052944402108395128e+00
1.036049636075885516e+00
1.083241316132859788e+00
1.089792472384098154e+00
1.060685695559050679e+00
1.034398927355402398e+00
1.079727156145646738e+00
1.099084133772304073e+00
1.020241186751399409e+00
1.030070435611956103e+00
1.063906177822935506e+00
1.093998568359341617e+00
1.012828062483711378e+00
1.066202175352775505e+00
1.078735382205283200e+00
1.031526455729750991e+00
1.047415707359111714e+00
1.064097732739531343e+00
1.099200056572910533e+00
1.091526351300481368e+00
1.033903036152540533e+00
1.056814071290707036e+00
1.038051726270368125e+00
1.007334705837123590e+00
1.043104678433947496e+00
1.012016699072608716e+00
1.024105144685642177e+00
1.023097692304562933e+00
1.008875006293481258e+00
1.018134470362774380e+00
1.003132341904989344e+00
1.033635871212191581e+00
1.022016774145255491e+00
1.004794510655506956e+00
1.060327837679977403e+00
1.014108725443213066e+00
1.040056773729333806e+00
1.038097952335578000e+00
1.037485473543283909e+00
1.067962419537816343e+00
1.046428496517707085e+00
1.052206796083537288e+00
1.074064530026006548e+00
1.008084039257920894e+00
1.081218615414965889e+00
1.067019118600107452e+00
1.035331477605806461e+00
1.000607640348398997e+00
1.076741815055336060e+00
1.001490179572946060e+00
1.097262687135523329e+00
1.040298657696998585e+00
1.045478379287748449e+00
1.000049946644830490e+00
1.057825325787494553e+00
1.040499596257320025e+00
1.074148236898047060e+00
1.039958961744279931e+00
1.033800010548493464e+00
1.082531901268573682e+00
1.015950011054915558e+00
1.067533996989016964e+00
1.070129181313578481e+00
1.030729067086542994e+00
1.069283133979129108e+00
1.029812614712239061e+00
1.096062447718189281e+00
1.009942544331490222e+00
1.041065148461112644e+00
1.032805424918343373e+00
1.033078787873463966e+00
1.088898427711723960e+00
1.021149922837047752e+00
1.081295549650238996e+00
1.053149132775799801e+00
1.069773544219831063e+00
1.043267108181057834e+00
1.058451273981023455e+00
1.020765626773884716e+00
1.040421328102075105e+00
1.090288221527248025e+00
1.015378420612503385e+00
1.079450329564911382e+00
1.086217006184609923e+00
1.006610764117613188e+00
1.093687522986091398e+00
1.031212284629525078e+00
1.097284541405416647e+00
1.022720990034360566e+00
1.047341958890695590e+00
1.012280350378411908e+00
1.010476914675193738e+00
1.031431545758936696e+00
1.091345525856350251e+00
1.093186159668574797e+00
1.068151789303844579e+00
1.032854251960411140e+00
1.043904940648453072e+00
1.065042624520368131e+00
1.003506322792026006e+00
1.052424648103567284e+00
1.028417389743924382e+00
1.079224285818246587e+00
1.089658389236582536e+00
1.008229794781543509e+00
1.039368896031352518e+00
1.077625509323514974e+00
1.030313563130013765e+00
1.048904349585254803e+00
1.072973533195591633e+00
1.040107402589348196e+00
1.057886052291781454e+00
1.085457440404042462e+00
1.057417324151467719e+00
1.031293935622001223e+00
1.029620856768055592e+00
1.077982781465333328e+00
1.078650287990305712e+00
1.082714844837962431e+00
1.001225620192562005e+00
1.002457132509807280e+00
1.053940395003410080e+00
1.028790688883284732e+00
1.031356911293633827e+00
1.010173154235594062e+00
1.020553292464738471e+00
1.007441055675314168e+00
1.001697781724943948e+00
1.006096604794469718e+00
1.004116132993749133e+00
1.003370660906972134e+00
1.027537663913257848e+00
1.002348028905307498e+00
1.059001258978016002e+00
1.054397190228109293e+00
1.050135783227692743e+00
1.017433313756115343e+00
1.078355681784988862e+00
1.005999894417375140e+00
1.094190236623012957e+00
1.089792747343254042e+00
1.061620232617394022e+00
1.066029794586382806e+00
1.002109640047661010e+00
1.069110935148984476e+00
1.012343147853493441e+00
1.068268440086409310e+00
1.064812491728510224e+00
1.018399779694254548e+00
1.015960027545008248e+00
1.065615947694855681e+00
1.085576150433791742e+00
1.090445840041162295e+00
1.035308334445915524e+00
1.029903973046403687e+00
1.014922370402893792e+00
1.024643782485718857e+00
1.033597692028348725e+00
1.038955204790178666e+00
1.063332630356540465e+00
1.006553713879905665e+00
1.034093257152893353e+00
1.049187921560832404e+00
1.044351988577548518e+00
1.084957833813984029e+00
1.059923139383561974e+00
1.016937991625044502e+00
1.092911481269954743e+00
1.065524986767762750e+00
1.073302164434827066e+00
1.069266696459978849e+00
1.015737929798238515e+00
1.040276571035349207e+00
1.025852354460555338e+00
1.085047388098228316e+00
1.084699584586189536e+00
1.050535559619682369e+00
1.018882274441242242e+00
1.099889693795932599e+00
1.054587139337941792e+00
1.069319845976643091e+00
1.033769373496725263e+00
1.065656630614888689e+00
1.015810315704082312e+00
1.042191616342049931e+00
1.073584042429717833e+00
1.083744398295006794e+00
1.018643428729467448e+00
1.092111568038706571e+00
1.058895738376356865e+00
1.094189035380983999e+00
1.072222389645950402e+00
1.060507668498035239e+00
1.046782203612437456e+00
1.045245771560032511e+00
1.015259838307311258e+00
1.014221126897395964e+00
1.060575440329506014e+00
1.012176230957214873e+00
1.027984734298377445e+00
1.050807323842881891e+00
1.088340905908889766e+00
1.072777891321227361e+00
1.012525884374686269e+00
1.069911497580519066e+00
1.054956357758547014e+00
1.040058190722118692e+00
1.058671141677391292e+00
1.003050056775389720e+00
1.037632071833809233e+00
1.007628046155441881e+00
1.081398220184587977e+00
1.005670407796799948e+00
1.050875162186459155e+00
1.096080546031133141e+00
1.017007787596338586e+00
1.008802241676811651e+00
1.070661283659024576e+00
1.019648383983483786e+00
1.022572642248297470e+00
1.007037273924868748e+00
1.010611821710774239e+00
1.039668136179264124e+00
1.048315276375559657e+00
1.021249630423343602e+00
1.001050096898349562e+00
1.091442066098956332e+00
1.071046830187553978e+00
1.081725054005867159e+00
1.043007340413316442e+00
1.032685638644956105e+00
1.089902235165037370e+00
1.073461238810573537e+00
1.043414523693319218e+00
1.093151931768273855e+00
1.045121614759154882e+00
1.074486246459448457e+00
1.018061310763928473e+00
1.082495823411799618e+00
1.056883035473714205e+00
1.057411140032611385e+00
1.045237772298405199e+00
1.016888951285828124e+00
1.008576238590431551e+00
1.084087331094965023e+00
1.034308014738904102e+00
1.008764874086694574e+00
1.019035419753081984e+00
1.079008211598536882e+00
1.016447957184062112e+00
1.033224316398156928e+00
1.088494798302875433e+00
1.084447906957597851e+00
1.021925703072465774e+00
1.093682167353272172e+00
1.049398451303183544e+00
1.030222338618328903e+00
1.067163801756996433e+00
1.084766139612031166e+00
1.099984878079305561e+00
1.074264519868993961e+00
1.049851141746072969e+00
1.003136322806747804e+00
1.079239473707997998e+00
1.007477289587503488e+00
1.013539055920662513e+00
1.041310244711038502e+00
1.068868162640177255e+00
1.000138188279416251e+00
1.081870371675367926e+00
1.049803587820749451e+00
1.016700311679489488e+00
1.046015776446538537e+00
1.045534319540413648e+00
1.010983654083078997e+00
1.072430064500601299e+00
1.023051393136773068e+00
1.051941692154121810e+00
1.045997926804285827e+00
1.092005222563798617e+00
1.046368306960005823e+00
1.059842641735416535e+00
1.062388959030729163e+00
1.022336587002043773e+00
1.030012677532258447e+00
1.090184132213756207e+00
1.004208509438048846e+00
1.098910930165265531e+00
1.022582945220470219e+00
1.047006680087384289e+00
1.005208048126510878e+00
1.099675424473112839e+00
1.050800165544461429e+00
1.030475560182427586e+00
1.096459930768664215e+00
1.050913485370330580e+00
1.049240283113570760e+00
1.013626595605795488e+00
1.011270250010325444e+00
1.003047552914350327e+00
1.044558400394900888e+00
1.064417415622451069e+00
1.015538062427723265e+00
1.030337364261532995e+00
1.075673125319275281e+00
1.093063482336199765e+00
1.075157085759519182e+00
1.093541179946398101e+00
1.050495281274702375e+00
1.089054776163163041e+00
1.021947164882173187e+00
1.050475001662600327e+00
1.099311725366245884e+00
1.016458430214178588e+00
1.033275916155535157e+00
1.000991386968895336e+00
1.053719530468924859e+00
1.076962847999176631e+00
1.025409458299793020e+00
1.000913113030302393e+00
1.062493806441612287e+00
1.064876695664262352e+00
1.071691512624990850e+00
1.009121163962514833e+00
1.035870052876050496e+00
1.099557248917065966e+00
1.069446681005850941e+00
1.080616150276658249e+00
1.088668508050872230e+00
1.063415109980673456e+00
1.091212625277413695e+00
1.032482216129191999e+00
1.065694351665482653e+00
1.050926969602322902e+00
1.076154118093397560e+00
1.027076727457558958e+00
1.078525384490129913e+00
1.097541596390710472e+00
1.048631680467793981e+00
1.015896829118981382e+00
1.013971886163280045e+00
1.042712691446576079e+00
1.058473269210480794e+00
1.080160529537713909e+00
1.086288043895407451e+00
1.027402315797294685e+00
1.026528252201274860e+00
1.052025831514002974e+00
1.074558985862160920e+00
1.084600910554001318e+00
1.091213050211233160e+00
1.026554593979140284e+00
1.045464832620911722e+00
1.087449590267510091e+00
1.078499148903226512e+00
1.029053635407993772e+00
1.031512616512709979e+00
1.085238256593527462e+00
1.093945891827067030e+00
1.097363642642353865e+00
1.050026053880690036e+00
1.099046302917035423e+00
1.092742913436390850e+00
1.095081839023570369e+00
1.026540732275427414e+00
1.092282589256013958e+00
1.016584984361005084e+00
1.071007991831692596e+00
1.093906369608451445e+00
1.069716358368959286e+00
1.054605780218717204e+00
1.020041207580362430e+00
1.047768282532864248e+00
1.085118781308231695e+00
1.045423720266228873e+00
1.088402117423360238e+00
1.053489344672221328e+00
1.009190669253740014e+00
1.094729776446730307e+00
1.002124510632640852e+00
1.020708897628085143e+00
1.086567591887560358e+00
1.019016890763067007e+00
1.041559956601605386e+00
1.009093659297696455e+00
1.062009193980577137e+00
1.021619628275368230e+00
1.093030890489611773e+00
1.012533055190171449e+00
1.063645893032501455e+00
1.022957867247535457e+00
1.055850849569885064e+00
1.050088271005982010e+00
1.079845504485527297e+00
1.087828622407599033e+00
1.096117193149565683e+00
1.042933613747270005e+00
1.075880254691103710e+00
1.078026474605512597e+00
1.047996859561038496e+00
1.020252282278940159e+00
1.079357218764115611e+00
1.087462366439713612e+00
1.012627021107158853e+00
1.032211327497573938e+00
1.074199548003453852e+00
1.065557531616022846e+00
1.077399746167882810e+00
1.045182590759164754e+00
1.034580795862891422e+00
1.055670290423542212e+00
1.077893244164932263e+00
1.041623231390268245e+00
1.004324276229196178e+00
1.005060633071787279e+00
1.009840695323544368e+00
1.005509846806830865e+00
1.033251053101806871e+00
