7.745998671316306483e-02
4.710428501842915672e-02
-1.992606395289192242e-02
6.296508718284164752e-02
-2.387736662888009787e-03
2.811565783218253692e-02
2.131974627625822169e-02
-8.104426150647946886e-03
4.275334287006091194e-02
6.765908445262314164e-05
8.869985335826332390e-03
4.073830858333987726e-02
8.898315976838290509e-02
5.092870685609209025e-02
9.348726249297949209e-02
8.505602075988555333e-02
6.479053641482460102e-02
7.304959873225426448e-02
7.697820700311451547e-02
1.978342600837783294e-03
3.921392878561334033e-03
4.013691635518465417e-02
8.719401112189492653e-02
8.066187198432304972e-02
9.172238400364185473e-02
5.286537308558415804e-04
-3.923110885044989171e-03
2.427473026839661874e-03
2.780676022222857216e-02
3.310409460378944957e-02
-1.726987971347182863e-02
5.915179889470330299e-02
1.924733770329499841e-02
-1.512205882255288590e-02
-8.264764064382177505e-03
4.448071003985143435e-02
7.811194859940687185e-02
6.921022602321656725e-03
8.850329746405524722e-02
1.942629266787171752e-02
7.294555363525682956e-02
3.768954599693373486e-02
9.217857416429126038e-02
3.957618445774892246e-03
5.695516635379649362e-02
2.130060430343234598e-02
2.901422082009564793e-02
8.293777318700748524e-03
8.433162910991220951e-02
-1.474363821226166472e-02
3.913891815539964625e-02
6.315166283585187113e-02
1.545110718798056379e-02
7.209670965079173488e-02
5.745475863244406400e-02
-6.786733190728812606e-03
9.454841427623571215e-02
1.244062391475251814e-02
3.968524766246933622e-02
1.736155969368411919e-02
3.269130717074494874e-02
6.262942321759887299e-02
7.033725031469066635e-02
-6.949944933270542011e-03
-1.041216687653501172e-03
3.397565389254095930e-03
3.355520392396715845e-02
6.319197455418348874e-02
3.964038417935900754e-03
8.175217138152539309e-02
3.894789679921377423e-02
6.748133453409081717e-02
-2.602388811047129380e-03
9.573604619473534416e-02
6.073505796357936415e-02
7.700426178365249452e-02
9.442574757425963028e-02
8.751519958045533842e-02
7.723603842522391849e-02
-3.491962638720653989e-03
8.295646494813850580e-02
7.566137874685932574e-02
2.737982330943337581e-02
-1.920533935555501781e-02
9.978512620210672202e-02
5.920789271014148536e-02
5.994522583218475642e-03
4.005976871046253163e-02
-1.575113211202686103e-02
1.197353415245490035e-02
7.164845087199459006e-02
2.497836069865561406e-02
2.403662472268325648e-02
4.218772536662931949e-02
9.735986995108762698e-02
2.372260220949682849e-02
8.337755085795514609e-02
2.315833929092076318e-02
4.246847517135675376e-02
-1.119538876807529143e-03
3.049206742054024616e-03
1.654133478217300821e-02
1.934535512174622926e-02
8.689750586799109555e-02
-1.836923668683261221e-02
7.871427646880942153e-02
2.666733814628691537e-02
8.495384180065405910e-02
7.288443123555163328e-02
3.752130289505202498e-02
1.392739043530263551e-02
6.264514014082722682e-02
1.791358147474775286e-03
8.295159694612146140e-02
9.067156773116674673e-02
-4.283709216915721624e-03
7.470778471646176422e-02
1.415062726238400584e-02
5.721238247325695359e-02
7.291786904635322308e-02
-1.175213198098431708e-02
2.260637764437570599e-02
-1.409592479483211779e-02
6.535563303800467905e-02
8.085337829057484549e-02
-1.378624614537311485e-02
4.531143516332120091e-02
6.683566332968783608e-02
3.504288052400825193e-02
9.218827697017902001e-02
4.378376276865773853e-02
6.280004060488252049e-02
1.558960428899001591e-02
-5.366655202746669837e-03
3.994337415702083061e-02
7.540594478063897266e-02
6.725355142222666505e-03
4.231656065725310917e-03
4.560903910746863521e-02
-1.951591071442105793e-02
6.611974731947288519e-02
8.962945305312819411e-02
2.733216348445740088e-02
4.384223590004472648e-02
5.469130739237795108e-03
6.260907713096784677e-02
-1.443380848079074859e-02
6.459655999526296710e-02
1.429558520679830372e-02
-2.669724721445079080e-03
-1.804095218780308804e-02
7.338859811120722332e-02
2.222947335138928185e-02
6.784181842895932457e-02
9.936536883423639777e-02
9.629636473437203081e-03
-4.885127937585784577e-03
6.145259137804928717e-02
7.206503181307395700e-03
8.536511262269723399e-03
2.477315193655814374e-03
8.778648688473132677e-02
4.233282321531582626e-02
7.142893666428171140e-02
8.665418951223000793e-03
3.270310382001821725e-02
-3.660689139066211628e-03
9.832317500166462554e-02
8.988002750392498630e-02
-7.784327444375800653e-03
3.088007863428799890e-02
3.309027278796179694e-02
4.663731674632720647e-02
-1.729168055755333708e-02
3.724806078407327803e-02
2.111789591895960397e-02
-4.493332661986773613e-04
9.470974813637367262e-02
2.296092850091210544e-02
3.624125712515177677e-04
5.032121156367141968e-03
6.282409791358047058e-02
8.304149586921820425e-02
7.748019522776393442e-03
4.483650501518401943e-02
6.242816291386946159e-02
5.876213788530174065e-02
8.863852488044611511e-02
5.745904646279630101e-02
2.235167316862693085e-02
5.420760038095491506e-02
8.232653331309933153e-02
-1.611839163470636660e-03
5.148136669931500931e-02
-1.989149672111389933e-02
6.484114163194033831e-03
3.345795556602901288e-04
9.721970543376243223e-02
9.914468770535236897e-02
-2.011481641461355246e-03
4.838118362606700501e-03
9.551966547271474595e-02
5.303617243759113642e-02
4.597531269894336581e-02
-7.798331924598191772e-03
5.603972079183931754e-02
2.066640210389044871e-02
8.579053280566120709e-02
1.841616521715733895e-03
9.804822873161270214e-02
-7.205216401923477537e-03
-1.209946429702863507e-02
8.006025795281219992e-02
3.080138706187946288e-02
6.820706123479818028e-02
8.188741646184442835e-02
8.228679514221766411e-02
9.419230931697654408e-02
3.996406835901161747e-02
2.628437554870362292e-03
6.954949645012850623e-02
-6.041058288649864619e-03
6.465237437686992272e-02
6.748437600735358866e-02
6.659421382117374638e-03
4.490489530958849396e-02
3.255933756142885549e-02
-1.495769440195119510e-02
-1.034111193943247457e-02
4.694579136081090953e-02
4.352707374795176942e-02
-3.914220964351334403e-03
-1.554688367170605975e-02
5.783699093169784866e-02
-3.777938518774982823e-03
-2.865914101741726810e-03
4.213583545886953607e-02
9.232013703476678324e-02
5.619445967746196369e-02
-1.999139665695494339e-02
3.450511033195165222e-02
8.544055988057930318e-02
7.628144902331689126e-02
7.118195626066532722e-02
4.225773788926630303e-02
8.981948717609125610e-02
3.832364050762403218e-02
4.726347674434076829e-02
3.983938572405094913e-02
5.942652801567666065e-03
-1.872169315496409470e-02
5.400154602666107362e-02
-7.799976562726171347e-05
3.114825913515138420e-02
6.498377390241971696e-02
3.355047855234431775e-02
8.605399334152613600e-02
-1.774141052933553286e-03
-1.619471462596686062e-02
2.985417009251424905e-02
7.357916256528616861e-03
8.737803316065378967e-02
9.734229770431289397e-02
-8.656213404897630456e-03
4.748916653758560036e-03
-3.953586193141296612e-03
2.050914959843396987e-02
1.267643005939729159e-02
8.152082934200027831e-02
9.515338817451013398e-02
2.069932037595078808e-02
3.724061784263971164e-02
-1.583761872278966615e-02
7.298861414869080300e-03
4.143396138235473647e-02
1.924370004659487973e-02
9.113143277578301948e-02
9.038128065942918621e-02
3.041000262184908112e-02
7.317111721593114182e-02
3.379548883247626700e-02
2.635603378270175504e-02
2.829326330846397217e-02
4.966889579389337228e-02
1.576291917159986997e-02
1.802799382600494757e-02
4.042556455974248564e-02
1.306800253253195473e-02
9.419693377140216095e-02
1.555513015174428762e-02
6.847780826342771132e-02
4.064142223022780553e-04
7.940657112184719424e-02
4.847419839053457302e-02
6.500973810257354435e-03
7.389898837204372795e-02
9.007822894357818411e-02
7.342688940633855521e-02
1.378582910558174071e-02
9.422204116883672875e-02
-5.510304824991910447e-03
6.678660439033426433e-02
6.604060974170423981e-02
-3.047221808316295105e-03
3.436539713764859283e-02
-3.841066046679685042e-03
-1.907126349359307416e-03
1.448946581374269474e-02
9.434395931215609765e-03
1.352363392066517969e-02
3.622412900209032172e-02
6.284250937852395302e-02
7.334900959484136340e-02
3.392882608066135480e-03
2.336489044177100446e-02
3.674140769813741270e-02
1.168794038796185444e-02
1.576378570546304106e-02
6.931769431046064245e-03
7.666792628800615794e-02
3.823162043856481729e-02
7.175225006883133305e-02
6.339782693770873445e-02
9.068140027539640935e-02
8.630003700722629900e-02
2.312011942160333358e-02
3.227598648606927467e-02
7.220248388337410783e-02
7.038285719936740459e-02
-1.909583950592933649e-03
6.657185044960267639e-02
3.847739849802309098e-02
5.999484498973389757e-02
2.866086322952250340e-02
8.834669910514066082e-02
-6.521367339177007796e-03
1.520764269848435060e-02
9.678300491135446992e-02
2.350821422081227074e-03
9.426989641074653981e-02
2.228534128660331418e-02
8.707093366472390406e-02
8.858935974333503882e-02
5.990316779186290186e-02
5.001384869229819063e-02
4.389646551595985380e-02
4.359528856404878971e-02
3.998408441528078505e-02
-1.552710463450815773e-02
8.121593041002471425e-02
7.963795458698040564e-02
6.211293743834742087e-02
8.733938988564532435e-02
9.194111487186228115e-02
2.269034011511561130e-02
2.105523796625522262e-02
9.956214368882924937e-02
2.666142102782288401e-02
9.262686832251113001e-02
5.511076032055721441e-02
5.643125226408379769e-02
-2.502559430527191708e-03
6.539472153734626758e-02
8.724106052275149015e-02
2.135144033279303896e-02
4.250351616636338647e-02
3.227469746251832028e-02
7.562141178074106851e-02
6.432116616687945376e-02
4.770212793652935102e-02
-2.928800251625580248e-03
9.525687403764845906e-02
6.819689173431432716e-02
4.185537892696607198e-03
9.508252999279610818e-02
9.125022447785702262e-02
2.111050231027824034e-02
2.586521727868009921e-02
9.001594034559662338e-03
2.715747936387395700e-03
6.422575495152141323e-03
8.675841516480985172e-02
1.567471380483148949e-02
9.480840543095446493e-02
8.751953864832573426e-02
1.586217730046881463e-03
4.642346941414229877e-03
7.628703760285883428e-02
2.613705037943157491e-02
3.108270906258546115e-02
6.533003781963192536e-02
-9.466971624629619969e-03
-5.937426602011165733e-03
9.793983723937342567e-02
3.881570390300977114e-02
3.249056920143392202e-02
1.082332225059375388e-02
7.093550333719736423e-03
8.354177465099706101e-03
1.957268422154955292e-02
4.860960020772887857e-02
-1.553746899978397482e-02
1.795704469805544171e-02
9.427671017831953937e-02
5.160611078849562661e-02
2.941241127213311754e-02
1.566085356741146392e-02
1.899337327966398384e-02
6.187995894847045375e-03
1.388135323275072400e-02
1.265529166290382465e-02
4.067811019325748290e-02
-1.764072097200194630e-02
5.019828686900626447e-02
1.417324909299168614e-02
3.152310853178885708e-02
7.491343351839727105e-02
4.753203583397881682e-02
4.004391297825836415e-02
5.333881499749007493e-02
1.339984691734661532e-03
5.570326488459665520e-03
9.624329856874080935e-02
2.675174754844063599e-02
9.347313339899507301e-03
-7.306806434925676094e-03
7.574226173596740330e-02
6.015368415416867676e-02
4.380886320273577605e-02
-1.491654984026858158e-02
-1.980518590248154381e-02
-1.977710918151021069e-02
1.081692653612895821e-02
1.035656730944536918e-02
-1.333486183997309449e-02
5.155374495360322273e-02
7.248142056627378260e-02
7.193771628477374502e-02
2.368648031651998317e-02
4.805895712216178006e-02
-1.125619641429882918e-02
3.670055357109676397e-02
4.355671840169493547e-02
-1.842707235735059970e-02
6.506611282271461405e-02
-1.256849301003985092e-02
8.639599615875266647e-02
5.400939237945710791e-02
7.448024700608500692e-02
4.252812105313594215e-02
7.143099362302898769e-02
9.133421761049116683e-02
-1.866088684517238153e-02
8.808615434795739885e-03
4.255131246902343900e-02
1.338196219941907225e-02
6.780790232250141769e-02
3.642785505444641470e-02
8.668356661267816177e-02
5.193149095608269594e-02
7.971728011463936892e-02
9.504935412374123510e-03
8.704060672483941719e-02
8.154831194616701806e-02
6.793647327604793174e-02
1.120880477158623864e-02
6.686310888533629482e-02
8.748021684760340366e-03
1.908291962165137648e-02
-6.812364193935462747e-03
1.977395414655833475e-02
1.891005782067263150e-02
9.111659183313465526e-02
4.617988385753180047e-02
9.913632425924999436e-02
7.498962576588699691e-02
-8.461709627765134564e-03
2.408838447450417988e-02
4.057355323315257889e-02
5.610615734248439179e-02
6.294977209708213506e-02
-4.047682470449849579e-03
7.841458868231298424e-03
5.707282875570229841e-02
1.826237644532713658e-02
9.382296879931366351e-02
9.978831752072588046e-02
2.073810035299229401e-02
4.145661210168016808e-02
2.704460332587606611e-02
9.440684211072558618e-02
1.578828906096886933e-02
-3.970727637125463783e-03
6.094689475960611558e-03
3.591191597383586176e-02
-9.513287338929145645e-03
2.734450717775580367e-02
7.306271735367304843e-03
8.681405776992227180e-03
4.618027210121497528e-02
8.192117560015756139e-02
-1.186021325369594585e-02
2.885344242840294157e-02
-1.551200038507348153e-02
-1.054175474239272582e-02
9.951230148771483819e-02
9.390882454392510126e-02
1.806303663948183313e-03
-6.010666058758568769e-03
8.824433348652214321e-03
7.386771803812364201e-02
1.764678579011806983e-02
5.336007546278842550e-02
2.673489269671337418e-02
5.669598994240497569e-02
7.625244970324165927e-02
5.637890298248608711e-02
-7.428441284826864388e-03
3.207690490856589249e-02
6.483051052081072185e-02
1.379497975729686646e-02
7.705702115838654331e-02
7.344882058093518684e-02
4.244922408948897247e-03
9.217538209946875283e-02
8.319356354398499409e-02
5.079529336758357994e-02
8.845570779292023789e-02
7.707955653253215078e-02
4.769457328481231662e-02
2.689324437761909936e-03
-1.734769412197988830e-02
1.859778812179617782e-02
4.784170039487039422e-03
7.181695904928486751e-02
6.972587742633798435e-02
1.094310974244751267e-02
6.517636035993543131e-02
3.203150670269171163e-02
3.493390026941749910e-03
6.194216339528053894e-02
8.171381721759164718e-02
7.857390606046958659e-02
-5.458082323801963925e-03
-1.498915071761236159e-02
2.031804119111718307e-02
3.110205475381547582e-02
1.587350248434838199e-02
1.783833527327860144e-02
5.756596619076837645e-03
3.799778498367013813e-02
-1.281155355576618290e-02
-6.113655076144773604e-04
8.923197442425795378e-02
-8.731016378573718678e-03
2.313959180573239502e-02
8.126384543137332717e-02
5.972048813307682946e-02
4.906494853600334993e-02
6.396378206868863492e-02
7.089389057048318954e-02
1.179388854903813330e-02
-9.803753144951720885e-03
9.286650223521171477e-02
8.525885733689986257e-02
4.793085158059033624e-02
2.727907910693092366e-02
9.556753870610287804e-02
3.799853140535407181e-02
-9.546498820446900138e-03
4.318582688303307382e-02
2.773472038601522069e-02
9.553143767649736884e-02
2.155750526211401910e-02
9.034787364770289347e-03
3.719610080683949382e-02
8.351263483248411168e-03
5.204408572798303878e-02
3.032706267315115820e-02
5.305217513685962782e-03
2.731503587832228089e-02
-1.467895427870905337e-02
7.347611338812097548e-02
8.320006597623875316e-03
9.961468716392797573e-02
-2.973305409963267198e-03
8.728867214651804540e-02
5.262224303712521867e-02
2.454238332287178928e-02
2.462911047464239403e-02
5.434079509329425850e-02
-9.228924466203282037e-03
5.898525009044412737e-02
-1.659715290430309464e-02
1.546745617635617367e-02
1.992576206982605083e-02
7.684311220445262658e-02
3.816521374686740464e-02
-1.468060744747875720e-02
9.593965180476451970e-02
-1.640358890211491769e-02
5.822262912062346751e-02
1.977052526630690768e-02
8.818823055545782497e-02
9.730996779728787183e-03
7.859839783727286255e-02
2.507149662672003218e-02
-5.998771994217987416e-03
5.572601267046004003e-02
3.369954922037414480e-02
8.393221870890605479e-03
2.187129639231190012e-02
2.565309843898924344e-02
5.113068627292848001e-02
6.884064844296182428e-02
9.355817289392706626e-02
1.464631997880945849e-02
9.702353469372018702e-02
8.027941305710942221e-02
4.764325730290060179e-02
-1.435141787329826009e-02
8.807016010827218438e-03
2.405569245109637558e-02
9.176994289633284840e-02
-8.257393894298239653e-03
4.390950274017575705e-02
-1.018304259283163080e-02
5.480819732365417585e-02
8.694728416971043983e-02
-1.536695283892517902e-02
1.961353694024966718e-02
3.474968291645171709e-03
1.137133181463049689e-02
3.512469574622049950e-02
1.816564733060822487e-02
1.324124178866998777e-02
8.877228295007447145e-02
3.625480676001018032e-02
3.285989036502269534e-02
9.006128524774878463e-02
5.752824666593868430e-02
9.718846542149640888e-02
2.954730106035616602e-02
-5.334110855353832448e-03
6.612320099548030239e-02
2.983507141444744284e-02
-1.043989746358485460e-02
-1.178321840169739912e-02
3.261219284136537833e-02
2.312402031881326606e-02
5.103819925078115216e-02
-1.774242638966323782e-02
4.418558363959289303e-02
4.122866573483560670e-02
8.150126037804371337e-03
-1.721173082591521963e-02
3.044770154649017666e-02
9.281830174287697410e-02
7.255032930094992838e-02
-9.874422062169730188e-03
3.970915560216523033e-02
-7.373948410131067957e-03
2.024813997228630189e-02
4.682999157277463464e-02
8.219321333540334507e-02
8.225115521026919729e-02
6.200944653858560252e-02
-7.453772038490633425e-03
1.491388421990753541e-02
2.870030984332087517e-02
6.788767660046192420e-02
7.952379814657446755e-02
8.435463219701186399e-02
1.791634448074540600e-02
1.330407697889441840e-02
3.714431143467078478e-02
8.754595476075163751e-02
5.093731564917673704e-02
-2.930276018831314000e-04
-2.465085761991659546e-03
-1.154699418173097888e-02
5.096996396841656229e-02
3.117660947466699070e-02
8.380872897786325465e-03
2.268971028419531147e-02
-1.448101479384239151e-02
2.142570001861458795e-03
1.536611756833651879e-02
4.114503897931755250e-02
8.342971074169844986e-03
4.020388406653922775e-02
6.896255225109373943e-02
9.908052836193094459e-02
4.077507806985769534e-02
2.447693611880160172e-02
4.622152851430536002e-02
8.576956423507568761e-02
-8.246003996391606389e-03
6.526563534615205386e-02
5.317909404271298213e-02
1.020470436626591884e-02
2.189471272506834584e-02
4.743523732093123113e-02
8.889957791257543929e-02
-1.272329576206559371e-02
4.805319090425091977e-02
9.872546715265996531e-02
6.137812864422943770e-02
3.153020684970719856e-02
-3.756877901156162325e-03
1.834832790342605727e-02
3.682778939316525002e-02
-1.995597191320043831e-02
-1.600410588951137192e-02
2.567166484851533120e-03
6.506376726446513881e-02
6.483084866069924179e-02
6.687745868459941956e-02
6.236134607279243680e-02
2.904136898474154321e-03
6.815893824471093432e-02
8.885981473498567873e-02
2.092212534463361653e-02
4.657557248803580185e-02
1.515918129719492566e-02
8.326887150836408125e-02
-1.345644987253539863e-02
-1.953568754637146840e-02
8.230536202801419510e-02
6.529454176743387794e-02
-6.762873310288316717e-03
6.170904849557141969e-02
7.841814893218057581e-02
9.206747134606714511e-02
6.314828290331074567e-02
6.605502473362768329e-03
1.385104761295397405e-02
-1.591728027807290044e-02
8.488196471751760508e-02
-8.667852344118379820e-03
3.633397386975296961e-02
8.870812865228430710e-02
4.981313225655906174e-02
7.588140653980963990e-02
5.839926028235657707e-02
1.649100017846644520e-02
9.136651190253006205e-02
-3.124335506672355767e-03
7.325360319752891036e-02
8.070476675439063052e-02
9.343774845069453827e-02
9.646080554172667409e-03
8.393403137179357432e-02
6.537461606347144683e-02
6.871823164142244061e-03
1.574211535785154450e-02
-1.956869225722407055e-02
8.580708260685614153e-02
-1.610108256521767395e-02
-3.521885031916322656e-03
3.882512700243623271e-02
-1.922007055101618289e-02
6.146564623432941576e-02
-1.964844515064645067e-02
1.433528234460326040e-03
2.880509279505337819e-02
-1.447331775441293086e-02
9.130283434684606514e-02
5.873974245538170214e-02
6.196808519765949208e-02
7.868925619066742538e-02
2.078845004276351147e-02
-1.785175597742339956e-02
9.555869525364340394e-03
8.923654263196138803e-02
8.151277610870601154e-02
8.817634963812716331e-02
2.918224213857957203e-02
7.058101987145572187e-02
2.916053125188677528e-02
2.392368260110573977e-02
-1.107494989904402038e-02
6.952838237107568375e-02
-1.753810541228284156e-02
9.844308742393823031e-02
2.361034670664027488e-02
1.445367180506615043e-02
7.075607969869845970e-02
8.559173177582990455e-02
2.220046602279630507e-02
2.728426445057753266e-02
1.872309044548117751e-03
-3.899948928542014415e-04
3.107623601449971754e-02
5.356044236958047711e-02
7.559744154069454602e-02
9.420745737374719431e-02
7.621474605119516604e-03
-1.852591313729778921e-03
9.516892260703884582e-03
8.874405136872601935e-03
8.356982273233549974e-02
-7.240650100531173181e-03
2.203491500688902968e-02
1.291471645859172332e-02
8.519078725968155796e-02
3.094640661571029794e-05
5.277830471880323726e-02
7.429340735630232673e-02
5.877435632773569951e-04
-1.613760582155829987e-02
6.113616214709419183e-02
7.993954579264322957e-02
7.978709508587318588e-03
8.320707587814479833e-02
3.822500878140432101e-02
1.105820641693100806e-02
6.956091190445277961e-02
9.798902806862715142e-02
8.783066489921341480e-02
3.442684836602404042e-02
1.512797166624136116e-02
-8.326887636116428459e-03
9.211545690684061483e-02
6.495560706268263540e-02
2.072871458774273520e-02
1.338271253952254616e-02
4.390556562112978012e-03
6.538536636595426721e-02
1.837357491230913811e-02
2.239192081768908923e-02
7.550719302927789978e-02
2.879799480189404112e-02
8.085786438128006459e-02
2.487451258933186596e-02
8.009311436680403851e-02
8.604322605655084777e-02
6.755137645024680837e-02
3.171864750259385801e-02
2.157251242023992474e-02
6.072590171454972374e-02
2.630325236504331768e-02
3.730754381863858604e-02
5.752777185679942840e-02
6.194223182000625771e-02
2.166070390416790017e-02
-1.633238436894169157e-02
1.336044629178433432e-02
8.084935306675053446e-02
-7.905828316920939305e-03
2.847322261789001288e-02
7.279674193860397047e-02
3.142328705960513446e-02
9.335996480719031820e-02
4.848860874259496023e-02
1.763807381138615335e-02
9.628059262649341088e-02
-1.289538721731156579e-02
9.399296729642769854e-02
6.543475620131225523e-02
7.019618123045415214e-02
6.643068866998938504e-02
5.271283579704706679e-02
7.241926009193380698e-02
6.701073405312747699e-02
-1.171049940154242006e-02
-3.670393789729529260e-03
2.130653665905596697e-02
-1.044882086883511772e-02
2.076425705647233846e-02
2.609707042364633675e-02
5.583091713116133947e-02
-1.606300619790340667e-02
9.176798860267053326e-02
-1.567220344371371421e-02
6.735167318712263762e-02
9.324322150355870975e-02
6.465884337161671713e-02
-1.945335364882514601e-02
2.186598293416726693e-02
-6.351562062641020676e-03
4.644716258666616027e-02
8.142571076517282624e-02
8.767794031978080882e-02
-2.435909065387455857e-03
6.379534725372107418e-02
6.517069222267493633e-02
8.004792736192789526e-02
7.420942776132792573e-02
1.923918132798052918e-02
3.368113617256340842e-02
2.663121851596735382e-02
9.292353412975198901e-02
-9.388610258527467153e-03
6.475226844756511169e-02
3.770012143469507471e-02
5.622561529192182661e-02
9.433409239334765439e-02
4.462906346502519550e-02
9.862056220044142230e-02
8.496197436772816303e-02
3.964946635595083257e-02
7.320235427977601905e-02
2.809338556531172301e-02
7.756805077664168796e-03
7.166532640572678692e-02
7.589545786650368775e-02
7.105518737178062594e-02
9.462738445177469593e-02
4.755160803627944688e-02
-1.092068641424806877e-02
1.215816264348071676e-02
3.337016211627481799e-02
4.103652619510811395e-02
8.848912135621002373e-02
-1.677748434226039240e-02
7.213354032659359538e-02
4.853747953060427722e-02
2.755802908170127200e-02
4.678282591049837125e-02
5.880069494366152449e-02
2.024426309472914312e-02
-1.770847505610111117e-02
-1.808626054776784481e-03
9.075129334636725803e-03
3.011441816163265214e-02
3.936732612484274141e-02
5.971655833134421887e-02
3.042167793786400634e-02
9.820214188997714033e-02
9.279958396741101734e-02
6.421742795115102653e-02
4.512836513909210256e-02
6.910386722676548077e-02
3.607584171894075847e-03
-1.713607903274065591e-04
6.643941005444357895e-02
-1.427965517442953206e-02
5.714917672862174225e-02
2.041630616723365960e-03
3.342919221409793029e-02
3.312429697109285642e-02
2.999919977761349513e-02
5.033762720271482000e-03
6.629087226551724776e-02
1.557946400839869613e-02
2.805700397703575835e-02
-5.387961202774071978e-03
-1.285592143898108344e-02
3.673444472742914968e-02
1.964455075029576323e-02
4.999617372519619962e-02
8.251797237872304791e-02
8.523146764817490784e-02
-5.437003805178130048e-03
9.799909129331545177e-02
7.758464501201768615e-02
3.092074062576182988e-02
9.055133909353825505e-02
6.667422362843024308e-02
-1.932502576953083057e-02
1.617407435125877910e-02
7.713377321707959311e-02
8.446001859432175629e-02
6.513045924509706930e-02
9.859524644032310881e-02
3.598026915474404619e-02
3.330929349161994291e-02
7.379170660515160796e-02
6.522277655184313683e-02
7.042618670130798564e-03
5.520418700185755756e-02
-1.184915394629688229e-02
9.208122244858864269e-02
3.023478482953626326e-02
7.981702933739554667e-03
2.210584119442645865e-02
6.962057832800418178e-02
-1.179445654682167825e-02
2.605438278154767820e-02
1.314776424299172672e-02
4.331237463895433459e-02
3.535082450453701230e-02
9.566090113779601722e-02
-5.486822310910820233e-04
4.349097625483268337e-02
4.952596248335089379e-02
9.125377314038747578e-02
-1.573061868191766299e-02
9.032049146227857928e-02
1.197244674240197440e-02
9.164280692244755611e-02
5.865565818508688967e-02
4.870096913831692409e-02
6.942339855550969108e-02
1.642860102090929267e-02
4.103709720735645994e-02
1.447146355762607764e-02
-2.833941954303323407e-03
2.604336260741962547e-02
