1.007437629196379136e+00
1.017019251619386555e+00
1.007637821372496800e+00
1.087263422120241296e+00
1.099694434588333491e+00
1.085323046076451803e+00
1.016148561881212942e+00
1.028823084898280893e+00
1.034157024327953867e+00
1.090838597280756828e+00
1.090289022745070557e+00
1.011746428991336488e+00
1.060982138556427534e+00
1.083515728070036266e+00
1.005133173473261810e+00
1.085204693189181890e+00
1.056132245157640259e+00
1.095564170917258773e+00
1.092428810132221040e+00
1.022209203953168943e+00
1.013377831304459020e+00
1.077755387726409442e+00
1.084228986309664355e+00
1.029471134466917626e+00
1.011154578883300958e+00
1.015686983405025279e+00
1.053870108564223695e+00
1.037602335539808962e+00
1.053071725081122789e+00
1.048917963487796756e+00
1.009684135652682446e+00
1.036457625817139405e+00
1.038331432121979203e+00
1.070189251415409659e+00
1.077857533597477602e+00
1.030193911319223998e+00
1.071085693767863445e+00
1.055936141212810764e+00
1.021756817058607547e+00
1.085108222984760618e+00
1.095808404956882143e+00
1.077180749183208608e+00
1.092420342273855205e+00
1.080275852985210783e+00
1.051002959808678305e+00
1.070437555140816288e+00
1.093360217364834241e+00
1.048565202729107027e+00
1.083709929570110031e+00
1.096369537368940605e+00
1.096399388620330928e+00
1.005519307021955910e+00
1.037401971739631668e+00
1.086682150703598193e+00
1.018308723136631233e+00
1.001521903560171678e+00
1.045694630392976832e+00
1.039338674263464712e+00
1.002059096680267380e+00
1.027806748154015404e+00
1.053267721419418601e+00
1.048966245310777090e+00
1.066794505614286237e+00
1.098353881341203486e+00
1.013336581096833333e+00
1.005853446579999977e+00
1.032815824838208218e+00
1.041065080590611203e+00
1.056420804139676539e+00
1.021054894612466901e+00
1.069004058463515650e+00
1.023254288278265589e+00
1.063845983210973900e+00
1.014633799364431210e+00
1.050683075031602076e+00
1.097410479918077719e+00
1.017265746197971499e+00
1.007592175578660987e+00
1.022285176398141093e+00
1.015526582787465992e+00
1.099884332834319745e+00
1.059001092354325602e+00
1.092265733006701600e+00
1.075306098085090811e+00
1.062382918496670658e+00
1.097859996635051960e+00
1.083352570550407012e+00
1.094423505296885146e+00
1.051413666175916140e+00
1.073002813113564269e+00
1.099024414533175564e+00
1.046241474996138621e+00
1.046351965642713155e+00
1.056819423444937955e+00
1.099736589014873367e+00
1.040168578987004988e+00
1.012317166460610984e+00
1.006320145456991888e+00
1.068552567586998459e+00
1.062676153868037376e+00
1.009242295055072791e+00
1.051525405134060787e+00
1.070455400484187747e+00
1.086808152733061750e+00
1.067820926472231369e+00
1.093329814215459272e+00
1.095154216549406145e+00
1.097896770616372697e+00
1.071788376438592705e+00
1.047425485069995776e+00
1.038063665048349460e+00
1.018653719661505086e+00
1.012226719207987902e+00
1.002902484012717421e+00
1.007232148845643493e+00
1.026546936878493410e+00
1.067763017670816605e+00
1.097669974477218258e+00
1.003075040454232791e+00
1.024384252058699429e+00
1.097608841952647296e+00
1.091944760127275371e+00
1.011799583871882957e+00
1.065114420385067762e+00
1.068863107840681170e+00
1.042133676513071316e+00
1.043074116897195092e+00
1.098793005919930010e+00
1.039280145698657121e+00
1.066536166039536937e+00
1.074506834389696186e+00
1.011892512986962922e+00
1.074579047537232324e+00
1.021160582699993435e+00
1.063347434430404803e+00
1.044002456429818704e+00
1.095726205625298766e+00
1.092609633718361950e+00
1.014497533009331542e+00
1.086666162058466778e+00
1.005227803232610739e+00
1.075782645032357099e+00
1.052849025720758114e+00
1.055074845726910127e+00
1.015886298173031443e+00
1.032504496244305958e+00
1.006972989622213710e+00
1.072221798136662629e+00
1.030481269867060679e+00
1.074019899454687899e+00
1.085254840939315679e+00
1.031110314024104024e+00
1.028629881993287309e+00
1.044058499212284552e+00
1.046072939311158967e+00
1.041781020354395570e+00
1.039063356606580779e+00
1.099783838976655881e+00
1.036869992905792515e+00
1.090665874318052841e+00
1.025427362002078402e+00
1.092958471120236474e+00
1.075349881615355940e+00
1.012701594355976731e+00
1.099587093978362295e+00
1.061447729442758448e+00
1.078973306912126118e+00
1.025572771420129037e+00
1.080777433418551814e+00
1.085870358696326754e+00
1.090209730033937507e+00
1.028047966436613780e+00
1.012338655769076112e+00
1.069964985268692992e+00
1.002722872475897642e+00
1.021892871591900454e+00
1.054144984256044193e+00
1.057214037932585171e+00
1.011686570612126523e+00
1.035834712286325843e+00
1.099593650298144265e+00
1.094193358625571433e+00
1.098062329524798653e+00
1.056310966300215926e+00
1.028015872662989771e+00
1.062238280416879288e+00
1.094497504358910689e+00
1.050256889050636522e+00
1.087131051372216772e+00
1.092943356140904765e+00
1.084589072456454861e+00
1.060624642631650350e+00
1.009915793482431434e+00
1.019455003599329723e+00
1.081351044888785085e+00
1.079311681415113355e+00
1.013684671470068910e+00
1.002716201277211283e+00
1.052959027222935884e+00
1.030149230459376453e+00
1.099656615256949355e+00
1.097633408796061971e+00
1.014400817603706484e+00
1.062719765306191277e+00
1.052113452182331210e+00
1.015817375050961591e+00
1.042375616836437535e+00
1.014668150104679700e+00
1.097929774963629201e+00
1.082812716281611021e+00
1.081329373762106583e+00
1.081707304810787251e+00
1.053288072860970370e+00
1.009262372703829458e+00
1.009000573897782083e+00
1.069819064424471389e+00
1.053554527639716021e+00
1.084525550935556470e+00
1.062597562419377528e+00
1.060936611002018415e+00
1.070696829898291291e+00
1.065920012098589664e+00
1.053474888890312711e+00
1.040022429006213667e+00
1.080465703390971921e+00
1.022671065368415011e+00
1.055361009173289899e+00
1.035504976673535138e+00
1.011122610851277193e+00
1.030138171582868800e+00
1.075482746035357318e+00
1.061964702678463102e+00
1.054227232083963628e+00
1.097916386577865389e+00
1.046172953164944408e+00
1.004041850302229477e+00
1.037370982733816005e+00
1.093326527169299345e+00
1.047375652280250646e+00
1.054536269922107472e+00
1.040231671364428179e+00
1.037792437553689995e+00
1.060386516509292942e+00
1.086423845182560299e+00
1.046222337177524331e+00
1.018758433922950957e+00
1.073788652975879110e+00
1.067006535027898328e+00
1.095428142273132899e+00
1.051318380479023373e+00
1.075978519126127519e+00
1.056761082501040061e+00
1.012130742723929222e+00
1.060369997645319584e+00
1.035938012056126345e+00
1.071575393129181819e+00
1.007160562018097893e+00
1.094033082134145296e+00
1.029719675321675298e+00
1.057416676713141213e+00
1.052873732155752196e+00
1.053412759449209535e+00
1.083116616854722603e+00
1.000795329249249521e+00
1.077282586652994700e+00
1.042526295669049752e+00
1.059624448597166424e+00
1.027439787907367785e+00
1.004328443996173714e+00
1.022798013372766768e+00
1.040891088973401768e+00
1.001578107060522083e+00
1.024811182958895062e+00
1.014053308376251072e+00
1.060629574728787050e+00
1.092947949397665486e+00
1.043711265585153258e+00
1.069127143530663293e+00
1.031767448693940770e+00
1.097412741064508701e+00
1.049145995227717787e+00
1.009287906645433219e+00
1.056642873973778096e+00
1.008322806798235716e+00
1.064343471252806816e+00
1.080347665823142789e+00
1.092036936398416813e+00
1.002016774001303290e+00
1.079344634607742881e+00
1.036778042373898145e+00
1.010596303123547868e+00
1.007000996277330973e+00
1.054418306045603604e+00
1.052079868635878990e+00
1.092676184588527111e+00
1.070077530023082035e+00
1.092429161294348638e+00
1.029914114930184699e+00
1.074846688556880370e+00
1.048676954520909588e+00
1.091700150571518035e+00
1.083752567379451248e+00
1.089335174128150507e+00
1.052405913201901910e+00
1.086012937235653730e+00
1.089409620318438021e+00
1.050498006778363136e+00
1.001182179147905416e+00
1.060205074686907167e+00
1.070552019462869708e+00
1.076241206089753710e+00
1.051427563383713348e+00
1.065158578477139129e+00
1.091346320197651432e+00
1.067270529043640614e+00
1.052511602300751248e+00
1.067394379410542271e+00
1.066906954290231635e+00
1.093094655731764009e+00
1.078679681293865711e+00
1.029948565338617117e+00
1.013466997367877598e+00
1.005716013637843353e+00
1.016718411628749763e+00
1.010635582997197357e+00
1.051128281974059053e+00
1.040850258237030479e+00
1.003947918460637911e+00
1.037183481944113028e+00
1.067722853079753120e+00
1.000818077033272635e+00
1.054172940377566592e+00
1.075560030185982230e+00
1.092490410704822557e+00
1.027142694745783125e+00
1.055208101152895095e+00
1.044469077932490553e+00
1.006512168981899213e+00
1.029040064495083451e+00
1.082288638752821885e+00
1.015210904851304274e+00
1.013126634585772123e+00
1.001682571021482504e+00
1.065636845232536434e+00
1.040544761414227137e+00
1.081171879972854466e+00
1.047021853339600517e+00
1.031924746085131961e+00
1.022513079974717298e+00
1.033127338460286593e+00
1.006771331740834441e+00
1.011029611757138236e+00
1.050816774823938760e+00
1.072755743593197808e+00
1.030309094707836826e+00
1.022314002159265600e+00
1.050764655512555379e+00
1.096319672181802485e+00
1.012474277293743175e+00
1.060304407221897671e+00
1.069162124056563634e+00
1.050747567033716079e+00
1.042609917572759448e+00
1.063222178474522384e+00
1.042943738393748543e+00
1.053018026984182454e+00
1.029441651398066870e+00
1.050553329976080308e+00
1.071687838595445141e+00
1.098585909662486149e+00
1.065414875515277027e+00
1.002877576834716233e+00
1.015639306771815464e+00
1.057241259294284808e+00
1.086548144461169318e+00
1.034971650235765317e+00
1.000964574293391030e+00
1.076627273471614687e+00
1.001513457412129160e+00
1.093020617653982507e+00
1.019172362992521785e+00
1.027732529678862194e+00
1.000624498833383447e+00
1.096578501602340605e+00
1.050294850992879336e+00
1.020378610240749051e+00
1.086171616782909854e+00
1.026527228736850983e+00
1.064003934077903057e+00
1.071742775780273771e+00
1.074483007144412916e+00
1.055198539307405703e+00
1.032229941562632813e+00
1.085124124659384792e+00
1.069458807258860444e+00
1.042190462083141256e+00
1.091024293516511756e+00
1.031616733762412474e+00
1.028082486974489784e+00
1.043713372645415527e+00
1.007298106993543163e+00
1.045743094872298329e+00
1.047752268928184627e+00
1.048813730689494461e+00
1.099571618486721469e+00
1.085438181536112712e+00
1.004387409153087329e+00
1.044708488038549765e+00
1.044983556729416563e+00
1.034877050790824038e+00
1.023368755788720774e+00
1.057330373070171525e+00
1.030409761033182603e+00
1.011244500551900183e+00
1.090552976044211420e+00
1.054532723107663106e+00
1.003543070328197118e+00
1.003236496773243669e+00
1.025639186337733211e+00
1.051584287306440713e+00
1.053925562625971812e+00
1.013076652026164259e+00
1.018403291107836894e+00
1.054499056279781799e+00
1.035011882600338939e+00
1.018166738804186400e+00
1.067110964696910802e+00
1.066056178718247649e+00
1.018130104679148440e+00
1.031102817820687134e+00
1.057709807267048552e+00
1.037854148561804246e+00
1.080003482111575153e+00
1.071013240257349786e+00
1.000470552548832437e+00
1.092223785213808362e+00
1.083088260624510024e+00
1.078330547187297928e+00
1.082748059843631205e+00
1.092113439057100122e+00
1.091302679354963834e+00
1.087474914078708332e+00
1.010390488772926032e+00
1.004248882977685220e+00
1.094705267328535570e+00
1.068876489709293942e+00
1.085266154956790796e+00
1.063982088567364537e+00
1.096364362993745400e+00
1.079835588283802661e+00
1.053495697241737750e+00
1.009541451520139965e+00
1.063377181470106514e+00
1.058022842881214176e+00
1.005342811689369675e+00
1.037269388292018535e+00
1.052193561830363056e+00
1.000663312586935971e+00
1.082110591610089934e+00
1.054205226086302849e+00
1.028301542255149803e+00
1.031742307929838232e+00
1.038675412331303560e+00
1.042708429945397919e+00
1.093628754988230423e+00
1.034810463534155733e+00
1.056861117996245270e+00
1.096392604578770635e+00
1.036545046837579864e+00
1.051584135378457185e+00
1.029323986052654849e+00
1.070599190432875769e+00
1.069598615426416544e+00
1.038354037760775395e+00
1.027907741696348243e+00
1.016718724104255678e+00
1.084368115130828203e+00
1.062761279388841906e+00
1.033908564070147085e+00
1.084892452042577782e+00
1.019673094721486706e+00
1.093679753371527230e+00
1.057724137011899046e+00
1.031284945387356045e+00
1.077941438530548357e+00
1.072694536177232649e+00
1.090078424884114883e+00
1.037384298646147451e+00
1.059745169509732632e+00
1.093186301403902716e+00
1.027783662552958388e+00
1.035421446047279703e+00
1.020328351076273066e+00
1.061800315458901744e+00
1.054384193258932179e+00
1.088822707484762731e+00
1.059496072255683874e+00
1.063115931838625183e+00
1.079883061200446415e+00
1.001096674505494777e+00
1.057136599649621589e+00
1.026432652407927026e+00
1.024003533147748168e+00
1.092872029698755743e+00
1.084165784372593810e+00
1.027728271091532974e+00
1.002457765008670565e+00
1.058781271783148847e+00
1.090618659798650469e+00
1.030387359778941248e+00
1.082282637122247815e+00
1.054203858900295776e+00
1.015389965486199308e+00
1.099078166644816390e+00
1.051209252344232237e+00
1.030979830580621037e+00
1.071029491832498737e+00
1.026472429702647959e+00
1.046140675530585762e+00
1.016293527545025110e+00
1.020466254615045809e+00
1.081206692739507202e+00
1.027327746598821534e+00
1.063336059028633374e+00
1.016855095220497995e+00
1.000732970576573955e+00
1.015122841283517596e+00
1.028547835067703087e+00
1.024194641049862353e+00
1.057306295266380536e+00
1.044289895329385098e+00
1.080130089789940850e+00
1.091348139950705232e+00
1.034131734112526457e+00
1.005902297532038192e+00
1.015786519910311103e+00
1.058733350610303381e+00
1.094422237112764540e+00
1.006564807639669823e+00
1.035721479506126252e+00
1.053359376417964732e+00
1.070487584945636561e+00
1.041633201609258208e+00
1.034147296817625516e+00
1.013366661472975050e+00
1.050804695223692686e+00
1.031838995321127994e+00
1.007236293135274741e+00
1.088777276721643705e+00
1.076732987344871884e+00
1.070628108265971656e+00
1.095296308193386636e+00
1.076512075800730939e+00
1.073635465583177906e+00
1.066211502812153933e+00
1.082930783381088613e+00
1.055959181158565796e+00
1.053806267170521505e+00
1.005449651135846389e+00
1.032070814051688101e+00
1.001306443338832564e+00
1.066155556457247799e+00
1.099475637189416544e+00
1.059179891928050843e+00
1.040357527387528069e+00
1.052038637011081246e+00
1.043973746316070761e+00
1.031943244796671877e+00
1.039298588027459447e+00
1.077241734773606741e+00
1.085127762537721807e+00
1.061273424391275810e+00
1.024848978778598818e+00
1.078678595624815939e+00
1.045436004768920624e+00
1.087573308019091467e+00
1.085757025074806092e+00
1.078777416127567834e+00
1.068558491107596264e+00
1.040695170833682681e+00
1.096850285160552163e+00
1.077185984153230303e+00
1.078376999763344779e+00
1.087928220268270074e+00
1.060715746652346470e+00
1.024223898022191825e+00
1.039190114615746063e+00
1.036445365877046942e+00
1.043029294442789023e+00
1.084825233776310238e+00
1.055604371740620495e+00
1.027577176505504841e+00
1.093538765314234107e+00
1.088360134165464954e+00
1.087838036812560194e+00
1.032774658328027506e+00
1.083520203225358580e+00
1.090257178982716679e+00
1.026876323700727234e+00
1.056579654525799716e+00
1.038365935064969436e+00
1.057288318518700754e+00
1.093099747782932063e+00
1.078770187074227671e+00
1.032041524790462406e+00
1.095665908180247339e+00
1.071906544944927431e+00
1.039209747715193366e+00
1.015122123003429744e+00
1.049965751081582965e+00
1.048127895873199655e+00
1.073520069771525254e+00
1.066622939818711480e+00
1.063206762927146221e+00
1.030376976088682950e+00
1.043052101571775525e+00
1.003039197522469950e+00
1.024490094448678335e+00
1.081173367531429452e+00
1.094012592100661152e+00
1.022372071384345826e+00
1.076290743583183662e+00
1.059810168139152742e+00
1.008276782058073584e+00
1.052653522748343784e+00
1.007334265112319605e+00
1.056584839752822580e+00
1.031567939432012748e+00
1.024571077464625057e+00
1.095985201389552133e+00
1.023907975701954243e+00
1.000665919006944016e+00
1.048739800361684793e+00
1.062775145651311703e+00
1.078831183829756180e+00
1.071541018259239975e+00
1.020345161836772485e+00
1.071056073781368356e+00
1.067083349372480283e+00
1.029529930789888859e+00
1.087237517851801227e+00
1.029196361124911530e+00
1.060899445230377269e+00
1.090918746151170904e+00
1.085177356203457455e+00
1.045314311295980847e+00
1.007777384399382470e+00
1.044410365683517750e+00
1.041435430659247485e+00
1.005942577827005469e+00
1.031803846448961615e+00
1.023507900210480104e+00
1.021799668136196937e+00
1.037824398388085712e+00
1.000846284879924442e+00
1.089601876820456061e+00
1.037634389809540147e+00
1.005081506640821853e+00
1.015592843195850081e+00
1.002156963724311955e+00
1.098916902565911569e+00
1.096702049039981475e+00
1.034154935198905445e+00
1.094485098845772608e+00
1.033284913085631196e+00
1.036893986213750063e+00
1.047373536728824384e+00
1.072685311368167582e+00
1.030516922451062412e+00
1.072464030301640836e+00
1.084098101500594824e+00
1.055915168890525946e+00
1.077607886883097832e+00
1.035489471029226838e+00
1.061307254370212005e+00
1.053063060362996906e+00
1.005590740882800205e+00
1.095498066573687757e+00
1.088757305446629520e+00
1.035085132334997216e+00
1.073052469155471922e+00
1.062833028376621636e+00
1.044615986514135120e+00
1.006493798167945819e+00
1.072360464162110727e+00
1.019488323942928432e+00
1.046046926646295727e+00
1.026297316651402003e+00
1.050410907480531453e+00
1.000508222544854942e+00
1.084817123892610757e+00
1.020041331617131286e+00
1.023881295544631920e+00
1.020774684578200642e+00
1.071028427240304559e+00
1.002300639566633400e+00
1.042687621077653004e+00
1.073273939970928126e+00
1.040149209467054359e+00
1.071482365001830583e+00
1.067993925748747408e+00
1.015291058752242570e+00
1.038791977826588164e+00
1.025832145756030656e+00
1.002265020956162322e+00
1.080927907198793170e+00
1.008655268289204487e+00
1.017336640371494072e+00
1.083923484351461131e+00
1.090346863137701794e+00
1.094358205044686505e+00
1.027248810120412248e+00
1.065414495736048961e+00
1.054572891070532981e+00
1.047326051647439416e+00
1.077484566420633394e+00
1.006008003180981714e+00
1.086098712662799670e+00
1.074937239445943771e+00
1.063878761257964323e+00
1.045655044294367508e+00
1.098697305119683998e+00
1.003070798581114698e+00
1.017778715199866513e+00
1.041079950172752344e+00
1.059760010161358679e+00
1.054284141867202207e+00
1.081164275337597402e+00
1.024424851687364413e+00
1.025230619328237225e+00
1.095961215971752223e+00
1.007326268506852029e+00
1.089226346192899708e+00
1.013163688238766902e+00
1.064360480455191604e+00
1.016470380329905110e+00
1.071973079824950492e+00
1.004230330666446847e+00
1.057937209849086901e+00
1.043519962620803820e+00
1.084290291802344486e+00
1.037032442688246237e+00
1.040346406676164737e+00
1.015144971007250430e+00
1.097331061430787180e+00
1.024183464499688556e+00
1.086000837651098783e+00
1.005665222444122042e+00
1.018642901045714089e+00
1.071739393358024817e+00
1.072371081216591859e+00
1.005884334691008908e+00
1.008815461634135380e+00
1.036903782682814246e+00
1.048121071604096510e+00
1.081125791536541536e+00
1.024258424412522794e+00
1.046218883894357576e+00
1.058126453809542955e+00
1.086918951502655384e+00
1.057953746476578694e+00
1.019416335412571151e+00
1.008382000459001171e+00
1.033570194529766839e+00
1.097089580237444073e+00
1.057966496903884668e+00
1.012865596666583379e+00
1.013262850446105645e+00
1.084374147872873673e+00
1.002413601729671200e+00
1.083376542738806458e+00
1.033732188859004086e+00
1.038661765333207976e+00
1.074850947092131026e+00
1.037381593010138880e+00
1.013729547233956918e+00
1.010951761785900294e+00
1.005971394511161243e+00
1.070820420273423057e+00
1.088451773374512488e+00
1.031551400297419763e+00
1.083133450830909839e+00
1.025336871097755065e+00
1.078536034660424470e+00
1.003344143454251158e+00
1.023031611595292212e+00
1.065999762966307829e+00
1.047437609800824454e+00
1.078410582975762866e+00
1.043888147130300981e+00
1.097389860421684737e+00
1.070699735967081345e+00
1.059027344542984084e+00
1.032152585557387869e+00
1.078784246969747507e+00
1.035307941005870314e+00
1.005898409722112863e+00
1.025084276576796016e+00
1.086579983860232801e+00
1.033550050949157972e+00
1.055380934612950794e+00
1.050284012340117812e+00
1.004794725796024801e+00
1.033275169082210621e+00
1.058126311323296376e+00
1.006543477575665868e+00
1.061435269953109994e+00
1.097293988164912415e+00
1.051197541986047312e+00
1.065091126308797875e+00
1.034486820274879593e+00
1.039966590117326506e+00
1.005508981792759604e+00
1.032321406710805745e+00
1.054067248125605705e+00
1.000569054039010641e+00
1.006565063358386469e+00
1.062138967583489357e+00
1.004900084314329201e+00
1.038360466515143132e+00
1.021380734888230890e+00
1.080960642865045340e+00
1.002365925425805049e+00
1.038310289058568925e+00
1.089398491230944011e+00
1.009161111003730182e+00
1.040450903421348272e+00
1.037938299692761301e+00
1.051447112220194713e+00
1.051490159937478630e+00
1.048318194787551949e+00
1.008046675137135084e+00
1.006647301722829013e+00
1.047057901668182467e+00
1.058253285456569603e+00
1.044899421782245597e+00
1.019187216758067782e+00
1.081257781288442077e+00
1.042042969689808585e+00
1.038322444797112443e+00
1.056300418127020357e+00
1.082676764497018107e+00
1.017717250080220737e+00
1.092254794627806502e+00
1.013169186038537450e+00
1.009107054811552606e+00
1.018228500045528229e+00
1.028374546191000327e+00
1.092441320588713349e+00
1.034850805218807457e+00
1.032007206749958383e+00
1.023224457442993174e+00
1.045711708028635112e+00
1.015732250356156108e+00
1.072763406281205478e+00
1.082309358595907378e+00
1.070900066386567762e+00
1.091410857254701439e+00
1.028867481219626789e+00
1.048831994631958864e+00
1.029438373801850881e+00
1.013486752158973436e+00
1.097054934148414151e+00
1.081601106755025077e+00
1.002621171115521959e+00
1.088286767386039244e+00
1.058224484797531728e+00
1.073109026493368034e+00
1.088032910860377012e+00
1.024390656368852959e+00
1.005701734576659234e+00
1.034132453207565971e+00
1.092661299375059958e+00
1.023122266561597105e+00
1.098929701588642338e+00
1.047163157868570282e+00
1.098756727495763919e+00
1.091676756730080688e+00
1.023421098226450665e+00
1.003401726385076742e+00
1.068953794032234228e+00
1.040239898924281148e+00
1.000509101420054447e+00
1.032595227605364263e+00
1.008730048169508731e+00
1.098220633241778765e+00
1.071444149396914236e+00
1.003318645825912458e+00
1.038412899830624125e+00
1.021588551511237730e+00
1.055905753150179205e+00
1.079904609687513783e+00
1.087409686809716725e+00
1.057723264473235059e+00
1.056348039222589907e+00
1.045776448013347792e+00
1.031097220261572689e+00
1.071549308101553466e+00
1.064330807306629101e+00
1.072037500642246899e+00
1.071720967072338215e+00
1.016305036808587303e+00
1.096362255358898752e+00
1.059596312219285075e+00
1.098363738488350894e+00
1.070309058319258266e+00
1.031039749170411746e+00
1.037397804033506565e+00
1.041966264313784141e+00
1.005939242277157808e+00
1.073733152490469189e+00
1.017720585954292822e+00
1.059290876070604126e+00
1.055250756268689472e+00
1.010912947188259192e+00
1.037621412429034384e+00
1.076904869329673220e+00
1.086272167428056434e+00
1.042248318647315486e+00
1.035823062613542067e+00
1.008847461949570423e+00
1.020074732242733484e+00
1.080735376808520609e+00
1.079916073217752182e+00
1.020814436649841728e+00
1.065526063083654940e+00
1.005969228318200015e+00
1.080748253407873172e+00
1.010119892636911487e+00
1.030305749817164829e+00
1.082140100827225559e+00
1.021109459593511515e+00
1.040589725405013377e+00
1.040807415240793787e+00
1.033091486964674344e+00
1.043630849595857057e+00
1.040331466705313179e+00
1.030767421567231557e+00
1.023615370631278054e+00
1.045677238566781853e+00
1.098071205066957434e+00
1.071044962695382852e+00
1.078525523822992049e+00
1.030147863179899925e+00
1.078659068163383417e+00
1.092859334709479491e+00
1.069963812686268056e+00
1.056889427654203573e+00
1.019616606390280067e+00
1.037697003262390671e+00
1.008834684518906011e+00
1.073344405642140176e+00
1.028128073581431989e+00
1.058908681537932051e+00
1.008572046674573564e+00
1.071514881648209627e+00
1.037997492979190639e+00
1.090815191409481244e+00
1.006653982897194100e+00
1.078721115919039963e+00
1.021323080126445237e+00
1.024692251344502703e+00
1.074615905952500228e+00
1.084456565583497900e+00
1.035025050694510451e+00
1.041671742876616902e+00
1.076617315787602225e+00
1.016516912374256121e+00
1.099580122083586131e+00
1.004889887717159036e+00
1.022194898911194416e+00
1.086214715752397586e+00
1.016510585467587990e+00
1.017097232631697601e+00
1.039001938127388058e+00
1.098174980636257070e+00
1.051464318523910091e+00
1.007513351537085100e+00
1.090778891500686409e+00
1.081339564754770999e+00
1.084971512659359982e+00
1.025928367365052551e+00
1.048396249381854828e+00
1.085451071176309013e+00
1.042386824432226522e+00
1.078922199996454445e+00
1.052445930089399129e+00
1.006746697671907942e+00
1.061547837131607386e+00
1.025712320503044062e+00
1.090115852056148027e+00
1.086756335696153597e+00
1.010029390980033082e+00
1.029995037863027374e+00
1.096766521163560881e+00
1.063289461075475284e+00
1.003150086093030691e+00
1.044170833405209553e+00
1.052035189477583899e+00
1.005132384205353668e+00
