9.473132655246832567e-02
3.321538039975011070e-02
5.190106815349904146e-02
1.048078336262480911e-02
4.819717025290826129e-03
-4.692675533355021925e-03
-5.683645938701990460e-03
3.995343085144725803e-02
5.887589142119392660e-02
4.588743812102359654e-02
-7.790435957238934020e-03
4.451742409578271498e-02
-1.920691118415820964e-03
2.654918804914272248e-02
1.715080568382297901e-02
5.424956580476762019e-03
2.888076769119493972e-02
6.569989843574072785e-02
1.001202301610771422e-02
1.900564831621590414e-02
4.214310323898323718e-02
4.350453234997818386e-02
-8.523131844241594798e-03
5.753652053997766747e-02
2.530346023082078941e-02
-1.556712173965473303e-02
2.190442991043956358e-02
-2.279035798743035690e-03
-9.704818950244605696e-03
7.289654607820045262e-02
3.003142582284614934e-02
7.055028380127591203e-02
-3.653914702263248715e-03
8.079732399151159233e-03
4.337369757279257998e-02
-1.408644757024579003e-03
2.781680254212550232e-02
9.990563146425343599e-02
3.709587385901653989e-02
6.514238007847614198e-02
6.823281763939895161e-02
4.637916887538189037e-02
1.592861972751643748e-02
8.533646129670181824e-02
5.448167309529755586e-02
-1.980840480345106083e-02
6.257738892182750090e-02
3.340131825386884190e-02
8.049714591116935436e-02
3.594879502757161727e-02
2.528735438571284508e-02
9.233084587437197233e-02
7.542759420024301720e-02
3.722581931988105941e-02
-1.879614899125729016e-02
6.323117472570599640e-02
7.613873078831993879e-02
-1.612807042930229640e-03
9.697505496076294640e-02
7.230203281035542384e-02
3.104337020013923573e-02
1.332377610741663013e-02
7.084086088384970725e-02
2.466306126219105013e-02
7.246884681341972390e-02
4.329761679059734858e-02
-1.512731191628213442e-02
5.884347929794694898e-02
5.838636631725487025e-02
3.501486158955276207e-02
3.419015874486577844e-03
6.759537066025100849e-02
4.579558944072906201e-02
1.677785110957565398e-02
6.621473745708719716e-02
-6.519172241084367908e-03
3.137817206949508608e-02
4.848649067016534697e-02
5.386642235296337788e-02
2.142095804111302307e-02
8.666131789175844646e-02
7.664255123204177789e-02
4.821322958941610948e-02
6.139896767646868536e-02
2.276433893818864337e-02
4.028933994059767654e-02
8.178635321172914030e-02
8.936887562801906770e-03
7.659516029136195087e-03
9.703258493306068933e-02
7.537048156071698979e-02
-1.448564458181304630e-02
8.978897264142141760e-03
5.582128900486085787e-02
3.417234911976479994e-02
-1.569287277242633824e-02
5.494465715574137210e-02
8.407812551516107014e-02
7.254406706140359429e-02
9.743335083721918477e-02
-3.187047997129821564e-03
9.688838888306801345e-03
9.964058315462983456e-03
8.600390649307353141e-02
9.404521474006831416e-02
-1.621631827051581154e-02
1.485600466540599671e-02
1.851605129912694062e-02
6.087076360667496161e-03
8.560728808132576917e-02
7.264184774521029175e-02
7.239312469688566343e-02
4.369764964118059980e-02
5.011112475082717121e-02
1.667951809082563255e-02
-1.552951305761346781e-02
8.454814946939105680e-02
5.589441594188804263e-02
2.237266833493327736e-02
5.639375195056684636e-03
6.402837051811031965e-02
1.601708956985245166e-02
2.734660221569092456e-02
2.337755938856142177e-02
-1.072094726821415725e-02
8.948230827104243501e-02
9.687701737206250163e-02
1.419117690456467643e-02
1.001766378632306179e-02
1.441452895352052233e-03
7.536261151000044067e-02
-5.965007168769534407e-05
3.741252979315488891e-02
8.750681063133246285e-02
1.543479586078315771e-02
6.164507916243368302e-02
7.814335927890778133e-02
2.816114685375936330e-02
8.696298858203908855e-02
3.055370299131252715e-03
4.687957727441058320e-02
8.395068927443516404e-02
8.226563123776441111e-02
7.642815028691594958e-02
3.175984730076542029e-02
9.900359201663079534e-02
6.761269930754952584e-03
3.564272572374314885e-03
9.650779484615673587e-02
2.774184426773690718e-02
4.502267319320213401e-02
3.249903472063829513e-02
6.560418325127213846e-02
9.331404989425497176e-02
-1.111883064205590292e-02
-1.082908603456538173e-02
-8.395262153935365013e-03
3.152825861117197759e-02
6.866990734864894530e-02
-2.060211415630033155e-03
-4.597489128331527439e-03
5.954687136388998880e-02
2.821763961867301482e-02
3.057593842215780219e-02
4.878497157349873103e-02
3.505791526366339173e-02
-9.168370846394333432e-03
-1.917449826598172438e-02
8.967630713092401840e-02
3.276963871905004544e-02
2.394415368004005132e-02
1.384621430009198503e-02
4.661424460110656642e-02
5.831644241642955362e-02
-1.270675487350765229e-02
9.274943636588291185e-02
5.307350468560446261e-03
5.104257586439632510e-02
5.979437109716366494e-02
2.549517713894941182e-02
7.907343572168958057e-02
3.530019772439443870e-02
2.171815546757128665e-02
7.656289847888726741e-02
-9.578230634020416107e-03
8.076586451611103556e-02
-1.084397171272181298e-03
4.295316359248076143e-02
-4.831096946981694451e-03
5.311431352749927670e-02
2.938836763275695999e-02
9.862992632184287844e-02
1.780978028392356596e-02
1.554257084148732634e-02
7.861556425550912663e-02
7.775350374533165909e-02
6.362159641424815215e-02
2.265629930403856296e-04
1.775566135315516728e-02
8.991155002382746064e-02
6.962800417006611425e-03
4.163367459650877539e-03
5.634080378374271836e-02
-5.779842024383724519e-03
1.090031495843047857e-02
6.005185437692971140e-02
7.436377780033436025e-02
5.486789637799495412e-02
4.261292828530030552e-02
8.828284753470337642e-02
3.876534232672373959e-02
5.569632490624344678e-02
8.359827413579624944e-02
4.242971394907121829e-02
8.514632500488036881e-02
6.156010065750362747e-02
-1.028914254783605195e-02
1.070386079481759622e-02
6.843791343589013254e-03
7.788327151282049832e-02
2.788808030892213005e-02
1.038163441782480323e-04
2.819568717297628660e-02
6.482942459759456766e-02
8.565008051844916204e-03
3.295240067611658608e-02
1.666589388354103654e-02
5.728692930823890694e-02
5.782311888668419109e-02
5.581751936501790079e-02
4.886879700680517302e-02
4.889975968219385793e-02
6.228427426858565430e-02
8.624093247278692698e-02
4.382502669933667494e-02
4.832600440085442484e-02
5.027307190057984931e-02
6.317664791591139084e-02
4.251237039871517964e-02
2.340138501806007451e-02
8.225935503099568447e-02
2.959224428687951339e-02
8.789202833655608560e-02
-7.849435531278561168e-03
9.016373948202831279e-02
3.599590464288676683e-02
6.775371990242579079e-02
-1.549662259644065884e-02
6.064044398205481468e-02
9.003593515124526381e-02
4.522360230761086897e-04
3.485252237295979882e-02
7.252772277386221322e-02
7.838801842619279314e-02
1.486264184071023689e-02
1.119738059577112324e-02
3.919495952131457628e-02
-9.947573488627074051e-03
4.958093860823002685e-02
5.625124938885828207e-02
9.203261833655097812e-02
6.662084546217754422e-02
-1.015647440448390164e-02
6.439055690049147462e-02
8.411641185240854857e-02
5.140082467629154828e-02
5.905209460656202225e-02
9.973206733810606461e-02
2.786293982154439478e-02
8.678097828312147932e-02
1.611592192667498855e-02
1.643021897759012681e-02
6.882143351951258703e-02
2.151435432934517208e-02
3.808177970778273136e-02
4.000248895943502025e-02
9.605407657846964931e-02
2.858035667812532446e-02
1.130682953321452203e-02
1.210747218389558039e-03
2.410776424092688983e-02
8.415145975155620406e-02
-8.301763772949635051e-03
2.707650106580429192e-02
1.789461347343225192e-02
9.112791808821500694e-02
-1.871530752462146480e-02
4.968353206788359011e-02
2.527695603643897657e-02
-9.139026509656552819e-03
7.467583194607333580e-03
4.097511238130514821e-02
3.303167821987249009e-02
2.617421314053894679e-02
4.206138333401607254e-02
-1.270534800339673601e-02
7.832453418976154103e-02
8.205876902982064958e-02
2.932443923602894367e-02
-8.002690337950658581e-03
2.282430529645551945e-02
-1.516234700109437422e-03
2.918657858746233694e-02
-8.240014547878038442e-03
4.093987802104583074e-02
2.198534510801063158e-04
7.549680654284211812e-02
1.804335875902371780e-02
4.313349809289197812e-02
8.903991347679864055e-02
5.848931064162884996e-04
-3.195986961031065110e-03
8.295331335618562341e-02
-1.326793375522598156e-02
1.776429132442612982e-02
3.142627459275616070e-03
1.658511282892644392e-02
-1.690727138346556635e-02
3.516777078061994466e-02
5.554618398328571571e-02
5.637071582751309456e-03
7.616867659485508646e-02
-2.619189397184883139e-03
-2.408480950423425027e-03
9.330621986197263490e-03
5.922187445429506758e-02
8.157950992889209663e-02
-8.670929098038793192e-03
6.127313622651410496e-02
-2.960455490264690681e-03
1.455463052885333855e-02
2.861264943796137245e-03
1.860186795705018672e-02
9.184711023476112290e-02
4.994593142941022162e-03
1.165992553268782247e-02
4.705347442218545118e-02
6.688585750180112144e-02
6.933325149259404740e-02
7.066397868169570218e-02
3.471357687199101705e-02
3.306317884515876104e-02
4.208451465336457420e-02
-4.912595737903776780e-03
7.364785838813253660e-02
5.388689572739007588e-03
1.305870053960478741e-02
2.842588715019389936e-02
8.764608493242972975e-02
3.935157407370161453e-02
-1.237814991671781426e-02
2.562780245650072078e-02
6.603827349144225645e-02
1.242065041765015240e-02
4.845450983132321143e-02
6.008531865703960889e-03
5.738341215915615523e-02
7.791842362998468996e-02
8.868310275192665959e-02
-1.887423618558446703e-03
3.939828501396339111e-02
6.789967218776619962e-02
5.600787534894920150e-02
4.820131049307224691e-02
7.946471102633510808e-02
7.438254255529661019e-02
7.571205414877263395e-02
4.436670072909180973e-02
5.982878023085573538e-02
-1.406925578197330134e-02
6.282028923226222472e-02
9.248403368549341919e-02
1.718008018413531499e-02
5.933375211706541641e-02
8.850253442605321430e-02
-6.752722793088895836e-04
6.982740913397569860e-02
1.367302345155206253e-02
4.468803875044748131e-02
1.966661946016337939e-02
6.966021237076736039e-02
1.828391899928760375e-02
7.263008638661024030e-02
8.489205157295943993e-02
-8.357062878722837720e-03
4.633906983751368697e-03
4.504543565561548724e-02
1.136584132731829552e-02
-1.559981918375204397e-02
2.112555225342358997e-02
7.773514100287368112e-02
-1.282240747581446863e-02
2.563054221608694963e-02
4.939132904861737172e-02
5.128411394332489659e-02
3.017463840047235682e-02
4.493162998473192171e-02
3.932208135612735855e-02
6.213395024045860471e-02
4.250621632882455037e-02
2.489947380602921742e-02
7.671262385214393242e-03
-1.684213095213124567e-02
9.410719921319363190e-02
1.175283447427166381e-02
7.140217580486667159e-02
-2.410931801846181305e-03
1.854313068901794134e-02
5.168010633452677083e-02
2.018351090757760508e-03
6.702830117323423098e-02
4.096142876531018440e-04
5.631123924678733961e-02
4.818177987203348112e-02
3.111767703527193799e-02
8.671874555186497024e-02
3.229012643032444507e-02
8.706605997239601213e-02
4.681994532627893613e-02
1.604570614896489930e-02
6.113466679025540695e-02
-7.555919402434508811e-03
1.186344540733849304e-02
5.404527354590073218e-02
8.633668645852361767e-02
5.927470703274560770e-02
9.279661180745409077e-02
5.524681941016114373e-02
4.409747292643892425e-02
1.855313883339247336e-02
2.567351955437503427e-02
3.319324478705318326e-02
6.218914627183254329e-02
1.366510647193701702e-02
3.989565105683841317e-02
8.963779470420620010e-02
2.808603748491289576e-03
9.966211845890635135e-02
4.163907098324583222e-02
-1.856132512685237934e-03
1.190387760980622309e-02
-5.132751624484050909e-03
2.802415916247127589e-02
-1.683412434117249543e-02
9.912695618356698324e-02
5.306800587342888620e-02
-6.555067750461754730e-03
7.606754715503355468e-02
2.738830693710948491e-02
6.576421270594724755e-02
-1.261459095375198729e-02
3.894996826328607498e-02
6.935838457950728453e-02
8.665355321994724913e-02
1.984726340443586715e-02
-1.722728463152841880e-02
9.145974171323938834e-03
6.648777250189402688e-02
-1.620093959799135189e-02
6.109484673967240098e-02
5.720372973930828997e-02
-9.656043220561683071e-04
3.115164579774079220e-02
1.011065870984062184e-02
1.951798416468620082e-02
-1.609239857907420607e-03
-1.202416428004581851e-02
3.998099229318452519e-02
9.331473797692110828e-02
7.599540799778717326e-02
2.900523887805752862e-02
5.625632173952362092e-02
6.056441881453306086e-02
5.296122180126855428e-02
4.432304089073599296e-02
1.799235459794094882e-03
9.903438550503260163e-02
-1.232610641109054515e-02
4.240450199654009766e-02
9.658243327398076394e-02
2.008948223456605633e-02
4.732022202090793717e-02
-7.046121463085043210e-03
6.095996729162206362e-02
2.357544574593295819e-02
9.341951622103566999e-02
5.722366784159105269e-02
5.779472251093725754e-02
1.791522573474870969e-02
9.252372520014587320e-02
-4.322291623322219167e-03
4.616836661907933181e-02
3.025777431850433172e-02
2.254237540348277488e-02
6.008171473587703426e-02
6.987963759299999078e-02
9.338674544457883919e-02
-1.855250881280981479e-03
9.061359721151121538e-02
6.997913461487256792e-02
6.507715557918242189e-02
9.408721219275967274e-03
5.823362635019302402e-02
2.146046626043452213e-02
5.150161539471040384e-02
1.300016975659861254e-02
-1.996790324428024746e-02
5.421445304421698697e-02
7.716128456683728210e-02
5.126278324721719737e-02
6.307100597105692874e-02
8.460233052542913412e-02
-7.608759910400957407e-03
2.216806479536811633e-02
3.459259932339781018e-03
3.860550112951589841e-02
4.199259520286674485e-02
7.915859673725250678e-02
1.950662248975157734e-02
2.182176782869822348e-02
5.949285916359606241e-02
4.413228554155010364e-02
6.862696698294992736e-02
-1.366534895046805226e-02
2.331445521272727806e-03
9.245693858760134498e-02
2.604464181545506837e-02
6.224874862057422353e-02
8.946947124384806160e-02
1.341779922543435630e-02
9.961562054281931922e-02
4.932148703095232123e-02
3.392052599632279508e-02
2.552626239730091187e-02
3.735956005928257884e-02
1.238188851212697686e-02
7.480255531242929745e-02
4.740943688853230253e-02
7.622397671247442552e-02
9.335465427523068072e-02
1.242125087727282903e-02
6.860817851001009549e-02
6.098327551564833304e-02
-1.310297757665328244e-03
2.659896712841981412e-02
8.232441610921820141e-02
-6.205935815755320162e-03
3.716565580209971881e-03
-1.851848372469430334e-02
7.360233939091125055e-03
8.088468803290849163e-02
2.276824161792952508e-02
4.610488452873623411e-03
-1.140829984470338732e-02
6.544009704186985743e-02
7.051997764536190039e-02
-5.873424283896446635e-03
8.235539718950300736e-02
7.517064133949696858e-02
4.066865605147668150e-02
-1.223051719513406840e-02
6.698443476181804856e-02
3.827393098722456366e-02
9.215787277136694433e-02
3.221135016676190954e-02
7.299304171944658026e-02
-1.203879462543400863e-03
6.151782848226169942e-02
4.842586773410404583e-03
8.865212486597249392e-03
7.753994706568492767e-02
1.930068745428763569e-02
9.101630115593008219e-02
4.971620366559433013e-02
5.893207984531190213e-03
-9.617546491752122784e-04
2.014863748864091988e-02
-1.979203060544049847e-02
4.417128810323925348e-02
1.235493921884687693e-02
-1.296600619553752581e-02
-8.251772519407557863e-03
4.825998015312769895e-02
-1.504515516124028951e-02
6.661207360092014085e-02
4.985706708854499569e-02
1.774467112472303751e-02
1.266222199591829009e-02
8.870545213139298391e-02
-1.418249533209317050e-02
4.354611356123674892e-02
2.491799449334588037e-02
2.630731531418746549e-03
8.236400442812064071e-02
-1.553813721218553177e-02
5.332562073128536972e-02
9.787367648823602773e-02
6.830495124841386156e-02
7.691672835573828970e-02
5.312059922749984286e-02
8.815649970703252208e-03
-1.450533117058121040e-02
2.964888716690914847e-02
4.277743214442418507e-02
1.224667247873613071e-02
6.186572287860792052e-02
1.875626444126102244e-03
5.831924860419680778e-02
-1.989166169407366111e-02
3.654365065136280788e-02
8.323318241193042311e-02
8.313680384997609862e-02
4.441648152214797141e-02
1.795521084122743763e-02
-1.181037378408922311e-02
7.131451970033039767e-02
4.342824249004430259e-02
1.251712897241441177e-02
7.407148960308790331e-02
2.881363522048388179e-02
9.090760990322081792e-02
3.460650237917965721e-02
7.588826983251320546e-03
1.816650619142315751e-02
8.950002373210828865e-02
-9.317887849910189493e-03
6.732576946125691519e-02
3.062493273538897595e-02
4.295705035328031829e-02
2.952216205295906185e-02
5.951047527262085662e-03
-1.822402982563919860e-03
5.831340484310792993e-02
7.182025495563684747e-02
-6.634807249523472575e-03
6.359273001971386952e-03
4.568778823457117499e-02
4.941945564874276886e-02
9.165768472059054872e-02
-1.824723195134798220e-02
1.752218318461847349e-02
9.803208730785402392e-02
4.508193420206552116e-02
-1.255403417961434634e-02
9.560629338201223626e-02
2.927974622257515161e-02
9.592386364185279124e-02
2.809921485836167424e-02
9.413402324501138341e-02
5.256210247122748702e-02
8.150427171806777504e-02
8.017051816743821224e-02
-1.450479211797163492e-02
1.075434037980611129e-02
6.176838623649251458e-02
-1.134796903276463070e-02
5.346122275373502153e-02
-1.268536860589607185e-02
3.619250603099284647e-02
9.111466886663162346e-02
8.869295006123559255e-02
3.462288720255922436e-02
-3.703761560373552975e-03
8.528534087253551721e-02
4.840430180499660090e-03
-1.182216191870346690e-02
4.519175026219975078e-02
3.752055072419439863e-02
9.445369872780140508e-02
6.072568592409845201e-02
-8.729543450537308180e-04
5.778373051073265598e-02
8.549390937813307334e-02
9.532101499364019348e-02
9.872834622898235546e-02
-1.932607804305312010e-02
7.311698524678697519e-02
-1.889104068877530546e-02
-8.637275798150136075e-03
-8.142062753444654147e-03
1.316045700725324355e-02
8.011279550434288743e-02
8.764540234752601910e-02
-1.373714652338233790e-02
1.966182257190416185e-02
3.598513638963404815e-02
8.957790119274129659e-02
-1.470967614361956208e-02
6.757716573022315432e-02
2.292149346441077137e-02
4.319218543242356323e-02
7.157037386202008689e-02
2.564610528575983484e-03
9.023517844786686781e-02
3.668081807107467784e-03
8.077881420216231900e-02
9.679746874994241135e-02
3.390633378608093329e-02
-9.448254663285474836e-03
3.891421031420991272e-02
9.157391811365904466e-02
2.369663639336695368e-02
9.010120479965794127e-02
-1.435939001424419575e-02
1.899969724559468984e-02
7.636805990422451673e-02
3.029695035247850429e-02
4.258533648193521537e-04
9.461095726123283645e-02
3.756185095721334410e-02
5.267991852448662693e-02
9.848580481088181626e-02
6.220095071057420155e-02
5.850984151896794494e-02
3.277069151527649271e-02
2.586676543635882744e-02
5.338019435643813482e-02
7.454784017256656237e-02
7.905647999413988047e-02
9.438401601507341587e-02
-9.433031729851951153e-04
8.631205647346652798e-02
8.126145368461841489e-02
6.908683828972958518e-02
4.909485319090825528e-02
3.092885086916535506e-02
1.777088681957300284e-02
1.554149833147806456e-02
9.032283699097780338e-02
8.287762148673089024e-02
-9.803732754448088102e-03
9.934521624733451406e-02
-1.377070127619934442e-02
4.754079541376948770e-02
8.647651517252979980e-02
2.816082994431972145e-02
7.326963119704697769e-02
3.546055652923317536e-02
3.837474059340813259e-02
-1.837204518479960275e-02
1.599065083357338948e-02
5.492409026191374943e-02
2.126970987712716032e-03
1.239173503623698311e-02
6.322568485134626159e-02
-1.750779390895492588e-02
-1.757634087249255322e-02
2.574043497673268732e-03
6.400857389860352409e-02
-2.086327910467339342e-03
3.913662150308892806e-02
3.770025579143358035e-03
7.630436628554045086e-02
4.407012544364086182e-02
6.045244483704126370e-02
1.521019947405379338e-02
7.350630936477264843e-02
-1.471473647483247452e-02
3.029016495266364031e-02
5.931973969525358714e-02
7.993119308276966373e-04
3.104732843030539105e-02
5.933135743248206528e-02
-9.615759592306578549e-03
-6.757351290789217341e-03
8.483655560377484361e-02
7.368407030358706256e-02
4.753390654218184186e-02
-1.813607270755905609e-03
6.539527573216590006e-02
7.737851352212526956e-02
5.347883815415464814e-02
4.676895854520722595e-02
1.451901028465463553e-02
5.524172298261843805e-02
5.504608736234732624e-02
7.738031033888218002e-03
9.283534054956371628e-02
2.359020315655849589e-02
-6.772149155814529559e-03
5.926644219035048788e-03
2.704058260342601452e-02
9.396504041347229774e-02
3.568334410493112507e-02
-1.006827530627187398e-02
7.300084708677977152e-02
5.656869286620895554e-02
5.551028026573194551e-02
1.495076194192182864e-02
7.471726079433731182e-02
6.965122920987387722e-02
9.310629575221078535e-02
3.535587053347512276e-02
2.309743942743946662e-02
6.259545598705892888e-02
6.606953102283885659e-02
6.239267509198936912e-02
3.715124672452102539e-02
-8.602265882469883190e-03
3.511720156442135754e-02
5.918805727755248325e-02
3.269482402937649856e-02
-1.656188956505959958e-02
8.870359804675537196e-02
3.077843674943170696e-02
8.127190212821784610e-02
7.905270457668893413e-02
4.457527843001338197e-02
7.567543841366766721e-02
3.651763541465884166e-02
6.261922099162990640e-02
4.207174913855932230e-02
2.200569052722219435e-02
6.182544475997338307e-02
9.972020655029886771e-02
2.794776783938525064e-02
6.996042452120289357e-02
2.143284909722386125e-02
1.187579538693591882e-02
7.787812211853664679e-03
-8.191428553903938939e-03
9.714044650014905247e-02
6.765502359804528854e-02
6.376419204508301797e-02
6.013255510227040468e-02
4.431743244008472249e-02
-9.804378406793436487e-03
4.479671901229075048e-02
6.949923527433421455e-02
9.599381895854992852e-02
2.026724254977628828e-02
5.737143538907281404e-02
1.805626563281250221e-02
5.245825817848710770e-02
4.990798288104797420e-02
1.843316408981155244e-02
3.266189590773628526e-02
2.721385731698186192e-02
2.229045826592298760e-02
3.139259665640072722e-03
-6.442325177579623363e-03
5.625120292464508287e-03
6.773871002684141857e-03
1.531075184432858713e-02
-1.462042302452323111e-02
8.471403849251830931e-03
7.090756010338868098e-02
-1.342707718798404233e-02
5.750553056685384079e-03
3.031944963468349505e-02
9.667118156369026993e-02
7.268730528085780990e-03
6.709667708520240803e-02
6.813900245550578993e-02
6.237479550102968673e-02
6.156836522573097548e-02
7.799415809352630569e-02
4.475333605430904804e-02
-1.694126420056186674e-02
7.423304973340884294e-02
6.027936582926697595e-02
6.028641022095206081e-02
3.072177581156121037e-02
-8.777541406999996021e-03
1.369702288653997305e-02
1.132773604426939515e-02
3.583271751367488045e-02
4.418021535246501041e-02
8.703858400611195340e-03
8.552162226268758549e-02
9.708868357142109995e-02
8.186146778726964557e-02
9.957132700382893831e-02
9.348744590276589217e-02
4.253794044273796759e-02
7.760742816830222546e-02
1.027514987417732853e-02
6.477499423268284762e-02
-1.010089750527018090e-02
2.268429855939217699e-03
6.766060337661161661e-02
9.502531517436420272e-02
9.425975600296081225e-02
-4.498543554187460491e-03
5.019135365526584958e-02
9.572718941091549333e-03
-1.986127297479339110e-02
7.517846600360832132e-03
6.479355988542501166e-02
1.830995576040861730e-02
6.788099985774441458e-02
-2.534289032493544647e-03
4.254501510272297449e-02
-1.060023282088808430e-02
9.823785102221629928e-02
3.725670160939040243e-02
1.137100514215673083e-02
2.914860683236414687e-02
-1.715785097950273119e-02
-2.564844998969983275e-03
3.697985289060849723e-02
2.888697581356655317e-02
9.704664008592410462e-02
4.230438219698155755e-02
2.998283474077033037e-02
5.572936146153780607e-03
2.576265958831291600e-02
7.958837423014823720e-02
5.344772595112340374e-02
5.227651588206809474e-02
-1.161736783003101785e-02
7.684229044090981620e-02
-3.122004244546054685e-03
-4.499736359010082787e-04
9.666603189227997162e-02
1.097023415177334621e-02
6.536735606674924648e-02
-1.468579720316312912e-02
7.103318222265452009e-02
-1.862333611201611241e-02
5.521194028103880436e-02
1.006468936918173546e-02
4.894224920288273162e-02
1.209819944218753704e-02
9.838380961223955334e-02
1.837798946270926756e-02
6.976830568021893247e-03
5.614387593132778853e-02
6.506337905781252318e-02
2.819543280970473673e-02
8.615175698647643820e-02
6.080833770832205776e-02
1.646257282659632434e-02
8.181029112639424949e-02
8.696975887171470854e-02
8.742761857920337831e-02
7.836365410033589718e-02
9.329769752477948264e-02
4.625511593501427376e-02
6.876581789151786639e-02
9.779556617261810081e-02
2.250931495282895711e-03
3.402406685664630115e-02
-7.775483064648128564e-03
4.497318116315374148e-02
1.176185941026580348e-02
1.540454062053764686e-02
5.726717670509293145e-03
1.976156090844928895e-02
9.755952003543257034e-02
2.899140541363164070e-03
-9.763379778056417019e-03
1.305023214398984624e-02
5.402015420577735427e-03
-1.932494470004670478e-02
6.608255701814821914e-02
3.929733467229303001e-02
6.366168489915023654e-02
4.106755364377559503e-02
3.895090219794127007e-02
8.252809726274841495e-02
-1.488980417603859643e-02
-6.513333884246982550e-03
-1.067721538654379382e-02
-8.586620182552597708e-03
8.687100061644351112e-02
1.218518432856817782e-02
4.057817999298479750e-02
3.918488834853975367e-02
-1.651997281950458307e-02
8.416532286176055255e-02
6.656036735108870894e-02
4.838643974481200705e-02
5.746906163225865005e-02
8.196442823923087706e-02
5.914589609450641994e-02
9.878555310936261435e-02
9.116112072931875643e-02
9.597383844972706690e-02
7.634587169651957383e-02
4.381357234260088718e-02
7.224455497137000082e-02
8.813521029641263604e-02
7.579918895303768001e-02
-7.365601828236392062e-03
3.982181233160055067e-02
7.299960199124823357e-02
6.586667050018860103e-02
-1.099626742142999214e-02
6.038292060978849018e-02
8.246519031136130551e-02
4.401945427070956540e-02
4.912190525532188212e-02
3.066518475321697648e-02
2.474773527706253251e-03
7.575634067315688974e-03
9.246950546543823701e-02
-9.239822421722009710e-03
-1.590185922175372385e-02
6.871352238607218721e-02
