1.044958634164056210e+00
1.048288662132427884e+00
1.097094342281522028e+00
1.012234734804161373e+00
1.021714929768076097e+00
1.003044959014329995e+00
1.004870174849101794e+00
1.058651222415081250e+00
1.016593408817827893e+00
1.080836950737510183e+00
1.072113981885742140e+00
1.076297201995366715e+00
1.030614800014999721e+00
1.009321290140819061e+00
1.013716447893603823e+00
1.052847598367835591e+00
1.036419312094341461e+00
1.024626340020307724e+00
1.019075753626872416e+00
1.030968780607045110e+00
1.015520606602903664e+00
1.053589965413977092e+00
1.026361061164190458e+00
1.091163510206236031e+00
1.092762834593867805e+00
1.001287547043911319e+00
1.006469657813370722e+00
1.098443521677179735e+00
1.088888388061493906e+00
1.009663950026817636e+00
1.059040166378868442e+00
1.005075694736917935e+00
1.057233125442788024e+00
1.082657472582341684e+00
1.054862906886384177e+00
1.088504032953538481e+00
1.030497572663486849e+00
1.079064574722231606e+00
1.018237210182881380e+00
1.084119475838107860e+00
1.020417655209549190e+00
1.006278457628362766e+00
1.002208628445342642e+00
1.006500008141313574e+00
1.093573726874746077e+00
1.000247738875008174e+00
1.039105509539609784e+00
1.033773102741507577e+00
1.045752524093821911e+00
1.057462964657656546e+00
1.084655170830491455e+00
1.067076045186409194e+00
1.090434136949461674e+00
1.015510183100076125e+00
1.026834815026999470e+00
1.015958662318740435e+00
1.035416822754060773e+00
1.009738255161703124e+00
1.072951481669176310e+00
1.001889642816901960e+00
1.047044254185901524e+00
1.027155242755069864e+00
1.093343658930425288e+00
1.006537655622284921e+00
1.008482055613762585e+00
1.087406099254640379e+00
1.017008071187247342e+00
1.065452007642989196e+00
1.067760669411339292e+00
1.092265062501747153e+00
1.041937373972172454e+00
1.098693612385374774e+00
1.011479313264052493e+00
1.083606911525910155e+00
1.077268836814063491e+00
1.002921356264848241e+00
1.073100806700695298e+00
1.065308581262529142e+00
1.095690445919498712e+00
1.069941334807087419e+00
1.047537605510136416e+00
1.066779278404104581e+00
1.093810777574397486e+00
1.095305023147889356e+00
1.050834617836708285e+00
1.002291200209431077e+00
1.068794257108019341e+00
1.043557118013916485e+00
1.027150522798416787e+00
1.020867735416055133e+00
1.096148614574621760e+00
1.018572885606718881e+00
1.070733239007333415e+00
1.031654819889397112e+00
1.005801470130287090e+00
1.095405548082826863e+00
1.070442306967356316e+00
1.077096103398399674e+00
1.085927793502855732e+00
1.029459635513488847e+00
1.080420951902309357e+00
1.092361149100447459e+00
1.018443626579522476e+00
1.096708949786867615e+00
1.076301992614838055e+00
1.095487877562326240e+00
1.069449717890118112e+00
1.095682109443455898e+00
1.006111642540524764e+00
1.059320888718670917e+00
1.045904196244942685e+00
1.002142514711848564e+00
1.061681618158451412e+00
1.002870208039138511e+00
1.061658053130255297e+00
1.060604910054256944e+00
1.069954055285460282e+00
1.003731720704019947e+00
1.013256999712301099e+00
1.065278918656636931e+00
1.093428028114894035e+00
1.059773660522580485e+00
1.042127584217611425e+00
1.041950668357305432e+00
1.098789645087852263e+00
1.065053452459741701e+00
1.086246012209709733e+00
1.031833727959584612e+00
1.078384777657684257e+00
1.049941323803759596e+00
1.005304970932132003e+00
1.054888369917894364e+00
1.093250552641188644e+00
1.063164920015310377e+00
1.083886318421701578e+00
1.032537657221723526e+00
1.011745409359422032e+00
1.002186151245642920e+00
1.028177562030674785e+00
1.059193977639322881e+00
1.010094869481249713e+00
1.048214323664557579e+00
1.010459724820480298e+00
1.093861478989822889e+00
1.066243409441423262e+00
1.014125381066997234e+00
1.044447991878335147e+00
1.082667185113540764e+00
1.063909512362856358e+00
1.007423611785204898e+00
1.025593352556282589e+00
1.042901420564206871e+00
1.067247583258030152e+00
1.099008225041461007e+00
1.096981132577509621e+00
1.046292453434897407e+00
1.017998715107672369e+00
1.007235508469042307e+00
1.026707824589966567e+00
1.003112144696434616e+00
1.058080405179748551e+00
1.062542415202519352e+00
1.063801543284600637e+00
1.039391078765781407e+00
1.081841729659001716e+00
1.055235044398730393e+00
1.093842131637960957e+00
1.010782075137233393e+00
1.057477949759648705e+00
1.056998758926915860e+00
1.053765921154384388e+00
1.045412740310645461e+00
1.015723743555920988e+00
1.097314815789413034e+00
1.057569619022830087e+00
1.043245508748728012e+00
1.030529785957638778e+00
1.029727743269075013e+00
1.042941235434673874e+00
1.095036005129965684e+00
1.031077238332104073e+00
1.008293686106568554e+00
1.055260163274138963e+00
1.057447280251162525e+00
1.072890291679227115e+00
1.063964487003829396e+00
1.013741110597087935e+00
1.021662509150236930e+00
1.076348121742213726e+00
1.093751774755481243e+00
1.001601143404605487e+00
1.093018390454272293e+00
1.060427504666766385e+00
1.071842774516140739e+00
1.086105900853401973e+00
1.022642757454393925e+00
1.077366206529523751e+00
1.026935251937985516e+00
1.077495645799593449e+00
1.020379739857629531e+00
1.064167053341481983e+00
1.061480936691518773e+00
1.003221691182882847e+00
1.014099860952573984e+00
1.000823410921424239e+00
1.032339859097140433e+00
1.034065406047829594e+00
1.082679467306099097e+00
1.015661111253512106e+00
1.029347881167584466e+00
1.069489824626285390e+00
1.005626985016667474e+00
1.064519569411049638e+00
1.041923766217609515e+00
1.083017936201122966e+00
1.054377754768134778e+00
1.021455710269444372e+00
1.037851914726588332e+00
1.020482469824064875e+00
1.047738073611434340e+00
1.033482616352556338e+00
1.068158751740547086e+00
1.007685125303307672e+00
1.099062743100847728e+00
1.052181591280449968e+00
1.051020277550791304e+00
1.081387078395109391e+00
1.052874060762687858e+00
1.066805623600935560e+00
1.037059108399827290e+00
1.070846067687296177e+00
1.088598876284784023e+00
1.046927059874958488e+00
1.001918018903161567e+00
1.057931861759386472e+00
1.039900595082910550e+00
1.050602186305285679e+00
1.045808908731913345e+00
1.028027288535549921e+00
1.071355242750128500e+00
1.005031409077766780e+00
1.083728674354553778e+00
1.074525237957723478e+00
1.097140361113067231e+00
1.038869637397695778e+00
1.058020814387428565e+00
1.045165587539530705e+00
1.080024775366781098e+00
1.025022728844180886e+00
1.058757337593247527e+00
1.063350043383139099e+00
1.033323751807780466e+00
1.040423117029691591e+00
1.033592248167823691e+00
1.018196595828340101e+00
1.088910697697208940e+00
1.013926834108709540e+00
1.052158385029670296e+00
1.099233154828357151e+00
1.035203050605607356e+00
1.068568369065117984e+00
1.072674362150391580e+00
1.045843747825850656e+00
1.006563919156499676e+00
1.027451967819951184e+00
1.086092876229880266e+00
1.060470267071829120e+00
1.043672387439970928e+00
1.032096066748162233e+00
1.091663235785757635e+00
1.031980886105797746e+00
1.050594993054382753e+00
1.046311104440504902e+00
1.030531731071412826e+00
1.099179699269005273e+00
1.068387579706898460e+00
1.011867494997071626e+00
1.084316805618961377e+00
1.071056325516228647e+00
1.002458555343062052e+00
1.023802535186197904e+00
1.055850099572782197e+00
1.080529198737800289e+00
1.043151722119632252e+00
1.043105483454627169e+00
1.050992712574458698e+00
1.049205911760666909e+00
1.088630062115873987e+00
1.023712785586656793e+00
1.057094932462606662e+00
1.065339280750008832e+00
1.011904451000903871e+00
1.049411646811960974e+00
1.062338123499632525e+00
1.060954563071672574e+00
1.061329014673087157e+00
1.046926581243255994e+00
1.025041862107661572e+00
1.027871645554446767e+00
1.076688225850447544e+00
1.073856455222783612e+00
1.084042059797091451e+00
1.019179574751828410e+00
1.085127060135147703e+00
1.016527367307572760e+00
1.011712904426386173e+00
1.045816663530540813e+00
1.032625221316465947e+00
1.028388696204967090e+00
1.039679917672639231e+00
1.048508353460353204e+00
1.001937795444448165e+00
1.089336958223549923e+00
1.032268818778711905e+00
1.055138086113843743e+00
1.076394232360971204e+00
1.055578642230699415e+00
1.021039056575632209e+00
1.048848758915255530e+00
1.084459695927577405e+00
1.048753886885306796e+00
1.099263908762429853e+00
1.092462042785185439e+00
1.055067111997302298e+00
1.005371587839120062e+00
1.087874774930584154e+00
1.067726002588224699e+00
1.097864754254282982e+00
1.076238142037927004e+00
1.008577461401869879e+00
1.094685959050805568e+00
1.010583232772504170e+00
1.086901320132392046e+00
1.012349799760306590e+00
1.002938521070993128e+00
1.098381549268483193e+00
1.041143867704546144e+00
1.051646610624247691e+00
1.031656786798542447e+00
1.003185831732083644e+00
1.092500368046357639e+00
1.053309846717713771e+00
1.095676299934638553e+00
1.023913813705339848e+00
1.086711164697940601e+00
1.075807174244174158e+00
1.010982177623978240e+00
1.061205508311732881e+00
1.047166123734055931e+00
1.054326913876389327e+00
1.084017372143372571e+00
1.011108780868222201e+00
1.037956603812982381e+00
1.004645052410072958e+00
1.007396122994810961e+00
1.026357064531414176e+00
1.001585526668619330e+00
1.000727704004154228e+00
1.035536589525750228e+00
1.018698071546381145e+00
1.009548238311128276e+00
1.046144278552094242e+00
1.035039750055474217e+00
1.033595015140507556e+00
1.002334400230746825e+00
1.069164456912038874e+00
1.061162658031050032e+00
1.012774025750591500e+00
1.059492881980137469e+00
1.049969931772055221e+00
1.001454748937651740e+00
1.098442791247670858e+00
1.073412705216281182e+00
1.060213543039423278e+00
1.020691081397880673e+00
1.068713243384266098e+00
1.013449126309636128e+00
1.003827243829620297e+00
1.013592313137188672e+00
1.073934356077278496e+00
1.006145472994401269e+00
1.018946073261158380e+00
1.008423167676301579e+00
1.005178365281479413e+00
1.034307382739087400e+00
1.030564732697939911e+00
1.076838662163498883e+00
1.020871961601492739e+00
1.073990471312481487e+00
1.014787596492134236e+00
1.071316211603601243e+00
1.039335498720511008e+00
1.033506758128070580e+00
1.068264422748973708e+00
1.043947036929180117e+00
1.073364347945796160e+00
1.007590049025984591e+00
1.097886378211129221e+00
1.043517949212269480e+00
1.047244070735360744e+00
1.003217798108762437e+00
1.070802811569650403e+00
1.074007099687847688e+00
1.032970921237387429e+00
1.020404875352908469e+00
1.059096652080113055e+00
1.064044162215044498e+00
1.025181388488393575e+00
1.015874411351198381e+00
1.073501073877304313e+00
1.094745689403556543e+00
1.017316729030186995e+00
1.071329922274258051e+00
1.069901690648679127e+00
1.038497753276973246e+00
1.040758931659581776e+00
1.045269622218593764e+00
1.082722467555897294e+00
1.085738175666706828e+00
1.061390773053132230e+00
1.025048143073220119e+00
1.004702539042072518e+00
1.028522731786925437e+00
1.013897872529743616e+00
1.057832306783254239e+00
1.083741298167258060e+00
1.092987135525212761e+00
1.044530662408121646e+00
1.014290122383048498e+00
1.080932684671718436e+00
1.031831086074524784e+00
1.044429439232846812e+00
1.012965433285442085e+00
1.066091757482634073e+00
1.046454173201104565e+00
1.057347448519906585e+00
1.063483709292767587e+00
1.000341382502773824e+00
1.091593748868507907e+00
1.039986710713553641e+00
1.012846825774825543e+00
1.086851359586918697e+00
1.082156255446362625e+00
1.069007503507949819e+00
1.091070989691540261e+00
1.085263905779286775e+00
1.012971128345727445e+00
1.073706455126455461e+00
1.084335614397343051e+00
1.081893459605101304e+00
1.011312873645083821e+00
1.051573590236561717e+00
1.099012247151510246e+00
1.001889689948477047e+00
1.055464998037610069e+00
1.007060435269564902e+00
1.061762623463012645e+00
1.075681915634017605e+00
1.099968461635781214e+00
1.086499765857972921e+00
1.015358993846183999e+00
1.064603258132042374e+00
1.042203564432494067e+00
1.083567323523328518e+00
1.031669508236248589e+00
1.069194956701368548e+00
1.019291616727829197e+00
1.069804227299655519e+00
1.019888490385657764e+00
1.002765780359655912e+00
1.047189258824790636e+00
1.020945813955218329e+00
1.037984399030835059e+00
1.062601095995217015e+00
1.013306655240309162e+00
1.053241019227382447e+00
1.014529244680274944e+00
1.038664309336828628e+00
1.076257261130073806e+00
1.098600279751433373e+00
1.009724308789294422e+00
1.088965979433627718e+00
1.004218010463258759e+00
1.087966893779922506e+00
1.069906021585410594e+00
1.002448875490005609e+00
1.047202709834013534e+00
1.021043434815642748e+00
1.083277298296230651e+00
1.006990431087646742e+00
1.087565077546662762e+00
1.050479156318379070e+00
1.055021269621486679e+00
1.040295688961470510e+00
1.006396196846023550e+00
1.084123498216195136e+00
1.005950184822935745e+00
1.042141653636959431e+00
1.014464456547856441e+00
1.011269595143918787e+00
1.009716077309888993e+00
1.035952154474839348e+00
1.052529169341177129e+00
1.079235937021406855e+00
1.026909927346723705e+00
1.014091990299544888e+00
1.083540189571559953e+00
1.061546292475095354e+00
1.084169144063891643e+00
1.065019556436731296e+00
1.022183467720498617e+00
1.019862216041296454e+00
1.010230957711460320e+00
1.060840649263032676e+00
1.007407011168300448e+00
1.086422174946326535e+00
1.035388112121759185e+00
1.048989910837536899e+00
1.092745935288039316e+00
1.043148817711697429e+00
1.010598584115418364e+00
1.096167581867832252e+00
1.040384777097751012e+00
1.017138645384209505e+00
1.083517696326133706e+00
1.042186635013763629e+00
1.028923218672707085e+00
1.090891074908584946e+00
1.045993658104349855e+00
1.006794271079832770e+00
1.037637427492726028e+00
1.055680584570981573e+00
1.016684001516310776e+00
1.087094248513379879e+00
1.035981286097121812e+00
1.069795338863320122e+00
1.081410113021009201e+00
1.066734083227188989e+00
1.077538879294324348e+00
1.054907829022472709e+00
1.011099475567873940e+00
1.059620460658731167e+00
1.097724537809778189e+00
1.058707734333856676e+00
1.039538406100319223e+00
1.079751231642695375e+00
1.025121765653617123e+00
1.097162571002440856e+00
1.071293044239014725e+00
1.088963768401004728e+00
1.084920441862662788e+00
1.079240160957952055e+00
1.036320749429841426e+00
1.099164574197592392e+00
1.082054730276162502e+00
1.057781512748811270e+00
1.044280965085082169e+00
1.020260436845816354e+00
1.024920637853643290e+00
1.015245306083852217e+00
1.060470588326951402e+00
1.034181244612804695e+00
1.003139551169170085e+00
1.081734812830541959e+00
1.069061928934154082e+00
1.044220046654249723e+00
1.044510389790600291e+00
1.088231295632025253e+00
1.033123419568667378e+00
1.016298965799365517e+00
1.078776933784003411e+00
1.020136482389127464e+00
1.034047044723541475e+00
1.051105912026150113e+00
1.058815421484298636e+00
1.025458843040770951e+00
1.001204117320064535e+00
1.068796210225681387e+00
1.083587286058939503e+00
1.067535863546381414e+00
1.029629491743475178e+00
1.047984774093393856e+00
1.012284996318932651e+00
1.047927199740461113e+00
1.005079327874999873e+00
1.003303795312250113e+00
1.046905818281329781e+00
1.020912265390713003e+00
1.039488180703816766e+00
1.097988175380343989e+00
1.007911277052191856e+00
1.045871587061856456e+00
1.075055654940384686e+00
1.059105858535622557e+00
1.047199856034748411e+00
1.094117438715320967e+00
1.030300294091611724e+00
1.037631982910945716e+00
1.044638244732945420e+00
1.032786240585460202e+00
1.020871901195860465e+00
1.012044158770851077e+00
1.025809468039472039e+00
1.093807738235329508e+00
1.011491964329947146e+00
1.046036617303419680e+00
1.099877726184873561e+00
1.067506441105414927e+00
1.003466979605056597e+00
1.013619158128383102e+00
1.039660373888309230e+00
1.028670499857933907e+00
1.087320288582491523e+00
1.074275655383843064e+00
1.023135301349727744e+00
1.059482214000808220e+00
1.098763270199244468e+00
1.056937045827851085e+00
1.035971988926887022e+00
1.013475752801146657e+00
1.033435807483325197e+00
1.077937043299446396e+00
1.038707959690936100e+00
1.031471865635483764e+00
1.018331373600408263e+00
1.029927110348958896e+00
1.044152523979837044e+00
1.059588478786534171e+00
1.041684796254258139e+00
1.096450768265012865e+00
1.073566541697053678e+00
1.007444989364429944e+00
1.064510783291800156e+00
1.009566444190207912e+00
1.015937119293785162e+00
1.004694117857921398e+00
1.026463915889232359e+00
1.041471416784744308e+00
1.014264998316883215e+00
1.094425476427042687e+00
1.052160006064855713e+00
1.045688076964384816e+00
1.045726620730033751e+00
1.001101026820761408e+00
1.015047686669793281e+00
1.076074921132934570e+00
1.066645741892465526e+00
1.008253991395133831e+00
1.030913825302339326e+00
1.092302697978605464e+00
1.036503088653405236e+00
1.078421945011872163e+00
1.023286992047260480e+00
1.074095352969695494e+00
1.009685922511388778e+00
1.021181869358502636e+00
1.009136422622449292e+00
1.065018223165684619e+00
1.062108861340877342e+00
1.060509109573903652e+00
1.041678928635564771e+00
1.048166830738124666e+00
1.023278715300717234e+00
1.014981728808124872e+00
1.082713687409844194e+00
1.058370874004410211e+00
1.065418889963581028e+00
1.046185757534195071e+00
1.007131658568674704e+00
1.039367004090372193e+00
1.089993581310421566e+00
1.023918051420880770e+00
1.076494921200249255e+00
1.001202664228414863e+00
1.045986723962598175e+00
1.083618719907217809e+00
1.029267354116945477e+00
1.013447692093864871e+00
1.018077195160554504e+00
1.004181243178944305e+00
1.012316834213566441e+00
1.054212743862244839e+00
1.092483306794222342e+00
1.088707286655714146e+00
1.071364874676570489e+00
1.048583386968843900e+00
1.015706147981630725e+00
1.001400802028088677e+00
1.046156320565723608e+00
1.090748895172490851e+00
1.078468384618984199e+00
1.090966760653220291e+00
1.087414051676309112e+00
1.079025077090340234e+00
1.095753223065317306e+00
1.015304301593209058e+00
1.087130531352782592e+00
1.017435940216010692e+00
1.017688984323955603e+00
1.073560769236634238e+00
1.085522307671287656e+00
1.057200236768866430e+00
1.066681998033426115e+00
1.048431694310033579e+00
1.074011208613110835e+00
1.034453428062974245e+00
1.071061667485855962e+00
1.015279409895402329e+00
1.089816327685525277e+00
1.043699388222410818e+00
1.074988635515560897e+00
1.011879201063262679e+00
1.003627874875294257e+00
1.035619661524056490e+00
1.015655018004100851e+00
1.099264784907104442e+00
1.088338484620741786e+00
1.095998197046218925e+00
1.017469520611376854e+00
1.090524534131559031e+00
1.014668070279149958e+00
1.085033576217445450e+00
1.011536322297206913e+00
1.053219636117279645e+00
1.066774943263311126e+00
1.087740770529595613e+00
1.035710385029817493e+00
1.041480293048127503e+00
1.049945687084808732e+00
1.053263315482697804e+00
1.064931131090642635e+00
1.089062899996248390e+00
1.093605865935642241e+00
1.097548830119558838e+00
1.047417186417259005e+00
1.005141217245452356e+00
1.011787169292716504e+00
1.028063035714544604e+00
1.056206587340723146e+00
1.043071289078729480e+00
1.018078388162146242e+00
1.004329767045897270e+00
1.013274123729483556e+00
1.015886085264209759e+00
1.087372492256201362e+00
1.096801153628249814e+00
1.024765332807002549e+00
1.009667773888990983e+00
1.008743011486540553e+00
1.023140810595471573e+00
1.029376701332306299e+00
1.097342184368909956e+00
1.037132818761286046e+00
1.099573155459671714e+00
1.026895161942015688e+00
1.011648194663981037e+00
1.005683610168789821e+00
1.040555446090582814e+00
1.000240852108489120e+00
1.073125060892531346e+00
1.077691949605620758e+00
1.069260829753382325e+00
1.008224729239672879e+00
1.059841626851542928e+00
1.083042807465840696e+00
1.042884353072097259e+00
1.053874131750596188e+00
1.003044773398697131e+00
1.046906527153155908e+00
1.034552724145082037e+00
1.006602063816535386e+00
1.093491724579942925e+00
1.031163613782803523e+00
1.069104021316318764e+00
1.014770757130732726e+00
1.090821620256951174e+00
1.075169135004046206e+00
1.073075492834989042e+00
1.042259189834519262e+00
1.021865218582015178e+00
1.074008566754712124e+00
1.007636765498211684e+00
1.079296628094067012e+00
1.091519774186914038e+00
1.029724678197172949e+00
1.044792296159154255e+00
1.093083226122874230e+00
1.095308915369632929e+00
1.054328930222243610e+00
1.075844840677494307e+00
1.058973961380359263e+00
1.006096907220644043e+00
1.069120801531657339e+00
1.029400355474058726e+00
1.009348701578715035e+00
1.086394502222969072e+00
1.014788047613405020e+00
1.053330892225606163e+00
1.086442279212833872e+00
1.011703298125448791e+00
1.037789732722102176e+00
1.092897246030153147e+00
1.045535704895933282e+00
1.034577724276103172e+00
1.035852419363978871e+00
1.063071098685748117e+00
1.044850936099185557e+00
1.040182075916377347e+00
1.011498952802524665e+00
1.002388483731538438e+00
1.008734376857961967e+00
1.048064000243426497e+00
1.065697489588722791e+00
1.074694962403173637e+00
1.098682428753016360e+00
1.086729766885025317e+00
1.096125293770050080e+00
1.004809852321194130e+00
1.023101671329259332e+00
1.074635002487567270e+00
1.002507755523572630e+00
1.029187873255716035e+00
1.010489120185984691e+00
1.009918577946010254e+00
1.011427621516045816e+00
1.046300604859019101e+00
1.046807911455746476e+00
1.075005724802889695e+00
1.039356265891214992e+00
1.073214429994042485e+00
1.099462844299964326e+00
1.049409300047360105e+00
1.050721318173310825e+00
1.034407853019987611e+00
1.073187955530555238e+00
1.001090066902193154e+00
1.030399194129865581e+00
1.088144764490161620e+00
1.029417773751541310e+00
1.062706976575939377e+00
1.001916685863594614e+00
1.095977865312585342e+00
1.037991515474790960e+00
1.061705379923630232e+00
1.095254370474888272e+00
1.082003567621783180e+00
1.093048760563338995e+00
1.098547349855049537e+00
1.057042178185765291e+00
1.095648530412644206e+00
1.013670468012509041e+00
1.063240257740474259e+00
1.094009671679621265e+00
1.029170820318444646e+00
1.010785829418898940e+00
1.054165840614298855e+00
1.056707065197422413e+00
1.025991812243130630e+00
1.048490508325125914e+00
1.072738079443320558e+00
1.011721344583825566e+00
1.068026486371558947e+00
1.061222011897088979e+00
1.015883631771933970e+00
1.000425294996827530e+00
1.086868930535848321e+00
1.093906477185530246e+00
1.060801166199447199e+00
1.020781731429937667e+00
1.047089158546837817e+00
1.018267191741651478e+00
1.067951865416473467e+00
1.011167960653614806e+00
1.071322234974165344e+00
1.061942126535516673e+00
1.095266947755647591e+00
1.071718152605305674e+00
1.023488598405528194e+00
1.022148545997245916e+00
1.052037244522364023e+00
1.014535027941037448e+00
1.055200427230194027e+00
1.085024100316973161e+00
1.043087157237815310e+00
1.022550723454222821e+00
1.093976957449769971e+00
1.087268816911328262e+00
1.027345070722278209e+00
1.009816351575730131e+00
1.083992372268698157e+00
1.069015532505066313e+00
1.056388051164564468e+00
1.089917206956223517e+00
1.090563700289595150e+00
1.039981816160826522e+00
1.023684037264177560e+00
1.095999402231439435e+00
1.068886817579203674e+00
1.004315139171379823e+00
1.085312242060803456e+00
1.005094614987899648e+00
1.051921018393729756e+00
1.021130660354546027e+00
1.076584309198840739e+00
1.056098680997392902e+00
1.096280818627712206e+00
1.055734630466669044e+00
1.009938968261806291e+00
1.089290992343184383e+00
1.030455149482890409e+00
1.034244061235024326e+00
1.095809859058870517e+00
1.085489426777598299e+00
1.035900148708153390e+00
1.055046630968015764e+00
1.015630508287973743e+00
1.044684466940735801e+00
1.092693411943446602e+00
1.022842759530876444e+00
1.070125721424169729e+00
1.096613079957448944e+00
1.086022876948657512e+00
1.097099171512212035e+00
1.049205523595148737e+00
1.084212523384238569e+00
1.037185055840293746e+00
1.045801633455941460e+00
1.056799256436466994e+00
1.054331505717398532e+00
1.015078799397151732e+00
1.066878186363552139e+00
1.098468845013130357e+00
1.015455000846895439e+00
1.094269149639061744e+00
1.098896470005398252e+00
1.004154757294980493e+00
1.073233204421618847e+00
1.020424583769513838e+00
1.045845964618856705e+00
1.059168988764630281e+00
1.022934996342118819e+00
1.056861736666624196e+00
1.036610226409302893e+00
1.076159031285262246e+00
1.024819069264116367e+00
1.020246442696725486e+00
1.050134320091626217e+00
1.011261103625168190e+00
1.051386623040293511e+00
1.098525177868691083e+00
1.079155653950465199e+00
1.017089201549268518e+00
1.023411084301067087e+00
1.085590407225500931e+00
1.016796321967368355e+00
1.068967278051303538e+00
1.063834567112935892e+00
1.035505784204217239e+00
1.076060510903512180e+00
1.065087936355818776e+00
1.075298764044229527e+00
1.059314524789989997e+00
1.026219777448077464e+00
1.050014872347337036e+00
1.006072893564605941e+00
1.052793895072452468e+00
1.065715963522487986e+00
1.073829880627425570e+00
1.030744135518850690e+00
1.053137106254708577e+00
1.087585107740058898e+00
1.040203376537218949e+00
1.040760090623512157e+00
1.050621249381951117e+00
1.049550636956483762e+00
1.010220120777938435e+00
1.091015505056605717e+00
1.027951176735636185e+00
1.094844287300077434e+00
1.039675286835576307e+00
1.056583612375030734e+00
1.075377175716304645e+00
1.085955128857118090e+00
1.035499912678524037e+00
1.046343895834816573e+00
1.001164968794141963e+00
1.036274913233381723e+00
1.094896119156936631e+00
1.096722738119482843e+00
1.068044482916932658e+00
1.003968182683608878e+00
1.045739805458397287e+00
1.040010686393363804e+00
1.096664740321105613e+00
1.068885869740710204e+00
1.059157871693486408e+00
1.036169856314499871e+00
1.036379437775469814e+00
1.035515861866134646e+00
1.083358066808887132e+00
