4.484396580545003952e-02
-7.497062604931183788e-03
-8.668493778302838182e-04
-4.816486252977541724e-03
3.106184816626559111e-02
8.669231484702927260e-02
6.789037349536652943e-02
6.392448342102435843e-02
7.085264843149946534e-02
3.143011108242881047e-02
4.901415747657551780e-02
9.194422146617016456e-02
2.265303028795021337e-02
-4.504719517810253787e-03
8.139323015819369123e-02
9.999446566972125527e-02
-1.737189881963373955e-02
2.635577809001552960e-02
-6.151867461500589579e-03
-7.552121473865231957e-03
5.978113275878389754e-04
7.786581331270900352e-03
6.177068196811066891e-02
3.362971853445079207e-02
-1.286912780478845220e-02
4.154657979725524808e-02
-4.550283211840148306e-03
6.598005058739783713e-02
-1.197057936050179190e-02
1.897137406754435818e-03
-2.744365909720797303e-03
6.157373147276791470e-02
9.260648064283415193e-03
8.432615759321326898e-02
8.176879075278886688e-02
4.011632830987475751e-02
3.307826879649153340e-02
8.869419909394363200e-02
7.322115812995688700e-03
4.345097902544992063e-02
-1.756077677264275549e-02
-3.329571435945671842e-03
4.008102415974068577e-02
4.850394026291854344e-02
-1.434635072331015039e-02
4.738121813314889741e-02
7.008573428788772430e-04
2.219451265878326016e-02
6.609963788774189664e-02
1.840652447982170023e-02
-1.178433117935323397e-02
2.941653250196709160e-02
5.169405334494046877e-02
1.595269801576257654e-02
2.380035913977646134e-04
1.982449097574672317e-02
6.689397537200353350e-02
1.517080678458678292e-02
3.371494365625138379e-02
9.974036560669249929e-02
6.389480615890692772e-02
-1.187251813503962215e-02
-7.585877608919350257e-03
3.956517310327495318e-02
-1.016092850749662595e-02
-1.833867147911018985e-02
5.807673079905795177e-02
-1.719374404337586579e-02
-1.105210771849684213e-02
7.312239612027283953e-02
3.217549225519422684e-02
-1.257809901319701870e-02
-6.753726959527188434e-03
6.425795623508928633e-02
3.408834147925712821e-03
1.442985337694983883e-04
2.534091621940142217e-02
5.741020858553626260e-02
6.169072424334894056e-02
-1.014587777799363932e-03
4.655287952443196153e-02
-1.795176172401529574e-02
4.899554236327682832e-02
6.266599617583580584e-02
4.034645002905190569e-02
3.217878458744355408e-03
7.634835087422471578e-02
7.310363056803942383e-02
2.185761612301498694e-02
6.912572037881523079e-02
-5.931067674638610537e-03
5.662614227301045189e-02
4.440944525134979393e-02
9.388595743384141323e-02
5.524227039091601787e-02
1.932602736518091238e-02
6.400574408239552426e-02
2.822836768030975371e-02
1.844055071541079657e-02
4.472639702571387654e-02
7.087873259292601369e-02
4.446238140068287104e-02
5.015350793884662539e-02
2.896350832285058199e-02
9.620547694438674746e-02
9.276388464899736064e-02
2.191826555475234403e-02
6.578154780733112827e-02
-4.892650666304100560e-03
1.592688346553133502e-02
1.300369533550822451e-02
-3.806921262947019630e-03
9.526835349954794474e-02
3.746839759169615092e-02
-4.946319878950758767e-03
7.034186106031344032e-02
4.319472158113701887e-02
6.705488728609197702e-02
3.408469605789382628e-02
4.046376694918865646e-02
6.733904241784863243e-02
6.786597992664632206e-02
8.867541545867656250e-02
4.025197748284647936e-02
2.400412237661376721e-02
9.493743836383800039e-02
8.210861383884131282e-02
4.864581455106929686e-02
5.427226486240373238e-02
2.628749793617686861e-02
8.500869230578819713e-02
7.346048597886899179e-02
2.330870203741513755e-02
9.438136969870750126e-02
4.044435605507375187e-02
5.013203640884845991e-04
4.208895114169039497e-02
7.572536515971955984e-02
2.107343833008837666e-02
5.295165035091711769e-02
2.840771352327045238e-02
7.419576601114484526e-02
5.951012768668724473e-03
1.491234720278536777e-02
8.595021433456244420e-02
6.317288585172287085e-02
2.732025445697306917e-02
3.450934207299336670e-03
2.538337853638210351e-04
2.232121990799990421e-02
1.717312490006442718e-02
8.403971634169508237e-03
5.039384703284764677e-02
4.626284813016245945e-03
6.810286292013770226e-02
3.731593006794699241e-02
5.154684965706710087e-02
2.630571714894773538e-03
6.654098428630836337e-04
4.302770259171289496e-03
7.146376863314636563e-02
8.834549394136133327e-02
3.926678834620088432e-02
-1.215962266646179561e-02
-7.962364537733045144e-03
1.566370007528079811e-03
5.563535886016111875e-02
4.504876717281790233e-02
-6.262210825334849768e-03
2.460547082823064460e-02
-1.764348489418636479e-03
2.906821042218863879e-02
1.102767738744487094e-02
-1.387953242583157137e-02
7.303564720959861145e-02
3.717218333449845424e-02
9.236143912656369359e-02
-1.285316557759416320e-02
3.751579976601425448e-02
1.166606869297677831e-02
-5.012104210552478095e-03
3.593305055379526769e-02
-6.786801911193624318e-03
4.139643790780610233e-02
6.105312704982379657e-02
1.939685015242354968e-02
4.278201699496109178e-03
-1.531886229329781565e-02
2.697238874179553811e-02
4.399933857774640522e-02
7.294081485730290193e-03
4.726558264747143800e-02
-1.862267574073921128e-02
1.013197383036375590e-02
-8.975311771401036504e-03
-1.799196304943558727e-02
9.277638339472116247e-02
3.779752042887392360e-02
4.525111874688478308e-02
9.390111539848397526e-02
7.643506369411705303e-02
3.108253660897379936e-02
1.192351985656403199e-02
7.301417429565738165e-03
3.823871078713263205e-02
4.074307043096883629e-02
8.006869320129376966e-02
-9.166901403038671750e-03
2.595521455404985536e-02
5.768508562541420359e-02
6.099437618395951721e-02
-7.346589431572238607e-03
1.496906746176570116e-02
3.978247249283571596e-02
4.885994100604770796e-02
7.852929940822166166e-02
9.439904163014159466e-02
6.302001045418782754e-02
6.998652475668661055e-02
3.208149202035692760e-02
7.950064611122652225e-02
4.166871341650746352e-02
1.384560950203480093e-02
4.871242009247649107e-02
7.281346242473106523e-02
1.463408251995483925e-02
6.250515363210185082e-02
4.954118053943044886e-02
3.010788448969742639e-02
9.914455630443119727e-02
8.442570530801242479e-02
-2.788726106961958440e-03
-2.425488026335565622e-03
5.128705573054306854e-02
-1.621813859404845626e-02
7.239471251230386595e-02
9.312300573323817332e-02
7.097930562455510850e-02
7.866684821194093458e-02
8.099868529122866700e-02
1.695338032702832856e-02
9.230911429143587310e-02
3.794316993085034007e-02
7.879559389222610261e-03
3.323610287857453605e-02
3.068556257370610996e-03
7.110836381205834500e-02
5.889040825428974724e-02
8.926082457551536009e-02
1.018436718877650110e-02
-1.776809840122985096e-02
7.335580952101264374e-02
8.856990997605709848e-02
8.322319014611767596e-02
6.485196165112389055e-02
3.953337522975798601e-02
8.693416416377440503e-02
2.949802705528574778e-02
7.147335092865272910e-02
-8.574488364238748439e-03
-5.694320344251740940e-03
5.558394457810252043e-02
-1.477944144743726686e-02
6.265790931993608925e-02
2.238713987213989884e-02
1.583615984905057880e-02
2.757338740522717602e-03
6.399751561967355340e-02
-1.264768240021186055e-02
9.143068383056544846e-02
2.882705282431637442e-02
-1.704616849761226779e-02
2.841113939743737313e-02
4.406056357843736448e-02
9.966611821625559475e-02
-8.114802598981238693e-03
3.291524358301216313e-02
6.462617483431697119e-02
7.688020088473054847e-02
5.641967286842428098e-02
2.996884325434804111e-02
7.284430177631719128e-02
-8.310099427363803679e-03
2.320902526625708354e-02
-1.201905233207310741e-02
2.951228567540762140e-02
-6.508463163015718034e-04
6.940174527542460059e-02
-1.011379834505492063e-02
4.622066203770529291e-02
9.317113323507443534e-02
-1.308607683943052713e-02
2.825200495691314317e-03
7.958887924250987456e-02
9.824276809518593667e-02
2.011548860154147716e-03
3.319668734688821510e-02
-1.058401398016334434e-02
2.685908065869875225e-02
3.261648738039313322e-02
4.531607648862447102e-02
5.919597119976058308e-02
9.078583259326540589e-02
2.641475879080498398e-02
5.247864080167058409e-02
9.942642176571526991e-02
9.968227135688416396e-02
6.073952814566740965e-02
-4.494244941255972139e-03
-1.831893782578508309e-02
1.757224569529347927e-02
9.572088292516499342e-02
4.683483772155809521e-02
4.755595207711836581e-02
5.546739572400273544e-02
9.933513962841281075e-02
7.612212460109528400e-02
1.727590069686580840e-02
4.306071784261383817e-02
6.160296697677447586e-02
3.226171151147924632e-02
3.752003934985416456e-02
5.075457794834419001e-03
8.684787464110906019e-02
5.800911844878857415e-02
-6.995148512963860268e-03
4.415989833432282241e-02
-1.742821884019386466e-02
9.753671337401627339e-02
-1.193739401589984268e-02
2.808915347702217388e-02
8.434560225724724303e-02
9.547451929455272324e-02
2.647793368550041201e-02
9.967698167819670496e-02
-2.730209521083545171e-03
8.323683149885507948e-02
9.236621263379692082e-02
2.520904084476769877e-02
4.293610084203106081e-02
2.432295740947865506e-02
9.313199013931618142e-02
9.328529598232555842e-03
5.098988424554522225e-02
1.282964719794861194e-02
6.028516688780605204e-02
4.299564428234414759e-02
-1.208558850628173309e-02
-1.892978349315337441e-02
4.273171165690281548e-02
7.439077823818403268e-02
7.705439048126981605e-02
3.237299882349328750e-02
8.544484687346792784e-02
1.576204791211319872e-03
5.091158299408127252e-02
2.555659524230990270e-03
-1.235561942781782108e-02
7.167467629063298262e-03
9.528669799859107448e-02
4.268340435262411858e-02
3.745951088060028855e-02
1.067171438956145482e-02
8.874980794271097873e-02
5.971223190157143312e-02
3.598026822276505221e-02
9.712156500660354408e-02
9.289979106632501038e-02
1.053897850423472782e-02
6.011343085729678459e-02
-1.484407851816260671e-02
5.620801977739006694e-02
2.984904785136253610e-02
2.516286594811233471e-02
6.378808751441693292e-02
5.032028362466443860e-02
9.616767153038609239e-02
3.026610757062421844e-02
-1.850930571339425013e-02
1.619779897965825319e-02
1.372454132150561015e-02
8.394971229968262172e-02
3.107577400557815991e-02
1.863542601391185785e-02
9.854943508670269137e-02
1.646898720901080262e-02
5.723970408253162279e-02
2.724447723664306584e-02
8.976411436055664606e-02
6.347445093626377655e-02
-1.163318558933926564e-02
-1.001461296924353005e-02
1.957511771487567900e-02
1.309168395938732632e-03
7.309667473392220116e-02
6.141274443334587829e-02
-1.151381096655714614e-03
5.564508811221248463e-02
7.422558309744674288e-02
7.407850436251804671e-02
-1.868092646815288846e-02
7.445538522068056997e-02
9.126942150334081683e-02
8.698504369314764839e-02
2.574285559447241079e-03
-4.173846326302535492e-03
6.284357307335078358e-03
4.740269892406535901e-02
5.139673733773950093e-02
9.010918958970964843e-03
9.313677383326904313e-02
8.160132229739467530e-03
7.775217454385129068e-02
6.694711352553645023e-02
8.405395751743706401e-02
5.026351803757571346e-02
8.092239846730756025e-02
2.669035276099483711e-03
5.116160663122652080e-03
9.131670418664403210e-02
1.635906110637685637e-02
-1.652882936096588748e-02
-3.825944638021581273e-03
9.068363110029094287e-02
7.996331352929358233e-03
5.108440706453584723e-02
4.876368609966981460e-02
-8.913386413806900777e-04
4.054093767643280471e-03
8.220204826640152562e-02
7.908791116028052182e-02
6.227981111684595394e-02
8.529099218022534457e-02
-1.253584895135512363e-02
-1.537784546541668546e-02
4.057826426155766719e-02
9.750921993342985539e-02
-1.836630864713605787e-02
3.766653739101102905e-02
6.882973364398750626e-02
6.712490217498218170e-02
2.666730506781151908e-02
3.359803452711303262e-02
2.386372892891563957e-03
-1.074560732122092736e-02
2.662170576718398199e-02
4.353364364820173915e-02
9.026799214389703840e-02
9.882729464238661221e-02
9.920589886576738903e-02
-8.619067211719583926e-03
9.110209489035933639e-02
4.735761474271267535e-02
-8.887435991683947586e-03
-1.476749772588822202e-02
7.463152966416992939e-02
8.271331806642792661e-02
8.161336393989797322e-02
8.768486503973547952e-02
5.279410662711817026e-02
6.544615945440264426e-02
5.728702673967506209e-02
6.012597833061905650e-02
-1.365994148717273454e-03
-4.295557381241644351e-03
1.442060338770992725e-02
9.356477602447177411e-02
-1.093146360647139111e-02
4.821880100794460888e-02
-6.245420898276100863e-03
1.266686786138843460e-02
2.013264458960544248e-02
-1.588215451372108553e-02
2.434600487124996201e-02
1.594506673556290652e-02
9.251606520698769931e-02
2.358019308384990895e-02
3.033421457994823697e-02
-1.692982937447825437e-02
3.887603615443495364e-02
8.579972499848230461e-02
6.611639183098497186e-03
9.655280068848934305e-02
-5.511080616708765451e-03
4.739647196102965421e-02
2.350171107140240287e-02
8.003966314879609745e-03
-1.925371991704565369e-02
3.985981047452803738e-02
1.438195904613391238e-02
2.040234161650054598e-02
8.084921162200320310e-02
6.673729853464049899e-02
8.259190427845231053e-02
7.211235103549717973e-02
3.438769656015663867e-02
1.567599853871752200e-02
5.831363904731487469e-02
7.319618360602304918e-03
3.170376771493815804e-02
8.825609521485447417e-02
7.504815904341134714e-02
-1.892963703593448718e-02
4.004392485534929991e-02
7.540359017493608595e-02
7.741137995201533006e-02
-6.593646490613539260e-03
1.250498431819511633e-02
9.491209198435417160e-02
6.057320666187046565e-02
8.578992097199576727e-02
3.546236458452646512e-02
2.287824430265806425e-03
-3.412101781138876522e-03
1.753089517044334120e-02
4.820251451858659220e-02
3.740271602533859485e-05
7.901600739400428675e-02
2.601105736326797535e-03
9.998658233535840517e-03
7.228900198083788864e-02
8.046511472234518791e-02
1.813521857667695775e-03
2.223134973054638128e-02
3.190072356873671633e-03
-1.327180959574695077e-02
6.690089997901302321e-02
8.134187900228721790e-02
5.190980465170814961e-02
3.176985944669812045e-02
-1.341452143169401603e-02
3.616836567013310966e-02
1.284423236370607277e-02
3.344117084057650346e-03
1.021975341575900517e-02
5.179178915914364745e-02
3.924771596412464369e-02
6.327406414419019243e-02
-4.559702851212191557e-03
9.003517474373594343e-02
9.642961408781254573e-02
5.428193005148218564e-02
3.844400860042124224e-02
-7.402769233007826591e-03
1.953369600114518087e-02
-3.678745947713196740e-04
1.484511641144342989e-02
-4.945645248967841384e-03
7.407690811324801894e-02
6.355769055918756433e-03
7.753172007594294479e-02
8.770585313295888030e-02
-2.908496257351057129e-03
5.248020128447541954e-02
4.290210503419089605e-02
8.089857220639687374e-02
5.262961677964336782e-02
-7.729836914813357357e-03
4.320862419805271415e-02
7.590784688858052964e-02
-1.869898588841983206e-02
2.992517020601504277e-02
9.733852727397360183e-02
1.394597974709125762e-02
-1.225509345296879604e-02
-1.965299039214707735e-02
7.122803688265590127e-02
6.498802829572826456e-02
4.118979948587635220e-02
8.542518270976656725e-02
3.831701317600250123e-02
-6.484509630230545982e-03
2.024478046838490072e-02
-1.980708440319049052e-02
-5.182663812825819352e-03
-1.872183625894874304e-02
4.446275069542647562e-02
3.878653572097312541e-02
9.397748358262578150e-02
-1.199799614605112121e-02
7.416262534635779946e-02
1.121941628124305604e-02
2.241704856733945858e-02
3.737586015190816346e-02
5.698316579518269975e-02
9.103929456429853129e-02
7.117897074497074594e-02
1.965648921810022112e-02
-4.380164857523856370e-04
-1.039479762399705617e-02
-7.387660371650358812e-03
-7.854002958699625447e-04
9.624798920219067300e-02
2.239950572933540121e-02
-8.126356770455487114e-03
-1.948797736286148052e-02
5.622124810789909388e-02
-1.598193373674580003e-02
8.816384397269366735e-02
1.680894848863960164e-02
2.884615377582286713e-02
5.044329796950836053e-02
7.125894355722003914e-02
6.169929645972976884e-02
1.087769177831186471e-02
-1.833095808446598765e-02
4.115545532737877044e-02
5.076861521554548728e-02
3.959272560396392970e-02
9.724348693800061172e-02
8.290562022626864203e-02
3.386379759532365946e-03
2.923826078409293497e-02
6.851002550627376120e-02
3.947248382010576373e-02
3.345482381398311167e-02
-4.306803959764210488e-03
2.883299492832233982e-02
-8.997037763103130428e-03
7.368552281187713826e-02
6.063844576210887516e-02
7.340433561493837911e-02
8.085857787274590425e-02
4.951273174409621947e-02
7.667011567406865902e-02
-8.134094742623399973e-03
8.854625069672444893e-02
7.122203110526862530e-03
8.807604009940998846e-02
4.351107419809994992e-02
5.275586975374002563e-02
6.687869562038523119e-02
7.257240999012032345e-02
7.834432990625422866e-02
7.194609540386875945e-02
-1.783094839522215633e-02
-5.489246383251086825e-03
9.765873820463381871e-02
9.331427610567653852e-02
1.107996161427769397e-02
7.864286351030819189e-02
-2.293191088584046328e-03
3.381299220762866431e-02
6.889914876372670027e-02
6.676072998920390411e-02
5.565005571120536232e-02
-2.852035070630982994e-03
9.269558480731604488e-02
9.250219372628987191e-02
7.858625212351311173e-02
-7.176191314272436367e-03
5.234605959404091402e-02
-1.953345601138485946e-02
-1.292623413301707477e-02
7.276177447277598631e-02
7.300843619367899939e-02
7.964161812227714410e-02
4.330227530854006968e-02
1.262009622661229916e-02
2.050277236451914994e-02
2.836368888316269724e-02
8.761844481369233939e-02
2.471778551193562143e-02
1.622482782559818773e-02
-8.705361411496180882e-03
8.152980447529156738e-03
9.749738497237912804e-02
9.012819407919815673e-02
8.487622845393889837e-02
6.185267639760468061e-04
1.027099844536783629e-02
2.559830973405346002e-02
3.931826753931097485e-02
5.559049177316199852e-02
1.262740814212393384e-02
8.555507828861359798e-02
5.804365305223309346e-02
3.597936539210351559e-02
5.371207827416446534e-02
8.552199996249476577e-02
6.604616529410220482e-02
9.085229158715123210e-02
8.463177378288981589e-02
6.058105468916390179e-02
6.444838958878429391e-03
4.512225168245592721e-02
8.684969563625105637e-03
3.756887230520629395e-02
6.055645631330465462e-04
-1.573799653962846753e-02
5.920250386181329094e-02
5.543070091495719276e-02
8.207964609316387161e-02
-1.801734227362493390e-02
-7.790662642389971360e-03
5.701204659971798039e-02
7.058580541375250594e-02
3.357927010193015316e-02
-3.684316642718735851e-03
8.589055470172951567e-02
5.272610156269517956e-02
6.467072552020988740e-03
4.664797032714392000e-03
5.904223234919162011e-02
4.056024080358833217e-02
5.422439542074021512e-02
-1.541990163639279238e-02
-1.866059632363816292e-02
-1.386854244566634170e-02
1.849220848262196279e-02
7.221830998642547739e-02
8.958454454495269614e-02
3.422322799688160000e-02
-1.786721098458415175e-02
-1.974811181281857855e-02
8.270029242790316593e-02
9.774364350916822652e-02
5.914775471330362133e-02
8.824454162064142293e-03
-1.759150218936148674e-02
3.308794364383225300e-03
-2.479626473548626059e-03
2.316890915224097472e-02
3.203060838654066267e-02
1.573139219888688295e-03
1.808111522191919313e-03
-6.299435235145306802e-03
7.421549746833108752e-03
9.841100287446681583e-02
-1.148698171988472329e-02
3.580840610433233540e-02
7.160251739682212124e-02
9.122308837591448782e-02
3.143376894056400250e-02
7.007062836446219245e-02
5.048038639683348483e-02
3.226123658760590707e-02
1.280710592236307052e-02
2.355468380730953507e-02
1.104357620529603651e-02
8.482511154013812338e-02
5.228021658264965510e-02
2.238681560490109537e-02
-3.309150226057131633e-03
9.513950819480430920e-02
9.486581389620971083e-02
3.297457141592098628e-02
4.018697867918413769e-02
3.243802941879110613e-02
7.008799450978134282e-02
3.617900674117678628e-03
9.988470918979813762e-02
2.201656631932919286e-02
-7.180962208548543821e-03
8.682849655453278581e-02
3.814184077272340934e-02
1.682432510395721545e-02
-1.053401413179826801e-02
7.364106514156981698e-02
-7.449583189029924599e-03
6.923753550103316223e-02
-1.896699670183159617e-02
-6.974574620496899399e-03
5.246770657149328609e-02
4.519135483041089585e-02
5.819331850293640862e-02
2.092129216060976613e-02
8.457424500461310779e-02
1.239160188853298886e-02
4.042913401064415768e-02
1.220562618297637084e-02
1.265803855400262148e-02
6.174862044175728759e-02
7.554835087978674368e-02
-8.601344633118172822e-03
3.759760756424819494e-02
3.181940006727000669e-02
3.102661486793569304e-02
3.896754609431313243e-02
4.231599787912829203e-02
2.726910411799125106e-03
8.175985768707264012e-02
8.774107541084853745e-02
2.683525359577723993e-02
8.323361176869974176e-02
-7.174153728155018006e-03
-1.299683385755766828e-02
5.747218314295358954e-02
1.851675457538795935e-02
6.162257435128924710e-02
1.453559633836029250e-02
9.346738434055389122e-03
5.881684171551547491e-02
8.392516350917922363e-03
6.918636988127632725e-02
-5.885868654860616084e-03
-8.560058722759354699e-04
1.758316747819097664e-03
2.704473469572140840e-02
5.365136997106005612e-02
8.695235778886090117e-02
8.614410527085934743e-02
7.790752935917151512e-02
-9.890769058299464858e-03
3.431771031072343436e-02
3.279708961114911892e-02
4.919224805030378289e-02
-2.882766175953659776e-03
1.209798120519239503e-02
1.797463772685699290e-03
9.378269292739410679e-02
1.636097040525536297e-02
2.425010704903259387e-02
5.111078769925622711e-02
2.118898592567398931e-03
5.187873020867296570e-02
-1.333971995472825467e-03
4.854187403670183476e-02
8.210275334820299475e-02
8.789219794579403167e-02
1.805760690051829223e-02
4.334356151309834426e-02
9.024551522857506003e-02
8.193801923128362502e-03
6.581601003392924254e-02
5.679195890409487191e-02
-6.432787304563118355e-03
-4.016495885040043123e-03
7.310828941780575518e-02
6.155687666160583604e-02
9.645226203557139000e-02
8.097129918185201614e-02
7.423046249422304843e-02
8.840508380194625482e-02
6.171653640647357247e-03
8.521387920458715903e-02
3.860147784020559469e-02
8.686174500047266767e-02
1.990620751360766202e-02
7.838083565585694801e-02
4.825472994119568704e-03
9.877851721656467909e-02
1.876845617706366862e-02
3.307213874585779312e-02
2.291640909462704448e-02
3.127055954280756611e-02
6.021763374313045258e-02
2.189594949853282749e-02
1.265537684080013728e-02
8.244371519487290328e-03
8.628974738321007476e-02
3.204772996189413081e-02
4.971203644406192723e-02
5.906482729741661941e-02
8.496146062245371611e-03
2.395556403515307006e-02
3.046798170517958301e-02
-1.065518254191761757e-02
9.857647568527545118e-03
6.759426189311541766e-02
-1.554893964717514628e-02
5.206538817179595657e-02
4.659921128489596942e-02
8.269009794113053868e-02
8.467858435282968332e-02
9.805044861896657082e-02
7.871318084744839683e-02
7.738036369709515305e-02
2.160239872219199900e-02
3.794376444848250596e-02
9.504321704802233539e-02
7.668946249590469222e-02
-1.396600291500218506e-02
5.628270763993437065e-02
6.024948097283749221e-03
7.658556763394311351e-02
1.198375422680421701e-02
-1.637529806870886839e-02
2.104523173783854825e-02
9.287526437784941746e-02
9.318651529074083173e-02
8.852790255352016580e-02
2.281935403846708718e-02
2.621312453016716101e-02
3.436014864076693265e-02
5.815685908263723558e-02
9.249681877152273607e-03
2.119937303476477145e-02
3.558514117727561155e-02
2.481231110794273817e-02
4.319032688721816116e-02
4.264407990282274852e-02
9.421975310418918836e-02
2.949021599276238290e-02
8.204449658666014555e-02
2.562984686627743300e-02
4.719768234467081047e-02
1.346326603748268166e-02
4.619722425302412450e-02
6.911314812684371534e-02
2.690902047986830706e-02
3.417501649883765424e-02
5.892659761614610359e-02
9.800329060168462558e-02
4.099610366200781564e-02
2.111580757363598973e-02
9.499048785621672097e-02
8.081288066290072403e-02
2.057847906299056437e-02
2.255604655136635509e-02
9.551584589215354748e-02
9.779691266466143673e-02
4.889432109764847711e-02
5.996289637720690624e-03
1.752284114708907783e-02
-4.663944455733596423e-03
9.137634880679999794e-02
2.557744045470563068e-02
-9.769436459385886368e-03
9.050643663120784554e-04
-1.610392239266946607e-02
6.014910462005641778e-02
-1.495215844009662592e-02
7.714884006944504324e-02
2.149172563539194017e-02
4.894172633265539418e-02
7.114295417333695026e-02
8.342835325159651816e-02
5.970955397792010455e-02
4.335481602407005586e-02
4.093471468228625232e-02
-1.107706527969417286e-02
8.800016366484954278e-02
6.314309213783454722e-02
8.374776941715797451e-02
6.580518125330359069e-02
7.899669921300550568e-02
-1.765514604485811379e-02
9.025081835556077181e-02
2.281522946496864976e-02
2.612599715963183009e-02
-1.356452429579406253e-02
7.459425854212356488e-02
4.678514307479063328e-02
8.947579110365252303e-03
3.311235986108346935e-03
-1.401693098654691397e-02
9.663696027418812451e-02
7.172045391370839018e-02
7.899266157242250397e-02
5.996074794404859798e-02
8.216163231445867965e-02
4.292572127963210915e-03
1.166994757557303017e-02
6.811555892680597191e-02
2.001653875618556247e-02
2.854800438290370709e-02
7.073620823934315127e-02
7.459054703678889842e-02
1.325209908573575165e-02
8.797398804250870785e-02
9.133747947231271591e-02
1.209497200709034812e-02
6.692699796440656351e-03
-5.898828485957099271e-03
-7.476061645980566772e-03
6.235338187347591599e-02
2.640367797142479170e-02
4.135741120912455465e-03
-7.207136840345443676e-03
5.911086863984871265e-02
7.206963923369061331e-02
2.848285350491014042e-02
2.943116873192300545e-02
-1.326812160224593445e-02
4.610106664493025808e-02
-1.604260716288829700e-02
1.243899919174125054e-02
3.370930197604143919e-02
7.473116053898436195e-02
2.758501341608078292e-02
6.323945100045771234e-03
1.462666036247964665e-02
-1.867214799034545847e-02
5.129337086760095421e-02
9.037117145817909203e-02
8.711161324689276064e-02
9.040114257425714561e-02
3.079311261427658195e-02
6.092340493524875389e-03
3.033424870701520101e-02
5.038507159593899609e-02
5.143266046163960659e-02
-1.119379911178119101e-02
3.133758845530351667e-02
2.327868880904194679e-02
-1.873697762676871867e-02
2.367292144790422714e-03
7.334730277509469987e-02
-5.573429143395126906e-04
