1.075137414191953411e+00
1.056052037603679050e+00
1.014659182414345606e+00
1.005534892414393422e+00
1.088351638817306233e+00
1.038243423910651719e+00
1.042053177393913010e+00
1.042313110324646130e+00
1.029586669714622982e+00
1.056352063177584677e+00
1.068652429910268209e+00
1.068228476236751767e+00
1.011106137978482034e+00
1.087055693480090790e+00
1.015138281281528165e+00
1.024588819679831175e+00
1.015750236943951501e+00
1.099712593337125677e+00
1.022534013395138386e+00
1.078897368978831484e+00
1.098106614558178373e+00
1.003435376664943979e+00
1.023383607030665443e+00
1.023771124530204579e+00
1.055145027288432846e+00
1.036372078771701899e+00
1.088794912569234441e+00
1.086873406353227933e+00
1.026625289287923959e+00
1.047496522998357715e+00
1.048930450274740078e+00
1.033518093632491919e+00
1.052778304089894590e+00
1.098120260405320625e+00
1.085359112715475582e+00
1.061233203422635274e+00
1.061221771510004963e+00
1.065885717169111180e+00
1.027611886549353093e+00
1.003112333197119010e+00
1.013493808591047429e+00
1.032285690067250128e+00
1.040014716174272991e+00
1.090745742307245303e+00
1.000618408429459372e+00
1.085157675213109352e+00
1.038763786758221785e+00
1.034954697105315402e+00
1.035481822252249717e+00
1.079052156956905817e+00
1.099459086915015149e+00
1.082130964987003008e+00
1.033084778739824072e+00
1.094877186367527067e+00
1.099404163954503799e+00
1.025729397062273396e+00
1.021212871149523416e+00
1.077087305095233205e+00
1.029573460039326038e+00
1.038433355945512782e+00
1.094929867221738018e+00
1.008178124688694277e+00
1.009083709546274354e+00
1.059900277249881784e+00
1.078158932055773844e+00
1.013164714864927207e+00
1.065825853305116588e+00
1.045190997090260421e+00
1.097751807865279705e+00
1.012874277043104509e+00
1.032279196690812029e+00
1.078515298994955574e+00
1.056543727099234387e+00
1.042482452606690702e+00
1.094101798505314971e+00
1.097353385845913687e+00
1.065785587084454811e+00
1.054589434462150255e+00
1.042343211341667297e+00
1.064527139508315123e+00
1.024430261005386145e+00
1.017899922909061061e+00
1.084870862801723845e+00
1.054182691365964653e+00
1.095748472871125534e+00
1.038567824474546875e+00
1.019128625044910308e+00
1.022964339881976326e+00
1.059088557472881664e+00
1.050967222491739239e+00
1.040482225026954977e+00
1.086179801959368030e+00
1.056310963023946226e+00
1.093126005320767646e+00
1.057628799568114397e+00
1.062114944704316111e+00
1.074749413622215100e+00
1.052215308329333965e+00
1.086130720974644914e+00
1.082248115441549752e+00
1.053212403718658763e+00
1.090445030142545235e+00
1.007526987813021080e+00
1.048521809962481566e+00
1.029967697690521433e+00
1.045964253015830847e+00
1.086955411217080725e+00
1.005685224264713851e+00
1.042272554200345924e+00
1.089436398724703770e+00
1.077566193690460139e+00
1.039990454710517431e+00
1.037266876884637368e+00
1.072573855818022004e+00
1.036608314263689046e+00
1.045035421230462003e+00
1.034240905293522417e+00
1.022546433381086972e+00
1.082505770273853196e+00
1.051093298408457333e+00
1.043887268985384420e+00
1.001152425453537553e+00
1.052983235553945685e+00
1.010863213303152097e+00
1.020273779056405816e+00
1.014672537803938068e+00
1.036470631739226711e+00
1.039883592474225793e+00
1.031726316384184994e+00
1.078055711903020075e+00
1.044301941722017402e+00
1.040366328133312868e+00
1.044194556392607165e+00
1.031351658933969073e+00
1.024880234032431447e+00
1.083907944120173550e+00
1.032784323467763388e+00
1.014608860787973299e+00
1.015689893342265337e+00
1.088104920433740519e+00
1.079746223507654701e+00
1.009928001865851188e+00
1.045230225846400351e+00
1.058988261943083486e+00
1.017202002230288560e+00
1.098529724749426340e+00
1.055366334342925150e+00
1.030989419452922551e+00
1.041778883418162716e+00
1.009186307065679244e+00
1.090064514302445220e+00
1.026314186886067681e+00
1.053514658947623417e+00
1.024761799876551471e+00
1.004685373137435445e+00
1.007307408038321750e+00
1.046274280648248789e+00
1.038708161389133355e+00
1.011653419545071486e+00
1.049182584847600630e+00
1.023468654472131423e+00
1.081374825505813542e+00
1.027715306168552889e+00
1.050885283573753659e+00
1.017621894043163833e+00
1.002438756036495793e+00
1.008988095971025345e+00
1.057099843724539356e+00
1.029020080168197238e+00
1.099074599192897406e+00
1.012371141625266535e+00
1.072383416863882388e+00
1.056995489981144010e+00
1.029903850963778345e+00
1.060551305670488942e+00
1.064389549298796700e+00
1.090902463479137108e+00
1.011706522033448019e+00
1.081183650195770118e+00
1.065030775536438101e+00
1.040573257410907226e+00
1.034937663829042176e+00
1.020255288529249738e+00
1.057948280357183801e+00
1.037519615306141674e+00
1.074887593759777271e+00
1.062827213798663184e+00
1.065210010641106653e+00
1.036739046664740149e+00
1.098055515710782304e+00
1.098352819835479055e+00
1.094637859345962250e+00
1.042444124642660563e+00
1.033846235020511095e+00
1.061184269625768062e+00
1.033717896437295947e+00
1.069525403526454088e+00
1.063714342546104641e+00
1.012383476602874310e+00
1.034098975099536188e+00
1.086980264515834183e+00
1.022659134729017705e+00
1.050228836779375730e+00
1.045077683503428334e+00
1.096627098887877017e+00
1.084072975855506993e+00
1.065821365826626232e+00
1.028711418207362227e+00
1.026434540573857079e+00
1.079615830294093914e+00
1.056570637927302325e+00
1.098702108687730439e+00
1.044883706181490179e+00
1.039174020009061117e+00
1.009338647170448633e+00
1.095638712577003515e+00
1.000218633516549493e+00
1.091526699882732432e+00
1.061023383991744895e+00
1.058656961484061965e+00
1.011315648907198161e+00
1.011861812142401895e+00
1.055550347682600032e+00
1.037844396674537650e+00
1.032772879410937650e+00
1.058466556873127518e+00
1.064739004199552141e+00
1.056431618227247737e+00
1.044157131851668252e+00
1.074019162936907135e+00
1.093086822834350436e+00
1.072190947989932974e+00
1.061294908628087841e+00
1.039826790847086180e+00
1.005733645155806544e+00
1.050966220454614852e+00
1.056104960422914685e+00
1.052112896756474569e+00
1.023229329348512406e+00
1.092524024641023939e+00
1.099171166650842801e+00
1.045267117620656494e+00
1.078844104163863671e+00
1.080522107439143120e+00
1.033866625100485992e+00
1.088081095167723555e+00
1.020531558225252322e+00
1.089487565612903275e+00
1.036049959837601175e+00
1.062469005798802657e+00
1.077031800866502742e+00
1.033124178641930957e+00
1.011460066082024101e+00
1.009370513082018972e+00
1.076969281992701699e+00
1.082486999783202064e+00
1.034190929420121474e+00
1.018845733190203662e+00
1.081051627113277291e+00
1.083875596052084944e+00
1.095400247429311635e+00
1.051582907915750376e+00
1.037642685569278189e+00
1.017949550691510385e+00
1.035047024835136442e+00
1.046808182058894365e+00
1.074884288346916072e+00
1.069234169138817414e+00
1.042294967658329741e+00
1.052559633849151188e+00
1.025734201566576020e+00
1.068641256345188806e+00
1.002481932062982750e+00
1.021723605067336615e+00
1.033615945988179519e+00
1.057231578101137881e+00
1.055010737457787728e+00
1.009461842110222385e+00
1.095805073363942173e+00
1.055770815695026066e+00
1.083948439780579198e+00
1.040205081466074155e+00
1.031111468452368118e+00
1.070791075189972297e+00
1.004232857644047128e+00
1.048140638744249786e+00
1.072637138955969238e+00
1.023365154357746887e+00
1.046462707439546058e+00
1.010845326666287569e+00
1.031913667871357632e+00
1.050737349237164109e+00
1.018295926922026418e+00
1.004160386733752741e+00
1.018741462982049262e+00
1.008082317341199907e+00
1.053150073065858949e+00
1.006151220135975244e+00
1.021370159926274779e+00
1.041214091287080201e+00
1.069985798993139170e+00
1.031242824579672313e+00
1.094383046606016707e+00
1.014905400928442392e+00
1.090794280048709375e+00
1.031172782087054651e+00
1.088091745580318070e+00
1.051275230725571497e+00
1.019977055670755917e+00
1.010585781005392869e+00
1.037207912240852625e+00
1.002315568806437129e+00
1.050866803178601039e+00
1.057340652658019131e+00
1.070516747817817027e+00
1.095666214034217933e+00
1.061204665968957572e+00
1.090764883559522724e+00
1.081683232063836542e+00
1.033372709641311893e+00
1.049791227220753465e+00
1.088600368038822541e+00
1.042961255787149266e+00
1.021636874002344042e+00
1.097559294027198762e+00
1.062922106680752377e+00
1.066609507453512906e+00
1.093738417710274469e+00
1.000302744490068729e+00
1.058892462821661828e+00
1.054089187591160215e+00
1.004226841722923869e+00
1.055255393469964886e+00
1.084250812382451024e+00
1.075652029096760609e+00
1.035895002232505968e+00
1.019654614137134985e+00
1.016619258095448286e+00
1.064942330607074439e+00
1.084613385898224980e+00
1.080059827853831367e+00
1.031909385977561211e+00
1.038922312605885523e+00
1.061737573104057919e+00
1.093936417760983160e+00
1.095635254778897894e+00
1.031818097556339797e+00
1.002837764751391303e+00
1.096311146082278754e+00
1.029537460637993007e+00
1.055647663600187469e+00
1.004510552227392051e+00
1.094980073251582198e+00
1.072812237570668792e+00
1.090675607742028985e+00
1.018291187755456573e+00
1.093488204478933579e+00
1.077847581573748492e+00
1.088024127243209405e+00
1.009367321287410135e+00
1.003893294688011029e+00
1.070570081574820920e+00
1.017080680844643314e+00
1.050649915111259380e+00
1.056607618072266330e+00
1.069265536107371295e+00
1.006436941787623995e+00
1.038543980645904918e+00
1.040301454320030627e+00
1.021707212434338929e+00
1.026485339791735063e+00
1.019874763347485835e+00
1.039958956007586810e+00
1.030286710221398394e+00
1.076639261684059656e+00
1.022828818596229317e+00
1.019935596057615079e+00
1.060197450399287700e+00
1.087865404511699774e+00
1.061855137052792220e+00
1.018661518803169352e+00
1.007188658329217112e+00
1.041567591785280023e+00
1.078082344929381708e+00
1.042600724005654955e+00
1.014560432621437469e+00
1.035015236738666466e+00
1.004179671912935667e+00
1.003400128777913292e+00
1.017548886289926680e+00
1.075054890032248078e+00
1.006353957832895718e+00
1.005830187418735200e+00
1.064029238417598222e+00
1.012232935497891173e+00
1.022488780228166805e+00
1.035363225362346595e+00
1.095833881485486438e+00
1.068640674378508626e+00
1.079801981627302121e+00
1.089329408885272743e+00
1.084085731814620868e+00
1.036449590347231275e+00
1.002195760937971691e+00
1.009851007906190867e+00
1.003782081453440611e+00
1.027308154076788993e+00
1.016315952069717143e+00
1.090057949524997571e+00
1.050660424522696923e+00
1.023430644369079934e+00
1.006908915873862442e+00
1.071431175005071346e+00
1.038424341595314937e+00
1.008695141880312951e+00
1.033315651186844208e+00
1.035087264320949441e+00
1.093338266282324112e+00
1.076078061118481921e+00
1.002560334241931805e+00
1.071773746380598302e+00
1.027366485620066605e+00
1.072961292514466924e+00
1.032684351619748586e+00
1.018065044383962059e+00
1.009195124558700751e+00
1.053746130334635600e+00
1.052596322033964693e+00
1.003505976020921286e+00
1.082008981028618866e+00
1.009169528446119068e+00
1.002440766691567120e+00
1.021060157122977818e+00
1.029041138246050480e+00
1.003821013191013911e+00
1.007881442494501734e+00
1.027935201895479045e+00
1.005223300607890335e+00
1.002768506429831730e+00
1.036738847145681541e+00
1.086663801014344788e+00
1.084231786160020805e+00
1.094826413813363430e+00
1.040800304284395850e+00
1.093932638510705768e+00
1.098793306208531995e+00
1.066017185204893192e+00
1.077634923889031704e+00
1.041820440213965471e+00
1.066887385553822343e+00
1.014583105512205652e+00
1.077056632962444915e+00
1.074126989491068995e+00
1.009101468079041553e+00
1.021818720123417901e+00
1.074983156319116562e+00
1.079360245894940284e+00
1.025743892587936967e+00
1.024933345580130606e+00
1.069682142804274427e+00
1.082494975789049185e+00
1.066955052529529491e+00
1.096185603395126495e+00
1.052249392137212913e+00
1.028286352421906136e+00
1.006152161123074817e+00
1.013164407240027431e+00
1.049524233388907657e+00
1.084782548305488037e+00
1.088080125854877345e+00
1.098390352267434311e+00
1.069416338673579325e+00
1.026484630292349598e+00
1.014429157363210710e+00
1.086520506593106727e+00
1.045894436173891995e+00
1.042166423087655946e+00
1.054580553662048947e+00
1.079586979183245310e+00
1.066420171045190823e+00
1.032603443939718257e+00
1.065359610915537214e+00
1.049672740165140672e+00
1.012620128557332411e+00
1.073502147063629009e+00
1.062707107176807275e+00
1.079461110602569329e+00
1.009636217375786682e+00
1.010563962266170623e+00
1.042452594634869278e+00
1.011372771366739087e+00
1.050548225899345933e+00
1.063389000453852207e+00
1.030237898448195022e+00
1.025239029698980397e+00
1.061135522779477647e+00
1.023944069951857605e+00
1.020633945869425352e+00
1.050218977918141228e+00
1.040634607296023750e+00
1.033631855548666101e+00
1.076049751285181433e+00
1.014745858087563013e+00
1.045116225878104821e+00
1.083131231049677901e+00
1.059895774717016792e+00
1.015718660908887960e+00
1.053907488268973180e+00
1.007123996528367149e+00
1.030166967816205537e+00
1.061395456344297550e+00
1.056381659960555552e+00
1.082200643494869441e+00
1.036364013127774930e+00
1.019503090658741673e+00
1.014671446295555501e+00
1.056656211450335947e+00
1.017591875895316189e+00
1.070939036182511739e+00
1.072437164046128100e+00
1.071277835174863524e+00
1.086158224764900648e+00
1.063140534385086156e+00
1.032798731379588997e+00
1.063602891239675108e+00
1.055935351558013879e+00
1.047785878477872856e+00
1.095481417938979130e+00
1.019781010760116402e+00
1.073911700803526603e+00
1.090748708053440374e+00
1.014680114904252139e+00
1.061882848462231133e+00
1.008474709711695505e+00
1.016016654423902432e+00
1.011941499455074833e+00
1.092352706644281524e+00
1.048311236979818428e+00
1.070155391504904241e+00
1.051720605793448726e+00
1.082613867905351412e+00
1.039357673639994539e+00
1.016814922357360595e+00
1.032309090371727134e+00
1.014088550018873214e+00
1.073458969982101108e+00
1.005211448803096319e+00
1.064766350507864168e+00
1.093457656175831350e+00
1.029882488915798477e+00
1.044976147754054896e+00
1.004684833814647682e+00
1.041034433451726748e+00
1.061581311530244154e+00
1.018388550413519056e+00
1.063651461421017963e+00
1.052467045247069244e+00
1.004812283853228072e+00
1.034494103540996468e+00
1.055845225079085292e+00
1.078798974387855658e+00
1.089062371401205542e+00
1.094862220792779617e+00
1.065198555239901701e+00
1.015822832290989908e+00
1.080543691969204634e+00
1.062099178977357061e+00
1.048455749038826434e+00
1.025601881921615721e+00
1.075646074874748948e+00
1.053706772354415788e+00
1.060166308383001743e+00
1.090175758815205231e+00
1.070140837783558840e+00
1.041486567237616567e+00
1.085756450580465993e+00
1.063926087957018485e+00
1.098584253188120474e+00
1.061294788864217242e+00
1.034789850201558670e+00
1.007544087218839701e+00
1.070740114693325529e+00
1.022495399385769055e+00
1.072379263848580511e+00
1.010646592071593464e+00
1.081213722831208646e+00
1.056369327233853683e+00
1.061652730619111473e+00
1.042516081827152608e+00
1.044959774764505633e+00
1.012791700664419148e+00
1.020986879463235741e+00
1.085565147545158426e+00
1.005013072716976152e+00
1.086620831040918667e+00
1.007010488928097747e+00
1.059813220031559089e+00
1.095331467245526547e+00
1.051389368453625517e+00
1.021153818926472612e+00
1.009866596123158322e+00
1.006177745384801980e+00
1.009279513090474145e+00
1.020554519129284854e+00
1.095939657798311151e+00
1.073663488440596225e+00
1.061357022677576811e+00
1.038947557839052127e+00
1.081062384399892773e+00
1.062508917858357549e+00
1.056223189520267614e+00
1.002260558114205891e+00
1.004758427079758709e+00
1.077700257276740459e+00
1.052414610552184326e+00
1.045917748568813144e+00
1.015076914800983054e+00
1.091861723922737726e+00
1.077690111795453376e+00
1.055978541159666273e+00
1.003147783248758085e+00
1.025692623734760556e+00
1.002972723586137871e+00
1.039335617371597076e+00
1.079104917023467225e+00
1.093572669910882755e+00
1.026902224577617151e+00
1.074581859235311132e+00
1.082947020735277599e+00
1.018871963717275397e+00
1.013595655917064242e+00
1.095528339300485543e+00
1.001801582173216909e+00
1.083393197819239928e+00
1.088879993116206535e+00
1.064124035267929314e+00
1.048504351633664289e+00
1.028771686925111783e+00
1.061384256656475067e+00
1.040449209656490570e+00
1.045092304634097191e+00
1.049142181394383311e+00
1.024150819920705890e+00
1.065426943064171850e+00
1.002442590608485951e+00
1.056974737818828114e+00
1.023349126070218551e+00
1.029554675699709376e+00
1.033794110442100234e+00
1.003952737855038579e+00
1.001581255903371215e+00
1.095754938325120165e+00
1.051601013366831650e+00
1.086922599395838684e+00
1.053789608748338047e+00
1.027698317696281061e+00
1.011951561066211092e+00
1.085751735500130488e+00
1.094030049646381730e+00
1.011111339959231081e+00
1.043331707007665532e+00
1.090517404681970115e+00
1.029179085631874324e+00
1.003057888944780540e+00
1.078511644628402433e+00
1.090001572624840209e+00
1.085133112980678050e+00
1.071654078250686926e+00
1.015801566121128596e+00
1.089345002373218296e+00
1.095658080286518343e+00
1.057602245892611981e+00
1.040791511685041471e+00
1.080894307278055022e+00
1.059634848338923963e+00
1.068562022604431228e+00
1.005148068883950030e+00
1.084186095910063985e+00
1.076281790057490140e+00
1.008226693006510022e+00
1.031644446675784810e+00
1.081010006254621736e+00
1.048744426010732145e+00
1.005350851700027803e+00
1.037431588376799496e+00
1.040761269860525529e+00
1.091284395689624542e+00
1.091645427450226080e+00
1.044749802372563208e+00
1.023089155564835151e+00
1.084012490863842437e+00
1.016497052690625624e+00
1.094557720454752525e+00
1.087174639116962105e+00
1.070003873859697308e+00
1.080721729327046798e+00
1.060839279835538829e+00
1.084232703016722921e+00
1.024311702325786166e+00
1.085267797025037284e+00
1.051161250856914808e+00
1.099960731151461202e+00
1.015058939138185679e+00
1.051639803270772999e+00
1.082549466673725647e+00
1.084600697714609208e+00
1.084543348437239763e+00
1.030302060028349231e+00
1.035738448051263250e+00
1.048027817027386011e+00
1.047267929251683993e+00
1.089151822591544194e+00
1.002836807433233890e+00
1.024546976475218640e+00
1.025580981990731999e+00
1.020256878306175397e+00
1.094532131945247677e+00
1.008568142053005268e+00
1.020765036754694099e+00
1.015417660885900464e+00
1.065923170421445798e+00
1.005421505752354561e+00
1.071525674314071974e+00
1.050767248408414956e+00
1.026966428772351003e+00
1.014502054011998222e+00
1.033840352849186628e+00
1.022387087429465602e+00
1.025142378217220651e+00
1.080437343110023818e+00
1.094854533394609808e+00
1.041734574059644425e+00
1.032356576590505171e+00
1.037519459008813705e+00
1.044359514689827462e+00
1.030964805307408749e+00
1.094800615071664041e+00
1.037728344088274968e+00
1.068144317708989099e+00
1.021956900708935079e+00
1.001197079848440641e+00
1.019050117332237493e+00
1.070459770480253869e+00
1.056673580123101974e+00
1.053278284714183055e+00
1.025027725954132274e+00
1.009500646665761447e+00
1.061705947012065554e+00
1.069133896462455047e+00
1.064518887433344663e+00
1.080887664160235406e+00
1.052924362754073639e+00
1.027696779449246200e+00
1.025470386023380254e+00
1.075273382182161841e+00
1.058134855066326097e+00
1.096486101593700191e+00
1.041526983438849641e+00
1.020701844227678512e+00
1.021945291177733139e+00
1.086753259036995489e+00
1.038986621729272919e+00
1.012528480073356718e+00
1.016565303246936391e+00
1.055771883182469617e+00
1.016101798067081896e+00
1.096209695207374102e+00
1.079770563535634942e+00
1.073056563137375630e+00
1.009540532810368374e+00
1.079558765801680531e+00
1.006242542435684673e+00
1.025809372044586221e+00
1.069026798893329522e+00
1.057822467542727018e+00
1.018070009906344220e+00
1.069169621014211868e+00
1.063496926681447796e+00
1.047340226154614529e+00
1.051189234956106944e+00
1.073582635453103729e+00
1.017908496471701785e+00
1.054045960070186139e+00
1.033792842211366025e+00
1.065538846871405543e+00
1.066229795128375457e+00
1.030367702446143729e+00
1.093658621290549027e+00
1.067550517399214804e+00
1.066522544760793556e+00
1.000551305757917175e+00
1.096189425697747355e+00
1.065465009024815446e+00
1.082825438340297541e+00
1.049251055353588757e+00
1.055272555451405081e+00
1.050362180911766474e+00
1.002359137905980191e+00
1.049996785214290185e+00
1.059147121632739275e+00
1.056363710499597541e+00
1.055551463575294280e+00
1.046303992825297069e+00
1.005287854925067004e+00
1.048020043447684069e+00
1.004190640189599470e+00
1.007105665295791486e+00
1.071160637043705011e+00
1.039458546903500480e+00
1.012547414108470711e+00
1.042665163274304696e+00
1.098000545506369940e+00
1.041826968549972809e+00
1.039300092609057868e+00
1.020440595385607940e+00
1.021216285471096885e+00
1.040892442773629689e+00
1.010955127079516513e+00
1.091120701390045911e+00
1.059707138224596834e+00
1.065844373123618682e+00
1.071166502081619232e+00
1.024024145395154184e+00
1.045819579118342446e+00
1.024972131497228212e+00
1.052252572177265089e+00
1.057011237014455096e+00
1.055252762431589941e+00
1.007591232972585793e+00
1.071024298938324737e+00
1.022903531916000031e+00
1.025128747141177410e+00
1.011998618409009953e+00
1.038388571446912545e+00
1.037844078023912209e+00
1.032375474117642966e+00
1.000824333724510184e+00
1.037975810744674598e+00
1.019997507039311690e+00
1.081015486790006364e+00
1.055344013397885305e+00
1.064710520986695608e+00
1.035038745056699572e+00
1.009364650917735640e+00
1.057104545744077972e+00
1.011011614213458643e+00
1.027246977124914196e+00
1.089728260378396207e+00
1.015583209273853704e+00
1.064468162551082342e+00
1.070444611748558206e+00
1.003302981295663976e+00
1.084242405818611310e+00
1.048080664407438523e+00
1.015195205471856488e+00
1.095981520006008791e+00
1.023400943982586853e+00
1.049208808807584381e+00
1.075301291307655616e+00
1.000421989858181648e+00
1.042237255416211594e+00
1.017793634145892190e+00
1.018280471543755006e+00
1.083947167861208927e+00
1.077312828955878432e+00
1.007413064475698228e+00
1.087007287349371909e+00
1.056366927033120184e+00
1.088288629163040255e+00
1.073891647896787038e+00
1.023615493846433466e+00
1.061902426298195978e+00
1.022567699567627608e+00
1.093457038701359574e+00
1.062982629561005199e+00
1.096068845608584086e+00
1.088968824902308397e+00
1.077503237995892871e+00
1.010055788128269461e+00
1.060993448542483453e+00
1.031937099160499693e+00
1.092066873868915211e+00
1.043854434043914425e+00
1.077681765196561336e+00
1.009354682560352767e+00
1.064705210039220029e+00
1.043625483113132857e+00
1.024327549659035830e+00
1.088136182729505075e+00
1.034583315020417782e+00
1.065748101974854034e+00
1.016748583886608603e+00
1.002214552250752178e+00
1.063932908068885075e+00
1.010267598251787247e+00
1.064507504682527861e+00
1.067910072699855162e+00
1.004143025912683340e+00
1.089779517901891426e+00
1.043514353981029430e+00
1.011695472665925077e+00
1.008805882109229168e+00
1.040374412743329646e+00
1.066265809405091858e+00
1.006289258465532743e+00
1.010054714988132263e+00
1.051543373059726783e+00
1.047350416811573259e+00
1.009341832626990509e+00
1.058030817300398052e+00
1.051652743472487606e+00
1.096995819658558524e+00
1.095266048624625288e+00
1.016045334127498645e+00
1.050019777788474329e+00
1.004355605041025168e+00
1.099637521555667297e+00
1.061660261231970770e+00
1.025608708203951780e+00
1.027327211895366244e+00
1.003013811817358603e+00
1.059292135865491868e+00
1.029520647843318759e+00
1.090317282898604301e+00
1.075985986375238346e+00
1.063329652136578485e+00
1.035250825062473456e+00
1.001778431920367085e+00
1.024814948036103512e+00
1.064744689691406343e+00
1.058572112871193793e+00
1.070772337161561172e+00
1.075495456444700793e+00
1.017489669705181177e+00
1.067814789642718143e+00
1.075609435950916515e+00
1.042124393379172620e+00
1.032923056440545828e+00
1.079040058975089478e+00
1.080883843028260127e+00
1.044865728269354310e+00
1.098632899241309246e+00
1.064989448725781607e+00
1.072521745972570439e+00
1.030876015854852445e+00
1.058923995061485046e+00
1.099399660928607192e+00
1.076874096561876604e+00
1.080592108824969255e+00
1.053448263986232369e+00
1.091532620470178960e+00
1.038721083743471274e+00
1.032424892775662961e+00
1.024599399483883122e+00
1.028339169238807305e+00
1.070351279139856393e+00
1.015836150904519064e+00
1.042193931842453791e+00
1.067215442491130872e+00
1.086452447752636052e+00
1.096091930924898428e+00
1.058914492654025485e+00
1.084881135447658629e+00
1.056726492582809929e+00
1.080469293756837423e+00
1.045789677677792406e+00
1.060382862394029013e+00
1.028789633325223329e+00
1.076399979105567839e+00
1.022345163936412948e+00
1.069868741251700506e+00
1.082769385519317007e+00
1.014338093855181810e+00
1.074938567029162240e+00
1.028548277968357683e+00
1.099413817780292790e+00
1.007942574962358950e+00
1.052669637573125261e+00
1.029668787159377485e+00
1.005243012891183563e+00
1.082419852735794663e+00
1.005659545475899863e+00
1.027126113613270331e+00
1.087764423961209648e+00
1.089858817479463449e+00
1.061713774853892067e+00
1.061723889926188047e+00
1.002855197377207519e+00
1.013411566437636191e+00
1.051103566453475580e+00
1.009403091474717185e+00
1.085344483616347055e+00
1.009172708994107603e+00
1.026924912738568230e+00
1.078193966080910116e+00
1.035106383847658407e+00
1.057545331658048093e+00
1.020193574512003210e+00
1.021996705538573691e+00
1.008951368305141427e+00
