-2.679207519723746100e-03
-6.032013364489134319e-03
1.707906093752415214e-02
5.367626198438232854e-02
8.567957084067687190e-02
1.845815272001545201e-02
4.407313606824796171e-02
4.253751583041996687e-02
-1.851345739723623054e-02
7.044219708135307512e-02
1.616112595729428739e-02
9.575757770475930297e-02
2.536071952142775199e-03
-6.631116066879733789e-03
7.114228656717461186e-02
3.499788101029932541e-02
7.787340975129083964e-02
1.249054093907274107e-02
8.148425182550912693e-02
7.204779910956808642e-02
2.030483896957100201e-02
5.389600192909202447e-02
5.812076694019452372e-02
2.450850390687684191e-02
3.606455284996575028e-02
6.344020217037453502e-02
8.835752201662828986e-02
1.039833222717273173e-02
7.277142321524723845e-02
5.962328704362042375e-02
1.344346165228832088e-02
8.540063887766105588e-02
2.430659197966450122e-02
5.841877612292481481e-02
5.014572644535363055e-02
9.169181828019204450e-02
5.536568208012436487e-02
1.857911489089040039e-02
9.476490742365774322e-02
2.101906022371169067e-02
2.167693574075021598e-02
-1.939111519163670347e-02
7.121308625630139166e-02
1.497003456173779182e-02
-1.608883244511328386e-02
1.274530312034316895e-02
2.575895245470081682e-02
3.800013301845830971e-02
7.838613891580531456e-02
2.328243505836460198e-03
9.106195551298873481e-02
8.618978325440980470e-02
3.375100551759972756e-02
8.066666529604198110e-02
7.202687090949451421e-02
9.129223340475672854e-02
9.987505854324520149e-02
-9.361382445602604851e-04
1.383149113888699003e-02
6.321097039468280554e-02
9.311320189598421004e-02
1.917865267974293644e-02
3.753638359705549488e-02
7.141782334365924523e-02
5.126061440986340312e-02
9.539981676343473049e-02
7.950727807748712850e-02
7.519448974758324855e-02
-1.316030641207493329e-02
6.751920293944442542e-02
1.269092200671660328e-02
5.958140621682490867e-03
1.913274251024696046e-02
7.673245280545823443e-02
9.445541715777237834e-02
6.480055322042908850e-02
5.521102846397984987e-02
6.401872809302358580e-02
2.746144243618999989e-02
8.257156924472196236e-02
1.169782975240022185e-02
8.863197478901421733e-02
8.828676573214913614e-02
-9.826180763187778930e-03
6.913077043389777299e-02
9.323924796787166902e-02
4.642478062144375639e-02
1.742069887742476661e-02
9.017811769705302849e-02
7.026345145182297247e-02
5.951073097235141940e-02
1.685643144965151899e-02
4.378954414273428242e-02
9.220972301356407386e-02
-3.124986130057016975e-03
3.513181361838502159e-02
6.476417449827798212e-02
7.572397657769637525e-02
7.243022452220698737e-02
8.087081833237176609e-02
2.465339282800955642e-02
4.404258279638258167e-02
-1.622655510395893536e-02
9.150075204364199744e-02
8.677861498466843404e-02
9.748681707389517115e-02
9.154639475820257333e-03
6.889444020811089087e-02
6.320292849339233243e-02
1.007145113995532720e-02
2.053680572600054613e-02
8.653651449603057960e-03
2.795248649987599684e-02
-7.591711094733291643e-05
9.723091749346456092e-02
8.624382741702724120e-02
3.594962611155014254e-02
-5.952042087072974968e-03
1.957764016562721018e-02
9.480748792057891450e-02
-4.925364715409354804e-03
5.559092227609928327e-02
3.667701792846672637e-02
-3.485368468151284205e-04
-1.396775106715422189e-02
3.932248667743093451e-02
4.241964176010913634e-02
6.283390160803008218e-02
8.663770516132918154e-02
-6.857485518893690138e-03
6.911733446643350542e-04
-4.464944761363333695e-03
-1.245480613277228678e-02
9.016932178650961804e-02
2.543147295849048153e-02
2.119529551175456175e-02
4.768166736055549915e-02
-1.317386291453790347e-02
-1.618409337669796805e-02
8.190030875410726774e-02
8.762043833222715739e-02
-5.715318069024605957e-03
5.272636534313690504e-02
7.625896093974518508e-02
4.913594384224326261e-02
3.959715949272918367e-02
2.304963555091210994e-02
-5.166130600362571837e-03
5.007149338937878780e-02
4.998645077325476749e-02
-4.154182864033809097e-03
7.635537770477081321e-02
8.787892156823791379e-02
-1.167807143485728033e-02
4.441558973060663607e-02
8.754186258330927395e-02
7.543586418210806999e-02
6.426868267909249810e-02
-1.708664526029620920e-02
-1.194254518073199420e-02
1.257655778270567667e-02
-1.434897730592732748e-02
8.063743292702704041e-03
3.891545387430138392e-02
5.537377919478875254e-02
7.272276689829484941e-02
-6.478162970896214970e-03
-1.565515455679956230e-02
1.765041773345971468e-02
4.319554510035454598e-02
6.201127428349594017e-02
9.173274320858268438e-02
2.881919870687935092e-03
7.171237006336750319e-02
4.803190161799367891e-03
5.990194097207737767e-02
8.026380625112794487e-03
-9.876499873187104608e-03
3.189699887958040436e-02
1.544075929341445427e-02
1.112060971127798448e-02
9.186184967796642842e-02
5.578737848844739222e-02
-7.310232559851002204e-03
8.156603865756031219e-03
1.465679472291400373e-02
-7.102619861744461499e-03
8.685923424082607480e-03
8.863036095483377286e-02
3.119242907148512753e-02
3.814430237575801297e-02
5.365129423742197312e-02
9.945232211548644952e-02
8.385486943803550919e-02
1.538890445604832943e-02
2.360644371635710684e-02
3.597631081532397246e-02
8.154855463340333899e-02
1.148021017506975841e-02
2.832446891913998135e-02
8.513379421234579247e-02
-1.722120338542321508e-02
7.974605760445722946e-02
-5.208274554879833637e-03
4.720359276433037932e-02
-1.399607993672187696e-02
5.125905854349867286e-02
3.725357482367357143e-02
-1.478320166713545381e-02
5.724907518855217037e-02
-3.223420412499334448e-03
1.434184299891548206e-02
9.949793952167376720e-02
1.539324122076944287e-02
6.085841350633280911e-03
-5.869524480894864824e-03
7.361515647513200422e-02
5.077864825978446739e-03
7.160808153880833526e-02
9.474796970463261747e-02
8.834579306451358083e-02
9.852211212602954293e-02
1.148057732582952531e-02
2.245896157553492131e-02
8.330999977123705602e-02
6.819240329899708963e-02
-7.338724828682603035e-03
5.281358505732029751e-02
4.226861542237310421e-02
1.709195699090202900e-02
2.315523160795806765e-02
7.906788497490624401e-02
-2.858308138916909602e-03
6.897122173239877974e-02
-4.774938910522656677e-04
9.342798138440532724e-03
4.106683390305496117e-02
9.561553461391533032e-03
9.062415494671316463e-02
6.629171995222769842e-02
8.806567116102691217e-02
4.379970750265702040e-02
-8.932776153088919924e-04
6.502771972429984004e-02
7.591150415257458262e-02
8.683618276777167744e-02
9.835024180491272472e-04
4.659677880342186218e-02
5.491226093344958592e-02
3.037418820138380535e-02
-1.951617475231746945e-02
4.697697582537103955e-02
7.446072137285535131e-03
1.853665467988099488e-02
5.491279683974772952e-02
4.018609631617735267e-02
7.523169390445116900e-02
3.464846974368701593e-02
4.820761657086208851e-02
7.238242366685480877e-02
8.369252416704286990e-02
-4.058445618262927768e-04
2.351553662960595079e-02
1.407630023897141203e-03
4.286726710590020584e-02
5.343968634857851341e-02
6.363623297379998600e-02
2.256979144523079198e-02
-1.144225608284268718e-02
7.824981185427266894e-02
1.798771065884309170e-02
3.811752367031384647e-02
1.475789768229266233e-02
9.380127701901587456e-02
1.787666807127580651e-02
9.111377527264469256e-02
6.356114139557951515e-02
-1.899780099578722917e-02
8.778698413054988881e-02
7.599408595201311012e-02
-7.222705058008557430e-03
-4.648432128900101615e-03
6.125818155087341121e-02
-1.928776803202982004e-02
5.070370926360760755e-02
6.077783410480042114e-02
1.390266711417760190e-02
7.746001712908431869e-02
7.600953617922225070e-02
8.750491120493619768e-02
7.601448211695044366e-02
5.608900938586591778e-02
8.481907898554380543e-02
5.292364910472184547e-02
2.706944534334062777e-02
4.252991295493446788e-03
6.944172528851438875e-02
9.610824658707774193e-02
1.777499544556099612e-02
1.208126909570422791e-03
6.018648665898455874e-02
3.865986386591784701e-03
5.512600326822797436e-02
8.232113713607380756e-03
-2.675779660848864872e-03
5.848715391487882553e-02
2.954826467268405546e-02
5.719155679433506057e-02
-5.928333704390336897e-03
1.253981508218019944e-02
-1.302651862887715950e-02
4.008797760483655270e-02
2.666754928204034467e-02
1.015817564735278095e-02
-6.584913874008693074e-03
6.528890831575762110e-02
-1.105708612893291191e-02
3.798734471816919700e-02
6.968926575061179518e-02
1.765916729355357720e-02
2.533823288742192634e-02
1.731838612654971674e-02
8.781769787090311363e-02
6.325968860226882651e-02
9.372839941022394206e-02
4.749525553320996241e-02
-8.994405301652186324e-04
8.623634002508968888e-02
-1.464828251130769789e-02
9.228291995854624036e-03
1.765258764136957634e-02
1.330385578969693963e-02
6.475984703651049834e-02
7.199835880425162205e-02
-1.301146625922230265e-03
-7.632661352574014041e-03
4.063408605773885518e-02
9.633027392078948037e-02
5.756535843703269872e-02
8.730465986216097429e-02
2.047374451566067247e-02
-2.351216841451505418e-03
4.878750402633155736e-02
7.346063236379052341e-02
-6.389366764879120600e-03
9.760046229087296354e-02
9.380880884046624568e-02
2.671337135738481236e-02
8.564342050758545766e-02
-1.346904678870615608e-02
5.970589971478744429e-02
2.123769568093935786e-02
2.254495449276859229e-02
4.650145323592275171e-02
3.920062656095324449e-02
3.094011271947553002e-02
8.030933554991588619e-02
6.384861025330208772e-04
6.554169173818832905e-02
7.487281196573448983e-02
3.443389504473703955e-02
-1.971223404616368260e-02
3.881694437363941708e-02
5.118455546180823712e-02
5.124323007173782474e-04
6.326837410524659144e-02
-1.615869779295040637e-02
5.976408780725378511e-02
5.429853178589685858e-02
4.801567145067349440e-02
8.546210246857853521e-02
-1.219929943510072654e-02
5.811683197084453745e-02
8.201442544956359659e-02
7.208084874843277701e-03
5.653580759033033365e-02
-7.302724370261078762e-03
6.078742328966059427e-02
1.115488407966961498e-02
1.123885340826178900e-02
2.875791272244640831e-02
1.834269250496007100e-02
3.111962795257542172e-02
1.577595241030894241e-03
8.725393710200617103e-02
7.660626373170179026e-02
-1.814065034351772243e-02
8.865936964273912757e-02
9.710275510329845206e-02
7.179298050299144640e-02
6.757819339147253662e-03
6.214727036587663900e-02
9.021701374090179693e-02
3.598037787123498088e-02
-1.925968397509879304e-02
-7.981996181763303944e-03
5.609472887521725626e-02
-1.553829934942231594e-02
8.125355076465129445e-02
-5.119611417677799939e-03
2.637976017147275823e-02
-9.171415283402425261e-03
7.796916809069553977e-02
2.703604973569053230e-02
4.262376605368647930e-02
6.244236006407467843e-02
3.066903951574548662e-02
1.414625430085190635e-02
4.413417792718508925e-02
9.994771394313213542e-02
3.155854700121295264e-02
2.521817873164166821e-02
4.897869779409973201e-03
-7.930581097076333866e-03
9.549453748890886218e-02
4.839355116362745179e-02
6.906307550371709736e-02
-1.082963857531299250e-02
4.966704575867331162e-02
4.175123588708265499e-02
5.771670874958854947e-02
2.478887601408242061e-02
7.104637480315166564e-02
-1.305577155746920695e-02
2.585042755411791002e-02
1.988537293708296169e-02
9.136833962717368085e-02
4.608751408159905694e-02
6.445944188007568521e-02
3.238014225878903252e-02
7.582220811614685807e-02
6.653513993296950035e-02
5.664274372312767813e-02
5.927204758615289837e-02
6.546063068073224023e-02
-3.189794148944276320e-03
-4.787112391482523099e-03
7.198246717301295949e-02
2.187068224305429090e-02
7.429939372787502938e-02
4.595959003287147793e-02
-8.976613369831912964e-03
4.216121375271388028e-02
3.059815334138052748e-02
-1.660064396797270719e-02
8.951533431120498041e-02
-1.363619557821994788e-02
5.293279456663295413e-02
9.277465926179145894e-02
5.021777898628995707e-02
3.448652129620054241e-03
1.809964958054611009e-02
8.646952149457182157e-02
4.122134763620551728e-03
9.188196317855394646e-02
5.708647109997886521e-03
2.259458625929323602e-02
7.534386356586039724e-02
5.404246214388756797e-02
3.452648698533757748e-03
8.785257142893040938e-02
6.976879911916368526e-02
9.449139587669207196e-02
1.017658010715457445e-02
4.436885547280740305e-02
4.010139104664661724e-02
1.568653391954690987e-02
5.986124714421271753e-02
-1.794586985258745868e-02
8.535530212245126536e-02
1.300629054743034432e-02
5.870644807273668608e-02
7.715225151612356558e-02
6.457144326114781785e-02
8.979560102362349472e-02
-1.555965279628604425e-02
1.726121932343148077e-02
4.844380707538904762e-02
9.290984326870425913e-02
4.481983906885575464e-02
5.616180332915529649e-02
6.431064061148789035e-02
5.973691849312985636e-02
1.685540267688937985e-02
6.413947097494046568e-02
-1.160927813567770063e-02
7.074149545609006995e-02
9.663944374590748010e-03
4.459294288635624881e-02
6.287202695763484395e-02
9.681056549799893496e-02
3.401134695152978338e-02
9.172721574004556733e-02
5.897389948950371164e-02
3.844991356383029024e-02
-1.672224104463673061e-02
-1.246306643167050844e-02
7.581523405654161385e-02
6.125270692171140563e-02
-1.729991555533879483e-02
9.805033551341024722e-02
4.161983985808793973e-02
-1.968503947831196782e-02
5.636744208299530878e-02
3.460676073592644508e-02
-1.018119447854398500e-02
-1.520015364391530746e-02
9.469792210403192578e-02
6.658298138009476064e-02
8.917273402830237783e-03
9.061135175766577010e-02
2.374874706830381113e-02
-6.826803731632033814e-03
7.738583866316949000e-02
-1.460941061985373407e-02
-1.164566667677539163e-02
2.353177628581032757e-02
-7.935153545404260295e-03
4.402557911292390158e-02
9.325667942633554530e-02
3.328621993546949931e-03
2.569011528969423683e-02
1.981384399583254602e-03
8.049014891149600115e-02
7.545724009421217460e-02
8.156528549498293090e-02
5.034233160181608713e-02
5.934088195493071594e-02
2.932213679116059055e-02
1.109430611538807926e-02
9.257837683736876155e-02
-1.977637763538813223e-02
5.915013783146640114e-02
5.725382721646939121e-02
3.940099217916342988e-02
4.675352711438039710e-02
2.083451006422478227e-02
2.719683655234734002e-02
7.711456825804997861e-02
6.998420883781364399e-02
6.157311042703868254e-02
5.009977973473049573e-02
4.276777275974578962e-02
1.117351133387152473e-02
-1.239142982555214295e-02
7.739503141564793576e-02
1.174676612359997971e-02
-3.023240743913736123e-03
9.675412394423163476e-02
9.506942889758898674e-02
4.376088361446214825e-02
3.030243685451644922e-02
2.832496086039886993e-02
8.814747285872348570e-02
4.151754534450015355e-02
1.050478876128555297e-02
7.099713853295107346e-02
-7.315324620284311546e-03
3.419940432313688106e-02
5.887820418360428104e-03
9.430589734712061661e-03
2.330793468368837565e-02
3.543051533835989142e-02
-4.063281341969950805e-03
9.501260979420056429e-02
8.938269875449063318e-02
6.826794888377868409e-02
5.136150673653719356e-02
6.976739327394453072e-02
-1.142668907838356035e-03
-1.804893180201050037e-02
8.548661509396070224e-02
-1.461005657999094043e-02
4.328415368427204757e-02
4.893150068112141204e-02
4.092430683154239801e-02
-1.616257183137491393e-02
8.124806210780079196e-02
-1.314167850941298094e-03
-1.244893131047447761e-02
3.162287781229383699e-02
8.114945449835684471e-03
4.270365877000140142e-02
5.470449556630956056e-02
3.605882301414446711e-02
-1.976457958858330102e-02
-1.440094662483829349e-02
7.962670389366878487e-02
8.937751397122091490e-02
2.587850182290072840e-02
9.519739079542048621e-02
4.089630385508939703e-02
6.559191270239758675e-02
-3.390365214303095454e-03
-4.076399872680533387e-04
6.956159101184300475e-02
1.346749546256007304e-02
-9.108732877280742435e-03
3.118337345979125749e-02
8.112676559475978655e-02
2.480108002967411698e-02
8.710305563773311499e-02
7.031968775086097634e-02
1.932887941802976031e-02
1.642665098103839386e-02
4.112879363791076270e-02
-1.647901144907564300e-02
7.012679359780785160e-02
4.540465911014104905e-02
7.560992791331971885e-02
-5.929619268374097807e-03
8.687231087521626871e-02
8.767200302620518915e-02
5.261235247365747547e-02
7.483192294918356025e-02
5.608973639188441496e-02
7.524346997296550710e-02
4.285138242912561735e-02
2.063666816048616640e-02
6.828217411728212949e-02
-1.801377163521929170e-02
5.972037040136653208e-02
8.045042504765065328e-03
1.235864137782409847e-02
2.621110911841467370e-02
6.306608775889868679e-02
3.379860439328911947e-02
3.851325145815572004e-02
6.791927986061514766e-02
-8.113489623391414649e-03
3.122016976532744972e-02
4.081712761221023555e-02
8.344556047666168430e-02
7.346120855805444994e-02
-8.985831099625474216e-03
9.697631408107477979e-02
7.893779165525648123e-02
-7.956332767539518042e-03
6.071437042342546497e-02
-9.466402149831515747e-03
8.416759205743765127e-02
2.078438914538724772e-02
3.205897402210711872e-03
3.848579995449061264e-02
9.624180660551635846e-02
3.847337891007629462e-02
8.751609447415803489e-02
-1.012102882666584235e-02
3.705087881939322925e-02
6.179152250755436115e-02
-6.011930631931918650e-03
8.385415556714985452e-02
7.821814254495079721e-02
3.874444539242745400e-03
4.764910900713292818e-02
2.364802816644027625e-02
9.157376081153720260e-02
-9.117159883524798142e-03
2.662856088310342276e-02
-6.048361797670372825e-03
3.416060647640588310e-02
6.980519136178937878e-02
9.317522034527117580e-02
9.377601907640978340e-02
-1.644423101404600407e-02
6.764519835018598104e-02
9.324943674329648491e-02
-8.969125767287006168e-03
5.618482922016537762e-02
5.718504406505386939e-02
2.545861508300528361e-02
4.827454672962532001e-02
7.100065679265307739e-02
3.673488886797626751e-02
1.581562938698915025e-02
-2.583939823280818893e-03
2.665247211503434313e-02
-1.771530518491246792e-03
7.759435134234668463e-02
1.262908621154122321e-02
8.857930792061222136e-02
8.359388605335293931e-02
2.664256315653550436e-02
-1.655412221972610634e-02
8.168920555440502274e-02
3.673439737346399780e-02
-1.279604999538621127e-02
7.836849135233374397e-02
7.390849502751491162e-02
-4.133461337787365519e-03
9.548899231968990819e-02
2.240542116106355661e-02
3.944558309940887630e-02
4.657951904443806412e-02
7.003674769311893367e-04
3.946071301266171338e-02
3.929294291521395754e-02
3.313258569557069044e-02
1.952440220205056351e-02
4.531845227995698333e-02
9.229187231757661480e-02
2.855542283793140526e-02
1.973288898192279359e-02
8.205920498086151371e-02
8.790072028384100095e-03
6.793643546737396233e-02
3.877669849427781146e-02
8.793879752473200695e-02
6.073101018509279025e-02
3.285751145650839256e-02
1.154287340723332903e-02
5.502095885236123196e-02
9.200921942345796634e-02
5.506494571168854546e-02
-1.547460371310632049e-03
4.524300102676645507e-02
9.197743507037246802e-03
1.127965798347964690e-02
5.936754406633922010e-02
9.197829019507466897e-02
6.497208384629073186e-02
2.596400670368113547e-02
5.994496607761309881e-02
7.745643162562937389e-02
5.951907830126940135e-02
8.788285904260678683e-02
2.562856568479668709e-02
4.646391499094264244e-02
8.530761293005201251e-03
3.339956660367571217e-04
3.255493019223551499e-02
1.751920580967088539e-02
2.208345425014914334e-02
4.105842885486139793e-02
3.555195421191974237e-03
5.911642820393941955e-02
2.214478638875015323e-02
6.163599512356733590e-02
5.225133228907287430e-02
-1.477241752090090871e-02
5.180809458518238764e-03
9.636715969185834230e-02
9.764595672509204793e-02
2.054478589680814801e-02
1.081609239102252970e-02
-1.973056634684658417e-02
8.519205575178234735e-02
5.428850581106378637e-02
1.689449278893300974e-02
2.290267038996741597e-02
-4.853250637879752416e-03
2.891545504590875906e-02
3.365353870064727304e-02
9.191372156912511193e-02
7.023784808393594703e-02
8.049916705899062830e-02
9.543813579803990532e-02
9.208276234966856350e-03
-3.533438433852426064e-04
9.136527120173086602e-02
7.756328192381589659e-02
2.949687199158099529e-02
-1.417227157732813513e-02
5.002723901214965740e-02
8.052806974611442792e-03
-1.581071563888241521e-02
9.596008254004270710e-02
4.947210518022140957e-02
2.151695190549932080e-03
3.758589453684255122e-02
2.823447135093085439e-02
9.814050005625915563e-02
2.906198962449734954e-02
9.998712701076507836e-02
2.321093741232939031e-02
-8.745545042299979893e-03
8.520826858794325331e-02
9.536582468913568089e-02
3.257557530472066087e-02
6.604689121463958035e-02
1.468089919652553962e-02
7.995518665042018747e-02
-1.919669111566212061e-02
-5.370356268185150911e-03
4.392612231749788709e-02
5.639949629197750502e-02
4.630332448090337949e-02
4.743994511866747588e-02
9.447012738024715417e-02
5.054824018792745954e-02
-1.326088745334969704e-02
5.605226400582814794e-03
6.205382292385600712e-03
-1.733964143430041446e-02
8.685966360724700630e-02
3.686609516667874176e-02
-1.113402789442861050e-02
5.774348157396545778e-02
4.120485507100050959e-02
9.266359311070901383e-02
8.096280468105084005e-02
9.418958574121420735e-02
8.819994792473549727e-02
3.232505440897706639e-02
1.228856682049802099e-02
2.007851504237058091e-02
-1.275264903103281305e-03
5.520061327588308975e-02
2.549003406431193594e-02
2.629720617065598592e-03
3.290784202695604121e-02
-1.810584033576534760e-02
5.397193832168115102e-02
-1.309649198445880791e-03
1.684686766669312927e-02
1.522947438057368000e-02
4.883490517199150227e-02
1.791855522817510996e-02
7.218881800579673991e-02
9.728493774808523453e-02
-1.539112390782006526e-02
1.825994814348867387e-02
-8.751226581244359037e-03
5.974612285305030968e-02
1.393301743693279096e-02
-3.390885725716719090e-03
5.777758642148401319e-03
-5.239238176284834181e-03
1.571206648001185688e-02
7.572105163640999170e-02
6.903331662306860794e-03
-1.115074879894726277e-02
5.749754404913111350e-02
-3.202075383130269237e-03
2.613299749884116438e-02
-1.614569768751382070e-02
9.689103775823978970e-02
-1.431998760094548365e-02
9.787472060968267079e-03
5.350326037962571668e-02
1.030966482082868244e-02
3.973526117618285391e-02
2.016452691479709083e-02
2.103215126619452716e-02
8.984567883502748986e-03
-1.708148598492107567e-02
-4.639937550079671277e-03
7.099033803042534285e-02
-8.261285357954006869e-03
6.595947552245931544e-02
5.769562032683901720e-02
4.416862796786949485e-02
1.796840758963844445e-02
9.481059491076049284e-02
1.791944290542335158e-02
8.276475897402314763e-02
7.033764502066236490e-02
2.817676985143542992e-02
-3.954885848315853325e-04
3.384644166597944315e-02
2.666627769417513616e-03
8.086399317912069951e-02
9.391772540241521972e-02
5.427848746377689215e-02
2.511850252686450777e-02
-5.465895200144954558e-03
2.760841117326842675e-03
9.232126274380231257e-02
-8.453724064850889550e-03
-1.872604935261546963e-02
4.316226193731351191e-02
8.366207058468377866e-02
8.373207529387062531e-03
5.856470102072744432e-02
6.215546177028392905e-02
2.467021814555427420e-02
8.345965050812503838e-02
-4.040845326643241475e-03
9.754147821645638150e-02
6.616104618706274143e-02
3.035803370330345322e-02
8.673384667042269291e-02
-1.130891509114629635e-02
7.354587581897362170e-02
1.489601399241086491e-02
8.877431883873158902e-02
7.785393298336046319e-02
3.502686706898758273e-02
4.413533114025841586e-02
2.590419515530367409e-02
7.178774336657020583e-02
-6.328798547547526479e-03
6.427417860924579396e-02
7.445420784444775619e-02
-8.218758497146748734e-03
-6.826673111157942342e-03
9.489632276825855223e-03
6.697133710865355027e-02
7.599108744072095856e-02
4.220741714303066772e-02
8.946572076885686564e-02
4.461457462830363541e-02
-7.265930124551976677e-04
9.173384623054134379e-02
-2.949252297572400178e-03
2.476025078075725847e-02
7.818956011411502816e-02
7.827679808045464455e-03
7.490188742040485015e-02
5.706626596427706588e-02
3.127542285274537148e-02
1.274646479673515950e-02
3.630459664238988582e-02
3.940843995685697210e-02
3.686995661220213161e-02
5.746886958498305387e-02
-4.673398122505903474e-04
8.343299323638446452e-02
9.227052426488942249e-02
3.145124932490650504e-02
2.171525169042800088e-02
-1.762030076193807013e-02
7.900208467983672878e-02
5.430929192185167398e-02
5.764873020379673862e-02
5.949035797832136208e-02
1.577383309132956990e-03
2.992940136052953115e-03
1.448815976387070673e-02
7.093314421144275572e-03
-3.830533223479259952e-03
3.988307628255198523e-02
6.037279604432584101e-02
1.942793757289165354e-02
7.217233843338027865e-02
7.150769835994399970e-03
8.602103798152960223e-02
-1.024546297015248297e-02
9.382499142969413092e-03
2.666445533788886976e-02
6.299905101433306287e-02
3.769625528098287381e-02
7.728916118894155196e-02
4.013093632385461573e-02
1.332374582608996869e-02
6.481901959048649853e-02
7.071668855194146452e-02
9.059062049864506638e-02
-1.474544212457173931e-02
9.274187920290494214e-02
2.601416817711512883e-02
1.009172768132768697e-02
2.731853845819691082e-02
9.198031340911247411e-02
3.395118648763753577e-02
1.325519455399833471e-02
4.843033377819258578e-03
8.919287120495517085e-02
8.205707591773352128e-02
-1.175905146042643436e-02
5.678881374552145755e-02
3.180324456560957441e-03
4.035374905613010876e-02
2.673245819423920519e-02
9.986050945135846457e-02
3.797750597639582004e-02
7.960113494792647737e-02
1.132453683976036504e-02
8.198120853352255932e-02
3.233453456134884052e-02
6.287679201602149048e-02
3.980849374658272655e-02
9.198396904088758375e-02
-2.082941337144046667e-03
-1.978953489929421994e-05
3.283709497751030604e-03
5.048070778037806738e-02
5.233636923414405895e-02
3.311817069483816156e-03
-1.271713433507683233e-02
-5.813569706684104665e-03
3.313816437735360443e-02
-1.981027827985063633e-02
2.772730286598764152e-02
7.052215886989338101e-02
4.773615494107638635e-02
2.686155417922619221e-03
6.803906486466702180e-03
7.210564378841144428e-02
4.779004297442512872e-02
9.988470470539678736e-02
3.669989215576298369e-02
8.581525350911378691e-02
-1.967251420761643999e-03
9.444160002884290084e-04
8.802562071852607084e-03
5.594324955280516320e-02
3.697442604397778443e-02
4.548222712940537538e-02
2.162758412378080683e-02
