1.052178330580345378e+00
1.062640330076404016e+00
1.087635666495807119e+00
1.012905620814838814e+00
1.032691945036696479e+00
1.086434830852718969e+00
1.089515737785582195e+00
1.015374155607613016e+00
1.098216166461785104e+00
1.003917185306928639e+00
1.000776694865203931e+00
1.097932230066394732e+00
1.045096473586389019e+00
1.097772461739950467e+00
1.020149627229496758e+00
1.032471253165632152e+00
1.093775747175845581e+00
1.035357275234283225e+00
1.067678653197019489e+00
1.065729866247584701e+00
1.043484267731553450e+00
1.023005816683335123e+00
1.043963678248487570e+00
1.078574469069089270e+00
1.071802759149757200e+00
1.082220540933129804e+00
1.013774635746668373e+00
1.056899067277698112e+00
1.014013993085445042e+00
1.014469868045055456e+00
1.078118285878356009e+00
1.083226400461387406e+00
1.017496765336153075e+00
1.055157073485286645e+00
1.045939230652448204e+00
1.007887170758689610e+00
1.050538774079331494e+00
1.041680345211178471e+00
1.069245093650827982e+00
1.020418468447267246e+00
1.054709308766117015e+00
1.027306897987018353e+00
1.052733345581648772e+00
1.044641994644454286e+00
1.021696460305422827e+00
1.073770339599739554e+00
1.072344899242100968e+00
1.081719531880661833e+00
1.005001645207120431e+00
1.085571430878065069e+00
1.096238553561893481e+00
1.028266742254099197e+00
1.082843205176127421e+00
1.044329063778984601e+00
1.034376873334459601e+00
1.075849879399428222e+00
1.002914215426225608e+00
1.008898492611709052e+00
1.033674996371997779e+00
1.014220197141061153e+00
1.022040651258194988e+00
1.030409073540991205e+00
1.078692810021038229e+00
1.063299816139920750e+00
1.095911615089157243e+00
1.047952133691858245e+00
1.036110581861327429e+00
1.001661950548895952e+00
1.083056891806818633e+00
1.095566950011574114e+00
1.096207413071273118e+00
1.041366566097225999e+00
1.073299088147163349e+00
1.019383597907557615e+00
1.079214109270794530e+00
1.089457975907992981e+00
1.024659357679650551e+00
1.058981989704460780e+00
1.083842802726272314e+00
1.076261773647313902e+00
1.024012098249273972e+00
1.005945988999629614e+00
1.009786540453583958e+00
1.032637291075133135e+00
1.071170319242486180e+00
1.000972828558440497e+00
1.029993509628037707e+00
1.034219176719705979e+00
1.047701713181008021e+00
1.083546334487724527e+00
1.036722507414047589e+00
1.057474827418807273e+00
1.015718603256666741e+00
1.090284566554682533e+00
1.066720897880029995e+00
1.080719287991050770e+00
1.012752488877391777e+00
1.056319579311850276e+00
1.067838401946884508e+00
1.028809663634294047e+00
1.083873931037267369e+00
1.048709501304002645e+00
1.086186642319909357e+00
1.030488507826103017e+00
1.091602757824910341e+00
1.035676716776647410e+00
1.080265205972914311e+00
1.067282132835778885e+00
1.023996104581529343e+00
1.007378535805059760e+00
1.002796928732474946e+00
1.078660995394572275e+00
1.041195167491992368e+00
1.089294819731386088e+00
1.064234143001594690e+00
1.039971441756498693e+00
1.030780466997857081e+00
1.072699769836071626e+00
1.026454196448814749e+00
1.059193416189911030e+00
1.014539094118152240e+00
1.036763033520966548e+00
1.006643441399417860e+00
1.038637610213753115e+00
1.029346030890075925e+00
1.066714824636049386e+00
1.032770977419516401e+00
1.048219522563344386e+00
1.054227387271092109e+00
1.081348339848032136e+00
1.057546000054638613e+00
1.053413710918629675e+00
1.000427207329857460e+00
1.020605621883205583e+00
1.021908942940390475e+00
1.060931470744135963e+00
1.021359583708898899e+00
1.007211311931705655e+00
1.029364830527573771e+00
1.054626354392589560e+00
1.021598421141993285e+00
1.079175609700751215e+00
1.077034905279295574e+00
1.095330637712680133e+00
1.054134930724623276e+00
1.083071190945483986e+00
1.061594469839339805e+00
1.011022229623119051e+00
1.015169439930127648e+00
1.086819620834948319e+00
1.084952906675692885e+00
1.055930397546897215e+00
1.035437198808919268e+00
1.076727976082973326e+00
1.092917420516252625e+00
1.038989780815003705e+00
1.030998505927511077e+00
1.081355938356242552e+00
1.079014217459394631e+00
1.049559374939587064e+00
1.022109411425105918e+00
1.078492131105871055e+00
1.095609004987946555e+00
1.082906628471484112e+00
1.048779121212267684e+00
1.020786867204056536e+00
1.046117210599139202e+00
1.003016155335445081e+00
1.098480404624408990e+00
1.096119133806942036e+00
1.073897779533117935e+00
1.024113825280987156e+00
1.017261602378474405e+00
1.016724611845138293e+00
1.014116491494926331e+00
1.021562960637255602e+00
1.085808141553025408e+00
1.002360065874407402e+00
1.067977215686559012e+00
1.092776365435732089e+00
1.043776185444611038e+00
1.068855931142993487e+00
1.029924886354527835e+00
1.054922299114007256e+00
1.071830307728662390e+00
1.054693331494002129e+00
1.062194001327450454e+00
1.050113672078549110e+00
1.019880241319053749e+00
1.079349828193721050e+00
1.044475216532728679e+00
1.013955106727299382e+00
1.064309592790856573e+00
1.051590796337224187e+00
1.028639533716211085e+00
1.049775332654004245e+00
1.025332747571105374e+00
1.066104081476101584e+00
1.012524076202353962e+00
1.078288331375074405e+00
1.020603871602753454e+00
1.027428722659975646e+00
1.087184536152156600e+00
1.045481538108243846e+00
1.007204898707352525e+00
1.050465158765377938e+00
1.060161790442563534e+00
1.000391834101258315e+00
1.070884420512459245e+00
1.049258778405247172e+00
1.074137911699785564e+00
1.032186339901950856e+00
1.057555897452043370e+00
1.078583968861173359e+00
1.008378425524113942e+00
1.025210128698193612e+00
1.028208254386582698e+00
1.066257124410313395e+00
1.049907788652493457e+00
1.077127503854231838e+00
1.051707450493226004e+00
1.006747851172220987e+00
1.010835840813008479e+00
1.096496562130930608e+00
1.083417009640787798e+00
1.073908947558687377e+00
1.081982240230842773e+00
1.007317839632976941e+00
1.053470912742886290e+00
1.074765877311181006e+00
1.092660110979720933e+00
1.013764694239863484e+00
1.010899256566091697e+00
1.038293665752980210e+00
1.011712991250717009e+00
1.068354686884292581e+00
1.016847214780217445e+00
1.076834149672341923e+00
1.045845408150849920e+00
1.086432852572413843e+00
1.089673862241878011e+00
1.032957247814027868e+00
1.038177454159213697e+00
1.000239580861900901e+00
1.066205951392095397e+00
1.050204077208612974e+00
1.079303701183822239e+00
1.025966411073131024e+00
1.009505648289966251e+00
1.065084666263107493e+00
1.069784973515700122e+00
1.095774535161817553e+00
1.009974372471384108e+00
1.020211164173467466e+00
1.029048836852353821e+00
1.003905421479055482e+00
1.012844313667179641e+00
1.068328254844123748e+00
1.029265219324971836e+00
1.081055967342323454e+00
1.067032846276433133e+00
1.079390682882430008e+00
1.070340202405427377e+00
1.088234101206291049e+00
1.025160728178230896e+00
1.039635658401998120e+00
1.042492620672686332e+00
1.059790694330792427e+00
1.066407736103953230e+00
1.047263571505689272e+00
1.075608350594770224e+00
1.090779259024980963e+00
1.001365021391017240e+00
1.003415387390230507e+00
1.020260321013107374e+00
1.081384797263268860e+00
1.063421069791151474e+00
1.093180454862427542e+00
1.091823126225151430e+00
1.029727080474114764e+00
1.047705814092298349e+00
1.070023154674136112e+00
1.069590695956539328e+00
1.016589982161535399e+00
1.048069388923718259e+00
1.090536329316886155e+00
1.078569196672341857e+00
1.056632336930006577e+00
1.054855336838015134e+00
1.069478330632905649e+00
1.041398011269864421e+00
1.031216191584226394e+00
1.036645759427960556e+00
1.092162104701182690e+00
1.026919492667463629e+00
1.081089263026815184e+00
1.000431453473943133e+00
1.035185636573093149e+00
1.016294341789866662e+00
1.086792856031788324e+00
1.093159621021080774e+00
1.026112894703208100e+00
1.006132347335984445e+00
1.060084545505083131e+00
1.013266819994966594e+00
1.061970415917519617e+00
1.021716133427161166e+00
1.082732879770003542e+00
1.076197442018949957e+00
1.060077688424746700e+00
1.072688479240639259e+00
1.070686419794619315e+00
1.052542386159538212e+00
1.058364413938216897e+00
1.075236647345264362e+00
1.028972710518211819e+00
1.001671355577791633e+00
1.043358454615450182e+00
1.007988785641659835e+00
1.018035886765971343e+00
1.078146635337539294e+00
1.045117132131404114e+00
1.022523784311384354e+00
1.043564903143007871e+00
1.033634964893872521e+00
1.011001586209595571e+00
1.066271955429326512e+00
1.059548723135596227e+00
1.050332923583054967e+00
1.043493738730554954e+00
1.032821769920412081e+00
1.071734502703492575e+00
1.097623651351858243e+00
1.011708571508180832e+00
1.099766595481058484e+00
1.067897573995115534e+00
1.085808023363637576e+00
1.033619352866000263e+00
1.019495009771821614e+00
1.084824595397067881e+00
1.008003628571229271e+00
1.042234927409133594e+00
1.097983291020076857e+00
1.087399887863654824e+00
1.058686585445254069e+00
1.025104777716175919e+00
1.069587673886708723e+00
1.007378075727616507e+00
1.078667260855109999e+00
1.099574175177883806e+00
1.037255540199488735e+00
1.065389885689940641e+00
1.071636086885808359e+00
1.025375317011766541e+00
1.074607972475746465e+00
1.031596074736911728e+00
1.002011955751209937e+00
1.069345565191198943e+00
1.013024935919323299e+00
1.074809459036348391e+00
1.004839480837778298e+00
1.013548847411247067e+00
1.057863483007730254e+00
1.072363723739506058e+00
1.049657683006770315e+00
1.008169215317632261e+00
1.075103450145049822e+00
1.077588264052495415e+00
1.075114905812408317e+00
1.070431810567669118e+00
1.073477132971586201e+00
1.043444692190027112e+00
1.070816657173138342e+00
1.068998734496014125e+00
1.020240518762076665e+00
1.033648693207259939e+00
1.075303516427168704e+00
1.045564987482843877e+00
1.013503752848405437e+00
1.019911088336910021e+00
1.048698704000786242e+00
1.041277359752782017e+00
1.003952464975448544e+00
1.014084374413291467e+00
1.092438160410978742e+00
1.081860990081869867e+00
1.089361664782607209e+00
1.038855695871274909e+00
1.025786367368604068e+00
1.062180923491492290e+00
1.027954908789594946e+00
1.009780915995081241e+00
1.021067971761210114e+00
1.094755556740074187e+00
1.077362085569983474e+00
1.076059098280771842e+00
1.035687214612462714e+00
1.009481653437679816e+00
1.032675917293420564e+00
1.005881852924909836e+00
1.040170581851561415e+00
1.051197120176545763e+00
1.087000477220604999e+00
1.010065994843171167e+00
1.046110156944176195e+00
1.077076535619850173e+00
1.002243644240268461e+00
1.086102420922672174e+00
1.079692458446434022e+00
1.046911721352007163e+00
1.018956046913144231e+00
1.043724821567933780e+00
1.049045614959037698e+00
1.007629188234484330e+00
1.059173673706124363e+00
1.080296607794465791e+00
1.095483472766215494e+00
1.084236182952072802e+00
1.046447470947949210e+00
1.009466317948413572e+00
1.028979843649948434e+00
1.089573069826836660e+00
1.080835169447975197e+00
1.041710003934998241e+00
1.056028081769483151e+00
1.098302461520850759e+00
1.078448666380623866e+00
1.033528703838246798e+00
1.039647127986139230e+00
1.066230111407853176e+00
1.084717966346864682e+00
1.077558524999410627e+00
1.091823164022677650e+00
1.005073815816340588e+00
1.077657570924483776e+00
1.002962955327361572e+00
1.058528530244988497e+00
1.006284673753080172e+00
1.037997902215899604e+00
1.079511676904808981e+00
1.016611130430671972e+00
1.040978919867886043e+00
1.013898287829637868e+00
1.095284157930696889e+00
1.054382060222937456e+00
1.044426759715933573e+00
1.097253164181578589e+00
1.028141603287131112e+00
1.032205458765634409e+00
1.005322609273228363e+00
1.059646207191468292e+00
1.056498436772213445e+00
1.041493406134307964e+00
1.036375664636044025e+00
1.075027892758143366e+00
1.042410903961928481e+00
1.093638854650824443e+00
1.080341754966723800e+00
1.000516774714179435e+00
1.083611428061961091e+00
1.059506666643988515e+00
1.081215953032565347e+00
1.011469588968630262e+00
1.020898329878327182e+00
1.063774646007001223e+00
1.034684347787729219e+00
1.044963095076767656e+00
1.024697254196337060e+00
1.026496848625365388e+00
1.024787198393968035e+00
1.085791479084193600e+00
1.008320572375151825e+00
1.025046226614635403e+00
1.052104164695200295e+00
1.079707121799104774e+00
1.023560257376345817e+00
1.018968577755354321e+00
1.050365249872193374e+00
1.026860045090962625e+00
1.075185744222147743e+00
1.034344809780568974e+00
1.010403579807130026e+00
1.025963154898624774e+00
1.086201236935371739e+00
1.025913210422315203e+00
1.012841897701146188e+00
1.027289665231812199e+00
1.053484822201406157e+00
1.006795431507412131e+00
1.021500914075383459e+00
1.098992222281484299e+00
1.061610458643915456e+00
1.089542600438509146e+00
1.059969414873008109e+00
1.036321783043160139e+00
1.084148854593561584e+00
1.022908903415250093e+00
1.045682042062024975e+00
1.068578273468004713e+00
1.089435368473471222e+00
1.060352421255460031e+00
1.062346944452265740e+00
1.032190564383903997e+00
1.017800257771072081e+00
1.080201342782588503e+00
1.094007701841105185e+00
1.094891263294148320e+00
1.086984582211409034e+00
1.017729788389819534e+00
1.093256600231513387e+00
1.078129346361591967e+00
1.079804887405309000e+00
1.081441955766365259e+00
1.038720574162531607e+00
1.038958588878337030e+00
1.086959896546866311e+00
1.040638124676812160e+00
1.085007010661301008e+00
1.078538476487623354e+00
1.090509873478602065e+00
1.062427501514107586e+00
1.073669304949141701e+00
1.041300869829395515e+00
1.058216514105579931e+00
1.038776136474391265e+00
1.042698418155308726e+00
1.076929782734980856e+00
1.026549992295610725e+00
1.030914329792484097e+00
1.080554122984088039e+00
1.064049002851166437e+00
1.042444340491283539e+00
1.084617984911782518e+00
1.030055185246961491e+00
1.074977081344592689e+00
1.002067323181156544e+00
1.076681051809607492e+00
1.087874839177811470e+00
1.053786114458662659e+00
1.036880253219652825e+00
1.080848532560851449e+00
1.056257924349262689e+00
1.010979180774538522e+00
1.001963122913525073e+00
1.067809130775973836e+00
1.001498803184981412e+00
1.080819571764771947e+00
1.000115093855610260e+00
1.033808868837594375e+00
1.027894410486396071e+00
1.011416188953529360e+00
1.042791885851350075e+00
1.097540198139733247e+00
1.050888229128165374e+00
1.031826306731985943e+00
1.001327918287591601e+00
1.017867631669961304e+00
1.021191461217251684e+00
1.061495353390123686e+00
1.071747671638096921e+00
1.012341761490165970e+00
1.023617661703409842e+00
1.020347797567629167e+00
1.064599727613962488e+00
1.098463114536672780e+00
1.046598148110039039e+00
1.050436181932380642e+00
1.033445066982774607e+00
1.058088211180754579e+00
1.000305798827728854e+00
1.060311877647678758e+00
1.008431703149978764e+00
1.040067669415168039e+00
1.087821645596519282e+00
1.023171314496418294e+00
1.004427113779915448e+00
1.042896407880171239e+00
1.031884266735002775e+00
1.095524706167384732e+00
1.048590436181311869e+00
1.080265378555913536e+00
1.050737678907096351e+00
1.009196408377656562e+00
1.018508420903970091e+00
1.048878914570932519e+00
1.000774055170304822e+00
1.069827242955392776e+00
1.091499419964540030e+00
1.003857883988126032e+00
1.027396132348660451e+00
1.011338022004064641e+00
1.072391516991531013e+00
1.019948777522414529e+00
1.056915483696363678e+00
1.023897228050152597e+00
1.040086330054212693e+00
1.002716465552509373e+00
1.039392679453073454e+00
1.014789471317406822e+00
1.011112442923618238e+00
1.010639791469906790e+00
1.021098432698788194e+00
1.071900386119816417e+00
1.008105668910193931e+00
1.094478851614712367e+00
1.021044760946623997e+00
1.083702995534130631e+00
1.062838093570192655e+00
1.037311418354003978e+00
1.097998982892672615e+00
1.077874881194409440e+00
1.069955796431728556e+00
1.095938105678318619e+00
1.041171582501567050e+00
1.015153510130785364e+00
1.024332909480706766e+00
1.046448542493209288e+00
1.033308456360096272e+00
1.084055148665795221e+00
1.078813541663689257e+00
1.007297293982584607e+00
1.028265202940454870e+00
1.042892020086093607e+00
1.013686160969721639e+00
1.048268564429248428e+00
1.062167304110579469e+00
1.083214849554860582e+00
1.076510883758477588e+00
1.038803216328203938e+00
1.049632818130745715e+00
1.015599737006355419e+00
1.040264324786238648e+00
1.035948957208000731e+00
1.034526038547191495e+00
1.083504034967729623e+00
1.000747484990197389e+00
1.082745194719130000e+00
1.040461430550690070e+00
1.016174936412967078e+00
1.045714561254439845e+00
1.005221848987772892e+00
1.003304312305205448e+00
1.022499055635688991e+00
1.069203885178437341e+00
1.019332697981363722e+00
1.004501827351722332e+00
1.010593289753886959e+00
1.054943764845118759e+00
1.066794615141593239e+00
1.061056841681532248e+00
1.066521689153674624e+00
1.033458697324491249e+00
1.040142075771566921e+00
1.071403364166758410e+00
1.021946728102989255e+00
1.029974854079957147e+00
1.027908489402521663e+00
1.030653875303244815e+00
1.089022822623446851e+00
1.007179754534675897e+00
1.076900392047519528e+00
1.019515316042696851e+00
1.050344461103903670e+00
1.055684688794722881e+00
1.067197264876353691e+00
1.041052292577728355e+00
1.075364229381057024e+00
1.060527129465818286e+00
1.073854101191603849e+00
1.039072085122337841e+00
1.041777644699548810e+00
1.051280206761227243e+00
1.054548640338186294e+00
1.047510620326388420e+00
1.086972362447168550e+00
1.002284508336624969e+00
1.017370461790680025e+00
1.081565763866934260e+00
1.003048379185316863e+00
1.078686909866573451e+00
1.049115136731008091e+00
1.075829021766669280e+00
1.028869185478519244e+00
1.049963957703492490e+00
1.071944405393087774e+00
1.043067424806265242e+00
1.076637825172090723e+00
1.040228838896001262e+00
1.039427007172574857e+00
1.045754111945123244e+00
1.011580217360246614e+00
1.046703980874555295e+00
1.058893542014737399e+00
1.032862609067435100e+00
1.080194925251414917e+00
1.054621170565951394e+00
1.014138037148756499e+00
1.008925319472409488e+00
1.099569432701954286e+00
1.027270394753660110e+00
1.060538774008780827e+00
1.092012577868810119e+00
1.028211715751003785e+00
1.017687026487439805e+00
1.038451004901890018e+00
1.060039399985455377e+00
1.039236620473848793e+00
1.012577355205803276e+00
1.005975715219603606e+00
1.030674773310740866e+00
1.048590593187067155e+00
1.005317757784708776e+00
1.087286448781123127e+00
1.020393171555945555e+00
1.059025790519739552e+00
1.076248322030591842e+00
1.079653719444116255e+00
1.090714449899137684e+00
1.028150404081507929e+00
1.092077884515296970e+00
1.048886876010960867e+00
1.083923871919672433e+00
1.064867309503679804e+00
1.088845093034185751e+00
1.032381668423718812e+00
1.020044478231365570e+00
1.015690756172186848e+00
1.087956144796492053e+00
1.008593854426556247e+00
1.084498918365445430e+00
1.099074830375625478e+00
1.000323445751378992e+00
1.000783473899624632e+00
1.059288547046959295e+00
1.042845632577871440e+00
1.015907785274400510e+00
1.022433947047211911e+00
1.094790279681882028e+00
1.002886487342371513e+00
1.046170288626964151e+00
1.060134377116681792e+00
1.004317746854320959e+00
1.032776435366680401e+00
1.039863680952656466e+00
1.016290344662118317e+00
1.033388768945974867e+00
1.031806612868749973e+00
1.042606028368067372e+00
1.060951494553830754e+00
1.036902027453447950e+00
1.039887827835264345e+00
1.069009748956964989e+00
1.086377249447502136e+00
1.041760823429916272e+00
1.006722357452259464e+00
1.096173128829806664e+00
1.003831211543729562e+00
1.059515261153042953e+00
1.061144859551433006e+00
1.096221092784402051e+00
1.039470923042313366e+00
1.011792349431424043e+00
1.094001173658072368e+00
1.068073751591864351e+00
1.092699923815350305e+00
1.077011362228174285e+00
1.092624811000070917e+00
1.065587631357606480e+00
1.012903512172453446e+00
1.049836697164420851e+00
1.054181455897497566e+00
1.000090961067307660e+00
1.094174127538206642e+00
1.005914281708499169e+00
1.003247182857849751e+00
1.008008177948567896e+00
1.004633532278632613e+00
1.067784271412066222e+00
1.014119107845092183e+00
1.084666774993043203e+00
1.034747221454593857e+00
1.030971588430948049e+00
1.020782949218431268e+00
1.077435941005593589e+00
1.031303685241459878e+00
1.040090472937807764e+00
1.073329507288492302e+00
1.028140150674528019e+00
1.093993881970865889e+00
1.070761525919834201e+00
1.009083267333971801e+00
1.043176907431692113e+00
1.057696195848350840e+00
1.043385701252741216e+00
1.056805335077967589e+00
1.097545747910634084e+00
1.082567932939801914e+00
1.077999028100491197e+00
1.080467742012372501e+00
1.073783559311472624e+00
1.059688915269640930e+00
1.050866356260785173e+00
1.058200939247297745e+00
1.072029696156988399e+00
1.092182580911891687e+00
1.072348215897325652e+00
1.035408482010244047e+00
1.021121563771297813e+00
1.000801024458143562e+00
1.071741168776848996e+00
1.096754580610414198e+00
1.047839649158194275e+00
1.094519425353494668e+00
1.037593984802734903e+00
1.034009236183469627e+00
1.076714029421610208e+00
1.008463162273968150e+00
1.060715484647627660e+00
1.090887735867178687e+00
1.076847112960171771e+00
1.012200129624352352e+00
1.018850153364280864e+00
1.027469924283857639e+00
1.072144798381631459e+00
1.062076085586294072e+00
1.004210229412423105e+00
1.069282356153928415e+00
1.084664371310864572e+00
1.054961549759360073e+00
1.025398515497841112e+00
1.071546872660934735e+00
1.044732185172051908e+00
1.046689866695791116e+00
1.009120123573882255e+00
1.049135655813536294e+00
1.077880329799798309e+00
1.077569781060548681e+00
1.037128480718992884e+00
1.097917575756866881e+00
1.084224112924779604e+00
1.040251118873571468e+00
1.033276602979376957e+00
1.057077313920689710e+00
1.007881462263288785e+00
1.060296890251797297e+00
1.020773825248302291e+00
1.016489763047993211e+00
1.064553677061740977e+00
1.039042010713523645e+00
1.066911570896034833e+00
1.058058586055144579e+00
1.011162468380476298e+00
1.036023623915989234e+00
1.035179095136135041e+00
1.043956308093729524e+00
1.071996479995558360e+00
1.039371267455152736e+00
1.066389954828862008e+00
1.045365909046567232e+00
1.007443946271246116e+00
1.010900460058180794e+00
1.021929662400608008e+00
1.012667457460871612e+00
1.010882172022839143e+00
1.041666274345025123e+00
1.046010316804758533e+00
1.031402927088754806e+00
1.080427394631379157e+00
1.042721406611053281e+00
1.008643151275073979e+00
1.091585798705312138e+00
1.075966529541745320e+00
1.007044516953944147e+00
1.015648904206218450e+00
1.085979231802512324e+00
1.091293322943578836e+00
1.003806653419761385e+00
1.012230734971482304e+00
1.060385680468124647e+00
1.034668651843885678e+00
1.035221730169560761e+00
1.068993589095203811e+00
1.005790907462325690e+00
1.053790089611552627e+00
1.017567955594798956e+00
1.014098099759980887e+00
1.070924211775008184e+00
1.072961296788304875e+00
1.046918094876286176e+00
1.044460187540999119e+00
1.029999419573593311e+00
1.017130522428530082e+00
1.032659449492851378e+00
1.082968607467471145e+00
1.071666731848513132e+00
1.022507228078019637e+00
1.090099995152434831e+00
1.084925287251204962e+00
1.045180597992539262e+00
1.090949055201671181e+00
1.014111596543552984e+00
1.096058195434583826e+00
1.022191020575425435e+00
1.041511429687235646e+00
1.060304131804855388e+00
1.015085111931971928e+00
1.081211209447228594e+00
1.091762259188398421e+00
1.004874833312795479e+00
1.063356816837375929e+00
1.051598598149741104e+00
1.009370242899148007e+00
1.026566546689578585e+00
1.046833075290310333e+00
1.061238922197479395e+00
1.075947305870555759e+00
1.029611956998105704e+00
1.086780801529965590e+00
1.004720733028989565e+00
1.022405587099688207e+00
1.090652357870407929e+00
1.008601534809952405e+00
1.037096943582605846e+00
1.063109892112843236e+00
1.063367453931326256e+00
1.021517712906630626e+00
1.039666301998336984e+00
1.019964915513679848e+00
1.073789808455976935e+00
1.069812077148293739e+00
1.024632166584420689e+00
1.061081713416072381e+00
1.033158347890996920e+00
1.092021540933226120e+00
1.003745250815232248e+00
1.086783652480262541e+00
1.050666849880729448e+00
1.091372581965153410e+00
1.064844308151931873e+00
1.081041526719010770e+00
1.018114912448142118e+00
1.087827693577334998e+00
1.090043601529719020e+00
1.060599540912646743e+00
1.082839965199073662e+00
1.070453434131099391e+00
1.058244124779076367e+00
1.025629077696492697e+00
1.044952789194644627e+00
1.074177554686732483e+00
1.098844819537026618e+00
1.065382859414818251e+00
1.010428371425797556e+00
1.097314725853946182e+00
1.056826060842754877e+00
1.030420514374646546e+00
1.042126861810056537e+00
1.073472450906316267e+00
1.083704938939728635e+00
1.013494040935335461e+00
1.086325699575461989e+00
1.037490489406810656e+00
1.094700776266046560e+00
1.015554829202027332e+00
1.029847305720803963e+00
1.041572446540767416e+00
1.071264784081864763e+00
1.002783509856679967e+00
1.070541737195007670e+00
1.027522561830765735e+00
1.017166980663898102e+00
1.008995916202220178e+00
1.072926940977556365e+00
1.052313282105976189e+00
1.073209777968470391e+00
1.081260216831763543e+00
1.048676947061701892e+00
1.040437247842177504e+00
1.093499884632452401e+00
1.013810703280555225e+00
1.077881903905522964e+00
1.093359315609108151e+00
1.090437831491970710e+00
1.015271355765927641e+00
1.040161204446515830e+00
1.079397484604743607e+00
1.006712434616321650e+00
1.048949830701080277e+00
1.094490792936192891e+00
1.000984646324019733e+00
1.088076859425521681e+00
1.092442843792104989e+00
1.038764642875433131e+00
1.081488005186925783e+00
1.004361813771728951e+00
1.071811786138512801e+00
1.008138641385846634e+00
1.035122847087481590e+00
1.070339861505664958e+00
1.030624215613601402e+00
