-1.108267298334916426e-02
9.479884171657897152e-02
4.294711033103017217e-02
-5.593341568038145972e-04
-4.985435300306994416e-03
1.269380419888426620e-03
6.922866444117718732e-02
1.021220591094895019e-03
3.275586700789469285e-02
7.691393489767883729e-02
-1.749628614473600768e-02
-7.307341795506929610e-03
-1.201744475530966763e-02
3.802223146531920339e-02
7.629127045119239725e-02
-1.184947776327651206e-02
9.206594874102108639e-02
9.763641478943480001e-02
3.442055135593161119e-02
7.440620981397652600e-02
4.347294492634089236e-02
1.414029638482434612e-02
1.084770286626435959e-02
3.785212299164081307e-02
9.032766221828063269e-02
5.602047437108567673e-02
-1.956855428250326226e-02
9.574069769999478396e-02
7.157766818935637487e-02
8.444847314873149546e-02
3.731326198919229786e-02
8.777397647695599214e-02
3.013082921138828321e-02
6.875913216004701095e-03
-1.095832167532729065e-02
-3.461802987788888814e-03
8.694221044333691473e-02
5.100367171626303542e-02
2.492209321792785218e-02
8.170793825457242643e-02
4.874016495132858784e-02
5.400973350374982385e-02
8.466359410816838571e-02
9.696611097769539112e-02
6.952755110213766632e-02
5.592062865209926348e-02
8.808009148697965029e-02
2.348454786390342594e-02
9.988749820411532698e-02
3.224247426567385111e-02
1.483930322497880108e-02
9.673426735969817281e-02
1.093505906257728061e-02
9.945536289746093050e-02
2.369031112570436221e-03
6.337928181274224415e-02
4.184378035960883979e-02
-8.116837376054232903e-03
5.659368413866659731e-02
-1.236272635502213418e-03
6.764684361775862020e-02
-4.201937415874205939e-03
4.968036569642791944e-02
2.829035484625110411e-02
5.149696751969831676e-02
4.486953650661620191e-03
8.758358809267462880e-03
-4.180065939237320033e-03
4.954488913653173898e-03
7.853810848702874603e-02
5.861746648973040208e-02
8.692336994639289494e-02
-3.733695442767123729e-05
1.944300635272901492e-02
5.400421094361550212e-02
6.771844148053075829e-03
1.213406400897592760e-02
8.435037471027824474e-02
5.655544223547831484e-02
4.630169243421701497e-02
4.876413597418599588e-02
2.920081232808100988e-02
-1.127866853436612117e-02
3.978442913624724575e-02
7.057703671456710959e-02
3.335160667898054432e-02
-2.900738154217128578e-03
2.368230898045983399e-02
8.595144349071122403e-02
9.106458483196709641e-02
4.632176082448521970e-03
-1.322603553805977439e-02
2.568672435158230946e-02
9.181566208357863634e-02
9.541030365680545910e-02
8.292031917095761540e-02
2.570768988557895277e-02
5.511695806318202273e-02
-1.684226706233732732e-02
1.504643119218535344e-02
-7.477272924144070382e-03
3.359214166134817658e-02
4.167489175306940408e-02
6.584210398600572750e-03
6.825006574804476367e-02
3.433266325268011232e-02
-1.984863467754912139e-02
-8.102485637476397606e-03
1.113195145365487859e-02
8.734795792630568878e-02
-1.658349689608022703e-02
4.174237440460824844e-02
5.262960743150879583e-02
6.964338962344483741e-02
7.064119139567341665e-02
-1.944729606338450184e-02
9.325886706180445962e-02
2.451204615193358291e-02
1.650947130064216520e-02
5.503037842415647862e-02
8.333181432795902510e-02
5.325110004061051061e-02
-1.677576992263278555e-02
2.332129746694442882e-02
4.387031140892515280e-02
5.436652414214777906e-02
-1.880143286644101602e-02
-1.400412820037249748e-02
-2.638001127766593373e-03
3.833604717493416247e-02
7.116601237408565206e-02
3.655194125214121514e-02
5.218509804059261181e-02
3.373696258890877819e-02
-4.112612120538261529e-03
-1.577044223551419405e-02
5.529148548066883939e-02
3.498411910959113580e-02
1.621745494990886952e-02
-8.572271475162809504e-03
-5.088876255922684944e-04
9.441504890030101571e-02
1.595882040203273552e-02
-1.862355144799474060e-03
9.432499859318345392e-02
5.085241027288778248e-02
1.670178832030325480e-02
7.237861073918344657e-02
3.661941606892725465e-02
3.337702666296366028e-02
7.789528433204963298e-02
7.536106906275352735e-02
-1.100783579151058504e-02
2.701497877157506625e-02
3.481940586079060318e-02
5.080094296842464774e-02
9.823221348634888356e-03
3.559061461532366660e-03
-6.925178100803565731e-03
-1.635421064799618199e-02
7.813220754561298054e-02
5.605706652427398795e-03
8.465952092575167176e-02
1.092557073510469837e-02
9.591046644179014591e-03
6.102586443494786850e-02
9.003565773742036593e-02
1.795954399021431128e-02
6.977563412653452202e-02
4.500657836824870084e-02
9.418060572511899320e-02
8.594070376295805114e-02
-8.197028308798518306e-03
2.308156571055234099e-02
2.658586705216308896e-02
-1.640688306045202591e-02
3.498282023437657151e-02
8.882859940985793346e-02
6.976152020730320980e-02
1.288265155686260308e-02
7.245995886834440125e-02
2.340341520144213414e-02
4.501225701424450831e-02
6.907561857103215741e-02
8.663170628555690034e-02
6.502142977124029943e-02
1.698079286353912018e-02
7.713844373170587743e-02
8.630546677018685608e-02
3.386279968840968935e-02
8.949934854593123712e-02
4.595321447463600328e-02
2.102114512997798820e-02
6.698314138569910758e-02
5.832951393816449004e-02
2.475434910312173178e-02
8.410522558234715534e-03
6.484100480571158842e-04
2.581329608115143573e-02
7.755943665833180123e-02
8.284487362983823655e-02
-8.498080411313594165e-03
1.547020743509041132e-02
1.132307590878945183e-02
3.927704484659880202e-02
1.686096446229599921e-03
4.562627876564261109e-02
-6.451242331035137931e-03
9.863434416544920869e-03
9.357916429643813039e-02
4.975632864272100386e-02
3.863340832865110042e-02
9.144730890807381551e-02
-4.258058602936785897e-03
3.551451810984825042e-02
-7.928864560253491914e-03
6.370881923995243279e-02
1.197178422576997830e-03
5.928946685001236505e-02
5.344643955627784160e-02
9.061608064077641272e-03
9.844588719104425956e-02
9.890039071248291763e-03
5.339737766750676795e-02
1.800287439370265932e-02
5.017830402073951424e-04
5.667677863024013496e-02
5.839745997074653749e-02
1.673989033748421798e-02
7.947293948174928568e-03
4.067574190898667896e-02
8.512807600294429455e-02
1.539770583652339334e-02
5.553833944203227790e-02
9.439975070252921985e-02
5.797718475105738400e-02
2.415457254717401012e-02
5.913942272902972253e-02
3.391981531358284618e-02
7.886675441438188716e-02
2.001257336295661146e-02
5.847681554777660329e-02
-1.513943196672674386e-02
4.486669825656849908e-02
-1.268805178859064298e-03
7.232896390779192108e-02
8.456674332287912599e-02
-2.215931393406020411e-03
-3.878881237667133192e-03
4.846065888920254860e-02
9.245368805922128674e-02
8.533470076157397000e-02
7.288434251131443997e-02
8.155057122233569378e-02
4.345640351111612620e-02
7.340340620882154776e-02
9.808348572941918975e-02
2.538955604996533458e-02
7.742733849374017208e-02
6.212718271468978259e-02
7.121633234982352456e-02
4.080024394967141088e-02
9.173398383215396190e-02
5.721913656469804210e-02
5.524841044743808438e-02
7.959055691220914830e-02
2.772214960626677091e-02
-1.122524379771742790e-02
-1.967593364239336035e-02
2.676959958069075052e-04
-1.011982998965789762e-02
3.050028925762018547e-02
-2.745792802798657783e-04
8.081977560969724750e-02
-4.294508368213982574e-04
-1.460484109646240612e-02
9.555614420614613747e-02
3.372045616907375087e-02
-3.972610880005892492e-03
-1.439730568847622308e-02
1.116698996817417841e-02
5.222695652669592792e-02
-1.434600236004177076e-02
9.150820484381709530e-02
-4.039359774915051576e-03
5.011190399296261422e-03
2.383520287623833514e-02
2.804825393979804363e-02
3.298335993556841816e-02
6.505460635395327040e-02
-3.541599024479806512e-04
3.617479789840520599e-02
-1.140330260568413190e-02
9.655489104080988705e-02
7.060716096277250275e-02
4.240239260412428934e-02
1.874457110794009937e-02
4.695564380626186113e-03
6.828690037521108203e-02
4.033117060087968581e-03
-1.608652861418929242e-02
7.442802354205123316e-02
1.699049541496455359e-02
-9.515741575057776874e-03
8.624641938409405295e-02
5.400069888022748787e-02
2.664897284446606993e-02
2.318440523145165119e-02
8.616907669963340399e-02
6.787852193814951363e-02
1.857192046969061497e-02
5.634083819917164171e-02
-1.420009617688652165e-02
2.954143312039466188e-02
1.820246842103340548e-02
6.410731646585179910e-02
5.483850716117097401e-02
4.009419564676049152e-04
-1.880265574088491043e-02
6.052922514307902679e-02
-5.848161989886318038e-03
4.498207648342553155e-02
-3.059953539352216340e-03
-4.705572740669716411e-03
9.692764546310031482e-02
8.612312237241830787e-03
2.817141482348710022e-02
1.731778632967668000e-02
7.848198240101505324e-03
1.853867662111148215e-02
-7.256015711893350900e-03
7.118824553225418239e-02
3.128315826027217028e-02
7.140577774075629325e-02
-8.927922501175689085e-03
2.211320116966854557e-02
3.279708617597867915e-03
7.416227337928299468e-02
-1.493477219902894504e-02
6.071245565342114903e-02
2.295591362466239613e-02
4.679103811360676990e-03
7.556132737316774428e-02
5.571506481968788171e-02
6.645905152208633759e-02
4.250071903544073992e-02
3.402351055293155457e-02
7.996879888625225974e-02
6.985057821130426225e-02
2.364209746662613784e-02
7.903717212022419447e-02
5.628408363496462119e-02
3.282919237632410392e-02
9.883158944510903043e-02
9.534311233636710847e-02
3.484012568868311011e-02
-9.398367700395565683e-03
8.448241313812455966e-02
7.457272270855740126e-02
8.092479478444755681e-02
1.165870553132917695e-02
9.851846672176192699e-02
6.279311144701481273e-02
3.552792746901389798e-02
5.801218895080872962e-02
8.836976275623892318e-02
2.592148300195379687e-02
4.325464943185122757e-02
7.314701780114660212e-02
4.400351135372103373e-02
4.037705925701851051e-03
7.513602271272472322e-02
-1.142445697309783965e-02
1.784980937597524173e-02
9.576788525454682510e-02
4.193416517500726803e-02
9.502315256827613410e-02
7.253903661775075451e-02
5.874042675802058910e-02
2.798548775469820657e-02
7.613082372346086091e-02
-1.296010964722107972e-02
7.191260454421581627e-02
9.603890976492196474e-02
1.663037972282628216e-02
-8.679741960314069082e-03
1.391179621630113730e-02
4.294039179423865538e-02
3.300416260234230459e-02
5.229519038598258451e-02
9.559515651496321154e-02
5.029396015765548456e-02
5.717544307477470666e-02
6.021000777933931125e-02
9.377724686456957726e-02
9.847198681466505510e-02
7.745599984628750989e-02
1.945610005478412216e-02
9.323638479794152389e-02
3.384067234877778663e-02
8.314842474308418996e-02
2.099154970318720115e-04
-1.035011261609351460e-02
1.642258556082904289e-02
7.928840444144645561e-02
-1.416971836611033431e-04
1.396805601396209837e-02
6.504634831042585552e-02
2.775467041735752913e-02
-3.310977640722734955e-03
7.517548070696386531e-02
1.989284907113159431e-02
9.258494654558145631e-02
-3.385278685891588563e-03
1.667815314202972243e-03
-3.828637604831566094e-03
1.340015358143801030e-02
-2.802222486388034062e-03
1.322678211674539750e-03
7.001912055487749531e-02
2.767026931844304358e-02
9.916897174288158423e-02
5.874015933311708959e-02
9.880142242657580232e-02
2.311519090643051125e-02
5.168003797926011555e-02
-1.000299619855028570e-02
4.553955947765769841e-02
3.409195374099928399e-02
9.871124306867919140e-02
3.443358332837137548e-02
5.608545337011872772e-03
7.835313420315710708e-02
6.165131815984233044e-02
9.926197550818040283e-02
-1.174654453850004082e-02
7.552909259933031361e-02
8.854457995481108956e-02
6.970834274167763550e-03
-3.469628703680796566e-03
-8.680024321018858791e-03
3.023867387197592613e-02
2.230783685794917801e-02
9.137688572595860370e-02
-3.916355516570289852e-03
1.481908463877587914e-02
6.148495581744715943e-02
1.225937000029240706e-02
4.485804606890879398e-02
6.115497092271945934e-02
-8.333159381977761626e-03
-2.994240728732246865e-03
3.945635493644693292e-02
9.728148874751517405e-02
4.368507844749741631e-02
3.228054941744454287e-02
3.030569849779557803e-02
-1.282211117872224596e-02
7.502747957642480481e-02
1.341363895826598249e-02
5.025853086132932301e-02
4.149396700192031773e-02
6.145946413904063155e-02
5.625179998445789531e-02
-8.086720148259058175e-03
-1.794009876827651687e-02
4.187899069863500190e-02
8.899958896328909880e-03
6.511669449874478433e-02
5.542654231540698750e-02
3.918413782222143760e-04
2.691837424007730364e-02
2.092518392401064228e-02
3.978700891277765772e-02
6.644605773888501155e-02
7.870765352116092239e-02
5.624259200759447463e-02
2.257542095960160186e-02
-1.776025498990438378e-02
4.095993554024961181e-02
1.620539135827995039e-02
4.963771928593546656e-02
-4.606387773633379562e-03
5.410913696504948689e-02
3.202643088642509461e-02
8.828061711149930157e-02
9.176477945587022123e-02
8.501299975700564449e-02
5.175923883441738149e-02
5.392528746114001736e-02
4.924744485748393241e-02
-6.028613638004548872e-03
4.228434934009889234e-02
8.625632899800775300e-02
1.224203561077559163e-02
5.742760601002075416e-02
7.828582068168404851e-02
1.217852693512329679e-02
7.714148716236571279e-02
8.473258334003745673e-02
