1.033927966994241165e+00
1.075478412096707803e+00
1.020141755637012260e+00
1.022427763714542470e+00
1.009939973632934196e+00
1.053629974704242800e+00
1.008091238165953252e+00
1.012001934797978286e+00
1.070141001252097768e+00
1.048632930682625419e+00
1.090204536976081773e+00
1.007261938565680692e+00
1.020800759750601472e+00
1.029731847013756640e+00
1.041289940216453935e+00
1.029280874839442417e+00
1.048157823842063241e+00
1.013084074538554757e+00
1.091555161591102330e+00
1.074301904916465045e+00
1.083035950244461532e+00
1.068680826421572139e+00
1.011025864495810778e+00
1.041092646814434142e+00
1.058854533842901624e+00
1.009935134456999561e+00
1.004484019453554922e+00
1.006141441681713156e+00
1.059325125587896377e+00
1.029533699302116023e+00
1.022581606234527429e+00
1.041012469393707285e+00
1.079264437182757330e+00
1.087329690528009429e+00
1.019852035180653482e+00
1.032284925442038315e+00
1.038453672168366815e+00
1.088153972481295639e+00
1.016017756580012366e+00
1.010239421818580841e+00
1.038005426308472368e+00
1.088611135766283100e+00
1.076312670661289550e+00
1.029283425876796665e+00
1.079704085588092388e+00
1.041762561943702314e+00
1.074975111616878864e+00
1.092371327335334819e+00
1.064798166196854856e+00
1.021885568757989526e+00
1.097638500967310415e+00
1.091027589536675890e+00
1.003728847966565141e+00
1.026357369081820181e+00
1.077017985666027133e+00
1.014118331895690339e+00
1.030185763885608452e+00
1.036352613436485770e+00
1.095142858962845800e+00
1.007207779655265867e+00
1.074242029076274196e+00
1.082190544121629072e+00
1.003676400835342264e+00
1.002553947456263694e+00
1.061511383832070221e+00
1.081516786359040250e+00
1.089637305326726757e+00
1.099352858641833519e+00
1.022360772466218481e+00
1.043411990885507734e+00
1.048843584775472459e+00
1.044829601470403269e+00
1.084618660427146164e+00
1.053368246094845473e+00
1.034653336297149062e+00
1.017598808975612945e+00
1.006543195345076303e+00
1.077636789261893879e+00
1.077416544282099542e+00
1.093323919657542831e+00
1.058669480518894757e+00
1.029122179596083875e+00
1.048432485066485675e+00
1.053191641477943641e+00
1.021193968921312534e+00
1.070902145308799236e+00
1.016571896703750033e+00
1.086457725813416486e+00
1.030824126494736204e+00
1.028033087740228169e+00
1.096633235979760812e+00
1.000717818860301200e+00
1.000561901261523445e+00
1.026604648117236840e+00
1.077931435486494172e+00
1.063376568664613275e+00
1.016830005389815827e+00
1.075491913992876691e+00
1.051458348948862032e+00
1.080918875642081556e+00
1.003511122966582958e+00
1.097670399448045009e+00
1.097393343917695718e+00
1.022584889402394781e+00
1.044169699922468553e+00
1.054015611935154917e+00
1.076754400597148331e+00
1.064174393543194652e+00
1.098791753386151981e+00
1.038224557213925037e+00
1.001154423556430251e+00
1.078648911280443823e+00
1.047015971567238690e+00
1.013360438952493503e+00
1.054760134000827021e+00
1.092949306150168498e+00
1.011133985048645600e+00
1.093211409029012593e+00
1.042441240105233202e+00
1.044658922706795057e+00
1.085196451194036626e+00
1.015259122987758111e+00
1.068220814568334953e+00
1.083379605963995962e+00
1.080958848693329033e+00
1.040745145679695227e+00
1.067324987878742748e+00
1.010531334614699128e+00
1.052729827917623817e+00
1.005268642993546013e+00
1.056374328799452922e+00
1.065152754105550770e+00
1.026424663628337619e+00
1.039361980821536635e+00
1.053645815376132333e+00
1.018389598271146612e+00
1.035496227961770987e+00
1.064537633759209623e+00
1.047824506249578125e+00
1.003912962983551926e+00
1.026320685958466150e+00
1.047075926807296442e+00
1.054124511819517052e+00
1.095314668454118179e+00
1.035067508973982475e+00
1.012512443193799516e+00
1.060558729264200695e+00
1.065389440631048901e+00
1.058826266896131685e+00
1.081295558396025980e+00
1.096034737985080776e+00
1.075546511395912841e+00
1.091809019622712595e+00
1.069597133211026119e+00
1.006205556470194828e+00
1.089878589666010367e+00
1.014028020728712454e+00
1.023363294284673763e+00
1.047617259817532842e+00
1.039656790638713968e+00
1.019116135021266079e+00
1.094708880927908856e+00
1.034478757423711093e+00
1.071026753338421011e+00
1.062553420775434354e+00
1.093074811802056567e+00
1.081958624274620417e+00
1.017669818875068355e+00
1.002559174451613577e+00
1.066241477471442156e+00
1.067813430422721144e+00
1.027389787610426097e+00
1.028540424552244037e+00
1.016742639006893878e+00
1.030855522201385321e+00
1.023512500785151325e+00
1.074651391765841346e+00
1.046391241278518569e+00
1.038846450488370099e+00
1.091968648085499538e+00
1.020715343971945188e+00
1.063107795924562282e+00
1.058061783296884162e+00
1.093872132966941857e+00
1.070398026898126354e+00
1.016969992093470943e+00
1.087072106978832942e+00
1.077257485877315846e+00
1.061249083213069655e+00
1.082964131216448633e+00
1.010114500591033027e+00
1.098861025002253911e+00
1.093688462592343980e+00
1.042495665558899054e+00
1.022795004672958363e+00
1.057188969176213078e+00
1.084654967334286457e+00
1.016219209726428208e+00
1.032629102933058984e+00
1.012894499370720958e+00
1.027140311068278411e+00
1.061842053682169551e+00
1.064527843653706229e+00
1.003296503666226469e+00
1.077330215578757633e+00
1.029812174370898559e+00
1.062453491891154789e+00
1.048572155958791718e+00
1.072217793896631077e+00
1.080304889676543478e+00
1.031248893401789157e+00
1.039105560592304078e+00
1.091200992130282543e+00
1.012665719476210757e+00
1.002843345039844625e+00
1.000367645187057564e+00
1.001399537382188454e+00
1.042897033179005062e+00
1.028490750479534421e+00
1.096702611031404206e+00
1.075780729034744976e+00
1.095675531868649522e+00
1.085046937981846815e+00
1.015907766770175691e+00
1.075761271491316284e+00
1.029875825619396501e+00
1.046750096264065233e+00
1.043804571319797425e+00
1.044246829465663273e+00
1.028586513755634924e+00
1.032160822486211549e+00
1.094844049560516730e+00
1.001772822987815337e+00
1.032739443051555961e+00
1.019896300791161448e+00
1.003501842233907704e+00
1.019587776894688158e+00
1.005411991872351640e+00
1.062875321199430401e+00
1.068388463981708059e+00
1.098577273297650203e+00
1.021203367536241302e+00
1.064088575794263303e+00
1.028970784575056863e+00
1.091867544682246116e+00
1.064253834722075798e+00
1.079586790993698697e+00
1.036203976389468151e+00
1.015193689778451480e+00
1.030456708349384520e+00
1.081461925071514285e+00
1.070595651423979833e+00
1.083410121812806937e+00
1.007479154375433339e+00
1.081295491372147310e+00
1.000629984572106945e+00
1.098501079788010371e+00
1.023024664911402759e+00
1.067027263873702170e+00
1.013341644675078257e+00
1.077334254720792917e+00
1.061245236409656068e+00
1.022491662399198198e+00
1.087145462118866091e+00
1.019469527598168446e+00
1.042434899964158168e+00
1.064430352750056263e+00
1.003774051946924706e+00
1.034633959063409492e+00
1.009437055143002082e+00
1.003942721118376458e+00
1.014466888133112921e+00
1.096255160402975104e+00
1.071578324619955502e+00
1.080060382002425712e+00
1.047745727676244742e+00
1.052992709543088212e+00
1.089102933182096722e+00
1.070699887951398921e+00
1.014306880645160946e+00
1.059084698452689155e+00
1.004126117542984975e+00
1.072682012273142860e+00
1.011445373100201994e+00
1.008961498366899523e+00
1.021658914480986891e+00
1.022218516183825532e+00
1.085151968625007068e+00
1.018657226907969449e+00
1.004490364046611850e+00
1.094349457630889866e+00
1.017059899565011305e+00
1.094295935298893241e+00
1.008112931769440834e+00
1.089973100449962873e+00
1.062199097368200729e+00
1.085940319723213587e+00
1.087514530231537657e+00
1.037698746276812578e+00
1.071889245685730296e+00
1.029201775518922002e+00
1.019036551450348105e+00
1.024035070654045532e+00
1.098523878879953619e+00
1.065156642646695406e+00
1.027062637571299897e+00
1.026523189457770435e+00
1.097248438047812913e+00
1.045513223313284668e+00
1.008398762681632643e+00
1.036188388399020388e+00
1.076795520378969195e+00
1.096185155043728265e+00
1.032876611869856909e+00
1.035389500301867827e+00
1.020546267929264284e+00
1.059266120517246001e+00
1.059472758359935041e+00
1.005148500678854528e+00
1.020377467014314199e+00
1.024000392023808992e+00
1.034486850738667085e+00
1.093775411312257084e+00
1.046205873725112756e+00
1.045629499929965789e+00
1.054991139615657048e+00
1.046571571715721571e+00
1.038518216281726136e+00
1.004666654910281842e+00
1.090770138151553326e+00
1.031692824095032490e+00
1.098522513934176104e+00
1.071350839656506793e+00
1.007404648392690616e+00
1.094214188190764991e+00
1.036896570794187067e+00
1.020173045321110195e+00
1.083016780905654786e+00
1.013581450106172621e+00
1.002026668368877216e+00
1.087669416937279143e+00
1.074461940420635253e+00
1.055308755940704835e+00
1.098619874219818771e+00
1.037919840282339967e+00
1.034329436933261404e+00
1.034024446691517385e+00
1.093911972583579084e+00
1.017422886894550293e+00
1.075357523020816330e+00
1.046552357011909518e+00
1.004155594881028790e+00
1.048082401844972367e+00
1.076619767957154084e+00
1.012692835432948302e+00
1.089197816838931798e+00
1.005770148424537824e+00
1.029829606844882228e+00
1.048207562652536895e+00
1.077799653868092511e+00
1.017990318140373551e+00
1.071091463532748644e+00
1.091745678519048468e+00
1.087906888457186749e+00
1.057717133463981440e+00
1.063518971151279136e+00
1.086820184045177884e+00
1.008191147938477972e+00
1.012364980545697124e+00
1.063747481531923000e+00
1.059576620251657664e+00
1.029965604337776952e+00
1.052014431722623211e+00
1.086911221036938269e+00
1.096072288296503938e+00
1.011919043610498337e+00
1.085318171441584489e+00
1.020151160504693122e+00
1.052549440922860180e+00
1.002704262157769088e+00
1.015263261985188459e+00
1.056874799686462696e+00
1.008613777173868131e+00
1.079488879410616553e+00
1.071386671971858329e+00
1.045522831451664025e+00
1.027627744004294241e+00
1.048731762651852195e+00
1.098993400445288593e+00
1.015206544695272273e+00
1.078686235011536931e+00
1.037764889481846309e+00
1.055653660783900660e+00
1.045436829510729693e+00
1.038963985165402892e+00
1.044464221932142056e+00
1.047360942123767735e+00
1.070798049960188569e+00
1.023102408169940025e+00
1.024225644083706532e+00
1.001208998597505673e+00
1.097478922552665770e+00
1.041192796312088387e+00
1.047359759201066609e+00
1.004490286680296274e+00
1.050475544504348102e+00
1.041569127498458425e+00
1.056540320012711920e+00
1.029555825401254454e+00
1.081512708919783128e+00
1.036223674176116161e+00
1.056227045801958475e+00
1.077097792706019685e+00
1.018648420733768711e+00
1.007123175605792786e+00
1.023101260546191771e+00
1.013801667475321411e+00
1.024672070601762464e+00
1.023122988219531626e+00
1.020710333220429256e+00
1.062558378582925789e+00
1.014234102100145973e+00
1.041623559394281529e+00
1.001290954231398134e+00
1.015407913493698189e+00
1.081406048764492756e+00
1.076871567225115678e+00
1.044014510849285093e+00
1.041922262069173488e+00
1.087614214216140018e+00
1.000538504364129944e+00
1.094590369435715971e+00
1.065075738968241481e+00
1.027246055777091494e+00
1.079611314159260038e+00
1.014296173953786129e+00
1.035846309907577645e+00
1.064171716918886457e+00
1.078802013927848247e+00
1.016923019468180200e+00
1.040034686017930809e+00
1.051082155000413465e+00
1.041152347913745890e+00
1.066953898239548559e+00
1.054084328551594396e+00
1.097792741648333514e+00
1.027368702009050061e+00
1.003500436750387470e+00
1.050481281777005949e+00
1.040378016461336763e+00
1.000992295754255856e+00
1.085728979117634108e+00
1.054327139961144910e+00
1.078211472532343063e+00
1.062650104205762558e+00
1.072289259653091298e+00
1.049179213074275419e+00
1.025722277201956079e+00
1.064128450916699720e+00
1.077912938604304260e+00
1.048147373328643717e+00
1.061960321927130302e+00
1.016224393672224835e+00
1.065767063213695076e+00
1.083717967993623521e+00
1.040063658012138070e+00
1.028381420852166439e+00
1.035462178502263297e+00
1.060287215503503466e+00
1.086717359998900623e+00
1.066067838781686428e+00
1.086258406541743549e+00
1.006623593045807619e+00
1.030545665687447210e+00
1.019635599954923366e+00
1.088557853850192103e+00
1.009482082341652598e+00
1.000632289122323826e+00
1.057426250290061542e+00
1.030170020007740828e+00
1.076811201664593876e+00
1.042926653602924691e+00
1.081617578700851734e+00
1.051120489603591723e+00
1.015634612305581275e+00
1.081422253634145125e+00
1.006221994042353574e+00
1.018097641681924959e+00
1.045219930459512447e+00
1.021363334469358453e+00
1.042998224077063441e+00
1.004707287664124316e+00
1.029270548114086026e+00
1.079247165319032753e+00
1.048892841397313758e+00
1.014341652041458541e+00
1.030047493579976603e+00
1.070742716561198904e+00
1.032190030575084405e+00
1.009542584496051942e+00
