9.212755169007362521e-02
3.120572665159613429e-03
8.976514088685803860e-02
-1.353928459748878627e-03
5.763349914017176778e-02
5.882247481267548206e-02
7.828995940749662596e-02
-1.660094299486062491e-02
9.217658084871493962e-02
1.124563743827320869e-02
3.286620472530714376e-02
2.522246144815020255e-02
6.535422401590422481e-02
9.167405012053032876e-02
6.966624649689404092e-03
1.017798413456335108e-02
2.285466421555904654e-03
6.684006679792464656e-02
1.269757237503033390e-02
6.392641592706881093e-02
6.419629443703216143e-03
-1.235678375470913512e-02
8.166212008477366502e-02
3.867082006008371042e-02
3.182053710258953005e-03
3.781288948041985898e-03
1.092840601021797392e-02
1.235264298686670689e-02
8.398453192310806337e-02
1.495940817519033836e-02
5.542464273049363399e-02
2.724733853319230917e-02
-6.976000771562448910e-03
-3.969534268326302406e-05
8.725431188333888921e-02
3.758453601646757902e-02
7.622290209377569070e-02
1.214932542539921487e-02
2.520852180526591060e-02
3.173736694441200989e-02
2.770849905089339468e-02
5.053170682214661036e-02
9.775167889413637068e-02
2.641461370083513296e-02
-1.345832050556877886e-02
3.938532709393273434e-02
9.962964040416576184e-02
7.144503562946766251e-02
6.894584785790079662e-02
3.064217360920199265e-02
9.749902153806047633e-02
-1.444080983959093387e-02
9.237835576970869489e-02
5.407813544759620256e-03
5.537155726657631838e-02
-2.255873913087163424e-03
1.775308074722282622e-02
3.028627775751896803e-02
-7.654625968543200473e-03
-1.825061125622119695e-03
9.282313995619871638e-02
-1.455864275185944287e-02
6.681010995372037298e-02
8.237994037351201171e-02
-5.656752718578447747e-03
3.486028618223864506e-02
9.875895854941466045e-02
3.092241876601974429e-02
6.491091632336420253e-03
3.512897425834000942e-03
5.416443453215040449e-02
4.462382843373698116e-02
4.275719150844553562e-02
6.358923884343885280e-02
-1.035300387241083579e-02
8.493233117569443102e-02
3.490251025196308698e-02
9.962872550038658070e-02
5.904708306360216541e-02
3.820684755622423545e-02
6.328897334811457720e-02
1.879618674361752464e-02
1.750772509985475470e-02
7.771381200026901415e-02
-9.289858574824410090e-03
3.663595580045201500e-03
1.483139476202643622e-02
1.035016024742096280e-02
3.536212882223978282e-02
-1.630170207012169442e-02
5.489566729837794257e-02
3.755064372323851929e-02
-5.421499484888942996e-03
6.029630487978282494e-02
8.945242233793058995e-02
1.581391681865343055e-02
5.004068607263618962e-02
-4.607881262156618765e-03
9.908551622663103187e-02
-1.333234069036553365e-02
3.931186099224957819e-04
9.910320803382993704e-02
9.823150158442225943e-02
-1.974708740174307628e-02
4.334413498761245653e-02
5.370564456072896009e-02
9.861109942258991512e-02
9.179954950844605027e-03
9.264596002036060152e-02
9.085623693304495374e-02
2.464797540549458141e-02
6.744478189298923343e-02
7.204713542190238629e-02
6.427474572714766965e-03
6.109115263188355516e-02
7.645764625224031608e-02
-2.481698244867699965e-04
3.848125001579265347e-02
7.543191364915530217e-02
1.345851524540568264e-02
1.799618086512363643e-02
4.533053046292549737e-02
6.671825308844082925e-02
8.540463373518147883e-02
2.588582250864545145e-02
5.381656171866630589e-05
8.007091313513518827e-02
9.320036422371689999e-03
7.726949134578123268e-02
1.850469559407067269e-02
9.755942426631045161e-02
8.692500083577615888e-02
-1.334628858754632538e-02
6.508074873370904567e-02
8.484010043724556083e-02
6.994548341447168194e-02
-1.086949960713372992e-02
1.650759012822613711e-02
2.408358497338948870e-02
1.214704130128838738e-03
-6.995491059202487913e-03
4.474133668906526973e-02
2.630091745560010977e-02
-3.870894913903560192e-03
6.207483845225800212e-02
8.768930589412947396e-02
4.593023373957772632e-03
5.598678524761248332e-02
1.339682910079877456e-02
9.196547718225052404e-02
1.067599188436437613e-02
9.883150532988663195e-02
8.630265170726418578e-02
8.175010312963666703e-02
7.154990306164497882e-02
9.247211880327319000e-02
2.859957007757934003e-02
3.507443500508271306e-02
9.089880193979273104e-02
8.110668700039497248e-02
4.925513140006393398e-02
6.165509343597584679e-02
7.182171954212804299e-02
-1.437204820610282416e-02
2.319743448404955680e-02
7.498579157098306247e-02
-9.715942666054168397e-03
6.594181304414518940e-02
-1.711570939968113519e-02
6.664282558163495129e-02
5.754165515728859592e-02
6.962366505166255048e-02
9.352547824946831623e-02
6.969820786940077173e-03
4.495695440369379403e-02
2.366729048248671433e-02
6.764840567400545734e-02
9.077268576925812127e-02
6.279402973745053240e-02
7.694433880935774850e-02
5.699292168242246770e-02
-9.792645595260406066e-04
-1.077872761721215128e-02
-9.684408996640452710e-03
2.236096434814561704e-02
1.664386672963924160e-02
6.235308390351104735e-02
-2.780149703576817455e-03
4.710795309615666004e-02
6.871691923811841518e-02
9.827712395811706581e-02
2.391012247600555682e-02
7.971587011519834509e-02
5.932850837240995212e-02
3.839209619745037605e-02
8.961547632213581749e-02
-7.204721011171137668e-03
7.380839547228738862e-02
1.218514188529561462e-02
4.868545516173837517e-02
5.435740845364500640e-02
1.485622690266951915e-02
9.353281002431010349e-02
9.113159111586879857e-02
-1.887916443647653236e-03
6.142311499969872746e-02
5.895165358994179650e-02
3.611531983636151466e-02
1.910192452309876152e-02
-1.807671563859480218e-03
5.192930392835663767e-02
3.520350230876452546e-02
-2.746595639234784142e-03
2.697369397065393568e-02
8.099036212418606051e-02
7.681381608434767472e-02
-1.157276711229067098e-02
2.338316616793672045e-02
6.279970631680929088e-03
1.301514578395763719e-02
-1.651634330051076488e-02
2.426154206098962360e-02
2.390324391839082976e-02
-1.217411758783196012e-02
8.713373022707689153e-02
1.836907005915648303e-02
8.025873903930969000e-02
-1.995696281072752501e-02
8.117860629768720859e-02
3.305697871253517051e-03
9.978240408437095976e-02
3.352807517786317304e-02
6.428795908768951406e-02
7.727266089426712559e-02
9.696350100395512150e-02
-1.706728964223589926e-02
3.510795809202994777e-02
5.544190892964998008e-02
1.330125203090749483e-02
7.189794433825440201e-04
5.389900003002594253e-02
6.755372993144893867e-02
-1.250619290206870377e-02
-1.204638265861106110e-02
5.864766683394945224e-02
8.640647141099917772e-02
4.992410848239270393e-02
4.354934459243933742e-02
9.947775276485147644e-02
9.348552178174847349e-02
-6.872886939908003784e-03
-7.283646859950105440e-03
2.171131855593979795e-02
1.435161664963617925e-02
3.681127709603704973e-03
-1.051686818694319570e-02
2.874783492948972119e-03
8.869953625844428924e-02
3.534315729868088563e-02
5.271503340323452358e-02
2.182792894786080365e-02
4.401314611809513389e-02
6.468608990110021051e-02
1.335859102325201095e-02
6.884540177297149288e-02
-1.900955902305134088e-02
1.257536057188412756e-02
9.664701804764032345e-02
1.291284089441714980e-02
1.916985025111175509e-02
8.273390197310813432e-02
7.989150702892873490e-02
9.813216961949686179e-02
5.262954536068685518e-02
5.311205778730719584e-02
1.942274066161368481e-02
6.310278912449154842e-02
-5.195283536071019365e-03
-2.969372163013635213e-03
5.465582056298756708e-02
4.245262852330639047e-02
8.684922324358877732e-02
8.216797893356768412e-02
7.428001439906965764e-02
-7.195292543022197354e-03
-1.170489108908956410e-02
6.032231230908544073e-02
9.889524509435826394e-02
1.091221371118383798e-02
7.258269594906655020e-02
1.696969554988877679e-02
2.167766510501291724e-02
2.907978321562785726e-02
6.563242500386273770e-02
7.272116939068573593e-02
7.941488948275107762e-02
-8.170686248542681149e-03
9.788691529688300919e-02
6.462373803087954893e-02
-5.583432333562824215e-03
8.654691632824360048e-02
8.563402303865862153e-02
-1.699012722241470888e-02
-8.677619943576036013e-03
3.272999691213611395e-02
4.978239656443898126e-03
1.325030406491928617e-02
3.759447234599144760e-03
1.478679816051931342e-02
1.397356670636889717e-02
8.872889164083970492e-04
7.312096430903325395e-02
7.781623607194348285e-03
8.126724252562056439e-02
2.977950890074292437e-02
-5.561614282840925474e-03
2.662480658104632650e-02
7.747525738218639935e-02
-5.030257755117633137e-03
6.027438339201555279e-03
3.015396299380956532e-02
7.885650870141144159e-03
4.239299097096906055e-02
-2.344881993294918587e-03
3.023845313841918778e-02
6.562036395136992828e-03
4.748409348765784965e-02
1.045463592345520498e-02
3.851101233418993686e-02
2.829337449526979006e-02
3.807060592658149945e-02
2.970382841702330981e-02
1.004414963002114164e-03
1.495953490980401687e-02
4.593628490147782378e-03
1.134480149714946554e-02
-9.631888715601633413e-03
8.915432464329618722e-02
6.681644311134461722e-02
5.340712728409137411e-02
4.417545565518411765e-02
2.299519612839635505e-02
3.620889062495674660e-02
7.113504831967940034e-02
3.163231784835522642e-02
5.604508786202724857e-02
7.985557347711387532e-02
3.012677179961232785e-02
6.414349024252899434e-02
5.790045218698457175e-02
1.221157070592330043e-02
6.645436320275553699e-03
7.864357047103504028e-02
6.129132781027855914e-02
3.826389955545703159e-02
3.968022199626219937e-02
6.600891858632287890e-02
3.291006115016177624e-02
3.362477880983530398e-02
9.373801987871530073e-02
6.494609757920545567e-02
7.013277769904624481e-02
6.637925464614120863e-02
6.459961401069953812e-02
1.269678350124881297e-02
3.041535263153401572e-02
8.413576072620644608e-02
6.124994663376757964e-02
3.364949869504106628e-03
3.062855506480817794e-02
7.834221301988748831e-04
2.792854183745013125e-03
-1.054929137547034636e-02
1.700240595452984227e-03
8.540817032870279268e-02
-1.747629897980357977e-02
5.840734160739645409e-02
-1.879661574064429852e-02
1.313364741212605033e-02
-1.262229423180566586e-02
-5.085724580022085717e-03
4.960354842383099538e-02
1.374806505656504460e-02
-8.861847525170237980e-03
2.225884341967314037e-02
2.086724928153163572e-04
3.913902584335934853e-02
9.079137393515025745e-02
-1.196414730978418925e-02
2.618333947374474474e-03
-4.660255479794943659e-03
1.875115021120735484e-02
-1.054519562522962355e-02
6.170332635953923450e-02
8.590184595137255463e-02
8.842801877382382852e-03
9.538586668143896052e-02
8.679257972983259184e-02
7.790141870475257579e-02
8.493319506112648187e-02
6.030019345866191594e-02
3.456755761044649766e-02
1.342532705003236446e-02
-1.214683144763957674e-02
1.809003915700196224e-03
2.008765676891038909e-03
7.859088985508830283e-02
6.138091328143988057e-02
4.000107545828722466e-02
7.366980315381056743e-02
3.919797669154848063e-02
5.567601794899949830e-02
5.598700018796605449e-02
-4.069478683185304840e-03
2.457318203320371305e-02
6.678721839027552953e-02
7.540071721411546746e-02
5.317429588479778702e-02
7.683020687342637101e-02
8.131566114903769626e-02
1.513079389525644886e-03
-4.193981638965942060e-03
4.405173166481111957e-02
1.798860664462701223e-02
6.908006778490576039e-02
8.884987389659883272e-02
7.974675748908144346e-02
3.827972715104176193e-02
2.589917267400525941e-03
4.081592687181104240e-02
8.503370172702509611e-02
-7.915685949839055061e-03
3.960699552502805476e-05
6.116539667593035023e-02
5.068730567402290887e-02
6.222151951975216089e-02
7.081622755281560821e-02
5.383481307843882013e-02
3.965609865721102245e-02
6.176154793518878749e-03
1.469733019043620650e-02
6.395266310072124372e-02
-5.007528964329889185e-03
9.590610115849174111e-02
8.461036608457804531e-02
7.749339002861690973e-03
2.267338662850930039e-02
5.920973722657345284e-02
-6.266369675182098531e-03
9.170793076695223089e-02
6.264240197712737934e-02
3.066703144390816801e-02
3.401819286381778384e-02
8.956035900963940644e-02
2.148766468839717267e-02
9.569748404222838678e-03
4.412285109891474211e-02
6.895442441089086327e-02
2.326263612994687244e-02
4.977738537414382047e-02
-5.120442152202557204e-03
2.657403988875594106e-02
5.802872135854043878e-02
9.549238270598284228e-02
8.576423801236383870e-02
7.909491830900088061e-02
1.132017843267369220e-02
4.617502503351340881e-02
2.671517511542747039e-02
3.489013355073940226e-02
-5.753750397272217043e-03
-4.014939920455189853e-03
4.139180949483790839e-02
6.102692527838020353e-02
7.494007159267110363e-03
7.599687390992523883e-02
3.657163152212993679e-03
1.547721093974069664e-02
1.217508695166806196e-02
7.381182269258562689e-02
2.371044176691852398e-02
5.013833147939310286e-02
6.951331135045203669e-02
1.072478206847575499e-02
6.451991337083298750e-02
2.457669909268314287e-02
4.694557629629168838e-02
4.267190860107897277e-02
-9.536470171953271083e-03
5.180122532778830280e-05
8.792479545053752399e-02
1.384406206905427691e-02
2.749860576725416880e-02
6.675810259956012349e-02
4.030205127708957891e-02
4.765635439061104150e-04
-1.071750053597745472e-02
1.644398035084173454e-03
2.562737160788807964e-02
7.476211519040282250e-02
6.951301669465463628e-02
1.677665347981878094e-02
1.702587430811470029e-02
-9.902826891246746532e-03
4.608283391001356810e-02
9.398402221147461599e-02
3.023645271327982456e-02
6.178376700085916329e-02
-1.762000038452033249e-02
6.153398457948063005e-02
8.652367713448752551e-02
1.087405522429321647e-02
8.932919932354037307e-02
-1.447307464523739373e-02
2.647633544024488930e-02
-1.161621727068246242e-02
2.005822002168304932e-02
8.977848839905981648e-02
6.606068184546377842e-02
8.543448773267907359e-02
8.155969878932609052e-02
2.016075609210122785e-02
2.076974245628174578e-02
-3.683421353455063052e-03
-5.693390265304069942e-03
8.193917429647014361e-02
4.928237706569078835e-02
9.454601138395282711e-02
3.913864359381910574e-02
6.616707576920323464e-03
4.729363590081868407e-02
1.004912976680197301e-02
5.968657069846340646e-02
9.565197055150542749e-02
9.168158290026114099e-02
-6.250705004390727862e-03
8.654548710110204768e-02
-1.566617574216527115e-02
-1.263630624797018251e-02
1.108145534999742388e-02
-1.333314304263463757e-03
9.123688099455047607e-02
-1.896481674336015014e-02
6.253496034498823297e-02
3.504183254823915739e-02
8.743038001835372330e-02
3.527899690329432125e-02
2.105645899698588633e-02
4.621455057360243646e-02
6.101955514444298845e-03
1.902772327919441744e-02
8.774040154570349193e-02
6.851032408555438047e-02
-7.561341186429326039e-03
-4.179525826956125012e-03
-1.964268516699781836e-03
2.973517912561793666e-02
2.175590874019011495e-03
5.272916393946601443e-02
4.251703474579487940e-02
8.456386724001710431e-02
8.665904987343459043e-05
9.131764609067402616e-02
-2.043128121002005249e-03
6.162219866840605575e-02
1.855434697978948499e-04
-1.957940926844901203e-03
9.922022657552603819e-02
-1.615801149069218123e-02
9.464172204452654669e-02
1.813784721570839073e-02
5.657495739422407910e-02
2.754365068528996305e-02
5.309694449674717820e-05
5.518090523124920266e-02
4.419534445087454355e-02
-1.583848003435300855e-02
9.301008009981197311e-02
-3.317972656584494001e-03
-1.930791960982976979e-02
-1.346427107560426578e-03
-1.436421497725611125e-02
-4.922807487947222088e-03
1.117634927779854320e-02
1.323722023917859800e-02
8.962884391131839545e-02
6.708081384400721436e-02
5.192882037273457985e-02
7.568780235559169345e-02
8.591921470958444051e-02
-1.617840368685543109e-02
8.942191731696594315e-02
6.150570411798653159e-02
2.636222294362883592e-02
4.481833303973294103e-02
8.263737439596625933e-02
-1.326309044915308967e-02
7.092553664553465087e-02
-1.750181069454040741e-02
4.264609456038372104e-02
-7.094901338457320142e-03
-1.382897179210212241e-02
6.088102572379325284e-02
5.238352749919826523e-02
8.390699646239201115e-02
5.029210419275415012e-02
4.780325675853769329e-02
6.688166926324377870e-02
1.785391869083263403e-02
-1.800511617461246494e-02
8.564470699840703860e-02
2.233222141717963391e-02
9.345760908145098189e-02
6.970286208167289499e-02
-1.669602915764539786e-03
6.298047493743176573e-02
1.385826829672361440e-02
5.971245358200080733e-02
2.134313858516205184e-02
5.734792705215864539e-02
7.235166874845391782e-02
5.790658950420440876e-02
9.613739092808876174e-02
9.967099376016853168e-03
4.393221200865504023e-03
3.160738164496863789e-02
3.259184384214595942e-02
6.296955437254336818e-03
-6.511469136609772737e-03
5.676011147216122876e-02
2.895583125540386951e-02
-1.095208701983891794e-02
5.995722543849923980e-02
4.873673914376745742e-02
9.737263041944575759e-02
1.935899613990086851e-02
1.276698437741967396e-04
4.840283654984814388e-02
-4.967947234808240894e-03
2.645285179014369992e-03
-1.598272625592746590e-02
9.986602804080667306e-03
4.881225163566413339e-02
5.147094330448226396e-02
-1.804484187944810358e-02
8.032656499270597605e-02
8.159622905105134993e-03
6.214019336802885374e-02
6.114128295278067893e-02
7.517871699131846441e-02
9.231611053070667983e-02
8.099648958872278370e-02
7.359674688604828097e-02
-7.216416610587450195e-03
9.795222813945261842e-02
3.689986869619577003e-02
7.602639465317928558e-02
-1.065921669775778645e-02
6.874937835265822195e-02
7.374323308986727166e-02
8.709534832082327371e-02
8.580436152109155445e-02
-1.544856568685868368e-02
5.936671168836661627e-02
1.995389800967582380e-02
8.086602799302981814e-02
1.317149591194244004e-02
6.691077090639765967e-02
-1.892585731513438119e-02
2.112510576899831807e-02
6.798023043443238156e-02
1.820785407534597847e-02
8.224882339163336331e-02
-5.704928097191874076e-03
4.873192355972424950e-02
4.503311129035682259e-02
2.457031489035486557e-02
5.540821776280836775e-02
4.917246046368520251e-02
5.213993202688410600e-02
-3.479505396692682967e-03
4.290678705775599622e-02
7.682455222158095232e-02
5.870233599813325098e-02
1.313685581030948554e-02
3.020525628083681538e-02
1.907283070668612177e-02
-8.242999144266564826e-03
3.439170561579725505e-03
-5.476120963928727756e-03
3.565186961486017936e-02
5.563775100279108599e-02
9.861943435031682303e-02
2.732729721374050832e-02
-1.452684891313720320e-02
3.241546051248886395e-02
5.594916302651488371e-02
4.709774327774178537e-02
6.849026168290448663e-03
5.282608770650600027e-02
3.431208180261113849e-02
1.667037426164535638e-02
8.335335357011799950e-02
5.440805060645723112e-02
8.780571518963521671e-02
4.496629097381476398e-03
9.401000537472321839e-02
7.289927874444320638e-03
5.307218210068795350e-02
4.275440779855559092e-02
-7.519845568304197800e-03
-4.845105522631216674e-03
1.608674046202475741e-02
5.653512832330140347e-02
5.723047126625667447e-02
9.784057456046052481e-02
6.504382930990773581e-02
5.475854217231816701e-02
5.357580735958832052e-02
6.300507532103949426e-02
9.524321855837417083e-02
-1.507098567249355592e-02
4.462990498159230546e-02
1.934606409135409058e-02
5.246866539321617950e-02
3.864393395682293175e-03
-6.149877700465945438e-03
8.588089328655673649e-02
8.789451230953611305e-02
2.173343500045219964e-02
5.259873280677790364e-02
-5.150146022308187826e-03
2.680332465279063395e-02
-3.261535194811333166e-03
3.808888377129016067e-02
5.993597813466067237e-02
4.894929804493720893e-02
8.528767568974750246e-02
7.673966273560163531e-02
3.029674276241630174e-02
4.165980470337683761e-02
1.147650533521876043e-03
2.013818037476012082e-02
9.807463042664918418e-02
7.489420066809243659e-02
6.946074050081833817e-02
1.482536819150003307e-02
7.473384959704319069e-03
6.806119532959085949e-03
5.243518688425764795e-02
7.953443665046340538e-02
7.599382435364206156e-02
8.370504406851515811e-02
-1.265007616229521514e-02
1.389969945449826341e-02
9.535067775792702149e-02
6.693793839906134191e-02
-2.552597287611212823e-03
6.463634563794155852e-02
8.015121922095491680e-02
5.609293313256399904e-02
4.919463475885553494e-02
-1.865751843253949174e-02
-4.624228616199318326e-03
2.085462488032347947e-02
-1.551876274757586077e-02
5.261569861868231612e-02
1.112019186887427957e-02
2.370665294370797802e-02
3.578979842071509238e-03
6.299244149649506352e-02
9.309572298383120281e-02
2.851233359682149235e-02
4.176927035134360422e-02
5.989920780508846410e-02
7.353201073414972200e-02
4.920750546851572482e-02
2.176419567418158910e-02
6.165249933683888961e-02
2.196481206878563366e-02
6.090467491893554464e-02
8.083304482077145747e-02
5.195449482887576353e-02
1.508802256683838480e-02
6.102422046079501033e-03
-8.156606694166370491e-03
-1.000341879507519322e-02
2.130777840668098347e-02
3.480688834016557043e-02
1.933780120974675290e-02
3.406738263597704208e-02
2.855159538689444262e-02
1.177856052192051070e-02
7.282934058214381168e-02
1.343048500615423232e-02
-1.742710427240645385e-02
3.167293558011029242e-02
7.864387576954942616e-02
-3.310653323200563741e-03
7.186159806034297937e-02
9.659233730537945817e-02
6.130131350895056536e-03
5.228325536043111621e-02
7.950839032289745700e-02
1.077553136901962874e-02
6.499789103150618863e-02
9.578024288879639914e-02
1.106092072838817802e-02
8.303534338679946503e-02
6.040648431663415974e-02
1.999386517360807539e-02
2.506605534887192122e-03
8.757789713721332581e-02
-2.184264585984523055e-03
1.252124331196365417e-02
7.476681524964080838e-02
-6.075317953470084353e-04
9.106956230521180695e-02
8.824758734935858606e-02
6.637047360277747998e-02
2.189333470461681322e-02
4.870245492878935711e-02
4.396210608406135589e-03
3.269282760036101854e-02
3.378054206431528594e-02
5.842433098063525010e-02
9.267422867355071259e-02
6.681256392886060491e-02
-1.904910149499702485e-02
6.788346353400037669e-02
4.221044434528448130e-03
-9.067633143966826598e-03
5.695792466404017707e-02
7.946129879670138507e-02
5.620925829339738777e-02
3.144564372877377278e-02
9.947657138242180230e-02
1.013456799888292834e-02
4.610971670513315523e-02
2.432941189245180560e-02
5.665998703079387633e-02
4.748433367116490500e-02
-8.360645218358131806e-03
1.235978310719436021e-02
5.848974846926865978e-02
3.243331728266700409e-02
-3.122086304405975732e-03
6.558492421053581378e-02
3.164936097575447860e-02
6.887979958538867353e-02
2.319998386731405085e-02
8.812567323081504922e-02
6.488135442869413794e-03
4.088764005855308192e-02
5.749308218741290555e-02
-1.194511233255900196e-02
-1.462930380317188465e-02
-5.747400646580328940e-03
4.055319387373576556e-02
2.139308066089587804e-02
-1.337552412649929863e-02
8.270130671060603456e-03
7.013119164835140973e-02
-1.408332459630388077e-02
5.385202106154290957e-02
9.499128088082232912e-02
-1.910103316363105305e-02
1.388533211647094770e-02
3.660837299860482397e-02
2.497883822114047372e-02
4.408584542143295648e-02
7.366819041280332769e-02
8.669084930101948749e-02
3.927205690195439969e-02
-1.917715852062612178e-02
-5.592404844480286519e-03
-1.995452829587441093e-02
5.657534193977149795e-02
8.810472248348065472e-02
1.734870057280025676e-02
7.532916403244073467e-02
4.904495309780940171e-02
5.255970595246312049e-02
9.427082139072189004e-02
4.554968842793924444e-02
5.679509629030796147e-02
8.225159932287672004e-02
3.991892478184358439e-02
5.668893340215978849e-02
8.758475683827961211e-02
1.901158403053633192e-02
4.296199879823513201e-02
-1.561537984892730907e-02
3.450286112992373422e-02
-1.097856963217042764e-02
1.361410676015250773e-02
-3.436068623675368749e-03
2.961835214952169074e-02
-1.751011346183761405e-02
7.046905870036622443e-02
8.631046814247721188e-02
8.005294572273467801e-02
5.218687151447989891e-02
9.596004906781559207e-02
7.258782239086029875e-02
-9.117103507464259515e-03
2.482448901933926103e-02
8.254321348766464894e-02
6.017488512037152959e-02
4.129169889063255550e-02
7.883081214104740997e-02
5.419902411207974668e-02
7.683419361014975912e-02
-1.708467234780368729e-02
-4.806612396332692397e-03
6.244201037613207605e-02
4.161999205740996022e-02
-5.521642535632208942e-03
6.954400247368852650e-02
6.801652436125457668e-02
7.165084648593052219e-02
-1.124673486378497539e-02
2.895967850594384149e-02
6.654742613703490406e-02
3.481161391853845877e-02
7.492278780395757176e-02
5.847422506475945247e-02
1.426507840018697779e-02
3.325608872545257610e-02
-1.870718876177447990e-02
5.999069218378888513e-02
-9.754522662764223556e-03
-1.746357520364863816e-02
6.223998912547090701e-02
2.811225330280612070e-02
5.329139723099131365e-02
8.508473506412474185e-02
-1.139582603085455281e-02
-1.246378989689604991e-02
7.884556960968389094e-02
8.415443992561294495e-02
7.048466347968529444e-02
3.834444486423882470e-02
5.943343602480964660e-03
1.243995237355369557e-02
7.006565706944399563e-02
2.870637535900236528e-02
-1.985628181695321681e-02
3.733190096539835967e-03
9.401844835405133438e-02
7.988131754212861313e-02
6.784152014097516448e-02
9.071086263517556814e-02
-7.875655010014970259e-03
3.523690349720200177e-04
9.990082529133545441e-02
9.193121737919970893e-02
4.612912214103472019e-02
6.040275928818238105e-02
6.389793428260456820e-02
4.012848747512534620e-02
9.148040484807314077e-02
6.045269905335404204e-02
-1.715740368100036189e-02
-9.337022394922711230e-03
8.176170651736314188e-02
5.265845098806570812e-02
4.664485305312764118e-02
-3.965300551231287773e-03
5.753901060593270833e-02
-9.155709851076400049e-03
3.674106374434071842e-02
1.055945650236841254e-02
2.395521133662734808e-03
5.249590596963581157e-02
9.063852834523240809e-02
3.153740827350208498e-02
5.274768982496973180e-02
5.860159775754404665e-02
8.378984635389584434e-02
3.248259080716138503e-02
-1.802242260107913413e-02
4.751898051447453475e-02
4.185682251197279935e-02
1.504635749806041214e-02
4.412827086083837003e-02
-3.362662657081481876e-03
6.547599960819042164e-02
6.508688479265159477e-02
2.442270468058873809e-02
6.408072587882293614e-02
6.140994947581875085e-02
6.420517969637246081e-03
6.469340938381890060e-02
7.686978304712624444e-02
2.529653026426305698e-02
-1.482490859512392359e-02
8.616651235354920446e-02
2.775516353041065573e-02
4.281656177812162567e-02
