1.020173966593513448e+00
1.058551179308119039e+00
1.093210108429529814e+00
1.035434570044308611e+00
1.050932717298669772e+00
1.001471911873664578e+00
1.072915925889055044e+00
1.056989316172721294e+00
1.071584149205949910e+00
1.037570385141075802e+00
1.066185625515857938e+00
1.049830039355271749e+00
1.096442484891175351e+00
1.050793323280239999e+00
1.097836138103997827e+00
1.076583990009391645e+00
1.044282277962727434e+00
1.032379165378584318e+00
1.043635096811003748e+00
1.091129511727942480e+00
1.078973895492461255e+00
1.017889170070950478e+00
1.013861221078374841e+00
1.090523204924907175e+00
1.054536718966375464e+00
1.036144630716342663e+00
1.088473163930275822e+00
1.090875397451679385e+00
1.058117439030494156e+00
1.044651803121376954e+00
1.004694478197530660e+00
1.069350453860032024e+00
1.035617579917320619e+00
1.084410871103895557e+00
1.037982816951006138e+00
1.078996390855186283e+00
1.061262424603600873e+00
1.076835081929079507e+00
1.082552970445550766e+00
1.003231775743623322e+00
1.002454217752086540e+00
1.023857750282577417e+00
1.065727157849930995e+00
1.008335669621075459e+00
1.043263992224356729e+00
1.041795445256991304e+00
1.098590377104297078e+00
1.050027980702084474e+00
1.094201758964438165e+00
1.049166933749311026e+00
1.025036469799321281e+00
1.058903750899806040e+00
1.053546148574018515e+00
1.028644662153270106e+00
1.019451353779672997e+00
1.026119024809773350e+00
1.017695488868290532e+00
1.099559378900260898e+00
1.049932305002408306e+00
1.064269208999764738e+00
1.067717854380207054e+00
1.061564114123696223e+00
1.003951060881095536e+00
1.037229242760503656e+00
1.094967743735106636e+00
1.019804209675995832e+00
1.027777518313527594e+00
1.073760298040358885e+00
1.070210322775009271e+00
1.000687991233343732e+00
1.057411083418770215e+00
1.046031864950631274e+00
1.078568188048260268e+00
1.047910250055242631e+00
1.045904928469262307e+00
1.068063373554324569e+00
1.074270663644176116e+00
1.021323581292262306e+00
1.083817841984757280e+00
1.032740341160452102e+00
1.008494723735914089e+00
1.072275639461717667e+00
1.078249026006321554e+00
1.006844491338696690e+00
1.088596464194227620e+00
1.051163589770115925e+00
1.099410647894397908e+00
1.023811859386681400e+00
1.018030964653980242e+00
1.084136728334787803e+00
1.058124800859692405e+00
1.075392017680889767e+00
1.057373434495148645e+00
1.003399164336345573e+00
1.043763064263057982e+00
1.039433651568697714e+00
1.077035774192485862e+00
1.079705312994810429e+00
1.051948654918552828e+00
1.032104021168622543e+00
1.082582480251343959e+00
1.030739231508124076e+00
1.015851400957288542e+00
1.048600356961073121e+00
1.074093205523362071e+00
1.066349124429080586e+00
1.000909795716527162e+00
1.048050710447916867e+00
1.033507629584356158e+00
1.090025373711788426e+00
1.096846114279612650e+00
1.060344367145715117e+00
1.077608040888614394e+00
1.010042441995659734e+00
1.098951767761827236e+00
1.081658212203179037e+00
1.053979292738256301e+00
1.016759389499577892e+00
1.055608817323111737e+00
1.071845545833425062e+00
1.021667348071449544e+00
1.027593298396656474e+00
1.019214914391825211e+00
1.049012452401530293e+00
1.094349630386091343e+00
1.018162633398981276e+00
1.068954032696401990e+00
1.042963109786421150e+00
1.044348572635840355e+00
1.016417949161019907e+00
1.056328716374076437e+00
1.040191708421967620e+00
1.088575643010138316e+00
1.037036328676462782e+00
1.044764241591360499e+00
1.055837237471058954e+00
1.019056465939377709e+00
1.029383320197295726e+00
1.043834413545448037e+00
1.043346899205915168e+00
1.066192949886546337e+00
1.034528545202277439e+00
1.053835808197183255e+00
1.071038738963861370e+00
1.040573966632903025e+00
1.003224483786364418e+00
1.040669218756751890e+00
1.024205242332828503e+00
1.096496371450869756e+00
1.027997285321647469e+00
1.020766585265049375e+00
1.074330717476686514e+00
1.017904416090329445e+00
1.019729286713110250e+00
1.065245101654899162e+00
1.039320990099787290e+00
1.025366308597528420e+00
1.041103609506460081e+00
1.070938367639072908e+00
1.092142264251277028e+00
1.053849102822264294e+00
1.070764106820282890e+00
1.063302381774747341e+00
1.059032486245820026e+00
1.024998506301392887e+00
1.041761920533618824e+00
1.002307109298987475e+00
1.072574898225065798e+00
1.031213532219574791e+00
1.075514635492473170e+00
1.065420360529618193e+00
1.063020823915304947e+00
1.084882445488830838e+00
1.023681626758992547e+00
1.012128132241402634e+00
1.028373166539378269e+00
1.022810603957004849e+00
1.007331065569989414e+00
1.056500033681517570e+00
1.052686587246754346e+00
1.071411171714297117e+00
1.054321069667815802e+00
1.034474608740970636e+00
1.015891794371068801e+00
1.026648359218460982e+00
1.034948854338079371e+00
1.071343391290822122e+00
1.072334459579719734e+00
1.097530547376254217e+00
1.000836261002620908e+00
1.034056689487733882e+00
1.023242517597277690e+00
1.094716803873491573e+00
1.084535516054058402e+00
1.069342749826149630e+00
1.011315160283312142e+00
1.045696123897318142e+00
1.038671558795166261e+00
1.040602446724894659e+00
1.047185895113500687e+00
1.075263568163409289e+00
1.098564261186707025e+00
1.054366854487555738e+00
1.092389282396007522e+00
1.000313471571593338e+00
1.055583449786880124e+00
1.054843659829302727e+00
1.007973981477923164e+00
1.097843194337576822e+00
1.040940203908847339e+00
1.061138754170927845e+00
1.055337654498682110e+00
1.020227742427225248e+00
1.051307434776364236e+00
1.022263729658520637e+00
1.028827357835679468e+00
1.007922778533868691e+00
1.092877642545435846e+00
1.005963012079458707e+00
1.092750724122602657e+00
1.016642872267151665e+00
1.070933686367701920e+00
1.057147347228914569e+00
1.022191079136950398e+00
1.043377548029287505e+00
1.009122550637421734e+00
1.042331884581634061e+00
1.005563586105336471e+00
1.066583117209254583e+00
1.079488469212855017e+00
1.092748551524173939e+00
1.001725344059573919e+00
1.007098979820296281e+00
1.027349100676362870e+00
1.062753060136812699e+00
1.065523664288283934e+00
1.077864036019223093e+00
1.073134382903397022e+00
1.086134201252547893e+00
1.094837331940153424e+00
1.014976016481349053e+00
1.061559822475976356e+00
1.050042521059469047e+00
1.088260192123982506e+00
1.071863916003328754e+00
1.084435871443992783e+00
1.015532418297062200e+00
1.089768148034324646e+00
1.041544167076870586e+00
1.018856841868058805e+00
1.059149025524696031e+00
1.011996446496132629e+00
1.058172366491457073e+00
1.076040707616680470e+00
1.005678146814927842e+00
1.074424544170288653e+00
1.049168056085358680e+00
1.063576033591938641e+00
1.017915562487057723e+00
1.073624387911608968e+00
1.034950143690406943e+00
1.070521084633027975e+00
1.030490345320143275e+00
1.049400913693781412e+00
1.095862625092828946e+00
1.044768107420849246e+00
1.029268305596471533e+00
1.042134182248433794e+00
1.048436466036921200e+00
1.092374956402303976e+00
1.066989043398578918e+00
1.048190065544114757e+00
1.039323560468115026e+00
1.086275963659540711e+00
1.024615234025658683e+00
1.043502803923050060e+00
1.094347799685496447e+00
1.064649862142685866e+00
1.081218036494314250e+00
1.050596625118557004e+00
1.097252573460197000e+00
1.081674130192513905e+00
1.053391192455420011e+00
1.088731767063902067e+00
1.053868100154201182e+00
1.078545324575618913e+00
1.061150450865015360e+00
1.007341294198961901e+00
1.077750678336969248e+00
1.017085372865705217e+00
1.003756183195042118e+00
1.035074386794994084e+00
1.068704600589209575e+00
1.035913327472298029e+00
1.009797326759635405e+00
1.067146350343270544e+00
1.029783937936581184e+00
1.066561273581268177e+00
1.075027045521232516e+00
1.088697050550326839e+00
1.096058226588671358e+00
1.002850795627255875e+00
1.055211405665470226e+00
1.031319642312325868e+00
1.005147740571809223e+00
1.068026771712057288e+00
1.031261139210161160e+00
1.071069633395862697e+00
1.014075254575245166e+00
1.067411279161320614e+00
1.090536608042670386e+00
1.017005956042589032e+00
1.052582488952106488e+00
1.051263211386780583e+00
1.062222266635810541e+00
1.007631788836794051e+00
1.072223691956114999e+00
1.094794793262477972e+00
1.001707004763470854e+00
1.075573147252580020e+00
1.041156374091291470e+00
1.079611068242291916e+00
1.035651187035560250e+00
1.005738334890818209e+00
1.032512244211936769e+00
1.002369722981956812e+00
1.085347248531204123e+00
1.044088675349166939e+00
1.017934122270189645e+00
1.095586024861498364e+00
1.021502309376974171e+00
1.041036368554713931e+00
1.035191725193993051e+00
1.066428577651966192e+00
1.008216327373001819e+00
1.008553430317238320e+00
1.006690975368308649e+00
1.028384640817349371e+00
1.095828133183819775e+00
1.073895626136866399e+00
1.032881122554558662e+00
1.060771309105493998e+00
1.049044225936095698e+00
1.049839326924977057e+00
1.075720548159091905e+00
1.024159328759298937e+00
1.056369305675461501e+00
1.071887157207444208e+00
1.000479167569366945e+00
1.027615615947204963e+00
1.038114168657218395e+00
1.075381904069378169e+00
1.080304616927063144e+00
1.012091742200611488e+00
1.090198800829380366e+00
1.024325793131194207e+00
1.079684475937170429e+00
1.046554776597995451e+00
1.014040661274189459e+00
1.041841379526564637e+00
1.067349372767978810e+00
1.033474136331751447e+00
1.060611766074389228e+00
1.005805330383410912e+00
1.083335970535762138e+00
1.043661398751435598e+00
1.023487226611042411e+00
1.000305865490395796e+00
1.044357672619890209e+00
1.070313803454522761e+00
1.072149853770953287e+00
1.015867147892882683e+00
1.077679444612336779e+00
1.030983701457791391e+00
1.071390207127551841e+00
1.084856787720949400e+00
1.041440299746686282e+00
1.087234241701994009e+00
1.045914714796249534e+00
1.095392640722837152e+00
1.097715480311219238e+00
1.083882754078009159e+00
1.018950832372565118e+00
1.071001486119641966e+00
1.052804738136568607e+00
1.020456445590198769e+00
1.028737565937602350e+00
1.091056146591346643e+00
1.038448851611159185e+00
1.003742305564198523e+00
1.007220556434495373e+00
1.046958817112770834e+00
1.060154675041005135e+00
1.074186930375550686e+00
1.058707733104241155e+00
1.052738467265690314e+00
1.078628343286671010e+00
1.095124978822534345e+00
1.010169747719816602e+00
1.013807044499004828e+00
1.060866035424267828e+00
1.084655319952512409e+00
1.067725089297835162e+00
1.042905506470660493e+00
1.009327973574976722e+00
1.058518147773191753e+00
1.088731945717074767e+00
1.084861435684655095e+00
1.000424555680941685e+00
1.071726179355382724e+00
1.020116751996381410e+00
1.026922123409898635e+00
1.050897762217766207e+00
1.037887326789087350e+00
1.057971081982891581e+00
1.005780392438137882e+00
1.016823381234626789e+00
1.021681735325282059e+00
1.090771592687087121e+00
1.046309155357626253e+00
1.055479090295201816e+00
1.094380709140365671e+00
1.043742951471256175e+00
1.096298501341769205e+00
1.064212045790483341e+00
1.042930110383350151e+00
1.093426406183369615e+00
1.049246069787384439e+00
1.079112275863575610e+00
1.014657589487087286e+00
1.067642469668024896e+00
1.040755413336607038e+00
1.034457629721105887e+00
1.092062651376229265e+00
1.069326177595537608e+00
1.042694177353272522e+00
1.090768070133043111e+00
1.018038901563753429e+00
1.022330787641179350e+00
1.074572564082616699e+00
1.023575310520961290e+00
1.017336535546558673e+00
1.016894084462015346e+00
1.072690869829379778e+00
1.054986384465074201e+00
1.019635938264217723e+00
1.005377825082178989e+00
1.060449570057390378e+00
1.009342416182906321e+00
1.082566527457646588e+00
1.006567299608782440e+00
1.092385924421034105e+00
1.040660527443930894e+00
1.013746851064222909e+00
1.045608920216654969e+00
1.070880479442681166e+00
1.026721546026273968e+00
1.084345574508287502e+00
1.057075187694244800e+00
1.073831266073733026e+00
1.026173172770995734e+00
1.002990809320025267e+00
1.084530544806003416e+00
1.071506943955797153e+00
1.088286610302472868e+00
1.021823007352329338e+00
1.002164110899046667e+00
1.046111011591775108e+00
1.047802827064090891e+00
1.027946895995308862e+00
1.056704867090947797e+00
1.005893750476296145e+00
1.063775933416561292e+00
1.067376806702605041e+00
1.076307669184819460e+00
1.078762532938536411e+00
1.058793262352737408e+00
1.055639434711333813e+00
1.070287791086068196e+00
1.094542338721971042e+00
1.047402301554430482e+00
1.068233517192516802e+00
1.075240788903828459e+00
1.014086831634630315e+00
1.040274089951885639e+00
1.047001788382037724e+00
1.028305576696251222e+00
1.091043267724329136e+00
1.009640337260548248e+00
1.043427374642525107e+00
1.072100352074755403e+00
1.096888177530136232e+00
1.079693624682827480e+00
1.021428025976376386e+00
1.027597857819613214e+00
1.049524413593278194e+00
1.049377684037760661e+00
1.045464806057345708e+00
1.018108409080523913e+00
1.061702455468962913e+00
1.089446344356761465e+00
1.012894783985493152e+00
1.023762709785478231e+00
1.093437973212551872e+00
1.079622276108700429e+00
1.011010573605972462e+00
1.051603005929919732e+00
1.018689249586146817e+00
1.090580592883902744e+00
1.093372323091203357e+00
1.034882832018676035e+00
1.013153527538609877e+00
1.079150886262088660e+00
1.087222102494352249e+00
1.076864997399361590e+00
1.085236111374076717e+00
1.012840538771900833e+00
1.036699476403200482e+00
1.099335670456126790e+00
1.096000181267661189e+00
1.001750900566532598e+00
1.074686497354574444e+00
1.068982877464185410e+00
1.034874809182466660e+00
1.047466981808252262e+00
1.029997210281727194e+00
1.084415218748553622e+00
1.051084845164313109e+00
1.013688148327601901e+00
1.054419797701579675e+00
1.094544322514902968e+00
1.077012448388965593e+00
1.069871214924690728e+00
1.080449452770672947e+00
1.011059546559370581e+00
1.085587668879601564e+00
1.092275118689999935e+00
1.030974364908223251e+00
1.036755866407404358e+00
1.073104919881944230e+00
1.043992567338750899e+00
1.006705731042887964e+00
1.097088686896907195e+00
1.070349018251030238e+00
1.087448855638539547e+00
1.056461193336452720e+00
1.081273684946896907e+00
1.032225017535292499e+00
1.076546413001483904e+00
1.087895096597262690e+00
1.079683735707138936e+00
1.089318384278709750e+00
1.082654047903789385e+00
1.096626090164055434e+00
1.099187485205960213e+00
1.033814686109877812e+00
1.060735526735077983e+00
1.002271513314465956e+00
1.089734708756294079e+00
1.080485564871066284e+00
1.064298601216847162e+00
1.041598580300245214e+00
1.059402253307542452e+00
1.023679663609775581e+00
1.072861442090019768e+00
1.041006294679490907e+00
1.053444714488469325e+00
1.038490776160149398e+00
1.034472377841898716e+00
1.079977645211045445e+00
1.061596680062156128e+00
1.043848070613071721e+00
1.092062598227082848e+00
1.009801790884741424e+00
1.012255505458660609e+00
1.076572919187613220e+00
1.018130979248662360e+00
1.064621309348044997e+00
1.058072907043670963e+00
1.030430610267328850e+00
1.000021349326540632e+00
1.022726772460472944e+00
1.018644920964185463e+00
1.099639572328330317e+00
1.011140684736878459e+00
1.005400565116538969e+00
1.016099902620303252e+00
1.039871211789327621e+00
1.027764158317171050e+00
1.095300375651598657e+00
1.039911984218999441e+00
1.035005949608712950e+00
1.027003917767410401e+00
1.034676446860215870e+00
1.061053588136066095e+00
1.055658327044411982e+00
1.013457651067340759e+00
1.073473975706692451e+00
1.032416505110251181e+00
1.030888645119297564e+00
1.083695910011283514e+00
1.000534245543267531e+00
1.082129945058717402e+00
1.005087312958101720e+00
1.084846963918214335e+00
1.008698480994990154e+00
1.044514699182985673e+00
1.032841121605712509e+00
1.014931841602952023e+00
1.025384912292353734e+00
1.013323144458222691e+00
1.040986318082554263e+00
1.007497673388993542e+00
1.053137664983450961e+00
1.056540896544762465e+00
1.013906944089430828e+00
1.047071416709727920e+00
1.028241184668842845e+00
1.051413714324668014e+00
1.096545018346473555e+00
1.063574479820264429e+00
1.006027560128500031e+00
1.026435482226457641e+00
1.097948135213223431e+00
1.038446338979202910e+00
1.023281173229964924e+00
1.043836653995535269e+00
1.060046761386894021e+00
1.050111117272811700e+00
1.049930025156750713e+00
1.071828505701416745e+00
1.088080310364225811e+00
1.087406903010860626e+00
1.019424411562880328e+00
1.032510034834825507e+00
1.041014977257016305e+00
1.030224950699711428e+00
1.012503933600501949e+00
1.095369010445085278e+00
1.079507381782272013e+00
1.070044623145799623e+00
1.081117280731664687e+00
1.048776053797331187e+00
1.039417786736380300e+00
1.058934823792048618e+00
1.046436951308308050e+00
1.098893429087756335e+00
1.089011794648808484e+00
1.014690826008842750e+00
1.015171068610959848e+00
1.075476362642074690e+00
1.077802155032992371e+00
1.012509362296029503e+00
1.012408273344238552e+00
1.015074553839439453e+00
1.093119536887724008e+00
1.049355376104412763e+00
1.001519802597264475e+00
1.062140401695855552e+00
1.095514651586423360e+00
1.017974742120688392e+00
1.096280134442384702e+00
1.056717312582644563e+00
1.066193500880678879e+00
1.009339805417650116e+00
1.024397803440904475e+00
1.014784486334104674e+00
1.020115771482397626e+00
1.097791049472916391e+00
1.035164253574518467e+00
1.001476410429642749e+00
1.026434844895796505e+00
1.006774533568119523e+00
1.088755693741189967e+00
1.002913328212570176e+00
1.009839455766147642e+00
1.091260041031542505e+00
1.057303506556540373e+00
1.076603501786240757e+00
1.020401678497640852e+00
1.087892948511868907e+00
1.093226036545320357e+00
1.040103668645020685e+00
1.054883562461003566e+00
1.036473041169662102e+00
1.076603732739411345e+00
1.045640321325022715e+00
1.038268839189127712e+00
1.045686213666056963e+00
1.066183406432985148e+00
1.044423320810264233e+00
1.054790551969876811e+00
1.076112998914116270e+00
1.080157139789299281e+00
1.091665855990363143e+00
1.024677422999203502e+00
1.060211158193621328e+00
1.097369511349757465e+00
1.069176041190050608e+00
1.005079366210611891e+00
1.018021480536955847e+00
1.084071061222832144e+00
1.072480253821738172e+00
1.067163637009314714e+00
1.091644896337722770e+00
1.043253306158567817e+00
1.097101102725566824e+00
1.077091302093944769e+00
1.021042376733567902e+00
1.070043777098519833e+00
1.031374330683660689e+00
1.034562514471885519e+00
1.027247450584464872e+00
1.073179416327963986e+00
1.005839189625116203e+00
1.015611111221613960e+00
1.026693577081976727e+00
1.096868601862945658e+00
1.013739951809088380e+00
1.055484856209705669e+00
1.084210740135002737e+00
1.058858104517063525e+00
1.087535207895520717e+00
1.014838346496698573e+00
1.009946625894430516e+00
1.056025506226619726e+00
1.077636267811327375e+00
1.018401728618500091e+00
1.063361740019362012e+00
1.075410887902266355e+00
1.086588195408483726e+00
1.069546847278020296e+00
1.001372789443593980e+00
1.012294641179354526e+00
1.065336702731702001e+00
1.057768077858052935e+00
1.039597807705197496e+00
1.085776044070438928e+00
1.092505016197063306e+00
1.036004736717107022e+00
1.009329641554372436e+00
1.083414603665197040e+00
1.086237713664774951e+00
1.058950778066689358e+00
1.051627818716017959e+00
1.077601887665321279e+00
1.031175051396754805e+00
1.053803118345756351e+00
1.013653822981647634e+00
1.007734489171861370e+00
1.081469160467176671e+00
1.095170307021890999e+00
1.096541191526998027e+00
1.094156949535216583e+00
1.001363865091110972e+00
1.090925043759746194e+00
1.067605377152313739e+00
1.015325937341291729e+00
1.027789309711125920e+00
1.021264420279491159e+00
1.069305335568829785e+00
1.038732066302646029e+00
1.087076277660856460e+00
1.017632476458689927e+00
1.007209261606841544e+00
1.033270993531097970e+00
1.074949144688232217e+00
1.037848421504664609e+00
1.053266661464314025e+00
1.027987020486642811e+00
1.009093240746100406e+00
1.088654831985951477e+00
1.072252598294313186e+00
1.032984695219977489e+00
1.096957964077271308e+00
1.075213377870875453e+00
1.031632143558299575e+00
1.009831958937435381e+00
1.019901360297430282e+00
1.009533464858230367e+00
1.058212660734766830e+00
1.051488296547421708e+00
1.093261203367767553e+00
1.045128930989537297e+00
1.023564581115625760e+00
1.014068019838833656e+00
1.090607760362391154e+00
1.077687738498328551e+00
1.027620019681784624e+00
1.045082173274431092e+00
1.018876661420156760e+00
1.078963002349304201e+00
1.029037759603173230e+00
1.007459703154061303e+00
1.011593308857196893e+00
1.072535002197034126e+00
1.017304946357065587e+00
1.018209830885572265e+00
1.004964414049580146e+00
1.050694219853162137e+00
1.075100714807091462e+00
1.053199106336221158e+00
1.061665926651727210e+00
1.032787802109888409e+00
1.018752557628063826e+00
1.096496196327978012e+00
1.083158281080330632e+00
1.045956615497736664e+00
1.005763453022678666e+00
1.094960751162323387e+00
1.086294252557810314e+00
1.032872188688139126e+00
1.006840210305461225e+00
1.075023685157228126e+00
1.024258342210935036e+00
1.098430765356254835e+00
1.092920033567494453e+00
1.082415131281664777e+00
1.096111639116187808e+00
1.089931466437922269e+00
1.030745551669361770e+00
1.052846921912245826e+00
1.052139739345621106e+00
1.025868426343232720e+00
1.080979754294713491e+00
1.088035072755284993e+00
1.022706068463165030e+00
1.055449163629603948e+00
1.052618387293673852e+00
1.002791665178770941e+00
1.012737247322517797e+00
1.005489896034915009e+00
1.038081164641181831e+00
1.068409696633808137e+00
1.081062998143558440e+00
1.052297986645112982e+00
1.011675105951274301e+00
1.052397433760981826e+00
1.035013004370197942e+00
1.059069251994469996e+00
1.053415095961818260e+00
1.051252767363423324e+00
1.032152193960935493e+00
1.073038884594677667e+00
1.099540372169950375e+00
1.074377041571619396e+00
1.005590608781868900e+00
1.011583137777489538e+00
1.059118910655421741e+00
1.043318817163982226e+00
1.008322410730400076e+00
1.016466633626708527e+00
1.099689228246706119e+00
1.018355919768569873e+00
1.009956231094350176e+00
1.013984947169493500e+00
1.035399733104454434e+00
1.064298539001623745e+00
1.098042292829999100e+00
1.019036375799170946e+00
1.076674652202930460e+00
1.052718455134278752e+00
1.093226381429580840e+00
1.005606087591794484e+00
1.054434652987200627e+00
1.002200106663298396e+00
1.011716626109813166e+00
1.042573523019350468e+00
1.060465162947825002e+00
1.002290858152419029e+00
1.091912716698614005e+00
1.090581692499239530e+00
1.023934057212493975e+00
1.012532489126898749e+00
1.063902525139174493e+00
1.052036725013749008e+00
1.046812223288092314e+00
1.096988517349848369e+00
1.098695523452396516e+00
1.044706439662557829e+00
1.061520444656957052e+00
1.081653170748307247e+00
1.034036560328879251e+00
1.061272436307743927e+00
1.016021963100403713e+00
1.099880312477707678e+00
1.085315281312807967e+00
1.060009356835856620e+00
1.005894657223799005e+00
1.062410815692603983e+00
1.019571685515267445e+00
1.067341261861211477e+00
1.028769541780415020e+00
1.055557078197421506e+00
1.054674613781664494e+00
1.091511986869708073e+00
1.011740577163080301e+00
1.057154195395568319e+00
1.045828186221017475e+00
1.042279005310727813e+00
1.093911878190690912e+00
1.086985653416381092e+00
1.050986261879042649e+00
1.053351585472917407e+00
1.024387950805712100e+00
1.018831218435429120e+00
1.024251510904004014e+00
1.028697711297748008e+00
1.007162014506973513e+00
1.014379825834650362e+00
1.018888281906456861e+00
1.008125383479498316e+00
1.028411677154524195e+00
1.036299404790411938e+00
1.017305874487597128e+00
1.056517171923112119e+00
1.075369615803229317e+00
1.003861108257691148e+00
1.057104293885126500e+00
1.022961472955585593e+00
1.014346797657205146e+00
1.048739603546148258e+00
1.080550739824133188e+00
1.052104275777832720e+00
1.021566597863509562e+00
1.002134882218507217e+00
1.092302129559179047e+00
1.018780780112070516e+00
1.062608863290013694e+00
1.039641241276417105e+00
1.033387744893513815e+00
1.006961203854690678e+00
1.070640941806958457e+00
1.089824634515633939e+00
1.045903277613669413e+00
1.009388774952558077e+00
1.005749879903511612e+00
1.008770410236096815e+00
1.078306926594048143e+00
1.083382369781316301e+00
1.075730065569219462e+00
1.027442106004035738e+00
1.054790352061502290e+00
1.009036901459462232e+00
1.003182637458408966e+00
1.097055018971482721e+00
1.037683968347724583e+00
1.028105129161776654e+00
1.020723477870900675e+00
1.003977940360691434e+00
1.017705547036728886e+00
1.012921284459621152e+00
1.092414087867073613e+00
1.081547618776243169e+00
1.037362528621425861e+00
1.084681551060511229e+00
1.029167589588629639e+00
1.007013610147849070e+00
1.063144428101366668e+00
1.099013137013569397e+00
1.083322660292127537e+00
1.039919698459605968e+00
1.047723490440572558e+00
1.022431944577579355e+00
1.060236636338741878e+00
1.049926106084065669e+00
1.001577271822864601e+00
1.036909501424847058e+00
1.040470477171472119e+00
1.003919760622868917e+00
1.044377799162766962e+00
1.020674457156974579e+00
1.012995690545804184e+00
1.030542473193062358e+00
1.068857087820763496e+00
1.073542860720150927e+00
1.068910974161679350e+00
1.050759994650831475e+00
1.077142451986443650e+00
1.089519462318355725e+00
1.099273599676673152e+00
1.045120508393612813e+00
1.018764502330906874e+00
1.077378519750493924e+00
1.011917834414383321e+00
1.031837397316314853e+00
1.006658893942044442e+00
1.072492087714717046e+00
1.065085528099079193e+00
1.015529651979377723e+00
1.044677126916137455e+00
1.059153910873233073e+00
1.043176055164970029e+00
1.020732917958971919e+00
1.004452063054916744e+00
1.022690136709807573e+00
1.054373512336929331e+00
1.056015232285612004e+00
1.056729727787047546e+00
1.064740946995481385e+00
