1.266333265717813766e-03
1.403914568700314822e-02
5.444916724055955115e-03
-5.603566302633925661e-03
4.406286921959021857e-03
8.265931150419320028e-02
6.817380716449576716e-02
9.701723869834626146e-02
-1.306404293201907790e-03
5.205882849922285893e-02
7.427532130004192712e-02
1.850088973813590262e-02
3.882909304732094780e-02
8.029457759701834341e-02
6.548302404747780026e-02
2.728791907409590725e-02
7.281197804950073627e-02
7.283136631430947583e-02
4.635568204141451987e-02
1.779807642772352275e-02
9.947211764223357067e-02
1.641485166139029436e-02
-1.062735361332632633e-03
5.471832695076277175e-02
8.852624100355946379e-02
-8.515132965253106520e-03
5.527736256525812852e-04
-6.836729788778916905e-04
3.944359532268734009e-03
7.740370299765590711e-02
8.673651831069709162e-02
1.490452549987979561e-02
5.500782398313305843e-02
5.321356209823788208e-02
8.646634586541418477e-02
3.211161344285627661e-02
1.072662119910625100e-02
5.869728009281816039e-03
-1.099496912310718270e-02
9.742828258203906078e-02
9.185593046258171135e-02
-1.898343999968881562e-02
8.719874204408457896e-02
7.460732355511330571e-02
6.028375588349420278e-03
3.618742904582544773e-02
-1.354133601425362016e-02
5.579283424803348213e-02
-5.563415141190394819e-03
-1.998420118587020469e-02
2.893713397729294132e-02
1.220434543563016574e-02
6.140302683881966594e-02
-1.346628737626056477e-03
9.814933715132624636e-02
5.135999242859176639e-02
-2.784295271569519475e-03
6.757866200266715584e-02
-1.838542456648753834e-02
1.106909149476605417e-02
6.139049331448120927e-02
5.195901884308631868e-02
8.023426042836258321e-02
2.119065361595682054e-02
5.943610437374531597e-02
-5.817852511701138152e-04
8.444121249073657798e-02
9.157640374399270145e-02
9.432234897374014437e-02
-1.453980775694270131e-02
7.239521939886023327e-02
8.318257870234130325e-02
7.706122593292358269e-02
1.969540769494472834e-02
-6.922226258610327670e-03
-5.772340194141332287e-03
2.047891283671183713e-02
1.886789090021456436e-02
2.731192532709504975e-02
-1.631896570436710409e-02
-1.272799309835193418e-02
-1.653323013383651077e-02
6.781451162857111969e-02
8.097638979791176028e-02
6.292707737421890379e-02
9.131914580643585300e-02
-1.955036953112977705e-03
5.938653941321932195e-02
-7.805764822126887159e-03
2.644768247326635333e-02
4.442230559379183041e-02
1.230601964757490133e-02
5.747503150067824473e-02
2.662249745685998578e-02
2.303968319197175624e-03
9.484194341220414382e-03
7.738608646690441073e-02
1.263514962953687579e-02
2.964390440633467988e-03
-1.057241777837473334e-02
-1.894663016829427685e-02
3.464192883964356540e-02
1.505730284821183915e-02
5.008270267225610473e-02
6.928483345788440106e-02
5.827276823121138594e-02
-4.621102384399326801e-03
8.808041173671049551e-02
-5.141350651869077207e-03
8.640969371782049324e-02
3.378681452403704821e-02
6.893340238003205223e-02
2.614703573420406810e-02
-1.402615994055888236e-02
8.098052055213603162e-02
9.471137279555348620e-03
3.055365823442115700e-02
-1.595864401247534120e-03
1.595340920608514027e-02
9.971638713970329415e-02
3.203151347480970301e-02
7.505091540618798185e-02
3.308747081019278863e-03
1.308901354587857849e-02
9.472113095413860206e-02
5.094400298682014161e-02
1.573200080908637721e-04
8.494127362587958197e-02
-1.632696001094201266e-02
-1.440035599947910028e-02
7.142535212430618785e-02
3.573753364992986181e-02
5.346238404354308749e-02
2.521057017050886903e-02
-6.216505479257249112e-03
6.849837207654480009e-02
5.365196747409634037e-02
2.727141113186199242e-02
3.212652811103254569e-02
6.888590123832792622e-02
-3.377208525871595868e-03
-1.011033119538143690e-02
1.158261781080652600e-02
7.393816153226988319e-02
-6.157080070012125109e-03
6.633457691447375293e-02
7.489096386568445951e-02
6.183701238679772949e-02
9.893281150485138536e-03
4.508522261698949540e-02
3.509919032550455620e-02
1.572019447174020576e-02
1.881072391873305633e-03
3.400828734883795668e-02
-1.650504608533178222e-02
8.641434062404944327e-02
9.696870242435125242e-02
3.027961369204792627e-02
3.377892498357570883e-03
-1.669498466671468992e-02
9.278287687984980436e-02
9.908827713448190022e-02
8.795392054243504620e-02
1.768662063579761953e-02
-1.323016995946836583e-02
8.751193348117314308e-02
7.337253714549205053e-02
9.338137608322208405e-02
7.009679205543886682e-02
9.877228643599693381e-02
6.780618842399817325e-02
8.917413244463122390e-03
-1.386032040749902300e-03
-2.041665622669261437e-03
4.839352762883822323e-02
2.218409912316666663e-02
6.004017352111593042e-02
9.380084725947751556e-02
7.355678468083669264e-02
6.090013563574266098e-02
1.274813960330618487e-02
4.087164192518853711e-02
6.691000447554620867e-03
-1.636892549544963910e-02
1.587234133808377787e-02
7.072811226977607224e-02
6.736784735989388706e-02
2.085164473471907975e-03
1.394107083507051606e-02
5.647216542539310047e-02
-3.733351825177682465e-03
2.207295689672218383e-02
3.990412229206044548e-02
9.534143390043545163e-02
2.634387071201911915e-02
-1.641683517250676003e-02
8.157148009166488578e-02
-7.013376310375817047e-03
9.521367874845318435e-02
8.036916299800372920e-02
4.452513039039335263e-02
5.583843996932770504e-04
4.788289951058923022e-02
1.544154127863823014e-02
8.350113765034825053e-02
3.277380814086894301e-02
-1.824350113518843908e-02
3.662276104763034085e-03
8.257524278465089296e-02
5.031391772768351034e-02
-1.578357080893385764e-02
2.099743350779571457e-02
-1.253837843854985201e-02
9.778783751306725780e-02
2.424358377944895240e-02
1.990281877966383270e-02
1.120544970482425379e-02
3.058270107252096873e-02
9.828484062854442316e-02
4.696406694419907879e-02
1.366313484831105721e-02
2.160381537541718536e-02
3.976158895799601634e-02
-1.095483429773113672e-02
1.881100139409621133e-02
8.413669934367301595e-02
-1.531028639499751320e-02
8.030593912703946902e-02
-3.136381804864290385e-03
3.589645017614541411e-02
3.095650921316365003e-02
5.773938765037037180e-02
2.643367179949392479e-02
-1.297055747971966738e-02
8.105481672062976595e-02
6.148861003145958404e-02
-1.687428115153058461e-03
4.709672442417127403e-02
8.138306788599017350e-02
2.648278192518473476e-02
2.274563777747692569e-02
4.719240806196499383e-02
9.364026213088338935e-02
9.033484187396173537e-02
2.621283590859421406e-02
7.841230754483678733e-02
4.995689908747656671e-02
9.139531803612024885e-02
3.830733787348691854e-02
7.448847585641361901e-02
5.885122029960898615e-02
5.074297754883790035e-02
9.983468889594224183e-02
7.308632040602992125e-03
6.443410337214944272e-02
6.351518832194560926e-02
5.421514674216552920e-02
3.716157933741094654e-02
-1.999159838954654711e-02
2.503278909522150056e-02
7.102984243278426257e-02
8.271588058280343603e-02
7.644822976971936412e-02
3.799373624118058956e-02
4.775652320817753982e-02
4.750767720103189762e-02
4.784045308519059569e-02
-1.566577218796513446e-02
8.881344836875264270e-02
-1.806031463822757935e-02
1.518444534932772427e-03
-6.386389661689442082e-03
5.879070067851783349e-03
-1.192332587036734788e-02
-1.828797738903643194e-03
-1.536427529575209311e-02
8.084901663772334213e-02
3.142103518264990902e-02
2.830918621324663917e-02
2.558669206374053137e-02
2.347893735928396550e-02
5.906671738410265715e-02
8.315840271715559118e-02
1.974725191037387043e-02
9.558874376755903401e-02
3.869532579236165115e-02
4.175458849994860555e-02
4.402691482444083537e-02
-2.684315718447561477e-03
9.225250544014244186e-03
7.096131694329595174e-02
5.362538457872279007e-02
8.959892958951638786e-02
4.406427736975550985e-03
5.013640129395745271e-02
2.722018657067412292e-02
2.366902920609871216e-02
6.719111749741522865e-02
1.115466123037227655e-02
9.128056759392688679e-02
6.153628964453933259e-02
-8.085208365424980184e-03
5.153112666987481882e-02
7.628184336394289167e-02
6.751323519818418217e-02
5.622492357043352984e-03
2.076599674452029101e-02
7.902374789301905289e-02
5.723673501996054402e-02
8.722964011688578989e-02
1.332704571515266542e-02
6.491155774604363826e-02
-1.791487106694548276e-02
8.543018630320141360e-02
1.015885077607883713e-02
8.153655095480341619e-02
4.819074680097645835e-02
8.576228296512712623e-02
9.883895664702217754e-02
8.079924834170887360e-02
5.949219540578655485e-02
4.542478161128517267e-02
3.150948437306121119e-02
4.647726962791379202e-02
9.394481632337861599e-02
-3.492864228500060925e-03
5.930899497176005120e-02
-1.938748551543372986e-02
7.396383592125435613e-02
2.018157219514120707e-02
-5.198948542858169986e-03
4.693981434971826461e-02
1.740998327006932495e-03
2.701693286703541266e-02
1.001039618400971845e-02
2.955209694237719703e-03
-1.505583570009862149e-02
2.138657300505331094e-03
3.420577729458552929e-02
8.557935002776809186e-03
5.597493545784661129e-02
9.452480051155325025e-02
4.596697575088519450e-02
4.572478698532067565e-02
7.778470836567998037e-02
2.721814736815643745e-02
8.442959979124807501e-02
4.658861938335712161e-02
1.803407444141401708e-02
4.400672854113123200e-02
-2.534849449904633123e-03
-1.815462150309484629e-02
8.205837302824346702e-02
-2.958740039856005283e-03
8.231617303964822163e-04
3.044354998860877501e-02
3.216099597088117878e-02
-3.908704047105120843e-03
9.118750789987445371e-02
5.198970568776965784e-02
7.450540841039449136e-02
2.908738498176233547e-02
6.877406989703190032e-02
-1.440986451934009316e-04
7.586818262685156300e-02
6.964812204313811095e-02
-1.716091799428123843e-02
4.631974018693386930e-02
4.817563918981336568e-02
-5.224673873733095414e-03
3.437871008958863495e-03
-1.603266774749165929e-02
-1.759769550250859030e-02
4.297841918547980894e-03
4.289578909453811706e-02
7.981860432407197892e-02
-1.862334633792647048e-02
5.015722894413904287e-02
-6.530661047861400711e-03
5.930834201803487915e-02
9.793909905358047507e-02
6.804090576259594347e-03
8.687398331347383207e-02
9.550293166125346789e-02
9.777712043746115966e-02
2.608708216034478014e-02
2.781625144448777662e-02
-1.435597302865355973e-02
2.323720573238064260e-02
3.267130690471579946e-02
-1.619932203875191698e-02
9.806253006027863817e-02
7.604636125215942510e-02
9.237333517260780391e-02
1.609290022669690803e-02
-9.262630940218286035e-04
8.050113732756934704e-02
7.080960718690820777e-02
1.799170488824178640e-02
3.555683123341690788e-02
-1.308554208937138738e-02
4.406188512175536476e-02
8.621271112848107043e-02
-1.933597703397576389e-02
8.519234172613603107e-02
8.360242224766334385e-02
7.419794050229644444e-02
8.554783801665981346e-02
9.625848720804167091e-02
4.438928543557513207e-02
9.048807171129203547e-03
1.050970577121835420e-02
-1.178811180821387299e-02
2.309028335438128091e-02
5.753012891190785461e-02
1.104483887567723685e-02
8.293191012947959129e-02
3.939168721401113682e-02
5.943764637829297703e-02
2.272850224121533702e-03
3.772613696416179940e-02
-1.062355756893371660e-02
5.522689175791865857e-02
2.335006970468004109e-02
6.391952123090335891e-03
7.163086321660704081e-02
1.915721034429218594e-04
-4.892985056515114506e-03
3.437950190425013985e-02
2.725250158464585445e-02
9.443031609642803248e-02
-3.658154425446657337e-03
7.914592638387263346e-02
-6.909177664484853279e-03
2.670342873450662693e-02
8.720289306661649364e-02
6.902336941110141788e-02
2.484589341624750605e-02
5.160762237866667324e-02
9.812572318641728242e-02
6.119355176572334465e-02
5.840211408736507848e-02
-1.775553063817614588e-02
4.966100227085576413e-02
6.291491876775162639e-02
3.618222891969878618e-02
9.296081647630945188e-02
2.133085399954851372e-02
5.100395926520669837e-03
8.373899486817321103e-02
7.184916463372714723e-03
1.997709452640691538e-02
7.801951024516420863e-02
9.953907767258406147e-02
4.279299807789849197e-02
1.054161880246790722e-02
1.569398059863373954e-02
7.442477243739764603e-02
3.711004728577699252e-02
4.329545615252675117e-02
2.461732005973288687e-02
2.326421210613298721e-02
8.573345561231808520e-02
2.295652634870253353e-02
3.231884792969764997e-02
5.461256138523026826e-02
9.486970193646752925e-02
8.977311685718789014e-02
8.486975200487127668e-02
-4.574669806669841993e-03
-4.561569632383704123e-03
3.758019986506726251e-02
6.278479373674035469e-02
-4.515134715358954873e-03
9.870935666692616517e-02
5.081278022463267541e-02
8.214076229659536543e-02
9.006506577147649351e-02
9.506866715133080459e-02
3.691526085286078729e-02
6.826789258587251386e-02
9.848456246300907324e-02
2.469710097527651541e-02
1.791842927498843094e-02
3.833977580216557657e-02
2.653968251746182880e-02
9.898901002187059095e-02
9.832030926596849185e-02
9.768999089050053874e-02
-1.129143774427795316e-03
4.415425577524297041e-02
2.836139000064443264e-02
5.199563716808158764e-02
7.959534206505000653e-02
-1.428761352709194063e-02
1.396436280128079618e-02
4.935270999442195605e-02
8.643988063181706760e-02
8.464478426437919978e-02
-4.556565311068565272e-03
1.504292587246012017e-02
1.995340606025524169e-02
2.519159995688937184e-02
7.697893040818609700e-02
3.256058931355085284e-02
5.681082342627002957e-02
9.760278471517494503e-02
1.645514942216785501e-02
3.271106331509542053e-02
-1.248042378513172096e-02
-8.675547732256832026e-03
7.049049589791671344e-02
5.117467833121146226e-02
6.747618971748797767e-02
2.357992862943310633e-02
1.595241040157119664e-02
8.131862522569047180e-03
-1.068627519566020534e-02
8.918199225868760072e-02
-1.556172129471884887e-02
-7.800216161206505183e-03
4.518988684448410620e-02
5.283956366637491964e-02
4.835971897839523581e-02
3.730861986804201447e-02
9.528891907128439476e-02
6.058635632301900831e-02
-1.215691617707337704e-02
8.561164007897514860e-02
-1.131074842154470954e-02
4.376756321605530797e-02
9.778457274264526489e-02
-7.992103595152365292e-03
6.438953193067276093e-02
2.804108852247078065e-03
-1.882878570959379758e-02
8.514594689022339513e-03
7.587125276160734677e-02
3.087201082447564235e-02
6.942280006927840919e-02
-8.548291380119827504e-03
2.115454719252503682e-02
4.470453469084113840e-02
1.280993671494962474e-02
1.453511871545956971e-02
9.943484895873458407e-02
2.753175755283357104e-02
2.411542012377720576e-02
2.287596361971775891e-02
-2.863231593631006267e-03
-3.464528868782228155e-03
4.864668138720816548e-02
-4.582456647895609067e-03
8.605191239864466712e-04
8.316705654153629113e-02
7.924238525838646352e-02
6.486724511367863988e-03
7.663763614073833275e-02
8.759553422407344303e-02
5.541355174556145124e-03
8.294365035017639554e-02
8.313304546042928067e-02
1.763402272489511188e-02
-5.165994965687946416e-03
9.721216623167921317e-03
-8.297788846352896139e-03
-1.827914000530609165e-02
8.476241195823354391e-02
4.524294878029494482e-02
3.536608261052615054e-02
4.806919859672939555e-02
3.259022361620164676e-04
4.727620129227892709e-02
3.890283051368556566e-02
-1.461777628450257327e-02
2.140401492973091971e-02
-9.122927617090112809e-03
-1.925564936430593926e-03
3.697827120662953992e-02
2.212121485331021778e-02
-7.392307741079235175e-03
-8.165748041102878496e-03
3.259522938069397274e-03
4.262670417710111292e-02
4.603359629960890320e-02
5.622948941519750887e-02
3.077547183429851438e-02
9.782197201206996318e-02
2.010093135539160400e-02
5.738915463898773550e-02
1.034114999320903672e-02
5.990685976703573334e-02
7.423186878075319073e-03
3.501353489520564466e-02
7.293576818335467671e-02
-1.400349507469432139e-02
1.594988096349652176e-02
8.679347205707105273e-02
7.736411619558246355e-02
1.251783596202642179e-03
2.108925330369759363e-02
-1.832574748875652471e-02
-6.404431633585078859e-03
-1.009294449764847751e-02
8.622835957621279718e-03
9.301130465203085590e-03
8.408926673286601372e-02
7.706995434087786367e-02
5.505943714680194834e-02
1.508322004759595283e-02
6.095745222802020913e-02
2.229126417831389304e-02
7.121494984731968625e-02
1.552526431997762815e-02
9.439374405422026881e-02
-5.804186736361630766e-03
3.939945069068775951e-02
4.377518114087405876e-02
6.637709588598413035e-02
9.543269053669208024e-02
1.371383691036843003e-02
5.978182549392514755e-02
-5.998169038138255818e-03
6.023556627318911449e-02
5.470933859511513397e-02
7.115898624595938526e-02
9.320785001488318677e-02
1.956999180033839811e-02
-8.729383162532803470e-03
1.033401234875240549e-03
1.586016453794270378e-02
-1.076652801360149930e-02
8.191195155386141180e-02
-3.922018790247304432e-03
2.735732701150695931e-02
1.299498436938358384e-02
9.108911223378020339e-02
7.823553578613287596e-02
-1.916330668704505774e-02
6.315195722116094534e-02
4.796453662512993599e-02
4.519936413959711741e-02
-1.151171234140388466e-02
1.021031683101452162e-02
-1.688791979535132770e-02
9.768060254368013395e-02
1.852885125850549722e-02
7.272036310496955702e-02
5.972217116452649410e-02
-1.573569020124362255e-02
6.255767873694682846e-02
3.348960489984481592e-03
7.086801043459073357e-03
1.090827001830916090e-02
4.050976612503251473e-02
2.297796270156383588e-02
2.091432725955798613e-02
5.021972451342314459e-02
5.897531321832388818e-02
6.545313364171642667e-02
1.630715373530597020e-02
7.792851730766506280e-02
2.275048241688363768e-02
8.664876843094738990e-02
4.132832086467436161e-02
1.903076948176577951e-02
1.327506925463757884e-02
7.711490913404157876e-02
4.721702371077199367e-02
9.881163798163622447e-02
3.782315230799174199e-02
5.547701073694365215e-02
4.782342895739927213e-02
7.868864082954772632e-02
8.202807090243798005e-02
6.483451371940351926e-02
2.135545368501846203e-03
8.757477735931076812e-02
8.972027637672191913e-02
5.813455137977613374e-02
2.903672005111697027e-02
7.424747239851103853e-02
5.637665407471562085e-02
2.759822396454505652e-02
8.281989271094444827e-02
3.789503508088636757e-03
6.433558712241198296e-02
-8.686775000636345889e-05
-4.563834404402786551e-03
5.231463338148631403e-02
2.816003717319059269e-03
5.969781964725205670e-02
4.558979812019378630e-02
9.309087011993016914e-02
5.998550685411870032e-02
2.535201943231399010e-02
2.428219716199521080e-02
-1.829810506462855799e-02
2.763935881918894513e-02
3.884651521010505648e-02
1.472846350472327079e-02
5.294090394633858138e-03
9.785804289604918549e-04
2.934163165219852085e-02
8.600843637928019814e-03
4.991445008062793398e-02
2.297483184879700255e-02
8.647404303212258281e-05
4.377114966698736342e-03
5.154317685619468070e-02
3.153173129266459429e-02
9.563602164773074565e-03
5.905550149296220908e-02
5.327663600043093528e-02
7.588403989516533110e-02
6.725068626688585072e-02
7.791275207766835964e-02
4.535941557781476841e-02
-6.155793206407248613e-03
9.000182931191546415e-03
3.023530968864516014e-02
-9.797664774585790673e-03
-9.079242775045730240e-03
8.020893724520011120e-03
-1.698768932264808906e-02
3.154159059840602741e-02
9.030132945379455711e-02
2.909294205431160393e-02
1.001544166151299708e-02
3.672109178964561016e-02
-1.496630904775516843e-02
4.962927738844050141e-02
5.931220663920350189e-02
7.695293612230018343e-02
4.263957180638162925e-03
8.475858810789896336e-02
3.183396647785585731e-02
4.464341838412473618e-02
6.319476854910488495e-02
5.654230136092229519e-02
1.807102916664091521e-02
5.440146547992436021e-02
4.132693472827025927e-02
9.077384497602894453e-02
3.995797355322901201e-02
5.390629656676269865e-03
1.141935740940788410e-02
9.361663167596208368e-02
6.751382116052929983e-02
6.026790474106803741e-02
-5.677451789154273204e-03
-9.465314182970927318e-03
9.183876222313668014e-04
6.947669630417101228e-02
9.603007730212238802e-02
1.311906069483230811e-02
7.628177940188561601e-02
4.309310059281136474e-02
5.146998707832170505e-02
3.568469684592902313e-02
7.315845611311415364e-02
5.662592512342044804e-02
2.806067123091718005e-02
8.449365308170507516e-02
5.621394219910309797e-02
8.350513803951435665e-02
3.656690052040746652e-02
6.737156855531845068e-02
6.506480253991273055e-02
3.830577425727843544e-02
5.937903384390348649e-02
4.577122256497478947e-03
-8.238289655156175173e-04
5.610954887892506682e-02
5.717246417286367399e-02
-9.818738288503161063e-03
8.692987998621788670e-02
7.298973042385796528e-02
1.637121752219079449e-02
2.337394971220383907e-02
8.614055367560465026e-02
4.487956140315414733e-02
7.918856856298060742e-02
2.359246740631018927e-02
7.561646538027676223e-02
1.570318582897628143e-02
1.552891377266905557e-02
-1.676620927823728457e-02
3.610299432682487208e-02
1.334229193573819097e-02
3.166601151894790633e-02
3.528795147493082873e-02
5.489604449645833772e-02
3.429763560400882205e-02
9.577140349080599802e-02
9.385129174497162940e-02
3.171805887897553855e-02
8.360913842808626040e-02
6.248955389695466656e-02
6.498500152701421062e-02
4.886039446569909184e-02
-2.051570154432025284e-03
6.883132089083930649e-02
3.737598577315280612e-02
5.386785135914794187e-02
2.345417024544227749e-02
2.647510680082400605e-02
3.720802447709893601e-02
6.706187497311642126e-03
-1.809889235794565412e-02
4.862112593231432411e-02
3.032668181247169872e-02
4.816560066936469153e-02
1.644608378313181657e-03
4.619358538867286701e-02
7.545819389983288161e-02
2.506729321713697597e-02
-1.079990640284195051e-02
7.055569623099358645e-02
1.455109504721441294e-03
2.406399006499984616e-03
7.948588223999365765e-02
3.372005993447046990e-02
1.763117501872713336e-02
-9.920584853109799470e-03
6.923747647542526085e-02
1.347568234892964831e-02
6.238014265562560889e-02
6.585952947397837043e-02
6.333626607150817656e-03
6.167897377652324653e-03
2.898764225725012841e-02
7.445973026570043563e-02
8.005750661992751260e-02
-1.770327928670253209e-02
6.870770731325358260e-02
9.500402935802478022e-02
-1.440014608395834630e-02
-1.964615283847373148e-02
2.881910387424666334e-02
3.264314970847025099e-02
-1.949230340818213988e-02
1.744798784586181969e-02
1.649005433501267090e-02
3.180731232338336600e-02
3.852181351198906423e-02
-1.764619286834274298e-02
2.135519721662392303e-02
7.856704522043717054e-02
-3.456651761827397862e-03
9.860388281540020949e-02
9.628743448466411947e-02
5.158119094620699369e-03
1.377729377731342839e-02
8.093421529401438608e-02
1.035972898169436329e-02
8.339958325784196935e-02
5.850665449565500831e-02
-1.538140422321668255e-02
1.248055942680028133e-02
2.866892774470098521e-03
7.949257836416549761e-02
5.490329958271783495e-02
2.027349620375306846e-02
2.354019868836869714e-02
3.565079679449942307e-02
5.893601359143595120e-03
5.456125203352156505e-02
2.192500698344303570e-02
1.204672830113928325e-02
2.028307600095314092e-02
-1.724466611874673344e-03
8.449646148354146569e-02
8.316041006643189182e-02
7.678988136628366046e-02
-1.022467878911011673e-02
1.434503122970004832e-02
6.652439791353623177e-02
5.774180364808700894e-03
8.029310106675033309e-02
-1.519533190758231428e-02
7.139593253509590731e-02
-1.220422986239960012e-02
8.927062538721453056e-02
9.613811287025861296e-02
5.464370235911454599e-02
6.523339942220357512e-02
3.258073597187688408e-02
5.541249886129895330e-02
2.559257756926298227e-03
1.768091414886762899e-02
-4.858564214345072185e-03
8.735879568592501421e-02
8.181692777970303587e-02
2.761736565725169193e-02
4.329522511418930353e-02
8.803690007316251204e-03
-8.135141423230081437e-03
1.258288503447143811e-02
3.901229752953998264e-02
5.213948541960550243e-02
4.199390006821060450e-02
2.587097715205245729e-03
3.461844892062403145e-02
7.723824631927138362e-02
-1.043355555466337313e-02
5.113321313511796917e-02
5.964134713540185373e-02
2.016065159039059571e-02
-1.391268892735667353e-02
6.975074438221220974e-02
9.417801101978498513e-02
7.208360441046725298e-02
9.562177428628899911e-02
1.466630174278786905e-02
8.256645365174300477e-02
5.829113002743167848e-02
-5.434916817987200249e-03
3.580578855977446795e-02
5.484453057344908233e-02
8.757639334209768589e-02
4.174161108658497321e-02
5.235885292854118578e-03
8.066174471567781612e-02
-1.975840606649829218e-02
2.763736704408400677e-02
6.070797927666929383e-02
8.307289798273444215e-02
4.985708438541050502e-02
3.985163972366846663e-02
6.184095849804008976e-03
-9.030302114134251129e-03
3.216779001752009814e-02
5.196836289569198297e-02
4.924106380295524554e-02
-4.796723774147823235e-03
9.580805523019048087e-02
-1.052372559527106448e-02
5.909111733047101023e-02
3.565932675692436160e-02
2.786055593623951512e-02
-8.718023915386393513e-03
9.656674852488709992e-02
9.430074619003821212e-02
3.064538850054304361e-02
3.097036522489332935e-02
-8.912689857393884738e-03
2.286493847319022790e-02
2.749481540417068534e-02
1.551512548987665427e-02
5.290245397087146861e-02
1.702474251182385309e-02
6.390741720052099673e-02
4.699592370769732630e-02
6.449263468089441731e-02
2.854929159649794226e-02
7.802970330656310016e-02
6.987423797516610635e-02
8.592777400403089905e-02
-1.539033436037566885e-02
-3.887270819924053961e-03
-1.011845051294854234e-02
9.255291372900920077e-02
4.740319333813695912e-02
3.700435169320345774e-02
8.786209751168423676e-02
1.365684744834364320e-02
-8.738915019233850501e-03
9.271167185260988097e-02
9.228566740168059335e-02
-1.498897240662983715e-02
7.965795086628175981e-02
4.785957329153162076e-02
3.889078524612057941e-02
8.497145863835976753e-02
9.539436830854423899e-02
2.301445336645470754e-02
2.678209417916183402e-02
1.863657503184825218e-02
7.791864627146809219e-02
1.077256476647518377e-02
6.784289311686221569e-02
3.671234627324131139e-02
2.580192838262583208e-02
-1.362314699256287134e-02
-1.390946892201136431e-03
-3.177995501226632546e-06
6.313551831625340005e-02
7.241757078973749817e-02
2.985676879433036071e-02
9.415203750407885597e-03
9.384278353550985774e-02
2.099625000783435572e-02
7.570847557209992029e-03
3.705359240016210115e-03
4.204807940933437405e-02
9.947167840107820624e-02
-1.687307176541009979e-02
6.528283046757267505e-02
4.387035850457968178e-02
