1.002234022516077960e+00
1.072880548111195376e+00
1.043250197427906478e+00
1.006242921432892734e+00
1.020292449886279984e+00
1.035794628255434446e+00
1.006896834046142830e+00
1.018030248558651651e+00
1.018149484307386388e+00
1.046250169069073310e+00
1.080691075077675034e+00
1.000684965230584478e+00
1.041894182942360247e+00
1.055685607323143982e+00
1.001743265007068340e+00
1.001624880221033465e+00
1.058348978639857663e+00
1.008701161863452711e+00
1.077117604792720673e+00
1.004162320546306830e+00
1.011740817471393994e+00
1.011539201135347898e+00
1.072908317288869151e+00
1.060034205924063277e+00
1.026061046245362540e+00
1.076391990760659167e+00
1.003079920981446937e+00
1.015639651943548438e+00
1.095321952984121827e+00
1.042551306913575893e+00
1.091090397937746648e+00
1.014631603266636040e+00
1.013965302352242359e+00
1.017144302005948742e+00
1.007644910345974809e+00
1.032484229752101967e+00
1.001080350367570260e+00
1.069519737775967316e+00
1.003996616530721697e+00
1.092661910290196881e+00
1.044880989430071239e+00
1.000340009583142509e+00
1.077898144809761982e+00
1.012534820217225962e+00
1.093799810439734843e+00
1.018428707471420225e+00
1.086972569786529119e+00
1.014020281642967092e+00
1.077519160480867821e+00
1.069593337861721949e+00
1.002432492175128198e+00
1.032652530763604748e+00
1.039969965921641482e+00
1.057990035217782898e+00
1.090415919367506703e+00
1.047946580788769122e+00
1.080095798532431539e+00
1.097882209126287645e+00
1.089510274103276943e+00
1.081904081988722011e+00
1.027283856242107385e+00
1.029676834268873797e+00
1.026118170995296897e+00
1.030450576384336792e+00
1.020258352466125729e+00
1.075255805968130973e+00
1.068115301084122226e+00
1.030140425184095099e+00
1.097305417206444478e+00
1.066683688759943349e+00
1.099791458495103624e+00
1.001580703747385170e+00
1.036956247044921842e+00
1.032115337265609778e+00
1.003833145654469350e+00
1.011116690027891396e+00
1.085656269096957560e+00
1.015365422709839427e+00
1.074408884811562492e+00
1.051179453144171605e+00
1.064135984253527623e+00
1.003787253510031396e+00
1.092613449281729876e+00
1.034500305275159127e+00
1.065274539157482492e+00
1.087783195175804796e+00
1.089893951636657476e+00
1.029398103594305836e+00
1.006749108984918317e+00
1.016094296637618299e+00
1.046769746964385073e+00
1.030722292021235109e+00
1.015699885960420268e+00
1.004869108596812222e+00
1.050927713781525163e+00
1.048487539909716881e+00
1.046689572223177711e+00
1.018414501210354928e+00
1.084489463886942895e+00
1.019666125064167650e+00
1.031575224215305786e+00
1.060358903373035400e+00
1.034713634600188836e+00
1.040448322418239924e+00
1.016805875862338171e+00
1.062925593619989950e+00
1.075384697026830594e+00
1.032705538583988281e+00
1.022997781462621214e+00
1.010707334934459301e+00
1.051752083682530481e+00
1.078782910810520246e+00
1.055724670197720094e+00
1.046861699529705980e+00
1.052145555692546530e+00
1.070218380026516147e+00
1.075685387869059095e+00
1.054275223261404770e+00
1.076239493643416312e+00
1.014667080831544332e+00
1.033968730940863834e+00
1.034575926595615369e+00
1.061037385417532564e+00
1.062897625453330441e+00
1.049430798726000535e+00
1.077875681991673051e+00
1.097861454833579886e+00
1.067032652603084220e+00
1.000376826700267285e+00
1.098200011945774657e+00
1.087705355212540193e+00
1.032886738837808682e+00
1.053546692625376480e+00
1.055788959408615613e+00
1.015627838411389705e+00
1.029870462340611414e+00
1.054206364430274379e+00
1.076955881194722187e+00
1.022221727887933529e+00
1.050299116451680170e+00
1.089702243745196419e+00
1.069573580409980851e+00
1.076361520711276221e+00
1.092702888234664327e+00
1.024308345169647527e+00
1.039357705859893066e+00
1.039301320489892877e+00
1.052749411600697682e+00
1.037051132492322614e+00
1.031244837637311562e+00
1.094965235782104696e+00
1.000631944778099358e+00
1.082767330801060801e+00
1.084865467796357619e+00
1.015754927067358926e+00
1.078510140131964556e+00
1.044189477671738642e+00
1.012400557264148349e+00
1.038721527840263281e+00
1.055991369106465294e+00
1.088666954928824815e+00
1.020324445112631429e+00
1.090553756928476004e+00
1.029087501184040132e+00
1.064869726754147372e+00
1.036862112527764168e+00
1.010312833071575378e+00
1.092874396063112208e+00
1.011678283126286715e+00
1.050888071730086359e+00
1.047631425039588615e+00
1.019860092867099333e+00
1.096285310680003899e+00
1.029260376145415767e+00
1.027308469866888174e+00
1.046910266829011338e+00
1.067378065555085298e+00
1.066113461003587393e+00
1.089697909026167588e+00
1.096229109959101278e+00
1.046266672671402276e+00
1.089740157267301113e+00
1.090946802978510988e+00
1.078095870095276743e+00
1.008106894227852601e+00
1.011839724424589138e+00
1.076222769363184950e+00
1.021953746110716210e+00
1.036822296624176021e+00
1.099473228198617925e+00
1.011427355296572239e+00
1.072438200274019815e+00
1.093545666870073374e+00
1.070172065010883689e+00
1.081804035979040179e+00
1.040319237509178318e+00
1.008751226015798919e+00
1.001720030961581687e+00
1.038123957694404575e+00
1.010098489773133767e+00
1.020124271615856060e+00
1.061233247212382658e+00
1.063689124873101077e+00
1.097620908844782139e+00
1.086619553269733807e+00
1.007660425324652387e+00
1.037843184947596198e+00
1.080787298157253939e+00
1.088500555297473138e+00
1.067841293144284220e+00
1.031358075555151244e+00
1.057981838330514623e+00
1.016387028821973404e+00
1.069812141487507473e+00
1.002052495487450789e+00
1.032406005155804163e+00
1.077320738985718673e+00
1.025095506054682915e+00
1.082656022060120016e+00
1.039493128833829161e+00
1.079753816294978463e+00
1.072909295815895447e+00
1.052545696725313507e+00
1.014816837490705614e+00
1.053598110457319770e+00
1.046789592777455535e+00
1.013217426269561017e+00
1.076083789628530019e+00
1.093480924979441049e+00
1.041746611172196246e+00
1.017800568009746609e+00
1.073914554161959023e+00
1.052827709830620684e+00
1.032458505929512382e+00
1.003865270314815428e+00
1.018851095193507028e+00
1.040445265915115547e+00
1.095690795043908317e+00
1.094049671389823564e+00
1.070458422073835791e+00
1.091752882303919536e+00
1.003898158885191405e+00
1.049430935530477838e+00
1.074284387162415033e+00
1.074865719136523845e+00
1.014513578800812610e+00
1.071954940404697521e+00
1.073248398979131046e+00
1.035368679710966688e+00
1.042066886992379038e+00
1.082375102544081535e+00
1.035899393738171304e+00
1.018211577272443158e+00
1.070767999720316777e+00
1.018033163236826688e+00
1.010156115365129725e+00
1.051029099565672587e+00
1.051594344485223154e+00
1.049719384146904799e+00
1.070409336982567350e+00
1.003680427183953006e+00
1.013165756577748988e+00
1.058924856652935453e+00
1.012943573045876233e+00
1.030960349913888630e+00
1.023962164611134762e+00
1.065201247608069668e+00
1.044051767376869666e+00
1.024342911082944063e+00
1.020519727170124291e+00
1.034361640643076230e+00
1.031162906914374400e+00
1.074094205893477483e+00
1.023073690910505151e+00
1.015645856189386631e+00
1.037037302702531028e+00
1.067625682622895811e+00
1.085908280362505085e+00
1.087321798820284346e+00
1.043018730545032469e+00
1.066324728309747449e+00
1.091344051295847661e+00
1.094627788171482541e+00
1.041805391925950008e+00
1.048822720914597717e+00
1.057831879029601518e+00
1.088849611569945752e+00
1.012694535675369822e+00
1.094496762540546619e+00
1.027375607674574809e+00
1.016110189286408616e+00
1.042160936897035706e+00
1.064877102453503754e+00
1.087555850823399117e+00
1.098714172326825445e+00
1.029931392823460357e+00
1.097545374429476084e+00
1.028407415944099901e+00
1.027229336718464836e+00
1.040520169445621201e+00
1.054861704454107318e+00
1.059262578512019326e+00
1.032805654928479200e+00
1.034907909928898473e+00
1.065134308884009728e+00
1.045145108633816600e+00
1.043018228738071818e+00
1.090523039765656677e+00
1.096562029118479442e+00
1.053734839769786991e+00
1.019677147658904381e+00
1.094688095028374386e+00
1.020882705856448469e+00
1.026455235337909055e+00
1.006258734623520557e+00
1.032666308361490426e+00
1.095340114167208334e+00
1.006397616238666304e+00
1.042511211272627802e+00
1.011911653702944447e+00
1.094451510491569968e+00
1.020528198824869559e+00
1.082526621723550520e+00
1.052111828211348188e+00
1.024159388629692247e+00
1.024982448240285615e+00
1.075756609821685084e+00
1.051193974702875567e+00
1.080195954597307662e+00
1.096049035071997357e+00
1.097071823317934403e+00
1.068745509173834041e+00
1.052916267132704142e+00
1.021394208997420838e+00
1.000846877488149378e+00
1.066848544876779492e+00
1.053283286788270212e+00
1.042196658169385781e+00
1.024901560986981597e+00
1.031058909019738179e+00
1.053180317622492979e+00
1.065685561102690748e+00
1.058927762640069936e+00
1.098440133794011286e+00
1.091496088923003649e+00
1.025157080240133967e+00
1.069608708743306158e+00
1.072953038382117530e+00
1.053983617056003519e+00
1.024635877376575799e+00
1.035700902074243368e+00
1.036106755446803085e+00
1.042508154391807551e+00
1.017453955102245455e+00
1.015652940761341494e+00
1.066336186682796283e+00
1.039937792746330691e+00
1.065738743375195252e+00
1.006337613757337879e+00
1.049661065052821085e+00
1.017815419930827581e+00
1.021261325916971385e+00
1.043070431524906194e+00
1.016912663186313459e+00
1.098386765878410776e+00
1.091033142689138868e+00
1.010597523939500419e+00
1.085667862890125734e+00
1.065589958011474492e+00
1.094904809028144577e+00
1.012305885328870003e+00
1.027232702246120510e+00
1.030524852453038598e+00
1.087578514758887227e+00
1.079731011463375578e+00
1.047419035282269206e+00
1.042450445429416561e+00
1.035232112057009157e+00
1.046945427270836948e+00
1.090668170442810059e+00
1.062033277955048538e+00
1.049248357384184871e+00
1.090611212665494545e+00
1.027121246294532497e+00
1.080328823253549286e+00
1.093127569751483730e+00
1.051615970225918462e+00
1.031150143491558646e+00
1.041691126697373404e+00
1.069353871267805234e+00
1.040473401715914514e+00
1.094207281256121655e+00
1.019848685850893721e+00
1.025244458399101388e+00
1.069440443059599621e+00
1.033368782840623501e+00
1.034377434364402326e+00
1.015385702725863259e+00
1.015971491690308426e+00
1.049350495726528054e+00
1.028130320938130060e+00
1.019748398733690609e+00
1.027848312297910072e+00
1.005184781737933797e+00
1.037968546698933237e+00
1.084517982485884602e+00
1.063696955898295382e+00
1.064491182429740723e+00
1.084835317547065303e+00
1.064062546609469972e+00
1.068634728353005547e+00
1.089451809397452564e+00
1.071370173188478381e+00
1.079117049273559559e+00
1.086584162785664054e+00
1.061970735151323453e+00
1.097547088404172477e+00
1.027756768246162578e+00
1.061875486186823814e+00
1.087164280157163931e+00
1.075307702834167989e+00
1.014391628189110106e+00
1.003219319896089479e+00
1.024832965834855614e+00
1.026263698482549058e+00
1.042757192562272728e+00
1.071331728338295042e+00
1.021949520185154059e+00
1.003490974833408211e+00
1.045485759317260399e+00
1.053742676152822577e+00
1.083234726835165862e+00
1.052667202603778662e+00
1.067704173076502228e+00
1.082169144838539543e+00
1.090492312433765543e+00
1.096198656155426443e+00
1.028500947028949675e+00
1.027690710054039558e+00
1.073149068537011752e+00
1.030823026091351791e+00
1.059039142293038971e+00
1.008647606943384289e+00
1.009953172780776898e+00
1.082453712497348564e+00
1.052642033249275633e+00
1.030920204335394441e+00
1.027662601423499300e+00
1.023757606602937908e+00
1.063242839722132294e+00
1.009577006394733356e+00
1.019706487018754659e+00
1.054007759309517178e+00
1.036955617810386254e+00
1.031813139283955794e+00
1.084168390008489302e+00
1.001864556814668017e+00
1.092323891200901009e+00
1.000176752893597865e+00
1.015191618528370032e+00
1.038411370510844645e+00
1.023054805709054271e+00
1.069033846382744457e+00
1.055782845554022353e+00
1.053061277534884210e+00
1.082290731844052001e+00
1.035121564591727328e+00
1.098961051252506094e+00
1.001645438014625578e+00
1.058593215813481869e+00
1.008866062134102126e+00
1.059837874828371440e+00
1.025581230664105670e+00
1.004590190937788785e+00
1.011800262418190322e+00
1.014407058076133739e+00
1.006240640212941351e+00
1.012844519150910561e+00
1.080577659694208270e+00
1.095228412688243225e+00
1.044809151723133267e+00
1.042638009668511501e+00
1.033561812902040966e+00
1.072365539225704101e+00
1.075521987643358601e+00
1.064883275757414705e+00
1.005633018707510651e+00
1.056520127721043645e+00
1.007571310570656964e+00
1.059405061700983808e+00
1.041585136242658027e+00
1.070435195422085428e+00
1.007491156834452450e+00
1.043099628490641084e+00
1.076446977062317734e+00
1.059094178030201228e+00
1.084470697315476517e+00
1.069660952709773794e+00
1.084437897338902168e+00
1.052624205224337528e+00
1.054352973348936073e+00
1.086814678161503567e+00
1.040206250299988922e+00
1.036950299620136962e+00
1.060649294768032602e+00
1.086671464857019931e+00
1.037815986947193014e+00
1.083563571475800291e+00
1.094649339089981854e+00
1.042416008701114949e+00
1.053942427286884254e+00
1.083055904833854832e+00
1.004367155480791585e+00
1.007788715054506845e+00
1.022702615044910557e+00
1.024233396236617466e+00
1.048984255784900732e+00
1.021865427319499586e+00
1.076899015682476923e+00
1.026769437873920721e+00
1.056990636907309433e+00
1.000117587893113225e+00
1.089533304249939105e+00
1.086612575208978582e+00
1.018211269853630530e+00
1.016006436946025104e+00
1.049108356205991965e+00
1.055259538996071500e+00
1.039917455114061973e+00
1.066080356609055313e+00
1.018784397912525064e+00
1.069905404402099247e+00
1.027775607116133916e+00
1.035230677176644187e+00
1.090808297899058310e+00
1.034674798196976386e+00
1.041437398857914420e+00
1.074618116570590809e+00
1.052806000882472004e+00
1.008404408382242989e+00
1.075518956647032898e+00
1.013813007114823916e+00
1.012903943129909834e+00
1.005602172251734538e+00
1.053080913487313142e+00
1.029217000690782369e+00
1.008595831183065838e+00
1.099596143966512063e+00
1.085851878175799090e+00
1.014003047428853499e+00
1.056600024059612952e+00
1.005320821228526285e+00
1.027289744277852801e+00
1.003535827912652945e+00
1.033551999970402147e+00
1.094307491330736903e+00
1.047008676199099986e+00
1.021610516198910412e+00
1.044312611991227602e+00
1.079429019078579799e+00
1.004475975960107625e+00
1.076262524474404403e+00
1.064355635555825685e+00
1.009606216112636456e+00
1.075135699807584277e+00
1.032416301806393655e+00
1.090997152582982688e+00
1.054294663739881788e+00
1.027943797963162265e+00
1.024230761734615136e+00
1.056104330841918015e+00
1.011043892782851783e+00
1.019799554704996947e+00
1.056296205209620087e+00
1.041897087201212324e+00
1.094311951038574815e+00
1.038295938053515277e+00
1.086269003948981959e+00
1.084406073152638372e+00
1.012092843896362337e+00
1.098857770831993763e+00
1.087965450548806556e+00
1.003264952464981929e+00
1.068205506779632774e+00
1.009622727874003312e+00
1.014861016701244401e+00
1.092343934163770403e+00
1.029652681389658042e+00
1.081540505854844847e+00
1.097863112590085066e+00
1.029263590922206095e+00
1.087824902438704111e+00
1.005592634179258038e+00
1.080373358749918022e+00
1.070144953506269481e+00
1.084716453536511249e+00
1.098273222320574671e+00
1.028182404348050305e+00
1.094212611730618345e+00
1.013804984469975690e+00
1.085497863234311078e+00
1.049502648211074529e+00
1.019670347911307617e+00
1.022129779208638789e+00
1.017207498632123785e+00
1.013148573659681695e+00
1.093657556521457686e+00
1.026051963617429008e+00
1.038716790079898145e+00
1.051661426576224079e+00
1.024528348335286942e+00
1.074721715053427173e+00
1.072346616187852542e+00
1.061093750517132062e+00
1.090928884363858486e+00
1.051049574537004982e+00
1.029560079510388970e+00
1.000113181469735713e+00
1.027008273504092184e+00
1.014615741785744207e+00
1.036375595908874514e+00
1.035073832516685055e+00
1.075017716519282018e+00
1.021612206066244699e+00
1.020343465278403139e+00
1.094651660022833317e+00
1.047828308468250924e+00
1.038724907079349835e+00
1.073610293918177305e+00
1.004589625257728436e+00
1.086599422613170995e+00
1.013540376278660338e+00
1.067193725631981005e+00
1.066030658241646112e+00
1.008683323068623849e+00
1.010833736779480629e+00
1.001425507760526301e+00
1.035530472148286529e+00
1.023751011560632751e+00
1.036576451141380195e+00
1.096464075547259887e+00
1.079590424044859498e+00
1.028180293524365574e+00
1.001535878647184186e+00
1.078705980792312502e+00
1.020511405067051625e+00
1.016706165051787458e+00
1.017016682202311673e+00
1.089676343080860477e+00
1.075159812911801627e+00
1.062368870149119626e+00
1.082569172218225573e+00
1.082805513056280811e+00
1.089956214299886872e+00
1.022330844023545904e+00
1.013338175329729252e+00
1.046781120752433569e+00
1.048619781612708524e+00
1.065886467114740110e+00
1.050665175527955908e+00
1.034017813949461795e+00
1.066169511365273825e+00
1.092693970031802797e+00
1.009023195856274091e+00
1.034958831560819359e+00
1.085038052651019713e+00
1.048821626155796105e+00
1.045755113031934025e+00
1.062890574259213405e+00
1.068850667552845968e+00
1.053136975012693544e+00
1.096866913959965162e+00
1.050571936137045803e+00
1.092044363729280709e+00
1.044523953263880367e+00
1.038183168912478527e+00
1.083166538244107135e+00
1.090527659619376921e+00
1.009813722115896040e+00
1.065932449711080920e+00
1.038651889334766265e+00
1.097113316322439802e+00
1.043088268549893449e+00
1.002247351214194504e+00
1.099705009860133753e+00
1.068181342435240655e+00
1.015958737063787476e+00
1.018811661146104663e+00
1.064639497505525556e+00
1.039424419326462123e+00
1.034642972001567962e+00
1.086893815796967422e+00
1.052287534904675637e+00
1.040334118466471391e+00
1.065388486567912407e+00
1.047289190742004550e+00
1.008686872766384246e+00
1.074567180937564315e+00
1.055623315533394058e+00
1.067883283598883626e+00
1.060327774939300749e+00
1.051296956772156843e+00
1.003456786405857004e+00
1.047434393276054809e+00
1.057034545308916496e+00
1.076336657827649423e+00
1.077503882541116953e+00
1.050357583784100823e+00
1.078397612664295568e+00
1.064096988879525085e+00
1.011887749597970343e+00
1.050046315151887955e+00
1.091384905430520913e+00
1.096341383404349390e+00
1.010895844246814557e+00
1.090015543203764148e+00
1.092267923026472243e+00
1.071062320684921243e+00
1.089176366603010093e+00
1.098946829341442166e+00
1.081884724290324451e+00
1.062827706485493628e+00
1.059785732314034279e+00
1.033367671880798033e+00
1.039249179931057254e+00
1.018429117947433182e+00
1.082285031217459004e+00
1.086409317529518859e+00
1.090872396379836351e+00
1.036229447916118485e+00
1.046826218481773818e+00
1.015144901196226801e+00
1.029940244655164872e+00
1.091157513469068974e+00
1.023576472185312003e+00
1.009141438930021284e+00
1.077239865808998553e+00
1.077349319079395240e+00
1.013643519928127956e+00
1.041023663269014632e+00
1.034935843689702040e+00
1.033467380353870313e+00
1.043293145268224364e+00
1.008284698156176162e+00
1.040309999835796972e+00
1.034674393384078073e+00
1.000873833354396947e+00
1.079546476267664534e+00
1.027654592771497288e+00
1.026858123663122901e+00
1.083042146247504389e+00
1.071065047366490219e+00
1.003337328094155989e+00
1.094768096812607894e+00
1.079665530156509234e+00
1.046985769312245962e+00
1.009867843819893807e+00
1.045755729583880633e+00
1.021626531815575945e+00
1.096125056191249003e+00
1.008020997781477135e+00
1.006535908835304749e+00
1.058089607439391955e+00
1.013460532093805710e+00
1.020426172390523689e+00
1.061755368314431625e+00
1.027713532543835351e+00
1.027943823859096106e+00
1.060001161219375376e+00
1.088216605198473186e+00
1.018958422719561607e+00
1.066732985985072268e+00
1.017831470726897392e+00
1.082463351856783662e+00
1.049739710140754845e+00
1.059834541485210835e+00
1.058493721959823830e+00
1.070640792067956815e+00
1.077504567420022541e+00
1.077642321515306589e+00
1.054108030003107599e+00
1.044123919710848059e+00
1.001038754454188551e+00
1.054004674874928327e+00
1.085181283057173207e+00
1.037794321166229938e+00
1.059405034942606960e+00
1.061482699385645212e+00
1.021123057874655515e+00
1.021737312889036797e+00
1.058092781129354121e+00
1.034639361515943268e+00
1.066702554268662340e+00
1.095497930078265014e+00
1.028620181830994573e+00
1.058532555230570660e+00
1.054072039087692314e+00
1.070797236377159178e+00
1.034285577338430961e+00
1.079252767813716485e+00
1.007675081088189373e+00
1.081451953501384455e+00
1.004924150194361543e+00
1.069428296687424895e+00
1.098779392133664157e+00
1.057905770210062490e+00
1.044781523072029650e+00
1.058160092424337950e+00
1.082369704732685900e+00
1.034414567099705806e+00
1.048887193761957715e+00
1.043465705214594808e+00
1.074671199865758764e+00
1.021575452476900292e+00
1.039557485184592345e+00
1.029519808566923711e+00
1.070220889136252129e+00
1.054248947798671399e+00
1.004245643457960080e+00
1.051859717199754352e+00
1.000625394724334649e+00
1.037667042816927898e+00
1.043960407523504497e+00
1.019802175005482647e+00
1.058833068923434650e+00
1.019514639598332995e+00
1.049098305028470124e+00
1.011463445419281904e+00
1.063157604553184976e+00
1.069197287738906876e+00
1.060258448318485591e+00
1.032442725577768172e+00
1.081925118469450275e+00
1.052922584117986782e+00
1.005779343223328404e+00
1.034842579918052730e+00
1.095392678787379115e+00
1.035357097989493935e+00
1.071982811770425537e+00
1.090332740775575404e+00
1.018274558277232344e+00
1.028812124148032137e+00
1.093164863125320352e+00
1.053670671684568516e+00
1.014885866768268308e+00
1.061024980718076716e+00
1.003872775145366880e+00
1.095727142296532231e+00
1.094102963316374577e+00
1.084316315282477072e+00
1.005679842225932541e+00
1.086561595188136442e+00
1.045946516889053157e+00
1.099382511704029675e+00
1.095436586233879739e+00
1.058016546277689152e+00
1.096102852804335503e+00
1.053996392574765295e+00
1.031688042072412603e+00
1.086842044386434614e+00
1.025394081243148126e+00
1.014770117052695486e+00
1.050125476832123539e+00
1.011036640672149600e+00
1.000407299504002756e+00
1.051480137456923369e+00
1.080707602774851228e+00
1.096002378299872237e+00
1.009894033798226287e+00
1.052887461057225860e+00
1.079014054993715499e+00
1.048190150898284490e+00
1.089825572498911210e+00
1.053006600751751565e+00
1.050054506155548628e+00
1.078029419380028608e+00
1.082318666008674768e+00
1.050450152614583299e+00
1.042040805377212331e+00
1.007941626551630998e+00
1.019979730700556031e+00
1.084247376998867196e+00
1.030968179074166935e+00
1.078893797227935103e+00
1.040938458795806820e+00
1.025483334262968782e+00
1.007437056228306149e+00
1.024189743094844118e+00
1.066394704939029214e+00
1.012280663459363295e+00
1.090439189400560505e+00
1.090633382433109144e+00
1.003196083000393202e+00
1.074207375813500454e+00
1.057276654963398732e+00
1.088685111400494510e+00
1.017196475613374451e+00
1.086463465525606908e+00
1.007077641078995001e+00
1.006652340108058707e+00
1.087831225983462380e+00
1.047180369778350384e+00
1.011013825026837898e+00
1.011767588396249140e+00
1.058147429251679039e+00
1.068524884716921974e+00
1.064947154279653363e+00
1.061076859141856454e+00
1.030121464403319420e+00
1.037862781494815145e+00
1.052039546981245577e+00
1.022092986890947852e+00
1.085128328386254060e+00
1.036829399594322076e+00
1.097711144975747066e+00
1.063044113212794128e+00
1.045255739964353170e+00
1.065240806039300825e+00
1.085779250224171877e+00
1.078561596257591626e+00
1.014457719869520602e+00
1.038301657923234478e+00
1.068502876973844717e+00
1.027915624627008029e+00
1.024042110852907639e+00
1.036983630406852930e+00
1.075086920768469456e+00
1.047905052479432442e+00
1.089554097696475710e+00
1.075566976714247058e+00
1.003856731360061039e+00
1.024905349328111726e+00
1.076671253531763517e+00
1.024922778199641948e+00
1.071319795799717367e+00
1.000868548270558600e+00
1.015457210901757223e+00
1.014775362477943865e+00
1.035014334408753234e+00
1.030483456389092334e+00
1.053365590600892077e+00
1.017766570869873544e+00
1.056825289413835245e+00
1.039151281619201228e+00
1.084783812735254704e+00
1.034467445798655127e+00
1.001357575611131256e+00
1.048627988017113433e+00
1.059413991961424051e+00
1.038081647391419837e+00
1.062235876050279471e+00
1.026546654223666533e+00
1.043818024776679954e+00
1.014986133695898074e+00
1.084729219186049587e+00
1.075127619144300439e+00
1.009106747471628651e+00
1.050313841071803367e+00
1.022473504304037828e+00
1.069560209990119581e+00
1.097370061477180192e+00
1.066558061006369851e+00
1.060144392366463073e+00
1.055877649205448243e+00
1.000874553040015602e+00
1.058314788393358352e+00
1.056177940328062448e+00
1.074159024428078091e+00
1.025637877181166502e+00
1.044813071826179662e+00
1.078791645788151898e+00
1.010157678366016887e+00
1.091399890406057782e+00
1.068882706827349649e+00
1.054251046048727991e+00
1.048402307080465334e+00
1.011139690169554628e+00
1.012489258902971700e+00
1.005629003117159748e+00
1.022444633801431246e+00
1.053355878256269529e+00
1.088574244008458702e+00
1.083156986892790608e+00
1.093241013093095404e+00
1.020584667765371822e+00
1.063387632030709851e+00
1.071191613489299366e+00
1.082611824263283617e+00
1.036712380132474465e+00
1.032019717447395069e+00
1.094312760317246669e+00
1.017063741669963495e+00
1.054952622904871795e+00
1.043652928016242099e+00
1.062438451022939212e+00
1.085970623855841311e+00
1.004878791555114947e+00
1.052015436511083646e+00
1.020604534705481292e+00
1.088154598327586653e+00
