3.127394856738094364e-02
9.424949308173580231e-02
7.458191171259664909e-02
1.802605782230179768e-02
3.441300989960945078e-02
3.431025431303207085e-02
2.368175199541063328e-02
7.853800977838074071e-02
7.691240995997210284e-02
5.588880251989661319e-02
2.881494087723141320e-02
1.078095857415277067e-02
9.483309128072814342e-02
6.830712198972227478e-02
2.538799405822170577e-02
9.661632615762241749e-02
5.382393222837170144e-02
1.652865856503225525e-02
7.897780538679155526e-02
2.387019323632284459e-02
6.538429951501822934e-02
4.252548244916474346e-03
2.192944895137783831e-02
2.564984007580164635e-02
6.246189165463147952e-02
2.416087097698159381e-03
6.049367443338869721e-02
4.992396935315453199e-02
8.282389284743624236e-02
2.249158277134113634e-02
4.538597447161266119e-02
6.842450516234886704e-02
-1.332431724651972349e-02
3.621775244304940855e-02
8.088565577013183405e-02
6.795563112568257791e-03
4.440116086160485892e-03
-1.433896326868745220e-02
5.868344742255039714e-04
1.658180689254085474e-02
4.285323908016665240e-02
8.315741560138049937e-02
6.509059276688926310e-02
3.472113171086438355e-02
3.097783501808486564e-02
-5.419168712095254539e-03
3.853744778052521636e-02
1.560068062283421000e-02
-5.072453917913341895e-03
9.667307561093312074e-02
3.661878143430219446e-02
-9.223872438826630563e-03
1.611285676015592264e-02
4.380645339331902532e-02
8.317688812087706274e-02
2.160156650570288495e-03
7.771965476655753879e-02
7.548453869925350612e-02
2.263515796916440795e-02
1.480565908708724246e-02
9.049666984168754091e-02
2.010283999723792500e-02
-2.208789662305372936e-04
9.624355618533804446e-02
6.538629117123262446e-02
6.408150727270146840e-02
3.104988826985608311e-02
7.799312256684541589e-02
4.896575895630181363e-02
2.739557342685719835e-02
7.449268448352633354e-02
1.488323207745718621e-02
2.774117121605415917e-02
1.072131399492013901e-02
4.020981734648047812e-02
3.813475237318579569e-02
7.429435444111568559e-03
2.198821618162971961e-02
-1.463820922975699046e-02
2.840179991934753054e-02
3.393949642259271038e-02
1.305155995172092853e-03
-1.104430298538046536e-02
1.444769934445638490e-02
-6.131533952915216995e-03
9.513236146068373977e-02
1.818379320197352836e-02
1.826022819082799217e-02
2.996145845208670125e-02
-1.312382265612682328e-02
1.477861385381326956e-02
8.064573778902044132e-02
3.213624315476805438e-02
-1.253921853240558618e-02
7.218171086887040233e-02
4.439634137042437756e-02
7.888540156489858013e-02
3.250134097395648847e-02
2.247411313143314604e-04
8.065538522272928945e-02
4.584535169210958439e-02
5.305763348381387079e-02
-1.025040909333265783e-02
-3.092488783489385357e-03
5.516603486116787580e-02
9.402431793804440219e-02
5.572303491498095673e-02
4.334912704376282788e-02
-1.109818326213836588e-02
7.828714258873137322e-02
4.635409297961926023e-02
5.141154908762367304e-02
1.281878712376028837e-02
-1.688546403267335641e-02
6.286364617903388019e-02
-7.063859726272417663e-03
6.214943412372275766e-02
8.753467319508223543e-02
2.377815378324121473e-02
-1.883387748443816553e-02
5.511819691233504903e-02
9.624188131900991705e-02
2.285075373509752247e-02
5.554373854675953570e-02
-1.879414379183062811e-02
6.513065437581062878e-02
3.671384266437154043e-02
8.833006970478667064e-02
1.764487935974369537e-04
9.779609304635165923e-02
1.210214934019515284e-02
8.746724339803653436e-02
6.974273046538548293e-02
-1.082033104990934996e-02
4.815428722783249293e-02
5.024794017691179560e-02
5.586078319823113703e-03
2.507953525600378417e-02
3.160264419647140777e-02
2.961442020885845725e-02
-5.223567575898141815e-03
5.680005103005410227e-02
7.043880999314366953e-02
4.655116938319922570e-02
-4.990810082487357260e-03
9.860687396556584716e-02
4.620042363882501113e-02
8.577190933564557418e-02
-1.523945455232368629e-02
6.346937192227597446e-02
1.341941669057972533e-02
6.080425423027255305e-02
3.752292298775991575e-02
-2.280625970503824540e-03
9.820530469746432956e-02
3.422361794533605728e-02
-1.484980187911465709e-02
8.435987251516795238e-02
-2.253121670410748040e-03
1.647069145444259378e-02
4.514116260030448524e-02
-9.326752079653582994e-03
7.361996841783929879e-02
5.350145055338817457e-02
2.723656549793660939e-02
7.024236093227700928e-02
8.727280407717651067e-02
2.049650342331854266e-02
5.988061625212846850e-02
4.999080734624890276e-02
-1.038943791847105752e-02
4.048368918661218729e-02
8.919527708900343299e-02
3.398701191633951568e-02
1.035594533966707753e-02
7.907063477623652026e-02
-5.386566461381331328e-03
4.987123900019795053e-02
9.548418864342037016e-02
-7.571907536960052060e-03
-1.664964507486899059e-02
6.102452859427195953e-02
1.670280874354519024e-03
7.735432094684425997e-02
-1.466745272225400062e-02
9.680830498603684720e-02
4.619135637834280439e-02
1.869781160461643152e-02
4.217067616865553814e-02
1.561128714470617559e-02
4.021278154148656692e-02
-6.828513053883081621e-03
2.980156978699420242e-02
6.444925617323676859e-02
5.236039523083384217e-02
4.815844089417764540e-02
5.299979548274684482e-02
4.085840898663695847e-03
5.371565626737416499e-02
6.196175668559512906e-02
-4.023967142634012062e-03
4.496669395472242814e-02
8.413023943408741434e-02
9.578350721878473029e-02
8.087115086716438472e-02
-1.457468265114447714e-02
-3.110727848153794356e-03
8.380723192919699305e-02
9.200010781520755188e-02
4.273130352024712142e-02
2.647124244409578345e-02
-1.497732836322481116e-02
1.984499609667611172e-02
1.938922700840118793e-02
1.341218851080728039e-02
-9.608885930752398066e-03
-1.135966348130720838e-03
7.572810369327774571e-02
6.057978167510498502e-02
2.625398589312884570e-02
7.890966600139937004e-03
3.289785582620020910e-02
7.118572101904263594e-02
8.284676652446973377e-02
5.306420224851487316e-03
6.682886280817651459e-02
5.976663175457777588e-02
8.596728212810984815e-02
4.923495021056716048e-02
4.857591672485629675e-02
3.865276650620605436e-02
9.481713215734717537e-02
3.316667008138377004e-02
7.749276137980487533e-02
-1.742785814251229110e-03
-1.937059464099912323e-02
-1.850210744088508913e-02
5.962561642627273173e-02
7.857702878123394574e-02
9.268466363709311484e-02
2.079305056360427131e-02
1.875442137211832602e-02
1.228380852923205771e-02
4.074723065378245412e-02
7.422288621794527474e-02
5.341780366105965128e-02
-8.904980095522763150e-03
8.202430426746191994e-02
1.156316009924522950e-02
3.964137086349392436e-02
8.766621077829155062e-02
5.248074835115151826e-02
1.198369262791595252e-03
5.632685295873966769e-02
6.423585499454996517e-02
1.083152692705980844e-02
3.521013153045404742e-02
3.827652622545382743e-02
2.435637649394159152e-02
2.691777565516680418e-02
4.619601814219309599e-02
2.802189170219062872e-02
2.368139746183498331e-02
-1.739115597233286542e-02
7.907095092691307503e-02
3.836906814361547291e-02
-8.890934755705770173e-03
-1.002591576287049403e-02
1.029822213165363515e-03
9.571746080165517701e-02
-4.940349210479486400e-03
7.982609848817257686e-03
4.382821063067983414e-03
2.338262252343896799e-02
4.969928005352275413e-02
7.943673973794491971e-02
1.418242669576913820e-02
5.290577538740018348e-02
9.347725266268970545e-02
1.511252478337437102e-02
9.507727534053943969e-03
9.229697923607387000e-04
1.394281370975633191e-02
1.427080486397424089e-02
7.405634293706422899e-02
-1.739044849995214498e-02
9.322920428776657054e-02
8.931190399680134784e-03
1.127195058150119375e-02
1.446980071743493926e-02
6.612354100673509261e-02
1.517720295416104606e-02
6.776656158738116054e-02
5.608304718522040544e-02
-1.251089835986291150e-02
3.564332817263518582e-02
8.806124836697890035e-02
5.401133383592449100e-02
1.171215192856367784e-02
7.004748464746689274e-02
8.965975821088345565e-02
7.740264356405852919e-02
9.448209326378065320e-02
4.379243984108718846e-02
5.411594427978992650e-02
8.735112711178065481e-02
9.712596973589875116e-02
1.292298592574146754e-03
-1.303295653836327242e-02
8.961872142495919125e-02
3.770129431882707216e-02
6.683401614625791853e-02
7.466450047780541499e-02
8.790486295050370380e-02
8.378259607819069088e-02
9.584239579338113546e-02
2.804688522777725249e-02
3.450805935431566773e-02
3.481147446931923128e-02
8.728459265698426672e-02
9.161113265689156682e-02
5.472067751914867773e-02
8.139006077355522006e-02
4.062671766243132476e-02
4.118098010468695946e-03
8.495055761353112467e-02
-1.771044185340330673e-02
-6.948539874536167546e-03
-7.277866767149636373e-03
3.977999478464648575e-02
-1.874083393782466703e-02
3.438832204166994422e-02
5.408246116374923473e-02
1.591489735717346518e-02
8.437931760923010616e-02
8.097282387262025316e-02
7.992453486210780722e-02
1.883464122727490989e-02
-1.048190968122003630e-03
3.477094091274272880e-03
2.567800554420199624e-02
4.885493727751875903e-02
1.990267643386723143e-02
2.352817566280853215e-02
2.536147854372392332e-02
6.940611246779582189e-04
8.283081009149090290e-02
-4.347748321606170752e-03
7.882221943573328171e-02
3.079722657459604482e-02
1.909813873083760286e-02
3.218062727046652749e-03
5.384576567759687127e-02
-8.627761328646106273e-03
9.316073255675251519e-02
-1.370650339336655123e-02
-1.226917822642652894e-02
3.981150675267247641e-02
5.325117761358694191e-02
1.539020486314443201e-02
5.089189808067938470e-02
5.716341850344969222e-02
3.325392545403442479e-02
4.480565701799833767e-02
-1.237458384165687417e-02
5.626690333189854343e-03
4.963680098541452257e-02
5.665204907918966470e-02
7.253043139636719538e-02
9.608001309772173926e-02
8.870725395803709390e-02
7.081049303292352715e-02
9.680908716754713095e-02
9.390974784302685840e-02
7.593301347835181014e-02
5.546115983357821633e-02
9.926621781829743363e-02
6.348432467336691254e-03
8.386580917636028698e-02
5.900171377568812214e-02
-1.237741124836246390e-02
6.952247621412739609e-02
7.463423076977462878e-02
5.184790493584254256e-02
8.595556885945303260e-02
2.580635877973365064e-02
1.792189670757296863e-02
-1.418169448758500872e-02
-1.245735534426102749e-02
7.840598607795795649e-02
1.105396949204211221e-02
1.519016193077373997e-02
4.344093077326981189e-02
2.547677110885754673e-02
1.967682452271020052e-02
5.041596470655487772e-02
3.602378087243938987e-02
6.692962840320294815e-02
8.055344002662852276e-02
-1.308332405487245068e-02
7.574046108213478012e-02
5.937462014854526238e-02
5.473296060233791283e-02
6.344432058705752608e-02
4.108781345713193034e-02
-1.022406083464056162e-02
7.574360468912341715e-04
5.137191976578390357e-03
6.374045454633915642e-02
1.551005589745901511e-02
1.538469394058488218e-02
7.017839660669308866e-02
9.810382590170649286e-02
4.794053462379010977e-02
8.949151634606490602e-02
-9.166976746319884656e-03
4.365822176655588527e-02
9.144755466186695048e-02
7.013007903329136761e-02
-1.370396044165858584e-02
1.059268500338071337e-02
8.973942573610660389e-02
9.381404543974154742e-02
2.920850426445279965e-02
7.289536741096824812e-02
3.289362995667383105e-02
8.026752387653594834e-02
4.449914521897058162e-02
6.986439871313901429e-02
7.781501387263885239e-02
8.257976338666696281e-02
9.003251176755186491e-02
6.614188139006761669e-02
7.128876459545871458e-02
-1.013702183078190287e-02
3.945518048197596550e-02
7.122226369856797523e-02
2.691595526836948818e-02
2.627031093811163162e-02
1.358324152125480952e-02
8.945811511405656058e-02
1.328396062963016835e-02
-1.082372210035608719e-02
2.304500401710612642e-02
3.973696233863428795e-02
-6.443585622621509842e-03
4.132979206381987014e-02
-2.171059438969488720e-04
2.047441267454331790e-02
5.973361152831746512e-02
1.604393920912408275e-02
2.868835510051609763e-02
9.332623531105194159e-02
2.368609168269397366e-02
4.279011052218374689e-02
4.102043938884125662e-02
9.183168643905472578e-03
8.876121379649687393e-02
-5.955840002534070615e-03
4.824502122479025490e-02
4.528736709180937459e-02
2.124145908104254840e-02
7.211414739714468169e-02
4.939373014306327331e-03
3.014741488172962766e-02
8.556059504419422090e-02
1.657225096037274678e-02
5.356105968312688259e-02
-1.303788547263767979e-02
4.923164969295824867e-02
-1.473551433144912326e-02
1.751422426980635619e-02
8.422742402457748800e-02
2.149913915100579512e-02
3.180772444694508760e-02
5.907193193900085737e-02
6.842215644884376557e-02
4.294195875465563195e-02
7.697776770408379376e-02
6.981291879852895982e-03
1.333511541245637963e-02
3.027716363103960182e-02
5.890230617820631231e-02
2.399139241880790183e-02
-1.316938724146221595e-02
1.995411824535532966e-02
8.759770948265417634e-02
1.099026408098403851e-02
6.974220208847689562e-02
4.419279089570973817e-02
1.257900303502742026e-02
-1.706029143804647236e-02
3.585843298437488280e-02
-9.509995184857178430e-03
6.911522161995101166e-02
2.165917732197456327e-02
3.443503581987762685e-02
4.550515321241975497e-02
-1.495296835305902870e-02
4.864689159937485297e-02
5.271538174220774531e-02
6.576165388127500067e-02
4.007774361292938681e-04
5.779452714549572490e-02
1.713100450002391292e-02
-9.002218450015834691e-03
9.336818605238360325e-02
8.025334290450240882e-02
3.336000659157484227e-02
-6.228765125709946615e-03
2.865562467869119459e-02
7.513035459174832731e-02
7.348566065708692086e-02
5.558410719632783659e-02
-6.930331702412612094e-04
6.722629266683409488e-02
5.351610898397012039e-02
6.150331879173832894e-02
5.820926717410546125e-02
2.581737801471141111e-02
1.164917806804220343e-02
6.707275270487481067e-02
8.725015796666790724e-02
1.593310577562248240e-02
5.709029690169760418e-02
4.550366010740297673e-02
-6.138353042465412301e-04
1.082429985610914788e-02
2.886560932179493486e-02
-1.419259884040879535e-02
-1.635618990007382811e-02
4.832044375111728407e-02
6.155281411285946913e-02
-3.289777932107874198e-03
1.016774582173527938e-02
2.472505693498912652e-02
-1.753997255179962425e-02
1.963696896231884384e-02
5.792760853257986065e-02
8.016510771232362997e-02
9.318202111307567759e-02
6.787074133902466777e-02
-1.782483209312227257e-02
6.405498086093576460e-02
6.956164641307845120e-02
9.056745778809613401e-02
8.959549045396336675e-03
7.333960649945903132e-02
3.421694184314567899e-02
1.916172405303476559e-02
3.302010127288705632e-02
5.051621861224267485e-02
9.366115867697508840e-03
6.963165326544180911e-02
1.584069739308619981e-02
3.299014961360206832e-02
-5.502072626816224138e-03
5.212633723867939051e-02
8.278341815146755822e-02
3.289956280178990555e-02
4.938666259689945826e-02
-1.759755314900976128e-02
2.725987949177106559e-02
9.232784120002655859e-02
-1.970892745846446192e-02
7.773397175421090100e-02
4.717352568080358799e-02
4.254174064112211523e-03
-1.989888095041539989e-02
2.099634090408064938e-02
5.916151513399046935e-02
2.063388189408181181e-02
-1.591918657108513241e-02
-1.894714365354197017e-02
5.848061139510728201e-02
4.556776263322191711e-02
8.812931547821239997e-02
-8.465492611393340278e-03
-1.851537933680686907e-02
-1.290147186617441634e-02
5.624548638436789594e-02
2.415147548873151223e-03
6.715625376338238417e-02
1.889271889099543647e-02
8.111186862680051790e-02
-1.961002956891590501e-02
9.592329336361789249e-02
1.260453214000211222e-02
5.481660072846028520e-02
8.304911867106321011e-02
-9.541843088424166799e-03
-3.027147348834038909e-03
7.903494149605259228e-03
9.602658402402662607e-02
-1.537840017943693793e-02
2.218635262887257500e-02
8.549325223484027791e-02
3.732201635815272922e-04
5.534056921958258046e-02
2.804889106228940568e-02
8.675933400329652323e-02
9.966351737796654009e-02
2.698430626987955924e-02
9.666219360305733366e-03
3.505126768101217427e-02
2.439937255883683001e-02
-1.719661999883499368e-02
6.125930271194036936e-02
6.016503037325660053e-02
2.563477453336427195e-02
2.644187992923079447e-02
8.170387953843018247e-02
3.348241396607050391e-02
2.083436619762412539e-03
-1.987402087104458634e-02
1.773433909291014313e-02
9.675729812180369760e-02
4.161029667247109765e-02
-1.082403956870696231e-02
5.646731595536295945e-02
4.157080402733424884e-02
6.036630376053364611e-02
2.326283473591822179e-02
6.352737277559483697e-02
5.366071716327108776e-03
-7.532953462483166565e-03
-8.044776693011197050e-03
9.401462039288906170e-02
3.004590803628637632e-02
8.139547849520877010e-02
5.678138536753234156e-02
1.934645974659942799e-02
-1.817450201218295813e-02
8.380611911253200985e-02
5.135218218079076746e-02
7.366434966107784921e-02
-1.717438358579077493e-02
7.852946107538737869e-03
9.812910125514920368e-02
1.985238962227344264e-02
-8.773725959645187547e-03
9.167219784342199584e-02
7.533255166424156213e-02
3.649574392937494222e-03
5.572272339832638754e-02
9.957440959568415739e-02
-9.557402877840220218e-03
7.674019332968048945e-02
8.425582326967495650e-03
5.753944382856646111e-03
4.311217241779211062e-02
2.824118347622050704e-02
1.102800708993649861e-02
3.073548136308730180e-02
-1.507734215899340750e-02
7.630763778999760660e-02
-1.737699025276946002e-03
6.822425103777031430e-02
7.091389345360590846e-02
2.803158356103750345e-02
5.851406093906362516e-02
2.998834236124190214e-02
8.978174319100372391e-02
5.454818981223982788e-02
3.047475528814847998e-02
6.048275898075419765e-02
3.040062041063520612e-02
3.428240630922228804e-02
-1.675640410741301156e-02
7.254077306403561298e-02
4.648747274701033050e-02
8.281910786530320701e-02
7.035186809727320134e-02
1.750512337593638015e-02
-2.784384104750833866e-04
8.557362243124486123e-02
9.147659725435321187e-02
6.535823574279084336e-02
8.327280829179579957e-02
4.182425351861653040e-02
1.972448875605999075e-03
4.518475145126368830e-02
2.392518935443127895e-02
3.249837725297122226e-02
-1.371509096662359983e-02
8.309254316033626298e-02
-5.064477393723065823e-03
7.649862108726769583e-02
9.110102503510818239e-03
4.516326064794412565e-02
1.180123443166297345e-02
6.951631511936327834e-02
8.764435532734614342e-02
3.539579054508048411e-03
7.761036961309496218e-02
4.239703255692062189e-02
6.593415677565873934e-02
9.875045950099706205e-02
8.989162702199356147e-02
6.666766300135122669e-02
5.797905371946973641e-02
8.127475870915541745e-02
1.673522531326477811e-02
-1.299225408600795245e-02
5.527501977743511097e-02
6.204289449236689846e-02
-1.158224768671944904e-02
-3.720259838906291722e-03
6.137993341249832480e-02
8.187346423184453659e-02
6.879935653990468247e-02
5.562107265202688444e-02
1.989658766719876529e-02
-4.275475530255631873e-03
4.644949137250857507e-02
1.761685379513828684e-02
9.357198389433708796e-02
7.751546853296890915e-02
6.113860905833862214e-02
3.317345718232683760e-02
6.169198384254566403e-02
2.533003415912456549e-02
6.042826864872681558e-02
4.176815416778072165e-02
2.433859266309335717e-03
9.186603020019480648e-02
1.654835311872591627e-02
7.358464698449861119e-02
7.188201930888386826e-02
7.266190093385677118e-02
7.016795893407659634e-02
6.089872586070901872e-02
2.540187472980709460e-03
3.767324436570662627e-02
9.813872766776833567e-02
2.053256733675324838e-02
8.151255510844758467e-02
7.894827905530620027e-02
5.048870878150600594e-02
2.821887602195931669e-02
9.072128644985294477e-02
7.981204343712093585e-02
1.763729406744003400e-02
2.195514937670295028e-02
4.771719205482359560e-02
6.087197430668767062e-02
2.146675090489080437e-02
2.500706183061051843e-02
8.823361622632851231e-02
8.167296045865594933e-02
1.804968447030958281e-02
8.724632093774373209e-02
6.931467789709376548e-02
8.452035268049214178e-02
8.130876549963347855e-02
2.529290629128624554e-02
3.932031665694053768e-02
9.574047990002693131e-02
4.591566929767260108e-02
8.431227346106928699e-02
8.650774911324708716e-02
6.664297181107256551e-02
-1.590713263430794042e-02
5.924029966911391332e-02
9.784889961962203730e-02
8.750837131178133832e-02
-1.173821629491181122e-02
3.446015006346427045e-02
8.652363814458018110e-03
2.931900289386654701e-03
-6.370201675251121326e-03
8.537613921139060313e-02
1.915522578564221243e-02
4.652988652125601698e-02
1.330003838246633999e-02
-9.878978909473062897e-03
1.406834646165095945e-02
5.286644200395260174e-02
9.859855374631160130e-02
6.672620297197504047e-02
2.147178973592605081e-02
4.243252299239445857e-02
4.201265035702829442e-02
6.115382907582332661e-02
7.041385577308961752e-03
-1.203689244592546365e-02
-9.536892207224241177e-03
5.898998718039254185e-02
5.957634701218968154e-03
8.605891209923977048e-02
1.887705435782215460e-02
7.467809752182998084e-02
7.759765666611573298e-02
-1.957346502667527827e-03
-6.964130375142997195e-03
5.428783067051401456e-02
4.285157470222632908e-03
8.106123871748002752e-02
-6.123516454458707500e-03
-7.892584558513781462e-03
4.354919985482995359e-02
6.796495164149625456e-02
2.221456050837197424e-02
9.090055188455992141e-02
9.841846646185983816e-02
4.590560464805670121e-03
-1.767781992024343093e-02
-7.582506674151442277e-03
9.312072491748546454e-02
5.959259819244196177e-02
5.751306664906524757e-02
4.209244733224955237e-02
5.132870548300898228e-02
5.576004666776147173e-03
3.985519038389810642e-02
7.738846650848377196e-02
7.727729827634746695e-02
-1.958418642119936354e-02
1.506573537956496303e-02
1.349770342603180337e-02
1.931195910460253504e-02
2.235179938381974887e-02
3.453799857994119260e-02
5.035552790359268394e-02
7.432149294040243936e-02
-1.139195557837466288e-02
1.093524526286814708e-02
5.339754516087689973e-02
5.964036217265147877e-02
8.323983632791197296e-02
-1.441653958327286482e-02
5.735358418727418139e-02
-2.109544329319461980e-03
5.400157798952859300e-02
1.963250421375531407e-03
2.749224765898855213e-02
2.488303271534901204e-02
7.261507784326416692e-02
9.733465309915040331e-02
9.248752873639547178e-02
-1.899735425905363720e-02
-6.931238855312575262e-03
2.164152323774724482e-02
3.092426137959409030e-02
6.941540076670252302e-02
6.588203348768059686e-02
1.781661404346058034e-02
7.887322905544943974e-02
-1.952044018449193563e-04
7.550598072071962319e-02
8.400404728234490276e-03
9.802169533819601877e-02
6.043996962907721704e-02
8.151922493968385974e-02
6.592083101489581987e-02
7.961920132821739826e-02
4.746610353452854203e-02
6.936273658089002481e-02
4.168273295963054181e-02
4.223033319007125919e-02
6.394140510107679254e-02
4.444552836671243623e-03
7.054763339382204290e-02
4.631689951374197423e-02
5.728244135798486736e-02
9.762502668474325185e-02
3.862806717295357017e-02
8.763159482103675957e-02
4.886618730635156060e-02
3.837338717351934658e-02
5.621216532732377369e-02
2.239573494083747437e-02
8.534022862860389524e-02
7.309264257617549554e-02
8.230562164769029965e-02
1.920915793194264906e-02
1.637012970978157442e-02
6.453966717971995615e-02
2.080559190840369430e-02
1.820906850688181963e-02
7.959441469321941465e-02
4.304157943948482001e-02
3.679180363209308413e-02
-6.265525252565708886e-03
7.092800658976359390e-03
-9.870273572790098926e-04
2.838930945532063335e-02
1.465401547346613029e-02
9.810515710764408648e-02
1.171574527667039803e-02
1.309996089119686360e-02
6.268092687946827390e-02
6.566182001547127278e-02
4.688505787798079305e-02
4.155965162629227105e-02
7.777288225222492302e-02
2.794572005636529813e-02
8.056266493957707497e-02
1.138865854240857928e-03
8.880031900477086682e-02
6.201828898691742753e-02
1.516946329078088310e-02
4.836847275204037011e-02
3.191757035007800059e-02
2.169940223063697091e-02
7.897072852970614398e-02
7.750335771601277179e-02
6.236732652851256775e-02
3.029944872232812406e-02
2.449782719457435642e-03
5.592869214290992208e-02
7.745874814850857437e-02
-4.041043921662289262e-04
3.336329030492751757e-02
6.689840246008063596e-03
5.941524520589729075e-02
7.560315034659674527e-02
1.320701574930041242e-02
3.065073037591701730e-02
3.833000560765130460e-02
4.362650236426826589e-02
-8.446581506939087811e-03
5.173051839700671534e-03
-1.344371387137431595e-02
9.597571545747866917e-02
3.551668967011309408e-02
3.994276520678491371e-02
2.220955997640512367e-02
9.921097218306570986e-02
5.407433301795483427e-02
6.151277599450451217e-02
8.702242456071000720e-02
-1.257645734540718992e-02
4.589315343448639728e-02
-1.299658035985852902e-02
9.987962935811975362e-02
7.703658706858372562e-02
-5.725753083741413202e-03
-6.283051661309657643e-04
6.497649981122675944e-02
8.587375987580181391e-02
2.475597945473148945e-02
-1.688922482749541029e-02
1.334050896698239785e-03
-2.571452665541630600e-03
-1.042709518345576528e-02
3.264009978971271764e-02
6.235911288890870485e-02
7.917336836181571025e-02
4.391813613203626732e-02
-1.411360074373466111e-03
2.548852012307025947e-02
8.347194584845958609e-02
6.753774404412483945e-02
1.173174888580981109e-02
6.671449020298086952e-02
1.107664285093439352e-02
-2.212940049137253340e-03
5.252684734007594114e-02
5.792153151256457244e-02
4.639271537812321433e-02
7.585835799160094151e-02
9.671349160336700779e-02
4.798376216417760132e-02
9.319373060603745873e-02
-6.899157498061655666e-03
4.197353840786134660e-02
7.087241349934200740e-04
1.664578627635230137e-02
1.496479811219584080e-02
7.922738631840896273e-02
4.406041709787200666e-03
2.842134772985739286e-02
8.434057599121509707e-02
4.099545903940013392e-02
4.707212127738086282e-02
5.657432967887753017e-02
5.273032924799900267e-02
5.119697129896033649e-02
5.710294043469187064e-02
2.131390111564727616e-02
7.268127936827541852e-03
6.259189152891779517e-02
9.713925086252681029e-02
7.729459703378140090e-02
-1.129114972377808813e-02
3.045971637827734821e-02
9.240967741385851253e-02
5.727169726646053061e-02
2.198833125755908849e-02
1.630226383770480222e-02
7.840593867799987987e-03
-1.269575621433287164e-02
8.075407976645781333e-03
3.392866699228391791e-02
6.997611592833100080e-02
6.784966911269313394e-02
5.488016123674195612e-02
4.483040149260734963e-02
1.005124048316907368e-02
