1.030459902470298061e+00
1.070956946328488701e+00
1.054041464344957824e+00
1.074289422433319263e+00
1.048884026136813086e+00
1.011334017385867368e+00
1.078195499076237907e+00
1.001510389534327139e+00
1.086901008966369986e+00
1.022113976517913025e+00
1.011383543068326674e+00
1.038093008328726530e+00
1.078227446043719118e+00
1.025366872500520721e+00
1.054024793670231608e+00
1.005302454836437986e+00
1.054167628182707039e+00
1.020296327113753954e+00
1.095223427830244178e+00
1.060196036559818644e+00
1.066485275071832994e+00
1.043828092769738536e+00
1.092705249922552246e+00
1.011898349851508616e+00
1.040722390725273172e+00
1.089757560910179057e+00
1.029647815327835669e+00
1.055812543505176615e+00
1.092093905437177881e+00
1.041487615267501443e+00
1.049867667653716197e+00
1.046643299432407304e+00
1.095348108385789887e+00
1.070058334136773759e+00
1.026718234878181368e+00
1.063095092744875680e+00
1.092727437979316374e+00
1.090898150003698275e+00
1.062791580767547650e+00
1.066181750187020771e+00
1.069371092058343464e+00
1.084804298531038658e+00
1.068039733754196696e+00
1.020199066574197566e+00
1.046727014382674570e+00
1.035187072059507551e+00
1.025349042171414427e+00
1.076257563165710085e+00
1.048634406818533149e+00
1.017157037468746639e+00
1.052525916315306231e+00
1.037545166197684443e+00
1.054747579467505192e+00
1.051993506495719100e+00
1.025828881289436945e+00
1.042316862089787799e+00
1.084460607176169544e+00
1.068939706523474253e+00
1.083532107513219378e+00
1.043016251566471375e+00
1.006536136363110900e+00
1.036192977865160403e+00
1.063994362853916353e+00
1.024146881830246825e+00
1.036963456067595102e+00
1.083698058313842028e+00
1.017232664504492012e+00
1.089932860085235822e+00
1.052088995380365155e+00
1.003984080663407275e+00
1.048874172412473715e+00
1.054990640989762474e+00
1.001772601688382114e+00
1.013380434786540496e+00
1.036085677947830463e+00
1.081257474217776071e+00
1.045316476951770213e+00
1.087042879734391843e+00
1.093526953358363585e+00
1.057066837198561426e+00
1.076607958614859140e+00
1.046244694552882493e+00
1.070612912435055852e+00
1.008729906432367818e+00
1.054399733425775310e+00
1.007366038529541541e+00
1.083334368682180582e+00
1.042555277763749899e+00
1.077434186220033174e+00
1.064670633293479884e+00
1.027254076667242888e+00
1.062830789328412573e+00
1.069378079137601967e+00
1.005893959256140224e+00
1.084123657037496358e+00
1.044750479887630812e+00
1.000138408979310833e+00
1.096651053984710300e+00
1.037535149686829694e+00
1.039413025245207622e+00
1.052087204291109357e+00
1.006379397436905743e+00
1.032615112023132165e+00
1.066430805487359246e+00
1.015256960871890879e+00
1.079406629846759946e+00
1.032198548619992717e+00
1.044468302937149318e+00
1.095108221042704111e+00
1.094294591729415789e+00
1.025583560233894964e+00
1.081270487552665749e+00
1.082261710235534746e+00
1.039545154048812980e+00
1.040879011833308443e+00
1.067600850766500020e+00
1.079375088463739196e+00
1.071654327618555946e+00
1.092724241885986824e+00
1.042268482178064337e+00
1.084799199023852134e+00
1.057009635764914579e+00
1.009479378732852206e+00
1.039856472059155656e+00
1.025958184146177121e+00
1.026981481603514768e+00
1.088026365045225985e+00
1.069404952249759733e+00
1.096618069534719631e+00
1.015305318905636245e+00
1.041423208470927619e+00
1.017390130773725421e+00
1.063333686312651016e+00
1.027533320727524568e+00
1.002832189510703076e+00
1.096432060826069810e+00
1.037854106423770961e+00
1.044162442605153673e+00
1.003198429207437625e+00
1.097475390192806710e+00
1.072051547144132311e+00
1.013853589644952091e+00
1.099586257827620539e+00
1.080693270437093068e+00
1.052250293615759169e+00
1.039075443487270212e+00
1.054221769932100816e+00
1.078497608077456649e+00
1.039435704330700982e+00
1.070574122925328275e+00
1.031802382142384733e+00
1.024728879565146800e+00
1.037253154928862386e+00
1.088862998769698720e+00
1.088661853921723432e+00
1.092197760219610903e+00
1.054330321356026889e+00
1.095408081836670489e+00
1.080247440898897793e+00
1.024689654225880542e+00
1.013087992795866032e+00
1.097091813885590739e+00
1.031892884565307256e+00
1.016254199650846735e+00
1.071852251658196975e+00
1.083415754031964662e+00
1.049420280824292284e+00
1.036068264318543486e+00
1.018881321756231140e+00
1.066914615184182402e+00
1.062646009705569439e+00
1.046575139862165216e+00
1.058545749977831907e+00
1.085846654811065903e+00
1.015443746240750844e+00
1.067717470961687454e+00
1.059573242831863382e+00
1.071116133403484882e+00
1.018987224428404392e+00
1.039164982709686047e+00
1.087038333028655046e+00
1.027085572970950489e+00
1.003866607899562835e+00
1.051680549977739298e+00
1.018218753249428898e+00
1.046663575397734691e+00
1.037398576739704259e+00
1.040469750118721004e+00
1.064320387195854423e+00
1.026042465181468355e+00
1.058769858936693398e+00
1.061205845054783881e+00
1.014804479441592910e+00
1.060913763857430636e+00
1.088063375264995969e+00
1.010308093856067568e+00
1.034041785251533785e+00
1.082158376104213726e+00
1.030878126283634399e+00
1.078830199230233378e+00
1.047793900587969285e+00
1.057848532469132019e+00
1.000114478815096408e+00
1.019449598912159693e+00
1.033208425114131135e+00
1.075388608519905143e+00
1.078585885019795354e+00
1.004120433591196848e+00
1.003475924645144790e+00
1.052394532389042459e+00
1.095534871004816058e+00
1.010646821364337367e+00
1.057602145712071229e+00
1.006918813183247607e+00
1.036563271778852657e+00
1.034555908224037202e+00
1.023447864128710583e+00
1.092123201670556432e+00
1.017146512911810241e+00
1.079065195442769021e+00
1.023413793250495862e+00
1.009212675076989196e+00
1.046714949973264197e+00
1.031044382638682588e+00
1.008089397477352156e+00
1.093871291775942334e+00
1.081131265098154381e+00
1.075628024220108836e+00
1.047148185129486375e+00
1.034187553309261043e+00
1.019581040630914925e+00
1.059298135822515086e+00
1.022205302336500754e+00
1.056363977163718992e+00
1.042792720882874224e+00
1.042396519560352175e+00
1.038749681604036912e+00
1.079543852349053701e+00
1.052930793536231091e+00
1.039176585306195388e+00
1.022376588495134797e+00
1.067971027646906768e+00
1.056974018361279022e+00
1.027959158647064442e+00
1.094842449734896528e+00
1.007816008882250314e+00
1.032420556610061491e+00
1.012840995964632507e+00
1.083969469659357143e+00
1.081128415253264308e+00
1.048635425998618365e+00
1.027436696619035583e+00
1.054177967545389505e+00
1.050000372579461994e+00
1.006963996207516532e+00
1.010207672315585725e+00
1.099009380372275135e+00
1.006013444800341716e+00
1.020478372890165630e+00
1.016574841303982790e+00
1.098480985589270098e+00
1.075332074123220183e+00
1.070085319017631376e+00
1.046877153862020737e+00
1.005874266400090589e+00
1.036726282684945044e+00
1.059285968616865192e+00
1.002932827294431561e+00
1.007253012526421188e+00
1.032413449848385678e+00
1.072970295081976166e+00
1.000983458342331822e+00
1.092978801228709385e+00
1.065715632157232085e+00
1.097737352460298021e+00
1.023016150844661798e+00
1.084465659651661973e+00
1.032118378655133561e+00
1.039627064228088038e+00
1.087340358455388678e+00
1.088978810001352215e+00
1.006587514772302683e+00
1.067496198375039285e+00
1.021429635510049394e+00
1.062614200865523273e+00
1.014079935419194278e+00
1.016738890112137916e+00
1.027984865363059219e+00
1.039905417570687662e+00
1.004476153625991852e+00
1.008478789812907284e+00
1.084777314381676350e+00
1.053645589188318521e+00
1.097878903400202999e+00
1.030101265255518372e+00
1.063164555942266887e+00
1.006990661002882925e+00
1.084017507559106086e+00
1.069993172897158340e+00
1.078723585209793390e+00
1.025580480293991403e+00
1.031572188870579776e+00
1.008413772447966261e+00
1.086497614726486649e+00
1.033702712340772267e+00
1.078146804534622305e+00
1.049342603694022324e+00
1.040327656799870049e+00
1.066688601699286032e+00
1.094444434735294625e+00
1.026608192968989419e+00
1.073175442903553378e+00
1.067834814753683581e+00
1.054641561529556792e+00
1.084164061601860407e+00
1.097496191085645334e+00
1.068613799342776893e+00
1.026711900377131892e+00
1.014047860202140106e+00
1.072437103715701445e+00
1.038419737212169069e+00
1.048619316854457972e+00
1.051166634459866245e+00
1.007390769052364465e+00
1.070238575024421657e+00
1.054756360055149278e+00
1.065002561198211462e+00
1.066236303996301649e+00
1.060140840317374433e+00
1.015115718944198608e+00
1.075466098710566643e+00
1.037264688352731001e+00
1.060807342626754357e+00
1.060843414135302254e+00
1.017267566950152524e+00
1.081424932345266710e+00
1.035894636409260272e+00
1.093885864228111959e+00
1.034700650411486178e+00
1.008174512248786847e+00
1.022431620895964288e+00
1.092862774898162304e+00
1.078548146350910120e+00
1.093263828606401811e+00
1.036253459505755981e+00
1.010889831991669707e+00
1.029574904513958833e+00
1.083729489400035106e+00
1.014795361616196656e+00
1.075725590168403523e+00
1.045132368810858692e+00
1.026068636484496865e+00
1.030086427809197902e+00
1.005963073150066167e+00
1.024972692869244639e+00
1.077102167036123381e+00
1.019660400275326895e+00
1.029098626971141517e+00
1.055280257882685646e+00
1.088342032294002726e+00
1.080037963661335088e+00
1.006994385771190492e+00
1.059097711158359489e+00
1.014728807254825282e+00
1.067753028758470002e+00
1.004533309424211263e+00
1.019083442925553751e+00
1.011797223320060723e+00
1.086901228775412731e+00
1.089719787898357994e+00
1.017691773971724611e+00
1.069773773703367015e+00
1.087903829489975882e+00
1.041759435129895106e+00
1.042926245618325698e+00
1.097264484232350013e+00
1.064308910510906703e+00
1.002504528931401406e+00
1.005705884704224840e+00
1.004991173703159379e+00
1.021485610736454497e+00
1.074316812752938111e+00
1.060503249956201266e+00
1.069129480190543324e+00
1.062902459612927286e+00
1.014046145185333758e+00
1.020257862529067028e+00
1.072657250803891626e+00
1.065853091217637383e+00
1.018047106252881751e+00
1.047131592207430240e+00
1.073128662871689620e+00
1.045781056831530220e+00
1.027717908489252485e+00
1.099123840511633698e+00
1.015219465950859323e+00
1.010218123818136915e+00
1.049437121405823792e+00
1.038169332014839741e+00
1.089909974891984712e+00
1.013860573035851864e+00
1.075374214251654248e+00
1.073888903523615435e+00
1.038270725464401467e+00
1.081808077999727224e+00
1.024727453940412314e+00
1.042692605808385853e+00
1.076595578738736902e+00
1.027133532395924309e+00
1.085463532974033196e+00
1.057365557492743413e+00
1.021102940329208009e+00
1.040063398091574554e+00
1.015049788675886244e+00
1.069383784705284723e+00
1.099210131172963179e+00
1.079202913749697901e+00
1.029898169123435014e+00
1.054011185116001892e+00
1.023639149060859399e+00
1.050552153586524762e+00
1.016525337530785222e+00
1.078331246651955677e+00
1.025949585679377885e+00
1.092711940940916726e+00
1.006825132291598646e+00
1.009803474865996087e+00
1.077760371792370941e+00
1.068206241324090033e+00
1.069336230470789184e+00
1.019202444533586549e+00
1.082844770574095783e+00
1.031446863727043972e+00
1.085934839858438750e+00
1.004649996096390829e+00
1.010029266903091250e+00
1.062866548782890330e+00
1.033118712626635904e+00
1.055279488847194358e+00
1.070208637765956317e+00
1.039146494175517743e+00
1.023073019358254454e+00
1.073324439137407715e+00
1.091855266527544721e+00
1.047599980601301439e+00
1.037611674814261420e+00
1.008620240987936345e+00
1.011408817074752386e+00
1.080430947624408722e+00
1.051653425998430258e+00
1.033754387830816412e+00
1.049341100727680498e+00
1.066774781129262051e+00
1.099166008244292225e+00
1.083170829381159717e+00
1.081224533348681627e+00
1.081806849192713527e+00
1.052682700684502315e+00
1.097872106521406099e+00
1.060101752443423306e+00
1.021948720598485183e+00
1.000197949155066768e+00
1.005510987848962312e+00
1.089841776927033878e+00
1.028380502387054696e+00
1.090809045926278698e+00
1.090280494250028598e+00
1.015667470649139092e+00
1.004387391437593369e+00
1.036488596191434297e+00
1.088717749324235040e+00
1.020194750166283582e+00
1.008511720035887294e+00
1.024346130361412310e+00
1.040948608043913648e+00
1.060639988275555279e+00
1.043384445566901686e+00
1.059288440668155307e+00
1.081388628147855968e+00
1.075407168292411786e+00
1.055138571903222910e+00
1.020634110880101808e+00
1.027672460844561320e+00
1.078910598122305053e+00
1.047013977788378680e+00
1.030124864037037069e+00
1.046039348041385431e+00
1.054656325447800524e+00
1.096252241349977785e+00
1.069624647918131721e+00
1.089652024585600953e+00
1.005140835647264197e+00
1.038006676273180329e+00
1.044963989064519705e+00
1.091254876754034875e+00
1.076239844899365972e+00
1.055977936923905292e+00
1.007841626392492085e+00
1.055115836426064657e+00
1.076348853125305371e+00
1.016512955667347118e+00
1.036660460429524644e+00
1.009351150497605598e+00
1.097551819190391242e+00
1.074181684202791143e+00
1.069537250743094026e+00
1.050802685004809556e+00
1.004121037520040449e+00
1.000539579307890836e+00
1.046593710732539817e+00
1.039147981911910490e+00
1.046022778494271499e+00
1.098415856345249075e+00
1.047636134542768271e+00
1.035949325570512558e+00
1.095532510066281384e+00
1.070332886566758068e+00
1.092537260443507297e+00
1.026006852629874011e+00
1.046464014948393251e+00
1.054665165817472383e+00
1.013921102002406816e+00
1.067331004613373047e+00
1.080781108051665385e+00
1.052910086223060926e+00
1.001077660180781370e+00
1.098462995545750998e+00
1.010614304048824685e+00
1.010177576515552511e+00
1.025011270553572773e+00
1.074888115369551533e+00
1.060469461721789575e+00
1.086554174479891000e+00
1.097772362642104760e+00
1.040371558675061925e+00
1.035711463143187405e+00
1.037467489460784931e+00
1.041975221761407111e+00
1.098608108552980633e+00
1.013418375712759278e+00
1.005225934156092960e+00
1.020223142785443793e+00
1.040880680714264095e+00
1.003829556390563260e+00
1.043106978725059086e+00
1.052023671682371431e+00
1.019008242809447573e+00
1.020862582489026282e+00
1.052875779754977925e+00
1.081553935875145145e+00
1.053400018668966265e+00
1.023657087931410858e+00
1.059351990382289666e+00
1.008588439312914531e+00
1.019509272661242694e+00
1.022450660538433809e+00
1.029320020400425584e+00
1.085401240165076331e+00
1.040060052619913078e+00
1.097858859817684385e+00
1.087459493960670764e+00
1.017489640111552296e+00
1.015351106194552377e+00
1.090336281319382206e+00
1.093074714645422274e+00
1.088295669327734139e+00
1.059359426839373119e+00
1.011658162250622439e+00
1.012192365960441931e+00
1.053073744899643671e+00
1.089992764651481538e+00
1.010278201123564923e+00
1.092786495546551828e+00
1.064290055591736950e+00
1.074359669498831105e+00
1.022604558681052600e+00
1.071199118078460577e+00
1.005214844422371856e+00
1.038592374467148138e+00
1.019268164866058424e+00
1.052936349304558483e+00
1.099037897746181658e+00
1.002290558767761297e+00
1.041670966050251002e+00
1.076958396279301455e+00
1.011906562135931997e+00
1.081301169190966416e+00
1.076318873890098615e+00
1.022633694955495498e+00
1.052345532165790631e+00
1.024737947454111620e+00
1.052394579875169045e+00
1.066355608497725704e+00
1.086679759308483151e+00
1.033982988610164133e+00
1.071813129874211290e+00
1.080748604029549531e+00
1.036134438920456091e+00
1.031970361948920445e+00
1.068228671073270686e+00
1.058534042068011383e+00
1.057663773908702476e+00
1.091508974718481184e+00
1.024053437226210450e+00
1.044818251532688702e+00
1.021035750823138910e+00
1.063146598529704390e+00
1.095429414943381863e+00
1.072337069727027359e+00
1.094392780615422778e+00
1.065001347403387921e+00
1.005185884347709724e+00
1.065377776874166571e+00
1.078978604386627405e+00
1.058061245858931576e+00
1.005696109197067978e+00
1.021421353500698181e+00
1.095267605806955036e+00
1.045536524462397310e+00
1.078252510847464318e+00
1.018471942658888185e+00
1.018281415200520401e+00
1.003008069451829298e+00
1.089694108033076647e+00
1.019652282036369151e+00
1.049875280886200635e+00
1.074182071978707187e+00
1.003944940413515230e+00
1.031432314111894177e+00
1.003826408620623445e+00
1.084354932914056491e+00
1.003900919362585187e+00
1.043097023808295054e+00
1.072430668299683143e+00
1.001186736107390729e+00
1.075827819945340824e+00
1.049127650666020095e+00
1.000143901263603086e+00
1.091345210676892163e+00
1.087238366960556091e+00
1.053975651717933504e+00
1.046295326513158042e+00
1.025204438333906953e+00
1.087712227595825532e+00
1.054587496337805685e+00
1.094000338137605333e+00
1.085610435068322221e+00
1.059727364252728732e+00
1.094728565966540224e+00
1.085552356302976307e+00
1.057336301967549019e+00
1.088806658248972825e+00
1.040654589958762699e+00
1.041771725583299890e+00
1.087910996961681809e+00
1.089836821568600511e+00
1.049225674539299380e+00
1.048230748119546751e+00
1.035826346232482376e+00
1.054646415409538296e+00
1.012820427328914086e+00
1.014615579786493749e+00
1.074390468482848915e+00
1.088828634452558619e+00
1.010242370901061504e+00
1.049294624506970974e+00
1.050544470124205487e+00
1.042411958721498610e+00
1.055059914267565846e+00
1.022833914867832705e+00
1.093617767901982951e+00
1.066175652898750714e+00
1.080971573576579692e+00
1.000518467060466765e+00
1.080964928381203283e+00
1.072465787099361467e+00
1.014428935365369711e+00
1.002846655376993912e+00
1.064545269653442761e+00
1.090658296689745121e+00
1.006763500579216819e+00
1.025306017176245144e+00
1.050641422183969942e+00
1.031260643000365462e+00
1.081067489362405265e+00
1.012651097184708693e+00
1.039138920033511271e+00
1.083350254023963455e+00
1.087332315975400920e+00
1.053878393247622780e+00
1.002539603956403846e+00
1.072024214645549867e+00
1.025902527694485311e+00
1.062400352405982851e+00
1.062508031510039475e+00
1.078990259432958565e+00
1.020376444515565639e+00
1.096523677971774191e+00
1.070598309045456276e+00
1.013996553035375836e+00
1.071355520518070925e+00
1.085891497944778905e+00
1.098706211904032948e+00
1.004686018784406887e+00
1.081832875578813802e+00
1.042332122597775967e+00
1.022594700424223513e+00
1.085058681588539464e+00
1.036536903931340570e+00
1.063557193857812777e+00
1.080069785466491350e+00
1.025639785493522860e+00
1.082742501451137596e+00
1.048928185623021925e+00
1.027941651298043046e+00
1.048637059404974092e+00
1.036784352068325976e+00
1.075397132833984193e+00
1.031035142210807054e+00
1.093109293548592653e+00
1.037505772357357081e+00
1.003011594762143188e+00
1.049090970602143846e+00
1.030081166214224186e+00
1.000288323607183560e+00
1.017918769476946483e+00
1.087037599326493131e+00
1.060770722026332935e+00
1.061264970324142354e+00
1.003781852163190935e+00
1.012067582015737877e+00
1.024506804509275337e+00
1.063750257224251428e+00
1.082719127279703875e+00
1.057893741222140749e+00
1.086262760945408079e+00
1.064246177629140755e+00
1.066782704450165875e+00
1.053396058171324201e+00
1.027801097805620012e+00
1.044075021146353643e+00
1.069749180570173097e+00
1.058509383709492324e+00
1.021389222934357743e+00
1.088034536330223068e+00
1.066761684247294451e+00
1.079875725372882123e+00
1.072695159792927511e+00
1.074295082181869532e+00
1.010889921783365120e+00
1.050356957278432146e+00
1.076223050237998580e+00
1.019907496766725652e+00
1.051902764048610939e+00
1.050832625879970950e+00
1.081840668676489647e+00
1.095710423366459629e+00
1.038587738824144013e+00
1.077220020858312921e+00
1.019817464238259141e+00
1.089909473929427497e+00
1.053819798491083093e+00
1.098670577572460560e+00
1.057425290618160263e+00
1.067392861542598048e+00
1.069880931157731307e+00
1.039196820505241536e+00
1.023599877407590064e+00
1.036546546941587543e+00
1.052340349126506869e+00
1.081718939105232424e+00
1.059882843224976945e+00
1.024192433589144358e+00
1.071644299545043033e+00
1.057076871535894691e+00
1.072381028910583733e+00
1.048398981463154467e+00
1.017009519708453213e+00
1.021111736197348518e+00
1.049707377917460605e+00
1.020022498148389634e+00
1.066469714129959501e+00
1.045828193583465238e+00
1.024736608266240578e+00
1.086895469149202542e+00
1.034956845197049669e+00
1.052503600080673118e+00
1.048430281772667838e+00
1.084171175950639832e+00
1.051840853527400865e+00
1.096196962160555843e+00
1.057684940588906386e+00
1.006298150515081646e+00
1.085278567026791263e+00
1.048947555578383373e+00
1.055608307180635919e+00
1.071475815680760224e+00
1.046024464079552185e+00
1.069306308313029197e+00
1.096809976615070958e+00
1.041937490417870427e+00
1.075976276138342680e+00
1.089298612234197217e+00
1.008855721403933980e+00
1.059518239890969493e+00
1.090848955211828120e+00
1.011625071043776414e+00
1.017643904198410221e+00
1.085244282854908482e+00
1.096126875270956091e+00
1.003417489145773667e+00
1.040689599147520017e+00
1.025015679975747274e+00
1.089022969966140897e+00
1.077995914565310631e+00
1.083689224882049107e+00
1.093799102654294364e+00
1.099764092241267033e+00
1.064558390698393087e+00
1.034301164424774822e+00
1.006372919361947726e+00
1.077046806657925959e+00
1.083523489443042553e+00
1.082856366052779906e+00
1.070889388266056175e+00
1.013747125719618891e+00
1.081092121519413141e+00
1.073412849139562697e+00
1.068078568743387580e+00
1.010804695091171546e+00
1.051526359910081032e+00
1.079747199811734948e+00
1.031207544268183618e+00
1.041222173933018524e+00
1.011169487868467831e+00
1.087312425095717350e+00
1.078097927339803919e+00
1.047018686083930561e+00
1.058043324313635569e+00
1.062153304069199500e+00
1.072979875453530907e+00
1.069716063804316608e+00
1.018003624398695628e+00
1.072015014497569751e+00
1.078511267516796934e+00
1.098907323995542917e+00
1.015196169502845747e+00
1.054356001014817412e+00
1.093288856534024189e+00
1.065418115720042413e+00
1.074317662549423957e+00
1.065869894388635331e+00
1.050140365755132255e+00
1.088594231208047658e+00
1.001911828671709692e+00
1.072348959475543095e+00
1.008006029126836456e+00
1.040661392138787056e+00
1.075530033265021723e+00
1.041999670208169748e+00
1.062867892540344528e+00
1.075995176249116225e+00
1.055359201823675486e+00
1.026139388773815275e+00
1.078354260761806183e+00
1.083605557430818767e+00
1.087147662532755632e+00
1.037446060835889305e+00
1.069256913130490538e+00
1.091692763058019322e+00
1.095738997794450276e+00
1.008665271236474981e+00
1.090538834409232827e+00
1.028940188807030198e+00
1.012786743468006012e+00
1.065201998679944584e+00
1.007212029382652752e+00
1.055841992779124716e+00
1.033625815777691193e+00
1.035451519685930855e+00
1.097811232955680172e+00
1.005294933839483429e+00
1.051221761349745876e+00
1.066727349640822053e+00
1.096552775238066602e+00
1.076511131848812086e+00
1.099738498420569588e+00
1.029448018705860779e+00
1.059610245788366489e+00
1.050015498629680799e+00
1.059716673667232101e+00
1.047494876494690530e+00
1.059598705560689025e+00
1.016512473837284158e+00
1.095023063433161470e+00
1.076734771848884220e+00
1.019068449619874750e+00
1.065960834061056683e+00
1.092666300086949871e+00
1.038080496482816750e+00
1.040321412364954901e+00
1.073466550049554602e+00
1.096579728019902333e+00
1.073706607232823407e+00
1.037647647496828807e+00
1.031551050054621665e+00
1.084827195474455941e+00
1.000981061002014005e+00
1.082664474571314761e+00
1.095687331212634508e+00
1.052398427750592669e+00
1.083552830436614212e+00
1.009507065945041582e+00
1.013031974764469823e+00
1.051079588478225801e+00
1.067277642591519360e+00
1.079777917821555189e+00
1.002216801976197447e+00
1.070321978401652219e+00
1.085820192381574456e+00
1.092899844001946619e+00
1.078624574099077638e+00
1.031851081040386031e+00
1.083554221493217007e+00
1.009580550578873526e+00
1.028065096992865302e+00
1.057941412383308410e+00
1.097928634586905039e+00
1.057353364369955973e+00
1.097957239017154141e+00
1.020055056438476715e+00
1.003269736658942479e+00
1.050276076287337323e+00
1.029092152648453107e+00
1.041450399305916541e+00
1.073728536736291872e+00
1.080041483383064493e+00
1.072695846894789362e+00
1.024961143716260903e+00
1.008399098778152148e+00
1.005833654507420905e+00
1.002126345137120511e+00
1.078263751935581993e+00
1.029238129175109595e+00
1.084974772668344523e+00
1.038202043110327377e+00
1.099265490807844081e+00
1.038663035102789678e+00
1.065069632457256388e+00
1.026917814962179598e+00
1.090040486044582924e+00
1.049241397633291939e+00
1.036231583017281466e+00
1.082586596635343845e+00
1.002500104191234920e+00
1.075894442300988185e+00
1.054607186810297970e+00
1.095134558197749630e+00
1.039845615941461743e+00
1.077529810863958382e+00
1.037308773773875537e+00
1.078775292318931101e+00
1.021342957861651302e+00
1.060005129615520847e+00
1.046944383570253212e+00
1.052704158872450835e+00
1.077050108490352542e+00
1.099905985780791351e+00
1.098465597021720530e+00
1.072746610845264348e+00
1.056086248760733426e+00
1.002981081986837886e+00
1.053282660015689709e+00
1.021217792188549467e+00
1.089716160858496208e+00
1.096014908256527143e+00
1.063083037393717900e+00
1.099136315726087831e+00
1.054333870469895462e+00
1.068906408689125787e+00
1.002126484159166164e+00
1.064128435218966606e+00
1.082370312487066055e+00
1.000599840696024589e+00
1.085299863619729521e+00
1.014851176692710188e+00
1.079672679912451416e+00
1.099821288340695924e+00
1.081921990418663659e+00
1.049953458527698835e+00
1.007486371453982565e+00
1.041623468990397150e+00
1.019900453990708167e+00
1.014844188437127981e+00
1.082630757572837110e+00
1.051977420064148960e+00
1.072598826456060639e+00
1.069114399506737589e+00
1.043733592352431128e+00
1.026322964975892482e+00
