2.699888534550791766e-02
6.025815248081327347e-02
8.606083465432803892e-02
5.699370093246261537e-02
7.900826449179897820e-03
1.241197635604704766e-02
4.655518156931333362e-03
8.564062164115374826e-03
-1.169387316233596978e-02
1.638666146436636509e-02
5.943816518519301484e-02
8.529895677370888385e-02
4.855546309927122328e-02
6.296334508162573784e-02
2.588138826309118595e-03
-1.778239484542382814e-02
6.803500474012799670e-02
6.700771237648672773e-02
4.357208035056570061e-02
1.446615318749788770e-04
8.755584601610572060e-02
9.736524375685065569e-02
4.252785796688338116e-02
9.520267970861970297e-02
9.194899691891171567e-02
5.195099368084911406e-03
8.132761414949721268e-02
5.152789873439014845e-02
7.706021939737962845e-02
7.665543585843412333e-02
3.532961942382732701e-02
9.726844890768596152e-02
8.547398707606264356e-02
7.400137112268884154e-02
8.917267444921948838e-02
4.286867815492322042e-02
8.702004523892083176e-02
9.213563386572745650e-02
7.844545300842494656e-03
3.158196486040247553e-02
1.915612487382771165e-02
9.638407952639867216e-02
6.446445250758452150e-02
8.785647411883940050e-02
-1.890164089654414875e-02
3.844186513944129746e-03
8.168898435645655792e-03
-2.434695729432358874e-03
-1.273475395884461105e-02
4.938453139285919891e-02
4.826290090502170782e-02
5.248864293124935743e-02
8.065014697575190877e-03
5.639845881765720437e-02
9.255261689398197600e-02
8.678044332382738729e-03
7.397831880401158078e-02
3.287652641813364196e-02
9.071584806748685115e-02
7.384593382034385090e-02
-1.970159626924927049e-02
8.600771088787960428e-02
2.722652371625431875e-02
3.283407748352336342e-02
2.608770430122039560e-02
5.638148536783914311e-02
2.105367703092879406e-03
9.341723130991871904e-02
7.230560422703491419e-02
8.863870441617317797e-02
9.515641827969381628e-02
5.498855770230444417e-02
4.369891432668693287e-02
4.927649900797098637e-02
3.923552534737516362e-02
4.154175069553346644e-02
6.570577506714535970e-03
9.960378796562116555e-02
-1.355539964980001164e-02
4.837225054590230111e-02
-1.357303360159873781e-02
-1.525592098250323769e-03
3.579464320194167271e-02
1.003969297558015075e-02
2.584159515460967074e-02
5.851706644588407225e-02
3.195964263722175791e-02
-1.738684839809847421e-02
3.573165288404822615e-02
4.694665736077664742e-02
1.869152674160377489e-02
9.965990086752085642e-02
-1.321360717271852399e-02
-8.128534384158885018e-03
9.884581953560822587e-02
2.229614294299957569e-02
2.279981391201242949e-02
2.394041192003754440e-02
8.255219949709824423e-02
8.211917463479803669e-02
2.315143426358435771e-02
4.451801288243577293e-02
5.703708697283588203e-02
8.165559140210848499e-02
5.553523193379260314e-02
9.777501572299464316e-02
9.953277902865097226e-02
8.186762393406710192e-02
-1.220164357806075017e-02
2.530097491478195196e-02
4.355802418941742693e-02
3.204977522116085609e-02
4.447498252900970728e-02
-2.579148124060941932e-03
7.648637579994230218e-02
7.686408075353791391e-03
5.144560118962134693e-03
7.442063426568097662e-02
6.217281755573170199e-02
4.275312517414682489e-02
6.408709866019669799e-02
9.606096857492332775e-02
-6.074287800796121517e-04
1.330143653938245865e-02
1.229625179253873712e-03
4.916650616578466249e-02
9.388263089751820722e-02
3.947010236413930895e-02
4.651948401237865349e-02
6.633469591602671189e-02
3.821883936219087896e-02
6.395413738068092546e-02
2.480764271046569450e-02
-2.995848724945963243e-03
2.052147436948531870e-02
6.946769965367641242e-02
7.479010563396804034e-02
2.050906130223381987e-02
1.692994403807336970e-02
7.626357814422103643e-02
4.258643698717617943e-02
1.786187904273996499e-02
1.255383193678159467e-02
7.200942138680195559e-02
8.589856906247450574e-02
1.386246047770748821e-02
2.476890728623834179e-02
4.456810365296967613e-02
7.637916626042196011e-02
-1.984638732665327393e-02
6.019092509813352143e-02
7.829329633276614631e-03
2.328566888305254670e-02
9.452535366660068383e-02
2.358338243739025245e-02
3.225231440316875253e-02
4.242779254184000925e-02
9.789896743831877357e-02
-1.979154940357124096e-02
4.082315565989361184e-02
4.349119165814002708e-02
3.825525755453398902e-02
2.483515885243063950e-02
5.559712122081454655e-02
9.060936804723414284e-02
9.970671418391818808e-02
3.047684545654415905e-03
7.227903398266560808e-02
7.487430870416481032e-02
6.351123761752468233e-02
3.756291847714132714e-02
1.730959853469735479e-02
5.897109740845085657e-02
-7.580758912297933319e-03
4.836113657159912815e-02
8.388040217076266070e-02
9.264469444455912528e-02
9.951829720270448376e-02
-1.716660216917551690e-02
1.547986311059154976e-02
-1.943827641339114509e-02
6.953064469266270753e-02
7.775410706581858955e-02
8.508340987504180164e-02
-7.537331822834975048e-03
-1.449492017053253742e-02
2.872284490355260858e-02
7.327116155960274047e-03
8.680459694543178617e-02
-3.309760089613481698e-03
9.293822993936713683e-02
1.295907282357318738e-02
9.743158215523932408e-02
2.785558773594340801e-02
9.594473829524005626e-02
-5.459032567862655283e-03
5.433135364028118808e-02
-1.837520317412070017e-02
6.304026277834180736e-02
1.205679483057883403e-02
1.483601563382425451e-02
-5.023530378926686912e-04
-1.432167874226543750e-02
-1.477644203506179622e-02
4.021052812424107115e-02
4.323624463343503366e-02
1.724835345036001069e-02
4.591682287953355313e-02
3.116692410871452212e-03
1.998023897219236220e-02
4.637881968460891291e-03
-9.966451007038475141e-03
-1.822176296245517704e-02
5.938377273611415708e-02
-1.651481617633119778e-02
1.538419388450960532e-02
-1.249293907144379337e-02
9.997740351038274242e-02
1.419428133091286612e-02
7.121340648943309815e-02
5.381006554585027191e-02
9.847938421688189059e-02
2.597265027723187972e-02
9.361009488199266426e-02
-1.601787657985948021e-02
5.727292578099284215e-02
-1.562917155795270560e-02
4.651618712534552613e-02
3.122890023754855415e-04
3.237414101251476217e-02
4.529020900255707749e-02
4.175514863838422630e-02
1.055111130568620395e-02
9.789627375088050254e-02
2.349404944472474957e-02
1.740168047782757535e-02
1.797646000874218372e-02
6.221928305442395168e-03
-3.812271436898113930e-03
4.094576253998821747e-02
3.180774940103414661e-02
6.462273788304009892e-02
6.493021611275542893e-02
9.947994998104657538e-02
3.960401495510564029e-02
2.001462612060952648e-02
9.700893452383078930e-02
4.366135481447318278e-02
4.989554938945624241e-02
5.300841877720409434e-02
-1.910459080283732555e-02
1.992657781812448223e-02
1.170105977705935066e-02
7.901601611977913941e-03
1.153604922833392429e-02
5.130713479471028793e-02
7.425968938921759244e-02
6.643474415931230337e-02
5.686038113407233807e-02
2.440134355848942380e-02
1.076038753051637015e-02
9.018380985289291274e-02
3.224500685667232996e-03
1.800676075254685135e-02
4.536128623121059300e-02
-1.968743311983455965e-02
6.497776682344123811e-02
8.070440294701890227e-02
9.781210348513015573e-02
-2.482107082431666417e-03
-1.970473821697334496e-02
-3.157659690425855536e-03
-1.157683894071363968e-02
1.447210529254499070e-02
-5.546967000191263542e-04
2.580063055924687945e-02
3.037731737334930029e-02
9.321610905472846320e-02
3.550140966587936320e-02
-3.770750522276648808e-03
4.787174136445772332e-02
5.192997825129164191e-02
3.400255716286275376e-02
3.332720943665105906e-02
9.883601760195875885e-02
6.767168525186065264e-03
7.403426568587907070e-03
4.330057505667207762e-02
1.218220233804072697e-02
7.816965100051762039e-02
-5.307799111983676002e-03
8.046742965876307885e-02
3.409640647212390518e-02
7.354441487300623220e-03
9.150900954792338948e-02
3.596502293300118946e-02
9.069494178593712208e-02
7.604211568171353325e-03
2.304191822445534818e-02
9.312012554550978816e-02
5.230811810254430705e-02
-7.612160688437520292e-03
9.554931979240129103e-02
6.604728857169600564e-02
3.589646553057107559e-02
1.728573932312857733e-02
-8.082036719730009006e-03
4.935060145701375411e-02
7.928023889834977245e-02
3.183127243476607804e-02
-1.649036103365430703e-02
1.316095645993867538e-02
3.012346230001530442e-02
7.082889629394181763e-02
-1.963844770449790084e-02
4.987584824600067857e-02
5.296046770860701747e-02
-1.865668681516927108e-02
7.353888124592657116e-02
2.106768963465107183e-02
-7.814915908880268325e-03
8.919474273323178826e-02
-5.389773379386574720e-03
4.463523615361206232e-02
9.225493738905771179e-02
6.940131108163555274e-02
-2.319385132496288443e-03
6.149569405219210139e-02
5.192743186219563739e-03
7.720571689361965806e-02
6.062634882089082411e-02
-1.370735325986998862e-02
3.391197984385477260e-02
8.647887019578229251e-02
4.523143361494834369e-02
5.567732170685543713e-02
7.209466230435304657e-02
5.442707330209994865e-02
6.384330464581514097e-02
5.445383411717881483e-02
-7.930809485350813828e-03
9.059111844971309835e-02
4.034608357768459941e-02
6.504614788390997160e-03
1.110575161950454887e-02
4.425992413877151421e-02
6.785664652760413362e-02
-4.905678775320287260e-03
5.201680886770965184e-02
8.632814867661751934e-02
8.475741848353063324e-02
2.664055913121736105e-02
-8.161817832968617722e-03
-1.605826678550726500e-02
6.262519099936805778e-02
3.822065263830748405e-02
8.409410449269748289e-02
-1.399057579944879698e-02
8.145654269374107137e-02
3.386639407475132424e-02
5.682331487091667882e-03
5.577551938989887270e-02
5.020190877418968800e-02
9.439500081785576202e-02
3.760879540180282754e-02
1.538824025608522342e-02
4.140423738848542090e-02
6.226520446440811374e-02
9.513717136005322983e-02
2.456785388527428157e-02
-1.588007451115270099e-02
6.467193484388245039e-02
3.514812810265768861e-02
2.688867269865397383e-02
-1.789447588346727847e-02
7.055702438296675150e-02
-1.000378510075178480e-02
-1.649857769050215583e-02
7.163753698890232280e-03
-8.627508203503046758e-03
2.434152865037466848e-02
-3.349109122930758742e-03
9.257962257224264246e-02
6.114476389739521844e-02
7.769975636690411303e-02
4.797175607120428287e-02
8.318282485913409963e-02
7.158901412295630429e-02
-1.804684276908424118e-02
2.450425540702377489e-02
5.690551490258641265e-02
-4.068462880256560471e-03
-5.224183793085831681e-03
2.634085311255751974e-02
7.612427478814236259e-02
1.705113785081090530e-02
9.242184351040116930e-02
8.107332414542756105e-02
9.389601471686565004e-02
2.498384036080747092e-02
9.699282428469749306e-02
8.076505928132256262e-02
5.728164854176477638e-02
1.788778517924084419e-02
4.536344640556541630e-02
2.124859192989838122e-02
-9.859374142995428608e-03
5.993877104327401117e-02
2.557085630662065887e-02
5.624048529370950789e-02
1.009079679201888707e-03
6.592794407615777674e-02
3.928427994247014887e-02
4.893762859060589443e-02
6.349271914028449537e-02
6.056136779595194808e-02
-1.694338838711917025e-02
6.649592488475321306e-02
9.208473916659705438e-02
8.042280773536444882e-02
6.017717467996250291e-02
-1.423266605866918902e-02
6.881993633094525553e-02
9.727240993018122783e-02
6.529601832348887192e-02
2.468591891784623418e-02
7.447130378837922560e-03
-2.101635494884242228e-03
2.910779537802542574e-02
9.190240254834720901e-02
6.670397690669374602e-02
1.283100435977475515e-02
-1.030326959595969857e-02
5.276813628360220443e-02
5.065985634528787085e-02
4.809515028691550842e-02
6.307408243225288980e-02
5.668363278222240953e-02
4.418344115659099403e-02
6.290571913615451705e-02
8.538358249914662634e-02
5.491899932452342509e-03
7.709741190967313307e-02
5.465398859333361892e-02
-1.691851714904173132e-02
9.175803494995209142e-02
9.434175303936916113e-02
8.551915754610313336e-02
4.567525819432294298e-02
8.906764262506174090e-02
5.421477733056494219e-02
2.407597533649981011e-02
6.152669843562284802e-02
-1.353465609334227396e-02
8.344000017071975805e-02
2.219174813433666751e-02
1.747941418064997629e-02
4.907945489121033622e-02
-8.411807855729289823e-03
1.951999249001389394e-02
5.535700606089724585e-02
9.702402741875490455e-02
4.154282407788233156e-02
3.174398668557558423e-02
4.353979574444098721e-02
3.292976434284450304e-02
5.449868060667650838e-02
7.484512378290561485e-02
4.237968076190637423e-02
1.258435113458442750e-03
-1.589457952409420449e-02
-1.205017526960333422e-02
3.496309024065905047e-04
-1.696519162623813873e-02
-1.552660427797309881e-02
6.678770314677244524e-02
-1.144201624200781586e-02
3.091438234001687643e-02
6.192502837435275020e-02
2.135499117630039814e-02
3.719539135231227089e-02
8.895598081627181797e-02
5.517514622255180468e-02
7.156844678037273255e-02
-1.107943480178599262e-02
7.048705381065215048e-02
4.774673175560453786e-02
2.793343939865556083e-02
8.471880041835330721e-02
4.678812969458694127e-02
5.006999724034368049e-02
9.447954463177382634e-02
2.916173737525616302e-02
-1.188995388490650916e-02
-9.869831354183830618e-03
7.847828238323713290e-02
2.982423852553131929e-02
4.105566287370461531e-02
5.847029613198473363e-02
8.010663719733166627e-03
-8.106084214345768077e-03
6.244042001054189717e-02
3.971400179251599605e-02
8.010377569093705963e-02
7.840802910607430620e-02
-1.159090389966470347e-04
1.053556508951398324e-02
6.962826219991252730e-03
2.317654308057522788e-03
3.507953491823881387e-02
6.952248628672613728e-02
7.180908620678086440e-02
5.878490559614649169e-02
9.341743796849133474e-02
4.680036462101463957e-02
-1.000794032752855278e-03
1.395377582865713409e-02
5.795307762103366067e-02
8.526859939804228017e-02
2.025066412742572777e-02
2.892378582857894551e-02
8.569689565138917386e-02
4.801538636976511454e-02
4.523594858903202953e-02
8.014194097787634419e-02
2.980275716746791717e-02
-1.736621156443792641e-02
5.708838800048054996e-02
6.022298393607730671e-02
7.109885490084071058e-02
1.850236519688092801e-03
7.269840597143231720e-02
2.276975191015576452e-02
8.343793470175249471e-02
7.381966726806700463e-02
3.703849520003337642e-03
1.435730846953785569e-02
8.847483187284660433e-02
9.083972403221908520e-02
4.993107116680818580e-02
3.975644823995103105e-02
8.962720928979855950e-02
-7.972901064176517519e-03
8.268736951083684172e-02
5.028125525132826068e-02
2.176168226966526328e-02
4.358952119703692063e-02
-1.636854226399377457e-02
8.112024097389980426e-02
1.744951540670843307e-02
7.374373652290825559e-03
4.828053635370757601e-02
5.432725066538461600e-02
4.382241981247896045e-02
-9.611780393474952597e-03
6.161257959415061825e-02
9.251984731879153712e-02
8.796856258228860637e-02
3.057647248769102682e-03
5.777179251502162494e-02
2.724317532627061264e-02
-1.695510604198656110e-02
3.503662956119092675e-02
6.737204273075202143e-02
7.286806157553883667e-02
-4.932737578190637268e-03
-1.330416160441132492e-02
8.504116295474924841e-03
9.769470135407440359e-02
6.637407955793199477e-02
7.741426636642902148e-02
8.697342042678925245e-02
9.174409732299422526e-02
-5.718971722798830981e-04
-1.340443865488899489e-04
7.334031211387956328e-02
7.173218542850277879e-02
3.548242886572371135e-02
4.493045356766411924e-02
5.911763819439781742e-02
9.222062671363079334e-02
-5.647873046882110476e-03
4.851161300073685012e-02
6.307963858263763990e-02
3.492062314096984477e-02
-7.949159478579694016e-04
1.290540603412546408e-02
-1.981627978709570026e-02
2.863988296880649528e-02
7.568994775037045375e-02
4.447459276301855835e-02
2.380317879024259134e-02
6.330557860357623190e-02
4.513470623943011129e-02
8.791505442819526339e-02
-1.860125861175883702e-02
5.872378531701635818e-02
7.233450285036649441e-03
3.295283216850658503e-02
-1.909333154275791311e-02
2.348832460007890463e-02
6.504794273122527226e-02
9.797827990316926305e-02
5.509761726282048910e-02
-4.336070652422450294e-03
6.722847595685840782e-02
4.230022893433664499e-02
4.952854356666415436e-02
-1.501498466855003336e-02
9.779967187098351222e-03
4.156406772071674638e-02
3.267206883521546479e-02
9.664459784956649924e-02
5.147242692743161929e-02
-1.767970519473784086e-02
9.729945054505927116e-02
3.558362954977103282e-03
-1.646487227882586710e-02
1.707508329694795365e-02
4.480664367613225452e-02
9.952946070061437223e-02
1.455994941843340509e-02
1.515384537465577428e-02
3.754153568277059094e-02
3.003595518100065850e-02
7.276474554058655342e-02
3.667949446170803984e-02
8.727801424551515086e-02
-2.972459642821771719e-03
-1.752642368868269004e-02
-1.404745977733333484e-02
9.475017932782472951e-02
2.001458183378808722e-02
1.010587517961149956e-02
1.874897448311615630e-02
7.255370441344388688e-03
3.470463137560073075e-02
3.028370424975892691e-02
3.407056321068335780e-02
8.934622212489694293e-02
6.664893519061046434e-02
5.125507468668190347e-02
1.216089221180108662e-02
2.295729636175005209e-02
-1.897979189850109230e-02
6.851413832434685713e-02
-1.640102227197586665e-02
4.392099559269964371e-02
3.368747590064739839e-02
2.502554529264509539e-02
9.300161601160818192e-02
-1.168293727669053768e-02
1.080630078414374778e-03
7.799653474310615231e-02
6.791688494362578543e-02
1.019143465430604259e-02
-1.560709766640446840e-02
6.015683966297256935e-02
4.869478002502547476e-02
3.677903562809295424e-02
5.622836655414163720e-02
4.940296377344306766e-02
9.564694348564865833e-02
9.418367948795132449e-02
5.962844576616378733e-02
-3.876226919012716599e-03
8.961979391616647916e-02
6.046159936492512266e-02
2.509052996089375029e-02
7.857958393498157279e-02
2.513831894657198376e-02
-9.391191670684514992e-04
9.384548469223547018e-02
6.519699125236574910e-03
6.599233559571289487e-02
7.015281944439144546e-02
1.743899624204143031e-02
-1.034317267203721871e-02
4.696482429586469609e-02
3.164750126459099644e-02
9.710488819607469846e-02
8.028087231211519792e-02
4.139282188880895330e-02
7.863497000348169952e-02
5.199679303950643927e-02
8.757578974195734389e-02
9.023956674184366311e-02
4.267696591637783199e-02
5.306169129586857380e-02
6.289572974462012689e-02
-2.160610864406768694e-03
6.555809094073761223e-02
7.952380221750703082e-02
6.079967621194077437e-03
-5.142637012692005682e-03
1.127387596059567162e-02
7.967810349895504407e-02
5.790415870006337951e-03
9.458576470067689423e-02
9.072606546390804549e-02
4.908828069247578307e-02
8.651308068734336887e-02
-9.578782466849835794e-03
-6.060949412522512181e-04
7.222609547803980623e-02
2.338871162855301125e-02
-4.792838418634509656e-05
4.409978374408866919e-02
7.040384838181533433e-02
2.689544855348862187e-02
3.518418079967104706e-02
8.184978727781924701e-02
9.986499369139242854e-02
3.292151966612025249e-02
-4.714172026547504626e-03
2.904346540530282350e-03
2.045451331393579111e-02
2.614137585089159818e-02
2.797020428477664869e-02
2.797960406747173820e-02
6.563390266081736701e-02
-4.965312782470813341e-03
4.245997778198051797e-02
4.784669251156060954e-02
7.903397300031461681e-02
7.983465467444531005e-02
8.473560910544758462e-02
7.303686236450419866e-02
-1.429536687394508676e-02
1.536806937446943619e-02
7.379166801369173301e-02
9.980565743640269771e-02
1.189159058150510845e-03
7.931842576189240823e-02
9.999313013584291976e-02
9.468568982571788639e-02
1.518160879004173611e-02
9.148400553223033638e-02
4.334732494721356411e-02
6.947547687510556569e-02
4.273215297596981432e-02
5.834670200967100040e-02
5.574909183266563151e-02
9.247811543844060289e-02
4.988939477063418504e-02
4.861374599922828332e-02
8.497878357720718007e-03
7.458955386913079799e-02
8.257613978927075271e-03
4.301156723949495220e-02
4.943946811052295220e-02
5.432514619407833451e-03
4.506793382788470970e-02
7.752383223099856835e-02
8.921112199064504256e-02
9.216354747712145190e-02
9.062216774964179655e-02
8.227815474149333119e-02
8.371629753298655274e-02
3.433861950484640158e-02
9.348357375093920008e-02
5.307527747306726301e-03
5.894224204532463873e-02
2.390616579239049702e-02
6.940536798099204707e-02
3.504582442794881847e-02
9.647806527111647823e-04
4.074191094409071456e-02
-8.444316162360479550e-04
8.307461325614909353e-02
6.036637397273110495e-02
4.791018452583388487e-02
8.009441011397802623e-02
-1.477313452582017239e-02
9.794286210992268760e-02
5.702882258232255808e-02
8.555221073594597436e-02
6.222622868542375396e-02
9.638216102688665354e-02
4.371682321058625864e-02
8.429673446113832014e-02
3.048337612767473490e-02
2.223984399470643400e-02
6.328857384223270099e-02
7.972726551044005683e-02
8.669206933617727706e-02
1.162183872213603739e-02
-4.694539653342030827e-04
2.617332851701399329e-02
1.050771404083200231e-02
9.244357031329757113e-02
6.052060264980230198e-03
1.940931447911877286e-02
6.214050718700943332e-02
2.154310011361429758e-02
5.957307802135533570e-02
-1.325009544951727403e-02
5.120867127152066434e-02
5.036009189361852212e-02
5.654435120800478665e-02
6.023921278673692592e-02
1.529076531734563718e-02
2.241883702817243709e-02
1.314946833208324381e-02
3.764105798489889021e-02
6.370989806875636263e-02
8.658242232243121284e-02
8.776607187367294061e-03
6.201014125118868570e-02
-3.968556497884034168e-03
1.184048418403771744e-02
5.645062274104549471e-02
2.940285280745045735e-02
5.026400971033972986e-02
6.694752058363516445e-02
-1.011913402459551671e-02
7.059157216034750437e-02
6.381597255092730236e-02
-1.212568641109021579e-02
1.057461598435335132e-03
8.362329780584384920e-02
3.242020458882401146e-02
2.867802308259677704e-02
-1.239958442840602068e-02
6.029576359640465011e-02
7.612074586541121846e-02
4.054368750082067152e-02
5.455448239367602370e-02
4.427416411758580694e-02
-5.498447659646164137e-03
3.877622261817134652e-02
-1.341392407486405314e-02
6.248217193157402927e-02
7.202393489995728704e-02
8.556155521305215672e-02
8.634589188738270304e-02
-1.645679772782337666e-02
4.615353046183486019e-02
4.621894257672674866e-02
5.217414371974375686e-02
5.833028060438025242e-02
3.829094308298766625e-03
9.344999695627274894e-02
9.993169735592333236e-02
9.569469039229165641e-02
4.116385651344610375e-02
-1.688834880710965783e-02
5.610274427272844006e-03
6.170292658909438954e-02
1.317035519640031779e-02
6.139782084663417128e-02
1.255775033694910350e-02
1.611300978398491970e-02
1.872410826368813355e-02
5.423042680096676338e-03
6.347736720470634197e-02
3.925007011797808365e-02
7.769911364974041446e-02
9.295064570638830043e-03
-8.277483615516891338e-03
4.725613229089897782e-02
7.906521715268223505e-02
3.575735238645950942e-02
5.038640244495190545e-02
7.158325534716100669e-02
8.393270156947908733e-02
2.298420648259935292e-02
-7.571215788626130608e-03
7.611908089931852806e-02
7.925672026072309168e-03
3.855805848935540958e-02
9.502517166493058831e-02
2.625598401603851037e-02
3.509928006562218483e-02
-1.350930458057239200e-02
1.690501795247571423e-02
4.668648222065641118e-02
9.371793530108366715e-03
7.546711584757208324e-02
-5.474595114006008262e-03
8.057621110976267986e-02
5.245136313513500126e-02
3.746544153017278278e-02
6.543836434570750316e-02
-1.369671606264779087e-02
5.058426373683062860e-02
3.918291388850632384e-02
9.023847684343692943e-02
1.986437164223934029e-02
-1.044179339588602318e-02
8.704169614649576170e-02
2.107305743012847024e-02
5.325736872690742252e-02
3.510319551469785748e-02
5.019538101004572539e-02
9.052843299058070670e-02
2.051191141844077234e-02
7.772208876968574043e-02
1.099659340407841898e-02
-1.220504385382786133e-02
9.727199813333667344e-02
7.966864933413290994e-02
6.249172583106299417e-02
-1.716701678313885260e-02
9.931309539850589896e-02
1.092137130963867497e-02
5.294370921950068698e-02
7.899957476007687940e-02
9.540796981311663871e-02
7.625367836601659732e-02
5.865518396750860064e-02
9.740671370329007095e-02
9.244242611655530129e-02
1.290281350888483267e-02
9.534884384206947922e-03
9.477291942380602907e-02
3.834178373983103405e-02
9.047798531702695712e-02
5.852863651803347222e-04
1.920086796622115163e-02
6.570932501352315380e-03
9.338167626139336208e-02
-3.883016435876150696e-03
3.759266373714750809e-02
3.729833209081159784e-02
1.093957557279094661e-02
8.796660632212070785e-02
4.034109663070302443e-02
8.070047687854894902e-02
-1.387752304180104451e-02
3.633978932199570522e-02
3.289649286323070854e-02
4.424139257696484140e-02
1.287160824622310754e-02
7.944784722071714100e-02
3.089956534591819723e-02
-8.602971320879436792e-03
1.272852408850977043e-02
9.831478468518738134e-02
5.902937094977851740e-02
7.201779512415286411e-02
-1.643999750104841243e-02
3.784736611064241918e-02
9.985498569424582083e-02
2.171162110465630485e-03
5.296479704036598235e-02
3.470512634613670544e-02
2.785126752650036661e-02
1.839445340271004051e-02
2.996564120901602443e-02
8.613106793434199826e-02
6.941712087934494291e-02
4.941588591697080451e-03
9.682023762429531333e-02
6.260380301640022793e-02
6.421440629636622488e-02
3.790687399546781300e-02
4.643034957059181955e-02
7.422282437050121973e-02
-6.307537284369229766e-03
-1.728550406853649607e-02
7.575887850741100382e-02
7.805809776225219876e-03
3.313036375744672635e-02
3.588440750383628530e-02
3.432404541757730354e-02
9.634936269621785510e-02
4.609824279738627961e-02
1.515362575261276420e-02
-5.024760711458461232e-03
1.003455818051569859e-02
7.947898468106266712e-02
8.986845670931045693e-02
9.996100820139289245e-02
7.537638486858462550e-02
1.499172997316742736e-02
2.642625129344986987e-02
5.809432403378002319e-02
1.970383152789928830e-02
9.197421579003892123e-02
8.895819339303534523e-02
6.393179501764856276e-02
6.915365200338906282e-02
-1.423466442214059435e-02
1.149797223867182402e-02
2.260262060783499102e-02
1.722717298528992844e-02
6.367541716154798137e-02
6.258184930599073464e-03
4.109273422850187596e-02
4.230629844838276754e-02
4.464996809876606298e-02
9.286580878135920758e-02
2.623368849838488351e-02
3.927556048632817320e-02
8.744861632845216115e-02
7.826982799389814449e-02
8.636624375711476898e-02
6.922323254703492690e-02
7.735427307205743064e-02
