1.059575247232188433e+00
1.030811598472200608e+00
1.022469049340948954e+00
1.071745416611385116e+00
1.025268431558131077e+00
1.051818676712746425e+00
1.068515524209813883e+00
1.064672403630603448e+00
1.023035478850899960e+00
1.013635981309967571e+00
1.056262736193693819e+00
1.075119493994982856e+00
1.029611043707868490e+00
1.044839504684166531e+00
1.080503650848429809e+00
1.016530533521928792e+00
1.061022494561358887e+00
1.034677749758210474e+00
1.010215441957303950e+00
1.087654932130187380e+00
1.065853925852104922e+00
1.064964111559514093e+00
1.079255306349731214e+00
1.041348900699343272e+00
1.087557880555475309e+00
1.057672732721435471e+00
1.061514346063055170e+00
1.081291604356470870e+00
1.016169353319829938e+00
1.010337141369675340e+00
1.069340732914492831e+00
1.037546709444373993e+00
1.011274235085680706e+00
1.096726243368400411e+00
1.004930594916875863e+00
1.046855678429447822e+00
1.050855176625733689e+00
1.038113350124392653e+00
1.027841374253306572e+00
1.093022036316411150e+00
1.040263564641652261e+00
1.047620017154996752e+00
1.087114617643841763e+00
1.042343376675660682e+00
1.000199002092291067e+00
1.060766467520087408e+00
1.045375331608199732e+00
1.066220498692317387e+00
1.019141627603160849e+00
1.017706032607401445e+00
1.065290910751268916e+00
1.088596646971291770e+00
1.019162970308765903e+00
1.015936932710332696e+00
1.090233165657485737e+00
1.028840043212879030e+00
1.012360872361103503e+00
1.099660310292666310e+00
1.086329367523159117e+00
1.052369242834536811e+00
1.022704297524861916e+00
1.075610440169057602e+00
1.072352525426331304e+00
1.053229893868119493e+00
1.059941524368824606e+00
1.072427756715672587e+00
1.068341372652549470e+00
1.083039688050422500e+00
1.095329402413308895e+00
1.090970200432188619e+00
1.014336683973710906e+00
1.004264513337739695e+00
1.019045469315940089e+00
1.020416600625679404e+00
1.086749844188372727e+00
1.039209067835729305e+00
1.055937086690912352e+00
1.036882985474119057e+00
1.099073297094919521e+00
1.067146491775813333e+00
1.076295481003192167e+00
1.000174259848772840e+00
1.066996514400614382e+00
1.004486245077806483e+00
1.009767887504965822e+00
1.044238960878951961e+00
1.042185315924647693e+00
1.003903029439845662e+00
1.042669447781726877e+00
1.016799809321658143e+00
1.071828878545203034e+00
1.043016407462335371e+00
1.007988080192477653e+00
1.043754659715218969e+00
1.068082940979687923e+00
1.062379673490404741e+00
1.087235014629307273e+00
1.042986831466393260e+00
1.058056606039914582e+00
1.025113688119689836e+00
1.087354164584323657e+00
1.040078965042384729e+00
1.094728758922648426e+00
1.020039370257936451e+00
1.066794004329032930e+00
1.091108204745490307e+00
1.006905980061273853e+00
1.062735324489738176e+00
1.033156724705895702e+00
1.013346309212025620e+00
1.021661145483889754e+00
1.012476723601046125e+00
1.095196852695768497e+00
1.096561238382325332e+00
1.087704439781200128e+00
1.046316868223794661e+00
1.055945855102371489e+00
1.061673362681471167e+00
1.071084549578346312e+00
1.089995527334669756e+00
1.050697941124042245e+00
1.027145216378197778e+00
1.066051020780785619e+00
1.030348764967611741e+00
1.088672665256092298e+00
1.081719329272306851e+00
1.051967845748957853e+00
1.062311620649532218e+00
1.083083913465680670e+00
1.093260453662955323e+00
1.074083777819045293e+00
1.062705631930748629e+00
1.013677649469306052e+00
1.075223360883285517e+00
1.088946117368756905e+00
1.039746658137066904e+00
1.050673843127633678e+00
1.000056403430985119e+00
1.053058513523612350e+00
1.032516301909805367e+00
1.030858901452430754e+00
1.080446455320217769e+00
1.088797939351577870e+00
1.078621620891611510e+00
1.047310591118918222e+00
1.084361899280117836e+00
1.064324048820133095e+00
1.035016859330197825e+00
1.044024814184750793e+00
1.064658197022941399e+00
1.077083225262211563e+00
1.075966513480444364e+00
1.060431740255123323e+00
1.022504187788910501e+00
1.094566556065359464e+00
1.058926876839386688e+00
1.010749215986889826e+00
1.018299172368047012e+00
1.013350072358192078e+00
1.076840484595682934e+00
1.057794302108223006e+00
1.036476453035833245e+00
1.095270514636880632e+00
1.042241542961406253e+00
1.067665551373455646e+00
1.045974833585272101e+00
1.057485781045887752e+00
1.075245360188247457e+00
1.019565884921903143e+00
1.026310421876588386e+00
1.072048696562953207e+00
1.044126481419780816e+00
1.068330933416923090e+00
1.044739261167917821e+00
1.062642720666626905e+00
1.014806079645630854e+00
1.045084797666361087e+00
1.027316836169457570e+00
1.016400191904780259e+00
1.020952351601396524e+00
1.035029292036166559e+00
1.099120453566118316e+00
1.083440016609416467e+00
1.011571187005711137e+00
1.024348996269484058e+00
1.023038643977482565e+00
1.043722987894321719e+00
1.091449751330348050e+00
1.053347734825878401e+00
1.052551242017828237e+00
1.078802840233780813e+00
1.043240330003183614e+00
1.063367011448155930e+00
1.033416693552267729e+00
1.055215621458188258e+00
1.070502763117993972e+00
1.086426210616901589e+00
1.033855605901651487e+00
1.078277313854936192e+00
1.095597221777043329e+00
1.077358646725854019e+00
1.083451639210143203e+00
1.080506423222806989e+00
1.036772122120131590e+00
1.036237781999455931e+00
1.074240758366646453e+00
1.025155649739298847e+00
1.017586871085513822e+00
1.040522756755987155e+00
1.018496346853115186e+00
1.001053856756313865e+00
1.051183830417945275e+00
1.001197421886361072e+00
1.021924024756879712e+00
1.087700902597926289e+00
1.033858949394164117e+00
1.068216442416132006e+00
1.002968053992866926e+00
1.044316217128191893e+00
1.036495739659381687e+00
1.088617174006750510e+00
1.054305234120095358e+00
1.007703006392724143e+00
1.054428097269375808e+00
1.002382558609648866e+00
1.036300712487463027e+00
1.047336367327978301e+00
1.057326561302151191e+00
1.027608304400833950e+00
1.085649682623752277e+00
1.055544611159826562e+00
1.088440499412716145e+00
1.064039023138240614e+00
1.075672977889907678e+00
1.020923450086458129e+00
1.060107570953117140e+00
1.080170068117398685e+00
1.045134285261069440e+00
1.017387316063167679e+00
1.011807923765248862e+00
1.034558728006014672e+00
1.057628540717055809e+00
1.077795472704861313e+00
1.047081945907210487e+00
1.007207343637129160e+00
1.042872571519072977e+00
1.079803889922035465e+00
1.006488405102636596e+00
1.010342997405592191e+00
1.010682865277415132e+00
1.045832705315793643e+00
1.025241243281936443e+00
1.056449997747490599e+00
1.011420499846372056e+00
1.021199060117475632e+00
1.046933227886855278e+00
1.077705429002027371e+00
1.096244007478807569e+00
1.055844691690736248e+00
1.050535601947648390e+00
1.046392951525199289e+00
1.044329747660687646e+00
1.044788602245822373e+00
1.057037417008434232e+00
1.010947216837937646e+00
1.065137854832482578e+00
1.079363501654655888e+00
1.077339642690388288e+00
1.089866787293259254e+00
1.012124619461244768e+00
1.078148835312882969e+00
1.077271647729739268e+00
1.024098917528264874e+00
1.093172651126003370e+00
1.028104265006158924e+00
1.088851913388840353e+00
1.057973058395525578e+00
1.086730978240816992e+00
1.072164623958458796e+00
1.015444435688598546e+00
1.033351345910008767e+00
1.056124663752626036e+00
1.005871489149670062e+00
1.001185975311696508e+00
1.078862349535239407e+00
1.071345077176216076e+00
1.062448614276908510e+00
1.034771818754971262e+00
1.045962610716713925e+00
1.072464588841715250e+00
1.028097853092541980e+00
1.058777026108242536e+00
1.056638309699715395e+00
1.029263638584440477e+00
1.098028951911345974e+00
1.070634778660386477e+00
1.038676872471730572e+00
1.047452450517784905e+00
1.082304344521016315e+00
1.076662316847708301e+00
1.015576214419704026e+00
1.052265957033229338e+00
1.015165719039659020e+00
1.073199165235692920e+00
1.080187849235162201e+00
1.080131997101618779e+00
1.031332907244683073e+00
1.084179277909190997e+00
1.044098428891624186e+00
1.064376272278981572e+00
1.005837059487267426e+00
1.012546755553433764e+00
1.030281284985854473e+00
1.000720477365137251e+00
1.069970332980707539e+00
1.088974359339410336e+00
1.094984502511385349e+00
1.009596629205125273e+00
1.027689106647083461e+00
1.059380525621264058e+00
1.031297088681666141e+00
1.086165009949977112e+00
1.095834992844337830e+00
1.002931902621622795e+00
1.027396816326449080e+00
1.033686245865455877e+00
1.081383256691285322e+00
1.021082582132845529e+00
1.004418764956719556e+00
1.037307774634464108e+00
1.083991491404838303e+00
1.020824176462011623e+00
1.067349540003787345e+00
1.088557663113193019e+00
1.067973006541873549e+00
1.069960390294650621e+00
1.019032866745191335e+00
1.057960460842276129e+00
1.077339170076443198e+00
1.071086249369321841e+00
1.084056123012451467e+00
1.015170469114900831e+00
1.045556959900690863e+00
1.004412064601994725e+00
1.062611240850861005e+00
1.037527551852710284e+00
1.061989155014284814e+00
1.003601408630704350e+00
1.013209740729570152e+00
1.070964098599492154e+00
1.051827319623789281e+00
1.032589539366714382e+00
1.096036829200147222e+00
1.084952249427364013e+00
1.054881878476109369e+00
1.027498105158637598e+00
1.083172581119069777e+00
1.077502585892703646e+00
1.058048488518556818e+00
1.047293363079175421e+00
1.057100278339280219e+00
1.047085365394141432e+00
1.087028895357283309e+00
1.090277580214916497e+00
1.005325795756967455e+00
1.004000544653112170e+00
1.057878943465687005e+00
1.045614766785070593e+00
1.074441772252547223e+00
1.094243881526474338e+00
1.003770437753753519e+00
1.013808713494739111e+00
1.006975845806030501e+00
1.088235306827835425e+00
1.098219112989176516e+00
1.074373723485311238e+00
1.094729108497657588e+00
1.055200881627316400e+00
1.087603755645432546e+00
1.057806018281793881e+00
1.068342635963460019e+00
1.036478279647899958e+00
1.002347529014588901e+00
1.092070668199173422e+00
1.024963061681413157e+00
1.001896138214649623e+00
1.041907115714754362e+00
1.066143143127737281e+00
1.040205617350426381e+00
1.061245092279053504e+00
1.044822215324179959e+00
1.005827576921773048e+00
1.048650066364031241e+00
1.074767354898470417e+00
1.089410856286083806e+00
1.064442715894713176e+00
1.017162701285851734e+00
1.036390312572539329e+00
1.010296544081555004e+00
1.082817057138021566e+00
1.030478091359894766e+00
1.097259610978809974e+00
1.007147978055707105e+00
1.059547976540504921e+00
1.071760333579299562e+00
1.052065023576236769e+00
1.018034724642198352e+00
1.049660116412600042e+00
1.048360801420997301e+00
1.077773381655241725e+00
1.022317933459297334e+00
1.074522490837677369e+00
1.066433944848049320e+00
1.010054481902766366e+00
1.077636562572323209e+00
1.084911463570792822e+00
1.071670288566638263e+00
1.054387592003770413e+00
1.039694264883434638e+00
1.012451325997079543e+00
1.046734445362272892e+00
1.097703451890520876e+00
1.064326310293352007e+00
1.081505761738585925e+00
1.005054541340572039e+00
1.096808408923155564e+00
1.083628602965472476e+00
1.002140567140235250e+00
1.071612925918417503e+00
1.063016125900950515e+00
1.029763899286013640e+00
1.048583341702118643e+00
1.097165181177702342e+00
1.048384556162018866e+00
1.057053056934505353e+00
1.033302066839358213e+00
1.085251720162166089e+00
1.003797560110624154e+00
1.012567835255858029e+00
1.084669633238153352e+00
1.004223820777214504e+00
1.083368668992476191e+00
1.049182216639404475e+00
1.000137256511486106e+00
1.099215419549659956e+00
1.005456831303274567e+00
1.075777091879714709e+00
1.036266846330955227e+00
1.022420070274146164e+00
1.066378298134582181e+00
1.010290446873637560e+00
1.053663270474324065e+00
1.044858417431958619e+00
1.080304390089640743e+00
1.024203271352564171e+00
1.088279149394596246e+00
1.040423352347892738e+00
1.007952429032957564e+00
1.023847420468332547e+00
1.079739482059484335e+00
1.086938413383037982e+00
1.023343628254829829e+00
1.048989655247390296e+00
1.097364239470498548e+00
1.008593380385593763e+00
1.027851277750272629e+00
1.037964017116491444e+00
1.091078475499372091e+00
1.044599827766677258e+00
1.066727884225470602e+00
1.079685228123384633e+00
1.046779763144032094e+00
1.000268816429145113e+00
1.013773654554814163e+00
1.064340476250495549e+00
1.022681573249096587e+00
1.033601606959117625e+00
1.033268168206373572e+00
1.006987341385381152e+00
1.037117600093459879e+00
1.043051349566535890e+00
1.059873925330195643e+00
1.030193960642652229e+00
1.093744908513222924e+00
1.024743875797008430e+00
1.046313738035343777e+00
1.009726304292990706e+00
1.088623949413114467e+00
1.066119476869495042e+00
1.063987140325048264e+00
1.000506236589730813e+00
1.065792256457871900e+00
1.029563222153209612e+00
1.057914891035867333e+00
1.046693275148253610e+00
1.088901510731123068e+00
1.078993922726140253e+00
1.009593361953665669e+00
1.082316501534112074e+00
1.028080120799255370e+00
1.047396065773799734e+00
1.001300481217926031e+00
1.000525624825654436e+00
1.012515350638913958e+00
1.008138201163004455e+00
1.088518096652556943e+00
1.076993373264482301e+00
1.089748521089076716e+00
1.016808228937527536e+00
1.027171028220553950e+00
1.014738233394948841e+00
1.011235966544437703e+00
1.004587566637437090e+00
1.099725010660429048e+00
1.035610242772610823e+00
1.091735761798824367e+00
1.049398343389555510e+00
1.005064975246827252e+00
1.093648973383628320e+00
1.076068144324198839e+00
1.008540710867463330e+00
1.012232107965147065e+00
1.026248714864541389e+00
1.080139792281946010e+00
1.061082577111313041e+00
1.054140289414812193e+00
1.012951430894263760e+00
1.084484874453188530e+00
1.026617311472674876e+00
1.094714137534347209e+00
1.003859399211781023e+00
1.007095337114720435e+00
1.013909125046492887e+00
1.085535807787563423e+00
1.064607685471609333e+00
1.032742153412292030e+00
1.009598605574091090e+00
1.083975968320369132e+00
1.065576592024265468e+00
1.025489256904588142e+00
1.008550069876873234e+00
1.093808141783734866e+00
1.041286797242847895e+00
1.083477834780548488e+00
1.011182891948463558e+00
1.096814305632093145e+00
1.053705302068215222e+00
1.022879680871967567e+00
1.087944174996218205e+00
1.027499556152851046e+00
1.090301161775250272e+00
1.018855607355481085e+00
1.018086835169611737e+00
1.063787243388587322e+00
1.062184718870899935e+00
1.070597188062140104e+00
1.095780881057528466e+00
1.018500390894693020e+00
1.007359239996792111e+00
1.000769491077929008e+00
1.003828525949527872e+00
1.075316130081083621e+00
1.070075725995617066e+00
1.046771001151027836e+00
1.039308277770448985e+00
1.014015666423343953e+00
1.007573027620708439e+00
1.061282820060531762e+00
1.096861388489565270e+00
1.039442703699816617e+00
1.084228947655749176e+00
1.016493715951590104e+00
1.059806895830134765e+00
1.035214978879153813e+00
1.019479516893255111e+00
1.017526515575872370e+00
1.049521971390146913e+00
1.041379591322707521e+00
1.020290187631329282e+00
1.052020380860989368e+00
1.053166436749687129e+00
1.072209893893145694e+00
1.040766990246091872e+00
1.059708294993184641e+00
1.004566075331239317e+00
1.081545356802815272e+00
1.010852396945709941e+00
1.044089253604085998e+00
1.070478644859596873e+00
1.089616054638613551e+00
1.066723410024565943e+00
1.084114143707953781e+00
1.095851861138624983e+00
1.070761486876043111e+00
1.034470298326337190e+00
1.069958295206374199e+00
1.046379002414575154e+00
1.055080208470287939e+00
1.058739110497249003e+00
1.066943307231695837e+00
1.029400476585608626e+00
1.048084540015201460e+00
1.056148817646237248e+00
1.092057161943497112e+00
1.069816235810194360e+00
1.052728715877765397e+00
1.038614281693725383e+00
1.016146693208876073e+00
1.031688080656745887e+00
1.035296622904597008e+00
1.088020759010330130e+00
1.057970802263731080e+00
1.034626559066221807e+00
1.055668149803020928e+00
1.068205235739523529e+00
1.079546982349463002e+00
1.079960912621365843e+00
1.014566032503271931e+00
1.068486470878045047e+00
1.062731455383622681e+00
1.022688945898834412e+00
1.032645158520092865e+00
1.011931626732890166e+00
1.087827353391457530e+00
1.026745192378913263e+00
1.008629140869309770e+00
1.004757880822057414e+00
1.031714918398467962e+00
1.061078240768258629e+00
1.059927143122131321e+00
1.040731083544243152e+00
1.087134753036861357e+00
1.047472662660636322e+00
1.046937383714484415e+00
1.013278222668361206e+00
1.027049015564104550e+00
1.047152993133573240e+00
1.016902868717697084e+00
1.073668317921325110e+00
1.007774234184520612e+00
1.089078864669987379e+00
1.080811319639492396e+00
1.057208839339026207e+00
1.049782839295839709e+00
1.090732321312756214e+00
1.093988838501711802e+00
1.035526749386912471e+00
1.009178684071836196e+00
1.056790841697186067e+00
1.018306514901495818e+00
1.051472994524112803e+00
1.068781067494625869e+00
1.030472690795009028e+00
1.077606639613867490e+00
1.009414663044628568e+00
1.075970945034835147e+00
1.056661672466545854e+00
1.097828909630638838e+00
1.084979832516082876e+00
1.047686777915656231e+00
1.018077358601299220e+00
1.099023236799304248e+00
1.072999200537270381e+00
1.067206201026090318e+00
1.062919555113093217e+00
1.057481139232471223e+00
1.022653088050964554e+00
1.079246839618628107e+00
1.027695759923173968e+00
1.012350919232426927e+00
1.023219518090502822e+00
1.039690446233578980e+00
1.084384454391079888e+00
1.062105299241173473e+00
1.067586243714395033e+00
1.092235107142725870e+00
1.072314066841964397e+00
1.041607636345166954e+00
1.033052952526288815e+00
1.028618730333692666e+00
1.055199819769371938e+00
1.031179024787733711e+00
1.034921428002182786e+00
1.067417863111295828e+00
1.085908576353480592e+00
1.020575446762317373e+00
1.092252984336950838e+00
1.026257805149617841e+00
1.066110637855863130e+00
1.095171680584589469e+00
1.009671602847783012e+00
1.001868522741395262e+00
1.006118034167561959e+00
1.064804512155371974e+00
1.036437194335486423e+00
1.068029334833440203e+00
1.069521040484758378e+00
1.020909117776695574e+00
1.067582179168336642e+00
1.020542237290245513e+00
1.068017057645269663e+00
1.038135081100641344e+00
1.001015605719127732e+00
1.074020447538932332e+00
1.013827757710062283e+00
1.058243811408714707e+00
1.043836171822129844e+00
1.058257307746170328e+00
1.092620463813197995e+00
1.078505620579590873e+00
1.074453401197563052e+00
1.019912097515446758e+00
1.087385840777214563e+00
1.064359937671411682e+00
1.075272902238999295e+00
1.072475057688978772e+00
1.051204406022658855e+00
1.007991666376338191e+00
1.017588403796621632e+00
1.027568194907923171e+00
1.012918156578445306e+00
1.087569741841940552e+00
1.078188751254568478e+00
1.036109956667295773e+00
1.013819145230800522e+00
1.084005694363450845e+00
1.081021776411885238e+00
1.099961498473433164e+00
1.008560777651084983e+00
1.091720900493551083e+00
1.071423280983376802e+00
1.094613862166090579e+00
1.074159693330986265e+00
1.047982999778134694e+00
1.000851518481383318e+00
1.029632179987288731e+00
1.063022195595814123e+00
1.033944289439094222e+00
1.050196426770472868e+00
1.056367592270532230e+00
1.099242186799292975e+00
1.096257524990186250e+00
1.072516982698804577e+00
1.094836813472279902e+00
1.033073073556642685e+00
1.038555074735009631e+00
1.030875664793774904e+00
1.052506219377769670e+00
1.072446719576597207e+00
1.064627912962250011e+00
1.065125668077137266e+00
1.040480896243239251e+00
1.034875904841102701e+00
1.079506403183117635e+00
1.064133822730992440e+00
1.047093325167205879e+00
1.003575825686471745e+00
1.087799644112167563e+00
1.004612823484975603e+00
1.064776929390554683e+00
1.038939183271448741e+00
1.034092178406735174e+00
1.088948256121297087e+00
1.031646213183946781e+00
1.083620377068122753e+00
1.042405747549748796e+00
1.058404652722056305e+00
1.094558194697855757e+00
1.009520912889012356e+00
1.095149753847291629e+00
1.034445627285823344e+00
1.069741415594338996e+00
1.058108897940744697e+00
1.017854246532321261e+00
1.070121521505207784e+00
1.043497254424744503e+00
1.074672197924884554e+00
1.060894062573804586e+00
1.023861927331113364e+00
1.068838854766752000e+00
1.048993465246783385e+00
1.088172853945971186e+00
1.009872357395514397e+00
1.028915907102992078e+00
1.058255473865192586e+00
1.064315959621187746e+00
1.089029585770505903e+00
1.092956084190923827e+00
1.006474050449230662e+00
1.015762012862664765e+00
1.029545200139742489e+00
1.000469888663310547e+00
1.072945837458877616e+00
1.009012849583736715e+00
1.049311252623274626e+00
1.053096933637094335e+00
1.099304312770541969e+00
1.046268121456722211e+00
1.095193413010091765e+00
1.032749589888615871e+00
1.054116062243438456e+00
1.011129059708631761e+00
1.006012720721689346e+00
1.043130158391949447e+00
1.079826390545741033e+00
1.038317458779114411e+00
1.055951048748371202e+00
1.046663429331696760e+00
1.089683204876072509e+00
1.041030591394514371e+00
1.000824650309459107e+00
1.051421313997400464e+00
1.048875507707754728e+00
1.092629723970266920e+00
1.021106211554118959e+00
1.021804228181484531e+00
1.095281916619085028e+00
1.053633983313529754e+00
1.047647120945796928e+00
1.098188636276452579e+00
1.011460804963368210e+00
1.071786049802859297e+00
1.065352847410291792e+00
1.049562580605336359e+00
1.091960003818881031e+00
1.026349019649668293e+00
1.056741097306370669e+00
1.032303766945999790e+00
1.042452585935280007e+00
1.031845234901116681e+00
1.055891361873109391e+00
1.031753327617605631e+00
1.005756141357537992e+00
1.095483522683282196e+00
1.032617296071748347e+00
1.069086600835642109e+00
1.003053982397422716e+00
1.049881544611514617e+00
1.044735328554321718e+00
1.076517085603681201e+00
1.084352349701289020e+00
1.003820155503873268e+00
1.037721540435278200e+00
1.016429621990519117e+00
1.018451947542960756e+00
1.008029846799098017e+00
1.099911642093836406e+00
1.006998802486335443e+00
1.026804106034211683e+00
1.067232513092497559e+00
1.044268203843550680e+00
1.083041386549384866e+00
1.087728502560527444e+00
1.092048350653669564e+00
1.020430680483048524e+00
1.059789699328190560e+00
1.044774941740165719e+00
1.098609860235322255e+00
1.018195756237482597e+00
1.057419233944827175e+00
1.079425490826796619e+00
1.063918694514890850e+00
1.005784301013745274e+00
1.064308590173930202e+00
1.012678811691011482e+00
1.030850040420890235e+00
1.020635650054628751e+00
1.076770383711447066e+00
1.006548018236712361e+00
1.058572619169402707e+00
1.031903712223411151e+00
1.098882738553922378e+00
1.099561018746569196e+00
1.044027294283012219e+00
1.007469709961063442e+00
1.085632666674289482e+00
1.003759608825089744e+00
1.060177345607524302e+00
1.048432352827318947e+00
1.077514840840263943e+00
1.074431398487285083e+00
1.066647460036416861e+00
1.015561572228521836e+00
1.094415015407706360e+00
1.039625513210081342e+00
1.012141342099824204e+00
1.039749691956419086e+00
1.027520318587529902e+00
1.070114895449050918e+00
1.018332756606863621e+00
1.063083704418723130e+00
1.080656356745644864e+00
1.089176872501232518e+00
1.040814758947284258e+00
1.079372428638968096e+00
1.089487142723952084e+00
1.042013508573957248e+00
1.050899134131481283e+00
1.062386040716539082e+00
1.053976010663297602e+00
1.069788011808814554e+00
1.090904818058560544e+00
1.035130635222545115e+00
1.049545382966536877e+00
1.033152113387426407e+00
1.087868180136079221e+00
1.097571095458402590e+00
1.068024551668089517e+00
1.075926403896382277e+00
1.091819596935197145e+00
1.091442057812084032e+00
1.022149486717849109e+00
1.048554270818899292e+00
1.036777885641833929e+00
1.052369278380731021e+00
1.095477785703734996e+00
1.005065940321362872e+00
1.087296295176307881e+00
1.096216914997581782e+00
1.022683877048327084e+00
1.006573331296038321e+00
1.037308937842666534e+00
1.048557815711516517e+00
1.084230969149289070e+00
1.004237681238997038e+00
1.040846724054236505e+00
1.068746295115845291e+00
1.061516638914412169e+00
1.065502691333541474e+00
1.007546311099322800e+00
1.001907409611168420e+00
1.021028000138198388e+00
1.098092822742966712e+00
1.005777598524564942e+00
1.093936004499016512e+00
1.092625410047880719e+00
1.042610959545437144e+00
1.016472745911687570e+00
1.022897086966400249e+00
1.064673522223581914e+00
1.013151937442129169e+00
1.027133470362743273e+00
1.085268720941296783e+00
1.085746577879587171e+00
1.039039088780415732e+00
1.017466576038855042e+00
1.090937756436317629e+00
1.029883038935731854e+00
1.076771600106179561e+00
1.049371980698043494e+00
1.066804561657283212e+00
1.042700865370829399e+00
1.031369813160354587e+00
1.007906596449334780e+00
1.000112868555641077e+00
1.086968328932656824e+00
1.005412345986383515e+00
1.016791522856778096e+00
1.094726836171161510e+00
1.005002899483778966e+00
1.054666440175184849e+00
1.020325762776583822e+00
1.006055400249980858e+00
1.013361742733410731e+00
1.027921194340195132e+00
1.012592482026921203e+00
1.044161417597527786e+00
1.002105756522153612e+00
1.084160706190811396e+00
1.031524062897543947e+00
1.071395675387358359e+00
1.056013462114088197e+00
1.068342719429868914e+00
1.045484188560923844e+00
1.082640517334303221e+00
1.064688139384962762e+00
1.053012177016498629e+00
1.055912021134432610e+00
1.011372852702040026e+00
1.017384207740536395e+00
1.018509873884343886e+00
1.096689716809450710e+00
1.059470945928125740e+00
1.019322172202153487e+00
1.056768785814165890e+00
1.085797359864747680e+00
1.044496235072167822e+00
1.099440484792260309e+00
1.031458828615458456e+00
1.003230888309009528e+00
1.088993509014469563e+00
1.076666839810366483e+00
1.054573180980273639e+00
1.078397253421984114e+00
1.067165136786209612e+00
1.062744424392593423e+00
1.040237072122193851e+00
1.011605725682945822e+00
1.038667194282116846e+00
1.066765977469114057e+00
