6.184838185898379470e-02
9.896333048161695678e-02
2.444282013678682544e-02
9.840079059432152442e-02
4.251943289826573547e-02
-1.982114359311938287e-02
4.592703938157655791e-03
-1.243760461268964695e-02
8.807205752548188937e-02
9.455093025514432759e-02
9.595406936972979139e-02
7.816897913901738049e-02
5.072637351719923304e-02
9.573375908644009280e-02
6.205454158997991687e-02
3.467356575371921545e-04
-5.169792967682211582e-03
7.511389708124233122e-02
7.849626997788235194e-02
-6.996486783650794974e-03
3.384069320863072883e-02
2.250051996270956492e-02
8.780550329415974520e-02
9.992388145102872044e-02
2.549468215098244991e-02
6.755111882841377535e-02
-2.659461465908230515e-03
4.965096193928104917e-03
7.389833668946343970e-02
-1.707357199825616789e-02
7.118056296731169186e-02
2.645059044663333400e-02
4.033608832022979318e-02
1.834331904579884417e-02
7.257031262597113397e-02
5.419547822088854883e-02
8.294844950987013965e-02
9.371344754459472182e-02
-1.328732976346039263e-02
8.375914682867148520e-02
4.495263641254843012e-02
8.571867683415837491e-02
3.745100623792369660e-03
7.101529682915307118e-02
5.515112738397663639e-02
9.909302002531128473e-02
9.906351610490771176e-02
-4.370107889150907227e-03
2.994628344131320188e-02
1.367418725649984998e-02
1.519961921744526420e-02
7.012484322395090564e-02
-8.071759309722165848e-03
7.599073469241146572e-02
8.750597025831179099e-02
3.355492458238863718e-02
5.408310766855412011e-02
9.996486251766489861e-02
4.015845260017836260e-02
3.096568967647261514e-02
8.288361306972195919e-02
3.804615720304191373e-02
9.366176330091253999e-02
1.781683769092952049e-02
-1.887227267424601562e-04
1.548624072945199368e-02
7.659511501270438449e-02
8.647849849546429546e-02
3.704530056256331860e-02
6.701753928545911565e-04
-1.329475403256488719e-02
9.017404732105854803e-03
5.885910802459726199e-02
2.399390699441724187e-02
1.446621134013679685e-02
1.296795044345793943e-02
8.971313123627276676e-02
5.890395860297720221e-02
8.271614010205517731e-02
7.001223274932098783e-02
3.449880717134989894e-02
2.413778250585009097e-02
8.540502818733272661e-02
8.373801125986270188e-02
1.074110873182391318e-02
6.207848776881406960e-02
4.275364216040557219e-02
9.695066108958089179e-02
8.002890649560993885e-02
4.845286909744742077e-02
-4.302233897937362411e-03
5.321166972517429872e-03
4.894831976742604340e-02
8.017121095126936159e-02
6.500197597673762484e-02
3.656917587074280662e-02
1.892342618091140058e-02
3.830193362266101631e-02
8.930014111674561272e-02
-1.750581139142294573e-02
-8.043856527075390547e-03
1.040310631870869362e-02
1.981261653708176265e-02
1.649192838620307591e-02
9.723920322184165244e-02
3.552831352644429674e-02
2.549767682443954478e-02
1.457743822987435725e-02
7.904301013431141998e-02
9.886965072002451560e-02
3.286451393534886578e-02
5.091821496578359529e-02
4.862294349972276497e-02
3.279026744052053466e-02
2.019591923091684435e-02
3.162316971623653494e-02
5.173672226979175726e-02
4.174709391428510497e-02
4.406401031001636048e-02
-1.186811433258789378e-02
3.872657169451101944e-02
3.516504791529546925e-03
4.608474592528791214e-02
1.768276194061185400e-02
2.958637029131625309e-02
8.489723629424056339e-02
6.236046188676251656e-02
-1.487126509447443679e-02
4.249833395352241305e-02
1.868012160951020365e-02
6.510513206453545643e-02
7.726547129479521825e-02
4.080429400333736301e-02
8.457572871749534371e-02
6.067591616732667670e-02
-1.955083586213176086e-02
-1.555968532006827068e-02
4.055860053371589113e-02
2.753656035418224068e-03
5.132149697707918956e-02
2.016642938771914459e-02
7.989008372144912329e-02
8.089789796496983654e-02
3.484554063049721817e-02
6.668376965049235827e-02
-5.367244481334874917e-03
4.020176540182816838e-02
6.236774336890670012e-02
4.394372947009640706e-02
9.878484324816497186e-02
2.702590291188474922e-02
2.379900427230229390e-02
5.483055436360022294e-02
6.225048407083721980e-02
4.638992905123343058e-02
7.323402204961279582e-02
5.633737035905654611e-02
9.982902875793257802e-02
1.107864138754405259e-02
8.538228701562919354e-02
8.381057103077316217e-02
9.407163162685136526e-02
-1.155134060791093362e-02
1.543125410612647408e-03
3.725600634452577720e-02
8.205359849810571482e-02
1.158230884557933868e-02
1.095120634803613616e-02
-1.257532771551392314e-02
7.156632484055988619e-02
7.098704289652012223e-02
-1.135207334798521255e-02
3.744521021520959281e-02
7.170547485155701062e-02
8.448881474701741556e-02
4.001487954191346175e-02
7.616314717514498234e-02
7.792653243727608314e-02
4.930317799967419423e-02
4.904622648429200760e-02
5.064509522620570803e-02
-3.800293512256990025e-03
3.803410708647424199e-02
6.979790505127875244e-02
-1.832130461275980823e-02
9.894667065159668679e-03
1.407733351786983819e-02
5.071517641359690742e-02
1.341505193915757885e-02
8.664716897635875437e-02
4.166658390270626400e-02
9.855355939976813417e-02
8.148918471566169580e-03
1.619758317179496865e-04
4.886952412714956617e-02
5.950913418179791525e-02
3.526201642309367834e-02
8.624785333618688321e-02
6.842011580366785806e-02
-7.636579351553747161e-03
7.060640031884259094e-02
4.000932860655842527e-02
2.419036374762975963e-02
4.999545628822361920e-02
-6.983621228180298193e-03
5.142238682897844193e-02
9.205710864205141064e-02
9.244281081661914756e-02
1.387971608423834227e-02
3.293660022756071670e-02
3.523135530335430587e-02
3.869730976720715809e-02
6.563523527959942705e-02
6.157780645506168160e-02
3.234068604173595540e-02
-6.715198509083827524e-03
1.075385775493354137e-02
2.599302932059411805e-02
2.799099424517433390e-02
-1.568605174949309899e-02
6.610893986116385401e-02
8.909275831029844772e-02
2.065253858793593064e-02
5.167357525977250843e-02
8.380097961307764187e-02
-1.792414682143242746e-02
2.442945691401203143e-02
6.639009465000285382e-02
3.987439256616459593e-02
5.896504953736625421e-02
5.791637622119982787e-02
-1.400798229375396428e-02
-9.324686242194393446e-03
6.168496280753717892e-03
-4.392875955282761827e-03
-1.859677683907386483e-02
2.340307702389788844e-02
3.452427789303615102e-02
-6.474794663239462345e-03
5.581533536829726139e-02
5.827334272150543060e-02
-1.741896561586581821e-02
-4.459823877712305526e-03
7.551127758590250871e-02
5.147714728068086831e-02
2.763518171658376973e-02
6.967025517519555289e-02
-1.042940354795888341e-02
1.696992090569865441e-03
7.131530860470780553e-02
1.061528262413145157e-02
4.571541777012806673e-03
8.343674008635219852e-02
4.842525932052155202e-02
4.259240028326869570e-03
4.659099546553610582e-02
6.649253409335530163e-02
-1.083294058776826906e-02
7.542101816027771410e-02
9.529221320776627702e-02
3.992285981219662744e-03
2.518899370362551529e-02
8.488155744816890114e-02
2.396902616139131095e-02
2.728627459471568914e-02
6.183206192062247475e-02
8.027522591478770952e-03
-1.538809587157348099e-02
3.205228352663205826e-02
3.325778956798466912e-02
4.441088539627648102e-02
9.834775644563790997e-02
9.667470638938460703e-02
5.236208158569480298e-02
6.416948028847896390e-02
9.135780776959452620e-02
3.621043058676792770e-02
5.765873338278924842e-02
7.151639341052921928e-02
4.775803184041578497e-02
1.255405447336603239e-02
2.273056498579493698e-02
6.034007823391997205e-02
3.709890142407183677e-02
3.168107748370664611e-02
2.802654971666168962e-02
2.007375781672448775e-02
9.298689494130579769e-02
8.708505194244715863e-03
-1.101593796909195247e-02
7.100868918365992044e-02
-9.669169136069214951e-03
2.801801575248126855e-02
9.851925590917259834e-02
9.606221314602865491e-02
4.022894682267112720e-02
3.989601449902133168e-02
5.291902703807090103e-02
7.058574287060765534e-03
2.946898652718389286e-02
1.058104604917790847e-02
-6.900321762249727806e-03
9.266627970167044814e-02
8.388277085899105423e-02
5.405863488493382885e-02
8.971310153303883872e-02
-1.715830368866129094e-02
5.453459702133484077e-02
-6.587940745373818685e-03
1.615470683499953611e-02
2.339532846977635319e-02
5.339453341453699597e-02
-1.028910059221364859e-02
6.512599333159281578e-02
6.456870769060778226e-02
2.415001493604790675e-02
2.377615456591034362e-02
8.459634994396082741e-02
2.839330052467152823e-02
6.803290316194850196e-02
5.875063205730653160e-02
9.273445630953403018e-02
6.826357865477242215e-02
4.969783661142629372e-02
-1.069836991497840652e-02
-1.940025286318774675e-02
6.332672383946824635e-02
4.356240645447569115e-02
7.056669492288388662e-03
1.148756282283602478e-02
9.516559194477956785e-02
6.592327999902851399e-02
3.889664559590670645e-02
-1.434226227530623066e-02
3.174100674930580013e-02
6.714260301973085099e-02
5.697848232583409278e-02
9.008696780797213755e-02
2.121619063344046610e-02
-3.009814966977820277e-03
3.612945666408295953e-02
-3.557987771738022748e-03
-1.165645481668224799e-02
4.076131574002452018e-02
3.705858111921045417e-02
5.065322075525433010e-02
9.567851336429768205e-03
3.250484236183602549e-02
-1.502372746585553531e-02
-1.619215048873430540e-02
4.386722637279222292e-02
4.135264564664770104e-02
6.564959245096044227e-02
1.374701805018355497e-02
8.684216036109691783e-02
-1.980409051758405189e-02
1.699586487212198169e-02
5.478681458391462811e-02
-8.450424093643075715e-03
-1.289294014992005757e-02
8.127681610205186868e-02
1.488378897715143812e-03
8.642587100831407299e-02
6.284182234328319905e-03
-1.210587236593773687e-02
1.282963632148320307e-02
1.955630993043975738e-02
9.751963037403994783e-02
-1.776238472964365711e-02
7.335719804237278430e-02
-1.704309790374915895e-02
1.178617046968807522e-02
-1.751207190326602853e-02
4.112118966371826334e-02
8.781605355105557426e-03
2.923772943425993406e-02
5.696104274513931476e-02
9.060224786168950828e-02
9.572701299803088038e-02
4.189588815713783665e-02
7.990644846125920936e-03
-1.013778367848792994e-02
9.516540172444892809e-02
1.493721317522962722e-03
7.480401432738492673e-02
5.273363836063794940e-02
-6.589038575726950675e-03
5.599744896573007058e-02
5.532511572962046237e-03
5.445208249931453304e-02
8.390833172770099935e-02
-1.232152010320580922e-02
4.448339563433974242e-02
1.586554722169880929e-02
4.501136215557566267e-02
5.462779196085008893e-02
7.838312623299767412e-02
2.139647482261622727e-02
8.396243821169918631e-02
5.255985558556647286e-02
-1.180749685737100992e-02
6.389340280875796529e-02
6.542557073004141854e-02
7.692884014017242755e-02
3.121610187144375700e-02
4.914260728953057100e-02
6.529045173829524373e-02
1.063701687340214835e-02
6.758974856396096631e-02
2.515854268696324572e-02
1.899785006612277408e-02
5.838898299114182733e-02
8.882194427319061586e-03
4.480331356260944947e-03
5.228443186259791597e-03
-1.065315586881264084e-02
1.304678957451329072e-02
4.218472537762041341e-02
6.360295365930442035e-02
5.439964040618519570e-02
-6.855448024268925508e-03
8.457283887951665136e-02
6.385838010866091985e-02
6.720626594341867766e-03
9.079350076534892233e-02
8.028278831944456184e-02
7.505875909407352942e-02
2.870716044730329750e-02
4.787958525279407962e-02
-3.028590863946904743e-03
-1.773769085862669445e-02
3.937431809002565897e-02
3.277434331600929951e-02
5.826347451077930339e-02
3.075941700461387943e-02
2.312007268633177806e-02
7.309924967459623113e-02
9.205501103512836458e-02
7.787539751961471135e-02
6.209370263240676646e-02
6.686959082460559867e-02
6.400085639003290361e-02
2.168210413573190207e-02
2.325918638354941212e-02
6.853253804747243272e-02
-1.812470671987151047e-02
4.690881232326893358e-02
2.836048223881813130e-03
5.939062393939750772e-02
8.367520753309247439e-02
6.095983876554422753e-02
1.765052190730250978e-02
2.772159928313377292e-03
8.642015574253403276e-02
7.571026991586293775e-04
-9.174716973359860889e-03
7.311135139415564366e-02
5.853439305279509175e-02
6.867166457544513630e-03
5.950442099745670288e-02
2.825660784241626824e-02
9.355664320779803755e-02
6.912467557223225811e-02
3.252068683145423189e-02
2.408862280037313633e-02
6.578042691805481568e-02
6.843529993331295969e-02
5.776527425801172844e-02
1.795599926785982833e-02
8.803905161751353348e-02
4.133189999810771287e-02
-1.510062034247294446e-02
3.175230798862346826e-02
9.946887099545571875e-02
-2.741115482041006635e-04
6.429618896612039614e-03
7.222442980393836698e-02
2.801208570822496038e-02
-4.391994534060764122e-03
9.236430670226915274e-02
8.352997847487800276e-02
-1.740275927141667761e-02
9.100730135622606132e-02
2.978035724068026427e-02
3.853781854367119286e-02
5.981754730996269309e-02
3.395511534961760669e-02
1.823665053124066265e-03
5.850984568630963889e-02
3.184593923395161175e-02
7.936325194801120697e-02
7.327002983847082096e-02
2.446783253071127540e-03
9.394179633554308739e-02
-1.096741365058934332e-02
5.181237354745188428e-02
4.105672762412221344e-02
-2.861941310275194217e-03
8.650184048875136922e-02
6.506123136633941428e-02
3.321881802905138348e-02
5.341431224690014468e-02
5.150344438100988576e-02
-1.245609926526711729e-02
5.795870630865128381e-02
-8.483697992446782854e-03
7.294274431039067530e-02
-1.954910606741120521e-02
4.400155722560214477e-02
8.560419737910721083e-02
8.444392395314276323e-02
6.839293010620418889e-02
7.939462610442414581e-02
-1.141296407269141132e-02
9.250889094634114074e-02
2.346977185117166478e-02
-1.879891330174635056e-02
6.909752804124640047e-03
9.113103124243113196e-02
5.269712786361889501e-02
5.100087189770355356e-02
8.960078277613126030e-02
9.852884133042118242e-02
5.638146262685911347e-03
2.187248563679678945e-02
8.153590919923830310e-03
7.864077958322862605e-03
8.987638879283910143e-02
4.932943679753212796e-02
7.162992130933051871e-02
1.864734317125575982e-02
3.329354242360450800e-04
4.326522741757581059e-02
3.957526132771031768e-02
7.072532064074006641e-02
7.648958704048060275e-02
8.708261243102527471e-02
3.382218057303908176e-02
4.099301763514622693e-03
6.042688192914279222e-02
2.913536500697156209e-02
-1.690733194237041895e-02
8.183107638370248904e-02
6.735523442046813247e-02
-7.477245523677122918e-03
6.898354044948669384e-02
4.964838087034027791e-02
2.510816988276593983e-02
1.711864163154847712e-03
3.708048914037845312e-02
2.584776095581270763e-02
8.902130314529965727e-02
6.598312096665953641e-02
1.293567899729009332e-02
-8.578992543560419459e-04
8.388170556280385992e-02
-1.647871837294446681e-02
-6.943003974001186671e-03
3.395424822232288864e-02
2.040905813248073200e-02
2.431251496480855284e-03
1.296181301151051388e-02
-5.107747429022427982e-03
4.584245074898683769e-02
1.069630901545582866e-02
-1.835767043075932359e-02
3.345449345113893358e-02
6.867453303264602071e-02
-1.847772960467602282e-02
8.251286571791405927e-03
8.545278592395294526e-02
4.731182780405587818e-03
-1.233626891743348601e-02
-5.459855119228649092e-03
5.943491383105153902e-03
-4.581048060615952253e-03
7.627641046034647210e-02
4.531154929365358019e-02
6.062132627911315241e-02
4.055604205396846906e-02
-9.527111126874742916e-03
4.974243319440274647e-02
3.934732252157224774e-02
5.157052535921913261e-03
4.854606749289021306e-02
-1.672621795732016567e-02
8.972723724851511262e-02
2.993655373711150494e-02
2.018173646959262393e-02
-1.231941008528282533e-02
2.618157336410434008e-02
5.546954304291995541e-02
2.209319227994483228e-02
4.510458747051111772e-02
3.699854644200216425e-02
7.818750951661293525e-02
8.138520939079015720e-03
4.452522075256372391e-02
7.551729641693186168e-02
8.759037804152534912e-02
-1.717428744678949765e-02
3.973228682560066283e-02
1.331761654264341024e-02
4.711305052780288827e-02
3.249949348137141925e-02
2.772666892038518419e-02
8.399771255310602147e-02
5.236860877565127637e-04
8.797402276600457816e-02
-1.366444933920903278e-02
8.758158002157523381e-02
3.689862597378353037e-02
3.295912199172056078e-02
8.023348954278561318e-02
6.417413783603831412e-02
3.232873873408009802e-03
7.942245614344047022e-02
4.428895150271136560e-02
9.654751869912091278e-02
5.427294546655241081e-02
9.554365828283183093e-02
1.461527025389654580e-02
4.771172330283553198e-02
8.544926538534049210e-02
1.544831305047622214e-02
4.569494178723054745e-02
3.374982740251136759e-02
1.085713911404185411e-02
6.165614301367298988e-03
4.264169404010575981e-02
9.364825710425830896e-02
2.241355649294437050e-02
8.412301866407655149e-02
-1.987410056439462697e-03
5.860730724313248374e-02
3.880846583436559083e-02
8.285751023143540089e-03
7.730467249275453645e-02
7.769513907711170231e-02
5.362654892114171457e-02
5.056064070401249805e-03
7.975513326674493059e-03
6.099595164536239511e-02
-1.408674375299794751e-02
1.975247894595391976e-02
5.869559111034917953e-02
8.471666347565842692e-02
-1.687082675706836482e-02
3.611862157432840781e-02
7.020794274011521452e-02
-8.701276243285590434e-03
1.129625137963716566e-02
2.757523701638647795e-03
-1.748391601177119725e-02
-1.930178867836737644e-02
4.224801823287588354e-02
2.889127562414463973e-03
2.400920742530015042e-02
4.079167083711876529e-02
6.371878607288047891e-02
1.553877736168961243e-04
2.046803334982007574e-02
5.055675026613057343e-02
4.140294005668768151e-02
8.136112273672929662e-02
9.581511228590026963e-02
1.034724976214681375e-02
8.592246556550175995e-02
2.049646149850918933e-02
3.315797247619417520e-02
1.972303860300912010e-03
6.002774999360249719e-03
6.044670582816329130e-02
7.407600118609863893e-02
5.758967578286120631e-03
-9.034470555193139032e-03
-1.672257679636856426e-02
2.425947988896110311e-02
5.329037395596956939e-02
2.301051066042205176e-02
5.820841505374461933e-02
1.169886275366499237e-02
9.102276208863620266e-02
5.218849422175111941e-03
6.418429596668566439e-02
8.777900804957595310e-03
-2.107502891061624473e-03
9.597920475966288667e-02
2.519118848316417511e-02
8.461510225167603871e-02
4.738961396517589464e-02
-1.289689826316244708e-03
9.834908255483050532e-02
1.965635276604880619e-02
-1.128173786202885803e-02
4.030602614988675753e-03
7.800970000669109339e-02
8.180158468170183050e-02
3.917512095773281744e-02
9.172996135083073821e-02
6.402006856710815152e-02
1.538942893961021616e-02
8.668691100004795314e-02
9.993213282644716755e-02
8.187104577072661094e-02
5.041298109870466504e-02
3.999114114912635798e-02
9.704760081340327305e-02
3.725727440649717614e-02
2.159805437558060329e-02
7.430429080645777062e-02
8.610612776732834428e-02
1.966658188595832649e-02
3.893692927870358311e-02
4.641676145188228242e-02
5.534603146302487231e-02
9.544618156380207941e-02
-1.653948706904048715e-02
-1.344546801230084299e-02
3.850203158660642222e-02
9.299441846917858023e-02
1.115527659665656660e-02
9.286189793355165145e-02
8.718665348598644838e-02
4.396049997520100339e-04
8.244202681003880151e-02
-1.656725423086362683e-02
2.110780365276278617e-02
9.517132620295483403e-02
3.282161535370635430e-02
7.942559133272848737e-02
3.864932307352991758e-02
5.952999794177214060e-03
-1.478187694213335852e-02
-1.044947988887605546e-02
-7.552815342754030936e-03
-4.069400575902343969e-03
4.731376726615625639e-02
8.721653235555222594e-02
7.822101753782437217e-02
-1.544900475474859231e-03
4.213155734587196999e-02
4.220373164103643354e-03
9.436973917176744164e-02
9.866903054989936001e-03
2.972941720769746790e-02
9.257999885930146000e-02
9.479131779157558280e-02
7.160967779776519770e-02
8.866879344468669988e-02
5.349808043559509119e-02
9.683062170171229111e-02
9.110810363685317714e-02
5.407449973639689988e-02
4.416576507542264995e-02
-5.144749711612574966e-03
7.150949134830227039e-02
4.596468600275843697e-02
9.554062285697097201e-02
5.639102667142829872e-02
8.193513051408714276e-02
3.186938485536061627e-02
6.262077296399748416e-02
4.802116675372987420e-02
9.546659277186263226e-02
5.257597844247942354e-02
-8.931273761241075373e-03
8.425557868159588848e-02
4.122065283872775043e-02
4.137167316566980890e-02
2.226168342231163791e-02
1.526965383622545455e-02
-1.383435845807167927e-02
2.527345154086462625e-03
5.721187854514880877e-02
3.641491326806151063e-02
7.862558887855471829e-03
2.305599250946090487e-02
3.544985722075162660e-02
2.770709839632949645e-03
5.278671515953552162e-02
7.527215151659479020e-02
4.128949682595080967e-03
1.145224574377077392e-03
2.586443181023300938e-02
9.754010670467830324e-02
-1.904157736490719524e-02
5.225899287026138096e-02
1.185745277378852033e-02
-1.746223300183567112e-03
4.666062520230129795e-02
-1.233156954129778840e-02
7.747275591769713088e-02
9.447642673118657186e-03
6.564115093731463790e-02
-1.251056878896609874e-02
5.338780387963519558e-02
1.860847193997163321e-02
3.037068756794285632e-02
8.209818691409821734e-02
-4.970335284925025618e-03
-1.686483113851158788e-02
1.247028381806425737e-02
6.152992875314887422e-02
6.524678754314776341e-02
9.727256647555644620e-02
8.436745879669566017e-02
3.021883017472659291e-02
3.452835729865326442e-02
7.054741672715116041e-03
4.316684362743712644e-02
-7.610316907396197025e-03
6.753848545480826970e-02
2.677212238019249443e-02
-1.287424201012713626e-02
6.446196945202063711e-02
-1.777822758838856765e-02
4.427697162845661838e-02
3.737221723150994934e-02
1.951960565482370805e-02
7.299523143540272152e-02
1.433877017410224372e-02
9.895563193319961703e-02
8.082531043237550783e-02
1.603832555782285299e-02
5.011069445261524813e-02
-1.508416037434635870e-02
1.330753495996686228e-02
8.972892131933311172e-03
2.986198955012227610e-02
8.230253695639480616e-02
5.217042030088171745e-02
6.137464046148122243e-04
7.557450972758135432e-02
-4.581421019545424758e-03
5.188064553915404387e-02
-4.051329226196682259e-03
4.319475787508664233e-02
2.596953181716310163e-02
4.546140831037519259e-02
-2.869155653922046689e-03
3.497223842628001400e-02
5.177907558289032708e-02
-6.013989279586464190e-03
1.554479046545554841e-02
5.477120865637535863e-02
2.690262035040636920e-02
4.394993771147731598e-02
1.496522586711059380e-02
5.685475984049546960e-02
7.235146897239363994e-02
9.607269494147605005e-02
9.392213666069555711e-02
-1.889956348573579997e-02
2.202277529431249589e-02
5.849459721906999365e-02
5.372646966184792261e-02
1.118528146557296737e-02
3.811336346794393093e-02
2.394911603189004909e-02
8.126809994534082288e-03
4.452804198522963830e-02
3.672716077878107610e-02
3.842103799735119285e-02
1.455063682522009585e-02
8.349683963272945542e-02
4.750509384707039817e-02
8.087975778322312181e-02
9.462764420235493523e-02
5.596432253949847058e-02
2.559483113350523656e-02
-1.725912802894691289e-02
4.856068756083846416e-02
2.918746452040386560e-02
3.955484113580225169e-02
3.731829032809846902e-02
9.594120787173202047e-02
5.069903310648420092e-02
1.672965935035583204e-02
8.597342507978304738e-02
9.127536052572302744e-03
5.355935015810844857e-03
2.478883565911541367e-02
3.446963458914334422e-03
2.628939677065907435e-02
1.498501789517038899e-02
9.393917618491227917e-02
3.039279659850442281e-02
5.660872134432418101e-02
8.448279456703498835e-02
2.649825143067452080e-02
-1.070462976672535357e-02
6.776440589353364963e-02
5.272105154826844942e-02
-1.586440305367629172e-02
8.437277675716699232e-02
1.992175138007528865e-02
4.659109053082695351e-02
8.880741571352807062e-02
1.778345159704897496e-02
-6.384355141228512803e-03
9.855205948638685876e-02
-1.717233452546817335e-02
2.339538872708001732e-03
-3.611003641114038376e-04
6.667926518787080370e-03
8.859415003415239964e-02
1.184000041925597699e-02
-6.427484524845266875e-03
8.865800473314830454e-02
8.987345984875316773e-02
7.370049329680194994e-02
2.178206870327454789e-02
4.130820690435389742e-02
5.352934473554164796e-02
2.291068094248068995e-02
7.336877930723220698e-02
7.904704569906031986e-02
5.317567250602951712e-02
1.087576953324240203e-02
7.876565707687857576e-02
5.885129084506979247e-02
6.441830751281346634e-02
2.838357188799610006e-02
2.830606049494713283e-03
5.249884273402433132e-02
-4.124073103080674874e-05
-4.765494521977720055e-04
3.668606614559788426e-02
-1.106424777726155995e-02
5.954379796972167349e-02
4.943828396155405813e-02
2.982487659773126396e-02
7.583491568767997126e-02
3.804433862807457545e-02
5.661725924089544559e-02
2.072093752561524407e-02
-8.669792428389923311e-04
2.071260174970035797e-02
1.819867423600528625e-02
9.805613954897578893e-03
7.653272341274669488e-02
4.403474798237062837e-02
5.395314784138618980e-02
4.074482569077350624e-02
6.367219269426478007e-03
7.296223168769840062e-02
7.619856092500983114e-02
4.882105456250276920e-02
6.209549840379208208e-02
6.103259898239141168e-02
3.472449489227015518e-02
4.180182943767285497e-02
7.141889647364486893e-02
7.802796407997968087e-02
-1.381365263394549424e-02
6.800256800607422381e-02
1.902190351012765512e-03
-4.026613420104779156e-03
4.189017891273646987e-02
5.699341607495989059e-02
6.988924106239879919e-02
1.678892652073963807e-02
-5.005532623668148412e-03
1.198394845581529297e-02
3.377762256843969135e-02
2.139760577862127172e-03
2.836092644033918683e-02
7.975095536058911250e-02
5.831986126831208150e-02
3.062169446600391740e-02
2.141924269513921855e-02
5.386505805652712364e-02
6.243807070436147022e-02
5.037149281110377130e-02
5.922713497284066986e-02
6.767671851971475416e-02
2.393565094669299412e-02
7.090803421249000649e-02
2.154864740291837985e-02
1.568971186990917796e-02
-9.225551196647625504e-03
3.414427537807859792e-02
9.034852080395454343e-02
8.040566866875714647e-02
-8.701757277857206929e-03
3.626898011025690705e-04
5.074677298329366426e-02
-2.424018792915278581e-03
7.832929852208929400e-02
5.536690246822510708e-02
7.823448728045387379e-02
4.893412825914876529e-02
6.731159655469537428e-02
7.925306439262472247e-02
4.453463528100530533e-02
1.241790644573136440e-02
3.700885460837573249e-02
-1.552090100947819962e-02
1.125233071495341727e-02
