1.061282243435071271e+00
1.005209770488661336e+00
1.046359728337951767e+00
1.063991497192442015e+00
1.009096933647576799e+00
1.001979013638643057e+00
1.056266987562096471e+00
1.055723155968247395e+00
1.098678365428767734e+00
1.044576053644578506e+00
1.054741017018936633e+00
1.097648586490736156e+00
1.042241830716368112e+00
1.028030155228498277e+00
1.034475953816019311e+00
1.052521774935078369e+00
1.090478191296662347e+00
1.096541910326515046e+00
1.064675465464073323e+00
1.022931659359501477e+00
1.072504942390135829e+00
1.053539902443352716e+00
1.028494919204748559e+00
1.099667412912780140e+00
1.087444873689097813e+00
1.069952579652434066e+00
1.079106072021432938e+00
1.040857109651088130e+00
1.041765165303141893e+00
1.076411522144198551e+00
1.065676673786001061e+00
1.038333552740021704e+00
1.047688115507441120e+00
1.090987421859139994e+00
1.032249501747615206e+00
1.011616328196255798e+00
1.028139955549182138e+00
1.074765797309924498e+00
1.024877660281868330e+00
1.007530128134784819e+00
1.042181118582949928e+00
1.089191252685216105e+00
1.025656257095190149e+00
1.099380047637023239e+00
1.077546630851388798e+00
1.076489167426459170e+00
1.050712207023814848e+00
1.038993719666003290e+00
1.024822067359315136e+00
1.096380651764304437e+00
1.016389089005096391e+00
1.042341528307769494e+00
1.082587342017139243e+00
1.066151262043144143e+00
1.025620016865216533e+00
1.047693962629604014e+00
1.096867331172004967e+00
1.093223701734860720e+00
1.092718740920036069e+00
1.015651186883949286e+00
1.063980590744751487e+00
1.033743460835350625e+00
1.004750916141602390e+00
1.078468167740574302e+00
1.085152380580398424e+00
1.081926649354767456e+00
1.015934842281843720e+00
1.017446268914677265e+00
1.057982256009217803e+00
1.005034016762903493e+00
1.097914091527390390e+00
1.096982143136568943e+00
1.068039366389706979e+00
1.085424524477513586e+00
1.017201411196299699e+00
1.019666420926209405e+00
1.024109561031790516e+00
1.052434096520525442e+00
1.082594251175454492e+00
1.093547301220932688e+00
1.052317500424688967e+00
1.027658989395406230e+00
1.075878983076180129e+00
1.014371712550182325e+00
1.095493275675479605e+00
1.005924371147557173e+00
1.062037232943352283e+00
1.042627196606204620e+00
1.088254682817971331e+00
1.023616964283966979e+00
1.069641202001216485e+00
1.065861370726300272e+00
1.038744760317257265e+00
1.095274374950928609e+00
1.092007341430348832e+00
1.023197015995458203e+00
1.038506660340261512e+00
1.050530271783829184e+00
1.020706161380670940e+00
1.015847085016405860e+00
1.001722279664558846e+00
1.032970045320705799e+00
1.005125114044777890e+00
1.045778534734804976e+00
1.060792731949694589e+00
1.067745749105973418e+00
1.034763471172792437e+00
1.080264636421530033e+00
1.087183044269826926e+00
1.025058389702465211e+00
1.001106655719828042e+00
1.093028244925851711e+00
1.078602060075496860e+00
1.048446905731304168e+00
1.051216080315884760e+00
1.075675450493829288e+00
1.019443113520914101e+00
1.039038238261196678e+00
1.091412343312921918e+00
1.069113604604905676e+00
1.026048884266223649e+00
1.005444113760466829e+00
1.099147425614060536e+00
1.017736417673477556e+00
1.077872125062028674e+00
1.076963118993903290e+00
1.062627955930728119e+00
1.014794951731234240e+00
1.008300411073981939e+00
1.034298335447841000e+00
1.004857789444858929e+00
1.097903179539134744e+00
1.006894111435218120e+00
1.035474081427657289e+00
1.072871802866944169e+00
1.016943018369582674e+00
1.090141913141806418e+00
1.096309190931689548e+00
1.051680740080569665e+00
1.008528348557123699e+00
1.075086089515705279e+00
1.030487349737598368e+00
1.098510115830918954e+00
1.093435268804615612e+00
1.010117559509800644e+00
1.028178353200066786e+00
1.014132982503331837e+00
1.000810072891912927e+00
1.083771811002171903e+00
1.020264357309409453e+00
1.041742993776746395e+00
1.048782035935186041e+00
1.095456067369627862e+00
1.067228930456943781e+00
1.047401313185323923e+00
1.036534334069069141e+00
1.003082321715027980e+00
1.051031229380775089e+00
1.091207263823558371e+00
1.042228435805395481e+00
1.063560704634376686e+00
1.002194935393374786e+00
1.071145793671078206e+00
1.019345258975944635e+00
1.061018500066921888e+00
1.015167404009891028e+00
1.064363884634541790e+00
1.049299246007361797e+00
1.043772462141736579e+00
1.012240960566172188e+00
1.096749155415398969e+00
1.010440124324307964e+00
1.072050558618919958e+00
1.020370569504490454e+00
1.058719212642201590e+00
1.042555317150643646e+00
1.034359206812131671e+00
1.063027669705105094e+00
1.093657163584110137e+00
1.011056743098728727e+00
1.086520459448283571e+00
1.054113490150853094e+00
1.017121004038251009e+00
1.057065860697974147e+00
1.096635206423512088e+00
1.034767238071498507e+00
1.069149016401331309e+00
1.032921693601808633e+00
1.046189553060312249e+00
1.098506972196007681e+00
1.051636553170451904e+00
1.074041360939309797e+00
1.082969749249111491e+00
1.017943760399764086e+00
1.020995305008349785e+00
1.095806256994513950e+00
1.081720962213120529e+00
1.053328597498771613e+00
1.000226662037692948e+00
1.076875000809474514e+00
1.075738561724049358e+00
1.076983789471630093e+00
1.013652436544907331e+00
1.075222863129362549e+00
1.057188393242031177e+00
1.045649679940746646e+00
1.097291119971984141e+00
1.007939240918251045e+00
1.002761044615777752e+00
1.008229552481676006e+00
1.066297624383085729e+00
1.078626669321204989e+00
1.012284086090905921e+00
1.083784194220866803e+00
1.046822892249997583e+00
1.086094281434534681e+00
1.023516462720936104e+00
1.046925947202110185e+00
1.022631630339170927e+00
1.054845790834321173e+00
1.081676647591046869e+00
1.079696143247053763e+00
1.044397378581440883e+00
1.046403759495436292e+00
1.033146315567943452e+00
1.041017260598059657e+00
1.013092486498096356e+00
1.098421540227866533e+00
1.089969998892693637e+00
1.075410491186941542e+00
1.064913661294923930e+00
1.042111344922467486e+00
1.040311380154145482e+00
1.094804779365893044e+00
1.022094767297894613e+00
1.044865902583532735e+00
1.088029639502740675e+00
1.093581830017585244e+00
1.032316007279003856e+00
1.044802334575568370e+00
1.096399978815928433e+00
1.028210699096130831e+00
1.034385640747616630e+00
1.067864757720373481e+00
1.032492411620944406e+00
1.043879257568769203e+00
1.039791412168714180e+00
1.031851296489583847e+00
1.057308451739336963e+00
1.056958727997627578e+00
1.051104367123248950e+00
1.012064765331671001e+00
1.000513613172090865e+00
1.078366067539145767e+00
1.080797005484580353e+00
1.033247319737321979e+00
1.053854513489460798e+00
1.068545265503806130e+00
1.065990720719215190e+00
1.044676323343043611e+00
1.051700381220450620e+00
1.014260726584139460e+00
1.075652307352410464e+00
1.003414475298128217e+00
1.033806585836082537e+00
1.039707428868839711e+00
1.061517753803229658e+00
1.059408500683225896e+00
1.077658832085710339e+00
1.068301652990775841e+00
1.034929210674153666e+00
1.054749190402808123e+00
1.037567824356168122e+00
1.043939975106781048e+00
1.040367955866421612e+00
1.054761805172467870e+00
1.071707188636199071e+00
1.016049337554158605e+00
1.044808226553734620e+00
1.053423114002096650e+00
1.033806988705404883e+00
1.069282353480853320e+00
1.041611170004917097e+00
1.091833669598762269e+00
1.055429012935304112e+00
1.042655302216473068e+00
1.083460795556501211e+00
1.013733724407541281e+00
1.020750548679163261e+00
1.006735867217462443e+00
1.085672041557633527e+00
1.048234275233741464e+00
1.068644976049892836e+00
1.086456842031978010e+00
1.004881608417996786e+00
1.051558164430660636e+00
1.003439860919643545e+00
1.082576817512761691e+00
1.048785381788110316e+00
1.055568137185122435e+00
1.093038102409843448e+00
1.078052463718323750e+00
1.075140633450942351e+00
1.076693765148726056e+00
1.027620544839315864e+00
1.030303758046118956e+00
1.065778116831487710e+00
1.023346136965133990e+00
1.074660229800710853e+00
1.027877824743130386e+00
1.003821174278383799e+00
1.027156943934440347e+00
1.010162303672771822e+00
1.037758836044369914e+00
1.080025194213249273e+00
1.006591634768440269e+00
1.059844282544172067e+00
1.076478250994541641e+00
1.021776916104338406e+00
1.026615979452652150e+00
1.058372270714010410e+00
1.071958979601714601e+00
1.025261283038026772e+00
1.078540137111213548e+00
1.002915779396595264e+00
1.084635637166743827e+00
1.054308479837793744e+00
1.086606768768686226e+00
1.060638272757363332e+00
1.012541654838230221e+00
1.035637080044424341e+00
1.001091668880457641e+00
1.030621653450519482e+00
1.068642532255007938e+00
1.006282524111752785e+00
1.055204557625579742e+00
1.036986219016049926e+00
1.022123061955429568e+00
1.069745322812848620e+00
1.039830420052718196e+00
1.080679566181832030e+00
1.040117171208043700e+00
1.081689635161009910e+00
1.049464316719657786e+00
1.033589858049161370e+00
1.017914956588050313e+00
1.090625793690803258e+00
1.060507582568156248e+00
1.096726089631353762e+00
1.028553082004934893e+00
1.054312938778003028e+00
1.046783895726763225e+00
1.057068208209323679e+00
1.047562054290664957e+00
1.005772899636244500e+00
1.089807676807647008e+00
1.096158300672548602e+00
1.080192627555626839e+00
1.002724532420254722e+00
1.053386515655732047e+00
1.051674179862056135e+00
1.046405509055548189e+00
1.015582994740421352e+00
1.081155434118899583e+00
1.036326617738069222e+00
1.040266295566605992e+00
1.050445251312396966e+00
1.000934772081172541e+00
1.083563841961207919e+00
1.075800216619176242e+00
1.093183877237606794e+00
1.023841848662742082e+00
1.083407043058228991e+00
1.014457112400779293e+00
1.082239191978371595e+00
1.060346314477519591e+00
1.026878531380681414e+00
1.020754156420572878e+00
1.045255622520301575e+00
1.031619492953999684e+00
1.001730342074191871e+00
1.022900864918994790e+00
1.003989136997890164e+00
1.089326380785748061e+00
1.076150061911341327e+00
1.003229537113101033e+00
1.087648561360314625e+00
1.095806777539137578e+00
1.086789725202527368e+00
1.090197381576681002e+00
1.094728823060644007e+00
1.054093848404416445e+00
1.093654227077449637e+00
1.055117626579560319e+00
1.077938903279829663e+00
1.028854623129842549e+00
1.045261045007578771e+00
1.097235402680737604e+00
1.036474699239727348e+00
1.051934303772161572e+00
1.068050323667200319e+00
1.063972724220855870e+00
1.062082092761658769e+00
1.020684039506282392e+00
1.084591354650330075e+00
1.065965071766320271e+00
1.092721211543105087e+00
1.001884730277564861e+00
1.053159679703889351e+00
1.094839894051195639e+00
1.080332815312111894e+00
1.051130039736847710e+00
1.006460126725397419e+00
1.019250401868464051e+00
1.080791948942237513e+00
1.092188894852358150e+00
1.036264623063945622e+00
1.004000694250341663e+00
1.086690828580800572e+00
1.028947089916377289e+00
1.021974225495907662e+00
1.098225046087190959e+00
1.093162641747659869e+00
1.079432953483772328e+00
1.071988641603231152e+00
1.002049356223308596e+00
1.011492832534380604e+00
1.070974357328462023e+00
1.002591280382299166e+00
1.032066723976194478e+00
1.059765247832136437e+00
1.092831551793601808e+00
1.040295735551746370e+00
1.039123501773250080e+00
1.052733518939149127e+00
1.045040702449549830e+00
1.052248048110095979e+00
1.020326706164478514e+00
1.024306840683322672e+00
1.009569164753434611e+00
1.037265140337561453e+00
1.066349466204861818e+00
1.044226358950729461e+00
1.081146909762473074e+00
1.067735283769648325e+00
1.078216613367532828e+00
1.090602437773262379e+00
1.031127244065284998e+00
1.011587010965083966e+00
1.073273609074692603e+00
1.079960261535140909e+00
1.005933445570155405e+00
1.012800350655650217e+00
1.099105870157806031e+00
1.017701006640874928e+00
1.084711950216440401e+00
1.016874176148963471e+00
1.001608755280135821e+00
1.019042378796933157e+00
1.075097737024148570e+00
1.065028957057972736e+00
1.083201891898281755e+00
1.049140803774659458e+00
1.036898163047635046e+00
1.033773343729246230e+00
1.002179177457551917e+00
1.039340143794841298e+00
1.004091445989255149e+00
1.018536580268290859e+00
1.042576910253696809e+00
1.003834107740232184e+00
1.084904835680842616e+00
1.097747616919916736e+00
1.031432193924242569e+00
1.069087039234385861e+00
1.040481814706707198e+00
1.023940614614908373e+00
1.023650994735668229e+00
1.043402295273417657e+00
1.076263271183876435e+00
1.076718462144868438e+00
1.021940464327226961e+00
1.071859051184973266e+00
1.084305483413570581e+00
1.057772271678871334e+00
1.075261069738276731e+00
1.067378733277756675e+00
1.019135500798167504e+00
1.007732328788998988e+00
1.044403316040384722e+00
1.020077165615573156e+00
1.023403271923339464e+00
1.020493106750330004e+00
1.046414346989508859e+00
1.073094733400935086e+00
1.020958025125014990e+00
1.073209552771340336e+00
1.033562128251021672e+00
1.019260125163832020e+00
1.004850383028471850e+00
1.059427850075790545e+00
1.068609932279825703e+00
1.097381316541691243e+00
1.022107349429968393e+00
1.088801221780069994e+00
1.015869748739847145e+00
1.072245801849061042e+00
1.042933533407489399e+00
1.022914274149614888e+00
1.059509699032079810e+00
1.081861539065947841e+00
1.007039131270742072e+00
1.001720742204075920e+00
1.018790642139616454e+00
1.095231683773808973e+00
1.074358643183321416e+00
1.072513233280174116e+00
1.033810209843616157e+00
1.022063543382959905e+00
1.068453287906437676e+00
1.088384076997846339e+00
1.089381881623029180e+00
1.026611267656097004e+00
1.089741202999893410e+00
1.008096663878111032e+00
1.000532447615996245e+00
1.057834122796161846e+00
1.029923278308868095e+00
1.079386021022057829e+00
1.094793126922445570e+00
1.002633088736198275e+00
1.039283183386531251e+00
1.089685541181479866e+00
1.071458735953981112e+00
1.024325080368738705e+00
1.068425588667357262e+00
1.039241841077561901e+00
1.023003929929741318e+00
1.036852971322129724e+00
1.083885536404311623e+00
1.016193420774170297e+00
1.077201406938377293e+00
1.093224839869337606e+00
1.094349683544099561e+00
1.013211795460647435e+00
1.008552647826056470e+00
1.057957179398284264e+00
1.051644818285874416e+00
1.016890697280755429e+00
1.047368978547511320e+00
1.034175392728710952e+00
1.035497168849456084e+00
1.064483031592164508e+00
1.006905909788496256e+00
1.038040698947207074e+00
1.017489701848751205e+00
1.053104149305938764e+00
1.004114778932650331e+00
1.051069297412517756e+00
1.014783009093955801e+00
1.036778114428279940e+00
1.004949939055401087e+00
1.060789096957276412e+00
1.051383650168488781e+00
1.012679258023350348e+00
1.072789957280667394e+00
1.010373332752155573e+00
1.090786887154427065e+00
1.089817143723459836e+00
1.090478782421600012e+00
1.023881057033900976e+00
1.056202814517465116e+00
1.015694030970534678e+00
1.015150151968240877e+00
1.065335922792081780e+00
1.027232074182511390e+00
1.000263140777679860e+00
1.003628798426601021e+00
1.040955193275080237e+00
1.056691300838209946e+00
1.082328422358928899e+00
1.028509895543109343e+00
1.044063021872170260e+00
1.081633303147894853e+00
1.077204831969440502e+00
1.049335715528329160e+00
1.059529652655346155e+00
1.078443628070137050e+00
1.078276545737437031e+00
1.087984544943659815e+00
1.099058359068883828e+00
1.064525963961693300e+00
1.005844804151771577e+00
1.020693834900117336e+00
1.038920979369898134e+00
1.033953906028676206e+00
1.007320556566942971e+00
1.083381627276639891e+00
1.000941120161172426e+00
1.080928781509665315e+00
1.043850683273222613e+00
1.080907754175415514e+00
1.012713836308611448e+00
1.070080856330472230e+00
1.010043180669430329e+00
1.088740521255316951e+00
1.047980845842352737e+00
1.065443772192637528e+00
1.045158492011508899e+00
1.069561444808834416e+00
1.026039233974627596e+00
1.087761785424495198e+00
1.017147319094317437e+00
1.053057103303675301e+00
1.064455290403481857e+00
1.004320021515527239e+00
1.074438296823246430e+00
1.009547895318427146e+00
1.093108445582242405e+00
1.040627413245987176e+00
1.001024696979782469e+00
1.000005648671251413e+00
1.036502543314388181e+00
1.092340206810826997e+00
1.037788564894179810e+00
1.019208683092994949e+00
1.097535969624601648e+00
1.018600059066488761e+00
1.068015299477435898e+00
1.062170064157463178e+00
1.095387636958346622e+00
1.098807478372569202e+00
1.078633269349328350e+00
1.003603739514914661e+00
1.081418849855510178e+00
1.090308389734967243e+00
1.079188731982672289e+00
1.076112603685091429e+00
1.074059108929511952e+00
1.080481701218848123e+00
1.003471400142528447e+00
1.038608626466710261e+00
1.002691417831708565e+00
1.063366264050549015e+00
1.070224327412785392e+00
1.081768695576179606e+00
1.090308627800146590e+00
1.096756763337451535e+00
1.005294354478035057e+00
1.009749247610399969e+00
1.087630769543928455e+00
1.069140997396277770e+00
1.054407335025668413e+00
1.055304933958082447e+00
1.096192228606876151e+00
1.059527900439110937e+00
1.025494138937927291e+00
1.022095437702698284e+00
1.013665078465686875e+00
1.016445336960967616e+00
1.074286489980446957e+00
1.072540378836827291e+00
1.050497165769781915e+00
1.078328684977703178e+00
1.038549936208603697e+00
1.051048399759699548e+00
1.040925357483421854e+00
1.030572708351727540e+00
1.045363746799219173e+00
1.082111959940482704e+00
1.098447820719596679e+00
1.040852886858588011e+00
1.022765938122136564e+00
1.006315561316484031e+00
1.013040440527269270e+00
1.062826236431876792e+00
1.043718772565223274e+00
1.067479877477839567e+00
1.025276547429574636e+00
1.014096319179180528e+00
1.058815075970835018e+00
1.059543201887553909e+00
1.023410685540373732e+00
1.056333632197214767e+00
1.005618848398081466e+00
1.084690585676433505e+00
1.052648024951828409e+00
1.034543010313585532e+00
1.099378462052920558e+00
1.097159607115311797e+00
1.035766457719036859e+00
1.017101932231442962e+00
1.020049946735938073e+00
1.062191205350630829e+00
1.000472295053469463e+00
1.090694486441927680e+00
1.039225171535286707e+00
1.020927415007070627e+00
1.027274651876482592e+00
1.027822935211793354e+00
1.053525167935947193e+00
1.007849440641636063e+00
1.073437636374475090e+00
1.062016286059730641e+00
1.089974456055180951e+00
1.032686574660490075e+00
1.036362454149148071e+00
1.059357373848501149e+00
1.099526895920913905e+00
1.093987600204222144e+00
1.045418631963348277e+00
1.045687860288903481e+00
1.083284575795427251e+00
1.058971797529256742e+00
1.086314332498409918e+00
1.019609503556865526e+00
1.062066380494133710e+00
1.036965163399282464e+00
1.085350014482636238e+00
1.002003802774232399e+00
1.035610855541011066e+00
1.040406920522953138e+00
1.025288653089841961e+00
1.024762796746080173e+00
1.024695351009211386e+00
1.047834001437838003e+00
1.025249094507731273e+00
1.000328247700745132e+00
1.012001710646421637e+00
1.009276765680758636e+00
1.047748338826310466e+00
1.091066484487811961e+00
1.053072114476901522e+00
1.081051715896066634e+00
1.077643824995344390e+00
1.079162366873686496e+00
1.055286038010216698e+00
1.004496804335020199e+00
1.097309428068175663e+00
1.085356545132507566e+00
1.040011499131091144e+00
1.056689031254606448e+00
1.049092961818711478e+00
1.033911824686785108e+00
1.087564104976876278e+00
1.093039584500001160e+00
1.099184656939794502e+00
1.041199670579672443e+00
1.002418231138792803e+00
1.023875816137832073e+00
1.045420724878726171e+00
1.079301436137260373e+00
1.052965469621317762e+00
1.059937060955027155e+00
1.048506391319041331e+00
1.002980952780105017e+00
1.061067002104250534e+00
1.078546073869006694e+00
1.018061193197906444e+00
1.017957590379065413e+00
1.096036842864892780e+00
1.016267257495994780e+00
1.006863165089686873e+00
1.063843849470936131e+00
1.011285022578191528e+00
1.059259999063483448e+00
1.055738529214990118e+00
1.032878478494184904e+00
1.028793913755233325e+00
1.090193718114410792e+00
1.032137357229863106e+00
1.019040027756633826e+00
1.062165644825179500e+00
1.078363354671618479e+00
1.047801422240304925e+00
1.075527278224119643e+00
1.017910281555675978e+00
1.002301515295930256e+00
1.059244962950633751e+00
1.013954062650336052e+00
1.010336177245903411e+00
1.023751430249208783e+00
1.042262207590002321e+00
1.061274784341956101e+00
1.073792796816741113e+00
1.072551061309015896e+00
1.075165696251119352e+00
1.055181573034117637e+00
1.098560399961211242e+00
1.042681494143332444e+00
1.099325899620063884e+00
1.075637679792571078e+00
1.081103385420769891e+00
1.004915056071290058e+00
1.093082521916016514e+00
1.065473209619546946e+00
1.014739340919806443e+00
1.086987015431621240e+00
1.070607885288532790e+00
1.004639057383424072e+00
1.032030370543939313e+00
1.070932909155956514e+00
1.015559793247791776e+00
1.082093854451742443e+00
1.003733981639695960e+00
1.029711082025960955e+00
1.078081911457220654e+00
1.098266144671581568e+00
1.078317381469906966e+00
1.024567309144772898e+00
1.081154671635269127e+00
1.038514622427613165e+00
1.074056062105871900e+00
1.027029483351341810e+00
1.051456832786762607e+00
1.026647942899084898e+00
1.065403339587898790e+00
1.081167136615592606e+00
1.011300623264365761e+00
1.009291637895243454e+00
1.037124844662881795e+00
1.072000968548560307e+00
1.020130490952283031e+00
1.049269627500041491e+00
1.073347720283797324e+00
1.081529831687333632e+00
1.041031421964154102e+00
1.063038464207164857e+00
1.073744259753133923e+00
1.001411476288191826e+00
1.056183876290318180e+00
1.072340050873162864e+00
1.071494547311275358e+00
1.041563603449982001e+00
1.021306158558817678e+00
1.062591879794710925e+00
1.095390296710108791e+00
1.093658092505288115e+00
1.088588577598615714e+00
1.025391454933151314e+00
1.089516256811914108e+00
1.049520037172965825e+00
1.007660853754084762e+00
1.074758939713102990e+00
1.055907567698731064e+00
1.090224219035421438e+00
1.001341000331444242e+00
1.050325186886058804e+00
1.026885105191792658e+00
1.054842671976154111e+00
1.043857962560316821e+00
1.078953632036570687e+00
1.055460552523781459e+00
1.041171155023343120e+00
1.093877855741627325e+00
1.022176728407860669e+00
1.044152790970049871e+00
1.062847436507223131e+00
1.097184366218174167e+00
1.042272465071961696e+00
1.019168230509980733e+00
1.043806352546194693e+00
1.042127241119092718e+00
1.041701799679604079e+00
1.041618125661528005e+00
1.083125392139929755e+00
1.052306793533527962e+00
1.043374023174296950e+00
1.061658876913038396e+00
1.043017953725570379e+00
1.030673300119701263e+00
1.041938726876378229e+00
1.090318228066988304e+00
1.011917691023837218e+00
1.097530622848762016e+00
1.044479379719365886e+00
1.078547437894606054e+00
1.091521427325257365e+00
1.006953239818158430e+00
1.094955714270804403e+00
1.081882237840130490e+00
1.028175399381784372e+00
1.041143449610707705e+00
1.096783440631596385e+00
1.017198663849485429e+00
1.044901022902766208e+00
1.028792571027604463e+00
1.098301971751667105e+00
1.049664325999035919e+00
1.075882862112152560e+00
1.047187792526055761e+00
1.065986824414890899e+00
1.016067427758878372e+00
1.061200237242432287e+00
1.062675587414563250e+00
1.039986991795925242e+00
1.086220939647678074e+00
1.030212449628064464e+00
1.058610227285232464e+00
1.010591390316762705e+00
1.048980585026578316e+00
1.060549919217255166e+00
1.031574080238201852e+00
1.050183188217067576e+00
1.010715876222687326e+00
1.064115177517698685e+00
1.077310719146938878e+00
1.073555280828146996e+00
1.024979383374669428e+00
1.036144417117263572e+00
1.042954744505014020e+00
1.043433500655043922e+00
1.021384689579374561e+00
1.086080166928308666e+00
1.001172928102842974e+00
1.061326061566665757e+00
1.075115649629205361e+00
1.014251141601442363e+00
1.021030286527500053e+00
1.024861038972401994e+00
1.093651314014844944e+00
1.016688056040305765e+00
1.026750122714352953e+00
1.095012598679833804e+00
1.024144704372958570e+00
1.099370609970379942e+00
1.012182030821791479e+00
1.017824766797539970e+00
1.061446365223991162e+00
1.017333186314708371e+00
1.073825707554551645e+00
1.093579674308710503e+00
1.013727083106087168e+00
1.005611034635588652e+00
1.009863659156114091e+00
1.034619899378132812e+00
1.027358209625823804e+00
1.016887716763013705e+00
1.029850938128787474e+00
1.057560433492447105e+00
1.021670662843244370e+00
1.083032310285451327e+00
1.017746521239739854e+00
1.008433549969773413e+00
1.039015160759508616e+00
1.077116625934606331e+00
1.067997905890075483e+00
1.056780858466984885e+00
1.029849833050011654e+00
1.045200466007636386e+00
1.082653432741238708e+00
1.024848468768071896e+00
1.050866885006281226e+00
1.099987062786795811e+00
1.005037349573530969e+00
1.093903502367423286e+00
1.099744893772312215e+00
1.031080382290824993e+00
1.038557609198938136e+00
1.039638349937818784e+00
1.052711389603467884e+00
1.064922237743588296e+00
1.050608854053650454e+00
1.096889998332458482e+00
1.040532454561605258e+00
1.049833361541627763e+00
1.053898109105692482e+00
1.069734654948000241e+00
1.067331856625981290e+00
1.049162170351408685e+00
1.065030693701638054e+00
1.087031567940950350e+00
1.069471090136327351e+00
1.094764337762787143e+00
1.047773513818586411e+00
1.073114305334415430e+00
1.078718793962536227e+00
1.017187065395305012e+00
1.034667326110809915e+00
1.085766954056940570e+00
1.008595552591260880e+00
1.026167018269377840e+00
1.061749992462091230e+00
1.078896851004005342e+00
1.042098771341968266e+00
1.006436644682891179e+00
1.014567085961677328e+00
1.088812847817222540e+00
1.029485409092142145e+00
1.092646962949054501e+00
1.023020505854690843e+00
1.050290974484072493e+00
1.070946417097055070e+00
1.008825803965100132e+00
1.037587377624230589e+00
1.018602100072503402e+00
1.035069299762853667e+00
1.017709756631545837e+00
1.086202019716596912e+00
1.015923326867401055e+00
