2.974710031197991614e-02
9.227395809569414326e-03
3.962868548596976126e-02
6.584953789846093031e-02
3.821118074872485726e-02
8.612073291713438772e-02
1.814641192245416285e-03
-3.465817320812643321e-03
8.289366909310195985e-02
-9.059342476533505106e-03
8.918422885695843905e-02
2.200911575444067236e-04
7.924349601827063161e-02
5.242519078108322239e-02
6.229258126212362801e-02
9.385555929563225985e-02
-4.872583923896608299e-03
7.619392000038140156e-02
1.519074823215987510e-02
9.416238694962775213e-02
-8.785098648908924723e-03
5.649739794864530595e-02
3.792116454776613133e-02
8.945090327210099279e-02
-7.893653161787823197e-03
1.879865896791199295e-02
2.537470669593660036e-02
8.182381761690427080e-02
8.071745390876844395e-02
7.519013567982624213e-02
9.973319256006318856e-02
-1.654310436515229327e-02
1.828820705736895411e-02
6.176394218802043479e-02
6.317525726975878331e-02
5.025352361136255219e-02
3.610010760622062165e-02
7.915234714261996929e-03
-2.299993751933977065e-03
1.701979188541626400e-02
-1.458736202863116990e-02
9.964016359561665703e-02
7.648018520412634691e-02
9.739778784830965819e-02
8.955333132483864200e-02
2.227566172973474354e-02
5.416810706310645762e-02
8.948673345657071065e-02
4.502246258974902660e-02
-1.656598196396400630e-02
8.570738445617995249e-02
-8.363453189469493773e-03
1.790558191781015454e-02
-1.571919503780955588e-02
8.987820132293843078e-02
5.472434666483659560e-02
3.235957069604651626e-02
9.701171642385422733e-02
5.869598970396061599e-02
5.062334633440582210e-02
9.700741652841210483e-05
9.070412406243219539e-03
6.871066031552119924e-02
3.410736629320257340e-02
3.147543572294245195e-02
8.650321561807146342e-02
2.712467636413809155e-02
1.488540205077152137e-02
3.298112445066084253e-02
1.971563803009272406e-02
-8.842196986027478500e-03
-1.496691901468519270e-03
8.302947894005437146e-03
-9.753490623002692914e-03
5.920664092168620440e-02
6.000122149084460843e-02
-1.352056514967425391e-02
9.236087843049685386e-02
3.786087022261824808e-02
-1.829189613816045029e-03
2.172092846543284897e-02
7.050838832083257401e-02
5.487638494791702293e-02
9.507303502292027697e-02
4.447318077004405734e-02
9.533564810736545880e-02
1.200090293745951706e-02
5.177419936533635136e-02
2.883806007286593073e-02
7.606788382981641283e-02
5.950722217764355115e-02
8.390160729091987457e-02
3.425472537279278251e-02
9.453353113058619861e-02
1.318806124211842692e-02
-1.790067589066806492e-02
1.981648757223357718e-02
2.378268907886455993e-02
6.484489549426349086e-02
9.995227353961640138e-03
5.050844534806420150e-03
5.569181483234446339e-02
5.129573935708453547e-02
6.434944977999025595e-02
8.803370544916964968e-02
6.459940360530072589e-02
8.391544131834481612e-03
3.143508284149899856e-02
9.700498175191989148e-02
9.825916740279863615e-02
9.621153491799294688e-02
-1.545664571531494419e-02
2.111165882512852643e-04
8.628423100725617079e-02
4.969572742589557779e-02
-1.188129036797172522e-03
3.609389183734922069e-02
5.960722849424647529e-02
2.110975362917258749e-02
6.329605010882807803e-02
-1.599807117135976578e-02
4.323916439415934759e-03
5.449280098975617381e-02
8.697503571241825548e-02
8.965821576625349065e-02
6.181044724035275606e-02
9.478944357092745909e-02
2.730961377478192606e-02
1.209737731581506451e-02
4.687247361007285118e-02
-1.748755717922982622e-02
6.476662717172398942e-02
2.630854075239743434e-03
8.241065681438279611e-02
7.057261475807319329e-02
3.199775519330975981e-03
4.285886593018034540e-02
3.408643653169772525e-02
2.842103439269693874e-02
-4.811138303559885088e-03
1.658463647534176230e-02
8.566201593751882060e-02
3.941949871876271327e-02
5.268207836481508810e-02
4.805085370314116089e-02
1.617450424035168574e-02
9.953082794137621536e-02
4.396236645493722950e-02
7.795642062286851914e-02
-2.349634719435056418e-03
-1.027084479501669256e-02
1.743131315817346080e-02
3.959561402590714568e-03
6.581939481711771012e-02
7.713953279672856878e-02
-9.532971199937758516e-03
2.034259661267967534e-03
5.973891067269604394e-02
2.614779693243537637e-02
3.952853901876596937e-03
7.297924555510745814e-02
3.918258154410261818e-02
1.410772963625772994e-02
6.519885578631257061e-02
2.481782381294908926e-02
1.318795483152873996e-02
-4.150831057359929965e-03
-1.117121454939221797e-02
7.323018343155021648e-02
9.298418587471943275e-02
4.366963539361508329e-03
-2.307357326395614860e-03
-9.228241096151897083e-03
9.724302710713678133e-02
2.473191380246222981e-03
9.302995432755188643e-02
2.179423071043853563e-02
-3.176366147486144736e-03
8.720369333982007365e-02
6.353284615058307772e-02
5.938325488044414457e-02
4.603646676107064906e-02
4.342969503343692417e-02
7.421528180722496149e-02
2.831526497858514665e-02
2.410523800800625296e-02
6.360587953019922192e-02
8.577611507643684297e-02
-1.519839369435793675e-02
6.162776929418786742e-02
2.684378145985865868e-02
4.375007870140382171e-02
8.771608428979033034e-02
6.471754587727067409e-02
5.995330319176017664e-02
3.544164083796318143e-02
-8.283758062596393787e-03
2.466925511783344890e-02
-8.287498438457831587e-03
3.423646813339220607e-02
5.796015474396079559e-02
4.592513803087337754e-02
-1.245145109919847462e-02
-1.046061540089541358e-02
5.421922168593286406e-02
1.709240934041177454e-02
9.681520929628564809e-02
4.638146992080371955e-02
7.821729931910301192e-02
-1.370569328611074070e-02
-1.036844225075058898e-02
7.597302014242918178e-02
2.753255510814425419e-02
7.416953752919150378e-02
1.207211776846351184e-02
3.188962644497432553e-02
2.687683723964699387e-02
-5.327328369715242026e-03
5.819302518979789507e-02
4.391704878377160337e-02
3.556474033901434184e-02
2.600620410646200045e-02
1.988220779719384809e-02
-4.095045149011329599e-03
1.932282588564810180e-02
3.921964845353438645e-02
2.240283440922837335e-02
-1.835665873831539632e-02
2.557232659689518892e-02
5.084235327817564210e-02
-4.621265564310096316e-03
1.863369990467315940e-03
3.286381239030747303e-02
3.554246706681760126e-02
-1.540850136804943621e-02
-1.975593111586965503e-02
7.108313248708177101e-02
7.606473494103552224e-03
8.524282916461095594e-02
-3.031121125570503116e-03
3.515457125823300000e-02
-2.572143852540027115e-03
3.537154800018309231e-02
3.031589611599452491e-02
1.417389801426508292e-02
2.941489454973825537e-02
5.590449966742994103e-02
6.800846495150074389e-02
2.459815337294098472e-02
1.906470321143295329e-02
6.230974412118608918e-02
4.216621782567055166e-02
2.111324074052523328e-02
5.693668765687974476e-02
-1.104658640653358517e-02
5.569083465242267994e-02
8.221531184698217809e-02
-7.311449693828646693e-03
6.448603180264717016e-02
2.648286752708993788e-02
9.026732998754648241e-02
9.529480469623755057e-02
5.764459774111670154e-02
3.645871130959947581e-02
6.216646844982870457e-02
5.815023359861348773e-02
4.391882236303489007e-02
3.725836364871279449e-02
3.253037567430208665e-02
-4.818430479406526912e-03
8.463983034245542436e-02
-4.759952141394213632e-03
-5.286463814078977766e-03
-1.575132643389411113e-02
3.432316071850856354e-03
9.513495293619785020e-04
1.439305735172991332e-02
5.898204880476891343e-02
8.483435457145380165e-02
4.694854303819898100e-03
-9.997262710837220498e-03
-1.539711666553035020e-02
-5.991060093431208392e-03
3.179252410049285271e-02
1.128035480764174106e-02
4.194571145969637482e-02
6.874427964618338993e-02
1.535897484756316642e-02
-1.192984962348311688e-02
-1.289254515381751259e-02
9.352472999307011314e-02
6.247762492757956421e-03
1.046146771978953560e-02
7.843000051963880392e-03
1.207326901868924912e-03
7.938637711725708701e-02
4.680306283399371381e-02
2.276707687265619104e-02
2.945587296022426568e-02
1.011239326968299546e-02
9.092861994488835725e-03
5.276531115061554311e-02
3.820574090755674002e-02
-9.589759094072407633e-03
9.558378271353130257e-03
1.111459625260165229e-02
5.956251542715364222e-02
2.015567668512287594e-02
8.172177149840081922e-02
7.523085668074663834e-03
2.401888129109661790e-03
2.017962172491314515e-03
2.821543578673081296e-02
5.651260906755346813e-02
8.334585005273803526e-02
7.070713006441604886e-02
9.671808108616958277e-02
9.832032700791132340e-02
2.546477469738063840e-02
5.833837078425349598e-02
-3.692888943628878234e-03
4.615929153786768602e-02
-1.770523979134245446e-02
8.467726379463018371e-02
8.555113251051356393e-03
6.855889082256715061e-02
-1.733518560376880180e-02
-1.005928392961701057e-03
4.866567594579872258e-02
9.434129998593349109e-02
8.520093233753552042e-02
-5.079122224934744592e-03
6.595229942827224301e-02
8.524703621014220745e-02
9.993615199969343998e-02
-8.985146984791851643e-03
6.650686840823237522e-02
-2.733107147737803139e-03
4.521480465277118166e-02
-2.271332227595700137e-03
9.073265695102783468e-02
6.600174176482634381e-02
3.874230927883143272e-02
9.456944647554647865e-02
5.879421787407203281e-02
2.074513263743643296e-02
7.730449249067305323e-03
8.174026551700018517e-02
1.366175895313651370e-02
1.254317707743296192e-02
2.414046188741601762e-03
3.293657781628711589e-03
-2.108032791909332515e-03
5.125254928926387121e-02
6.139716019789166757e-02
5.793216411398401100e-02
-1.948376608964719550e-02
-7.896823361974187466e-03
7.642095699605822717e-03
1.282899423645494572e-02
8.904840259534882452e-02
9.103510152768505559e-02
3.071274764102290347e-02
4.831041236269358052e-02
2.756848729251787020e-02
-1.744582769311225565e-02
-1.362759571465471317e-02
7.087551427495496215e-02
7.469058381888567244e-02
8.031345785677303228e-03
9.828970088516759962e-02
6.560518266725466618e-02
4.114164055687465071e-02
9.934519892559956489e-02
-7.750976016194059681e-04
-1.806352110571637221e-02
2.639058868461200205e-02
4.497407304729590660e-02
8.400273450295964173e-02
9.015134720724771178e-02
-1.582157780162759750e-02
9.686082496225202620e-02
1.857016736904432488e-02
2.307548910744725706e-03
2.359328704631203158e-02
-5.716053326900455075e-03
3.454695308514346697e-02
8.174170529733178203e-02
1.110894946096446442e-02
3.115485514585985063e-02
6.912893205999134233e-03
3.983198387433535548e-02
-3.706027890647070611e-04
-5.394567825172356945e-03
9.951185920816572883e-02
6.910306056972251310e-02
2.723433247506487284e-02
5.926871881398046438e-02
4.630861265731593679e-02
-1.367053568896211407e-02
4.550656777611813975e-02
1.918508343456001505e-02
-1.077663558250717413e-02
1.367771599523536982e-02
-2.439472953425444318e-03
9.618403293582770963e-02
1.026056737629164189e-02
2.823439491429908035e-02
6.548404829411590133e-02
5.537467217970064304e-02
3.292111924446042281e-02
3.969785760988260581e-02
6.572700234575107325e-02
6.047131838020311512e-02
1.881616822806129671e-02
7.189240961013990128e-02
-1.654314357172701616e-02
2.597041267552236896e-02
8.527105732099519997e-02
-6.254788761033429692e-03
8.847002253099024716e-02
1.676616068051749522e-02
9.302404778247248818e-02
1.884006323289668175e-02
2.065642000971873796e-02
-6.392043530728721418e-03
3.765894396228579299e-02
3.977203181223712414e-02
9.766119905447505356e-02
9.813898775584643797e-02
-1.334410944535126264e-02
-1.337429718250802632e-02
6.917971323271462913e-02
5.763392414682774745e-02
-1.867881658614673965e-02
4.728915209839622269e-02
2.617812398424413170e-02
5.808284007117685277e-02
-7.746494401501130556e-05
-1.141936915044274026e-02
6.210477567809251365e-02
5.168027682313350302e-02
9.479419676465764000e-02
1.004045051890314205e-02
9.296326121663762987e-02
4.242205578674258792e-02
3.409841627390927665e-03
-6.002202400225559176e-04
3.879512064269335925e-02
2.641002086755081177e-02
7.209312600491527001e-02
1.298434936684214266e-02
4.229222602905674533e-02
8.778062358153217171e-02
2.184160763674588071e-02
6.397692487719651433e-02
3.416682521900990532e-02
-4.336086711036118285e-03
6.971609997860042651e-02
9.455914182066754714e-02
4.923341756445148709e-02
6.479358024951765993e-02
-1.898303585367067808e-03
9.874144715590091326e-02
2.725528858381801381e-02
8.742680871309604917e-02
-9.818945699075584677e-03
9.121094904194999853e-02
9.290844759853093826e-02
8.258244439332648734e-02
8.059803190839973097e-02
6.057660077211496352e-02
1.766407635199139167e-02
-3.274235916889998294e-03
1.857447910332432270e-02
6.916995846004724002e-02
6.084081290605404535e-02
-9.565171115060756846e-03
2.458123658278013254e-02
1.871483843035133196e-02
9.753686900763108847e-02
6.567936696531606611e-03
2.064197904053934399e-02
7.835026173821879603e-02
8.218829117656534233e-02
-2.547066583388813560e-03
2.799259019418599490e-02
-3.058652982101922602e-03
-1.137157301854258701e-02
6.190053507217374573e-02
2.185894593853852583e-02
-8.041739817280721403e-03
6.619082331303027811e-02
7.861489580012621936e-02
4.478441169698911539e-02
4.173025041699457427e-02
-1.030549637579790054e-02
2.229594031354389591e-02
2.370314487509836074e-02
-9.934039124491901573e-03
-1.573219403751368803e-02
5.991713057618773541e-03
2.291653288892829890e-02
-1.593883083520716143e-02
1.796608892187524439e-02
2.521623134443312306e-02
-8.415980830115649819e-03
8.422584829947524221e-02
1.553510135318448421e-03
6.929375710592623749e-02
2.117200060227982308e-02
-1.820957180521099936e-02
1.791693557069194351e-02
-2.012441876930226581e-03
2.551345646693649674e-02
-7.400779484907422934e-03
8.882446982663803892e-02
6.306224919879174773e-02
3.841608235052386411e-02
-3.840129068014043467e-03
5.196717228746924877e-02
-1.564557026488758509e-02
2.386727472255975244e-02
-1.972355242160869424e-02
9.201808619925395949e-02
1.460295852382752571e-02
6.678026743907092277e-02
2.199528318759163756e-02
7.345418617376768544e-02
5.899110150672062791e-02
2.713974705558103509e-02
5.071271822902544135e-02
5.875546808107864893e-02
2.248130737164042575e-03
9.636749858784764144e-02
3.966562027086772968e-02
9.888010690066405262e-02
8.600564708047825357e-02
5.401078446244507447e-02
6.217222196225696829e-03
-1.790572475553373066e-02
1.936800968831811978e-02
3.039197937703965943e-02
6.565961291636594754e-02
3.433411275577769040e-02
4.557341231377655399e-02
8.691250612963247191e-02
2.668936815871362014e-02
2.789398677075259972e-02
9.985550323271834283e-02
-1.956414581887430323e-02
-6.817526030113686686e-03
7.760515973368831144e-02
-1.672356759596507758e-02
4.811395457845960011e-02
7.873649800968444967e-02
1.499600860586778814e-02
8.543546968026753674e-02
3.776325010389640358e-02
-9.454943174954393362e-03
5.567549948711646157e-02
8.511208421848159844e-02
5.404614537573544653e-02
-4.247232132970311935e-04
5.263497148526992409e-02
9.328530093201624351e-02
8.436036467720539611e-02
4.972800225737215862e-02
6.209397776671868319e-02
8.527306418562813350e-02
4.246819456875298993e-02
1.739311606604910035e-02
5.595454827784751561e-02
7.245749777855244045e-02
9.412661225065845072e-02
9.880117249991463013e-02
9.968496819057397207e-02
7.694409692384479582e-02
2.316517173836473917e-02
5.990286868937144682e-02
5.928836489590263992e-02
8.607263066477248425e-02
-1.718751603452733229e-02
5.006113423059950496e-02
-6.169031645960209101e-03
1.969351388502120839e-02
-1.398539618153131839e-02
3.951473945892861050e-03
5.868191512198496496e-02
-8.410173571205699014e-03
2.010391933906499964e-02
5.762977272479083424e-02
8.995495035359246661e-02
2.497145917582876962e-03
6.707504052606651224e-03
6.105114219194152092e-02
9.621014139214741079e-03
6.191952464419052393e-02
-8.774607020970784377e-04
4.202670985521038405e-02
7.821552629340157436e-02
8.150991964284171054e-02
5.529970884038343248e-02
3.841413043037701647e-02
-5.336012963946291932e-03
7.857576511079780723e-02
6.301003259324712558e-02
-1.148845275762286344e-02
5.583339753373908754e-02
3.266656883597221506e-02
2.810087173839462618e-02
5.253059626099046420e-02
2.668971930017636704e-02
7.853288126921284529e-02
8.939387436934309594e-02
8.671996581711320651e-02
2.740589780069753109e-02
1.163218851206027429e-02
2.550387093400289726e-02
5.400793397831281373e-02
3.364649147492040221e-03
1.015054955464833250e-02
-1.710173748569318586e-02
4.688105733007004450e-02
4.842244026677064439e-02
8.046682237190276588e-02
5.073422310052762285e-02
7.407045444960194680e-02
9.584788883442697804e-02
7.348703319461465100e-02
6.945815677047320613e-02
-3.265789295443067425e-03
-8.722502053398473176e-04
2.490997966467738481e-02
-9.475002040995073385e-03
2.837112576304620312e-02
7.402226944059445146e-02
6.441601894616158508e-02
-5.869313340328193712e-03
5.201947494627233437e-02
6.360202336444867321e-04
-1.263246075211034436e-02
-1.253184095169886797e-03
9.931322303553589970e-02
1.253705126692824731e-02
3.119786917620284358e-02
5.953488630186928865e-02
3.434535588624282321e-02
-9.173611741805757364e-03
8.192530257500764412e-02
-5.048929012089104634e-03
6.139944213546222329e-02
3.354898328171075639e-02
-1.549060065246668852e-02
3.430319667327033639e-02
6.276858234085093413e-02
1.006277184018117624e-02
5.734197859566794730e-02
6.703971784394992250e-02
-1.114338083730432791e-02
-5.775837359544757493e-03
8.892533376243515197e-02
9.229298210589741147e-02
6.753782424354862202e-02
3.352037284232238512e-02
3.264754064566204039e-02
-1.738158321078228305e-02
9.263114310959696951e-02
3.855678642693159686e-02
9.059959086519320248e-02
5.687671434286903360e-02
6.371982524053362851e-02
-4.166422903480564155e-03
6.764122577339529152e-02
7.197658121936592601e-02
5.173139599940000666e-02
8.879136786855530705e-02
-3.710262560137560228e-03
5.680887866687170384e-02
4.313893731996729097e-02
5.254214174017372840e-02
6.132049470243988720e-02
2.518952183755859484e-02
4.722691508066945154e-02
-1.402276800536406999e-02
-6.370654328650630915e-03
-6.861085093258053463e-03
3.788850531619912532e-02
5.720364335688897517e-02
4.691320446422840573e-02
8.457507157097310380e-03
6.589155615200507909e-02
8.770508038513401272e-02
5.652233122375831254e-02
7.815971434392386674e-02
4.780955552413695964e-02
7.166144646225149073e-02
1.910629556895824047e-02
9.410095012951720517e-02
8.406437559447439700e-02
9.820976215593282821e-02
2.273392432711766539e-02
3.717183656681430359e-03
6.579556660592096595e-02
8.115579098659012058e-02
5.205793792406097908e-02
6.332774414290652520e-02
6.998991513874472381e-02
3.398518398156559484e-02
3.820739935794903452e-02
2.024041355630165281e-02
2.427407918766099140e-02
7.656327723126997442e-02
-1.913164729332971978e-02
3.250455766450847939e-02
1.871176562048087327e-03
8.674757173690847423e-02
6.565083621405534003e-03
9.780147173681731643e-02
7.629506248162913618e-02
9.634428557497676932e-03
8.785111910976901861e-02
-3.925627608351626996e-03
9.743058274327788537e-02
1.226502279276824384e-02
2.699971339962098024e-02
1.584898713039830168e-02
4.263325541602269730e-02
6.126384980612456510e-02
2.513202298230250362e-02
7.439245276943140528e-02
1.341951181307373883e-02
5.298709839387466536e-02
4.829416977099561248e-02
4.148527306888960542e-02
7.970834225262064809e-02
7.721228189283886600e-02
8.538410486150571632e-02
6.892207787405402186e-02
9.522491422168838371e-02
5.605877196370501192e-02
-4.247131526083566810e-03
6.073087795746674733e-02
5.869861700075473809e-04
7.864214774788834406e-02
8.486376163119510596e-02
6.646453386281221676e-02
7.259679415838893313e-02
5.913765337955509405e-02
6.790856333599451511e-03
8.257896184100188552e-02
1.437924130760511940e-02
2.886086078849197170e-02
4.116181644903925407e-04
5.419163048437811159e-02
3.258439422115502748e-02
1.993657966070214518e-02
4.459046102583454074e-02
1.648415418873922303e-02
6.134681909863771987e-02
-1.209815947011375764e-02
-1.734475431826108111e-02
3.379307483857114935e-02
1.090152643073743002e-02
1.871844330867792477e-03
5.044001148311874627e-02
5.037648510712745831e-02
3.825726296979908847e-02
-1.470609435637287160e-02
-1.286832351354552650e-02
2.605063961447284457e-02
1.177879986836854673e-02
1.026220130950803583e-02
-1.377850571999206242e-02
3.772051562366370014e-02
3.464480595955042597e-02
9.098108198181846518e-02
1.352621261432135000e-02
8.206045761383047588e-02
5.514252922710236038e-02
8.300230188651906704e-02
7.350127653592579413e-02
5.116539120012159048e-02
8.567495973583508229e-02
1.382471332751642260e-02
7.774911371563313078e-02
2.055508337429107560e-02
7.826093205795423002e-02
4.734601794922696505e-02
5.209591307034845686e-02
-1.563591814426908838e-02
2.810074317408782496e-03
5.911432307517858198e-02
2.432669216627870307e-03
7.097594601400827874e-02
5.947915592635474868e-02
2.576968008297500848e-02
6.336321063711074231e-02
9.922044378695622779e-02
7.112827788892644304e-03
-1.083904968179621314e-02
8.977812114877270488e-02
5.593345936990108680e-02
6.807560356848038619e-02
2.276875975432471680e-02
3.293115728853690527e-02
-9.486113279574106064e-03
1.141087155376420761e-02
7.205629160586075888e-02
7.480144300673763347e-02
9.939400987987442870e-03
-5.926354553939611192e-03
4.349409572911835942e-02
9.960505834493021959e-02
-3.073911798558821851e-03
1.501420692282821184e-03
8.816203920623480461e-02
-1.900656014174463213e-02
6.597964281439630541e-02
5.895580456874212338e-02
1.234949921689230609e-02
1.661370825780195473e-02
8.039116905784408906e-02
6.542522775557030323e-02
4.121866228289507161e-02
5.804406863259015115e-02
8.354147033807750311e-02
1.053386514597931187e-02
1.203864533565851200e-02
1.795169354651074065e-02
8.230201134115665978e-03
1.458317727930768734e-02
-5.842237350498895657e-03
3.925780802777646683e-02
6.038986705754600948e-02
1.905834161801600243e-02
6.378494500749641583e-03
-1.186598613140743552e-02
9.850403994336276448e-02
6.823156534882925117e-02
1.215452185735299215e-02
9.834976471757992528e-03
8.450309537536321303e-02
8.652241491368686810e-02
8.688304134824720304e-02
6.442313682131022012e-02
1.769511543218402552e-02
9.651272241581744515e-02
-1.339115274576714240e-02
5.502071833273708412e-02
9.300707943590111326e-02
3.332540777690903844e-02
5.354067806063693424e-02
-5.581784181262160888e-03
3.880510133947386031e-02
9.006798509321112256e-02
5.245531427605275299e-02
3.329133057331269685e-03
5.603721014439345949e-02
6.744942122835870246e-02
6.748288689423165981e-03
5.033743238749528726e-02
8.914530942063086938e-02
5.150689489341762906e-02
9.251748157174737031e-02
7.370882829694722083e-02
8.741504721615674101e-02
9.696934489881542385e-02
1.732779540983770197e-02
5.341035230663569722e-02
4.514412919935134605e-02
4.354055626246719490e-02
-1.728919636718794992e-02
-1.544982329286360458e-02
5.766500198018484347e-02
-1.517812920272345115e-02
2.168677247911339132e-02
3.690540170638668960e-02
3.398564349194113654e-02
3.117247764629803644e-02
8.092442333588070746e-02
9.373189415075540432e-02
-1.409951581395539263e-02
-5.738495247808721167e-03
-1.533597751169269753e-02
7.618865298526367180e-02
3.128237801159495374e-03
8.191627471918164205e-02
5.626364926407124989e-02
5.047443393546112433e-02
7.913590725473873544e-02
6.192020961704353121e-02
4.042113711422500033e-02
5.495050317174765553e-02
2.384307998312265933e-02
9.284629195854718353e-02
7.433512869636166309e-02
-6.464635199338019875e-03
1.431363450752158942e-02
7.031509845949815429e-02
6.814309953468729308e-02
9.078878699482598874e-03
-4.938895124997726149e-04
2.329575509238449374e-02
-1.543392153614775442e-02
7.239833093554137733e-02
8.842772282793312510e-02
7.331217797101689804e-02
-1.071653709500001821e-02
3.412339482359590115e-02
-4.725778520586953677e-03
6.883893517998031231e-02
7.566018169885581346e-02
7.988536088047868550e-03
2.166572597348506019e-03
-1.389553403791063922e-02
3.428897796210175763e-02
4.805708782908900412e-02
-1.948771294858845510e-02
2.777344519977787904e-02
7.180908734943373950e-02
7.824135435253112836e-02
-5.835990413780769298e-03
3.494401544206973687e-02
9.148199218134926702e-02
8.895399352635183221e-03
7.704194987389430260e-02
-9.567988381530828992e-03
2.344460650997075638e-02
8.380838317839443830e-02
6.235602288011705963e-02
4.839396366041098796e-02
-8.826921399050675909e-04
3.418712326832684667e-02
8.867881542261972505e-02
7.034505940391662382e-02
1.258600790698174640e-02
-1.642616921677405445e-02
-1.682674012575437889e-02
7.408939299432242692e-03
4.207993726832001680e-02
-8.629147189050806466e-03
-3.515430484995859389e-03
2.548093934982404926e-02
1.656793203168239678e-02
2.227110567185737813e-02
5.477956310494573600e-02
5.831938116541663525e-03
4.384323924237841508e-03
6.677457631583895437e-02
7.101493550463487681e-02
6.639578243241815725e-02
8.184435841336461237e-02
5.935981143117759207e-02
8.054075897519311078e-02
6.576187677603285986e-02
5.868146290812596699e-02
5.728150562614239827e-02
-6.876840883585994685e-03
5.051891970890683148e-02
4.253172867670855506e-02
2.113861466559656746e-02
-3.533967212182926448e-03
3.309693899427218478e-02
7.926513827672994339e-02
-6.224661226109144685e-03
-1.142381429934353348e-03
-1.288171248624728552e-02
1.761395427050639964e-02
5.662215105220923250e-02
3.559724216513297790e-02
1.171672990744309847e-02
8.415478951000009145e-02
6.701757510609002155e-02
9.453784683001056899e-02
7.163783047398250559e-02
3.948543476134441788e-02
-1.838347553578847937e-02
7.676408703261745903e-02
3.078502841435196494e-02
4.732738666726735155e-02
1.201248336679703460e-03
5.344757192632354492e-02
2.944919567516856088e-02
-1.561820759528046235e-02
6.348457337458192351e-02
-8.771185293941861222e-03
1.502996877315071825e-02
5.239991797441163890e-02
1.035363173592367472e-02
-1.539809873150455900e-02
9.276545538207685293e-02
7.162886843760350730e-02
1.795527764939932117e-02
6.013646133993429121e-02
8.797794747929003900e-02
-4.890016659778794600e-03
7.932417007704778422e-02
1.932250547885233996e-02
7.995317013856075017e-02
