1.072171809253433139e+00
1.072334654165705059e+00
1.056759601504921431e+00
1.085272386516342502e+00
1.026394219810575770e+00
1.015962413371519490e+00
1.010660642200699177e+00
1.013429504349685706e+00
1.084576843271228164e+00
1.015718081967372566e+00
1.019899558673988960e+00
1.045395485023182136e+00
1.058385620744829225e+00
1.036979959111029581e+00
1.061863045368603098e+00
1.005614108176336563e+00
1.064053811981918063e+00
1.086558376552508864e+00
1.092551756947861108e+00
1.036210770368289680e+00
1.035115311792059956e+00
1.011134119125816966e+00
1.031825162399401696e+00
1.064468317620998361e+00
1.034962213237363038e+00
1.049841614844018611e+00
1.077797130048403718e+00
1.023928901864272101e+00
1.093984708688066743e+00
1.026058500862848888e+00
1.019590582828911351e+00
1.079607384921700497e+00
1.084580991213736079e+00
1.029607858691822919e+00
1.069425664801725517e+00
1.056065514631483238e+00
1.060847374455743175e+00
1.030464184185348797e+00
1.070825221863443311e+00
1.097413260296005832e+00
1.085432292936351795e+00
1.027550761713761140e+00
1.015048401156074531e+00
1.030749538539687649e+00
1.027535630738944494e+00
1.090127183535945177e+00
1.039272169696735082e+00
1.042715925192088555e+00
1.003755323751967188e+00
1.028375728903156094e+00
1.089845007404226074e+00
1.011463273273299324e+00
1.026863736847263953e+00
1.057567861080227711e+00
1.033510955689463051e+00
1.002798249153378896e+00
1.030606460409055236e+00
1.028219025772493023e+00
1.065410624391894601e+00
1.023536724872699200e+00
1.032690141075746748e+00
1.099126948194159015e+00
1.053075270901348004e+00
1.084239660491170154e+00
1.029221169496682631e+00
1.085693266448275462e+00
1.012814339217691817e+00
1.021018808669515110e+00
1.038760451395966955e+00
1.094721576774221328e+00
1.044698996519352940e+00
1.070732141993665287e+00
1.007927316467794876e+00
1.025551387238528900e+00
1.096084632107648060e+00
1.009153311178545342e+00
1.019431485937796422e+00
1.011349271962291407e+00
1.031347175753636325e+00
1.015895442744113142e+00
1.028753243042107357e+00
1.005717891377491791e+00
1.016253075990929622e+00
1.089713503922743909e+00
1.038894123531060032e+00
1.024097372479810808e+00
1.053413662506768933e+00
1.034593648758164175e+00
1.087931520301038901e+00
1.038691016790873611e+00
1.084758934560243304e+00
1.063617009768685895e+00
1.090043887391008104e+00
1.054082121574787312e+00
1.052550414044513882e+00
1.086691590118143536e+00
1.060999030534733878e+00
1.074353566785792857e+00
1.074727162792115998e+00
1.096462973439617627e+00
1.077054996650729235e+00
1.074265192603143682e+00
1.007601464928213009e+00
1.023580867507122738e+00
1.012427935215329811e+00
1.055503173899198899e+00
1.083979087045429113e+00
1.050016701149290466e+00
1.033535177459562693e+00
1.062365067295973686e+00
1.027062184452719018e+00
1.031983108284422856e+00
1.079306355979372078e+00
1.059212225891237757e+00
1.048692436408156903e+00
1.009423176587434634e+00
1.068183628221477166e+00
1.089680519172058215e+00
1.094619635249076017e+00
1.073468668354786715e+00
1.096725838711564815e+00
1.085550250129928118e+00
1.064156074587271794e+00
1.044306676554771496e+00
1.098276297533681500e+00
1.026330229945474848e+00
1.019339911423265077e+00
1.012541526050439344e+00
1.072058223180340164e+00
1.045234240667008985e+00
1.049655185435012905e+00
1.084570470767516115e+00
1.071917066700311949e+00
1.023816039434314984e+00
1.022804462323352315e+00
1.092560591268938897e+00
1.058569003863227609e+00
1.036746602469416079e+00
1.053325388267152718e+00
1.026592618716251071e+00
1.020542467110717055e+00
1.040249721636859581e+00
1.012284995295724244e+00
1.066279702551292230e+00
1.058041658907015403e+00
1.058822511535187694e+00
1.098925779691215299e+00
1.021731206826771210e+00
1.084263023160103590e+00
1.078224802065354204e+00
1.094120624038969591e+00
1.093901133179511875e+00
1.003443330320290983e+00
1.073123398854447519e+00
1.069922381742032691e+00
1.071968590030284663e+00
1.089625534283352959e+00
1.007468614463550738e+00
1.076799009268528229e+00
1.090846095777701530e+00
1.098270059229833340e+00
1.049431729540101665e+00
1.039965486736490252e+00
1.072164611200062456e+00
1.044907076808088364e+00
1.085268112071035684e+00
1.066573256776096157e+00
1.037078443206646217e+00
1.050914777845879167e+00
1.054347855162368619e+00
1.051738593860765292e+00
1.017361252570900820e+00
1.095264483395941735e+00
1.006640500813873462e+00
1.069853294436778235e+00
1.026485479461431982e+00
1.024358867424320918e+00
1.087608081125499560e+00
1.015455554970734031e+00
1.049581772180685268e+00
1.078900398203289202e+00
1.001917347400419489e+00
1.076393713095644911e+00
1.094582197581278171e+00
1.003590762875481435e+00
1.097604012650344574e+00
1.079046391199299793e+00
1.023178647397924523e+00
1.025670745163687281e+00
1.089818498483838383e+00
1.097241368162223285e+00
1.072322630292564138e+00
1.001186621408633348e+00
1.017221313983572850e+00
1.022956070263074446e+00
1.096342276253657211e+00
1.070936190694263157e+00
1.099555108800064351e+00
1.014829017089062146e+00
1.053576739621165270e+00
1.038423188293494892e+00
1.087064089520929588e+00
1.057540901845744674e+00
1.076370727272182526e+00
1.038833495650825611e+00
1.083913232902526946e+00
1.016745815890017335e+00
1.050321592747965660e+00
1.061406915269892393e+00
1.083707091513943288e+00
1.044816124120937939e+00
1.097289695664625642e+00
1.038569474985939101e+00
1.047627848935666517e+00
1.091129302151228941e+00
1.036968424420904089e+00
1.002090352377359217e+00
1.068778238710210271e+00
1.081645202994849120e+00
1.083420211395075494e+00
1.090953309036388763e+00
1.092982789828449430e+00
1.064626247926226510e+00
1.019901641554682437e+00
1.020368856499819676e+00
1.085472563670759616e+00
1.019597349923323515e+00
1.078679723920948685e+00
1.067046890805620096e+00
1.017935057224087281e+00
1.014632702936691278e+00
1.053096801215054112e+00
1.096038393618959272e+00
1.015187579896816628e+00
1.085727335030174379e+00
1.065671504206093134e+00
1.000789283765967097e+00
1.080155235712111139e+00
1.074205456752008292e+00
1.089512621444526763e+00
1.034210441485192034e+00
1.060362723728005774e+00
1.044486766107549647e+00
1.034510785959118051e+00
1.002405952859502625e+00
1.062839686590851374e+00
1.035477798297768981e+00
1.069871438191100310e+00
1.009727144620633732e+00
1.073259746509851231e+00
1.041725207094423178e+00
1.091449934908621300e+00
1.070519719218070209e+00
1.072090126517098785e+00
1.083155032936060636e+00
1.078344882670724481e+00
1.049577491335528689e+00
1.004682888289747611e+00
1.043145757286962461e+00
1.005094434177609353e+00
1.064894024600577582e+00
1.087128988793900630e+00
1.021988164858203874e+00
1.082445813607740170e+00
1.027888716599249408e+00
1.040716060719743430e+00
1.002354880417676952e+00
1.053157875334159055e+00
1.044562226060844701e+00
1.086155338267365877e+00
1.023789790600244665e+00
1.050468075152624969e+00
1.019319325124862008e+00
1.078850975638077969e+00
1.099467881679190295e+00
1.006728952048625558e+00
1.070926830921025141e+00
1.032563957789579767e+00
1.077136712008849972e+00
1.042029002518573000e+00
1.008111364436885760e+00
1.013372631906275689e+00
1.090660580274555036e+00
1.051679328881682807e+00
1.076111686713095095e+00
1.030255572791828556e+00
1.087337056741519259e+00
1.025969359551696325e+00
1.059469198286717484e+00
1.045845882566871499e+00
1.015020527287160190e+00
1.017212785020008115e+00
1.005821369490300876e+00
1.017099990332209325e+00
1.035811433075577881e+00
1.099797666802863505e+00
1.091584564435319926e+00
1.042996151895890122e+00
1.013460216600112540e+00
1.085360975906521697e+00
1.084931087749695600e+00
1.047214129573910801e+00
1.046587181387024446e+00
1.024823993875463302e+00
1.042326174869640854e+00
1.099934270054242935e+00
1.003552288759455680e+00
1.061997770660449092e+00
1.092787828491240010e+00
1.098072174143178703e+00
1.095546062758351535e+00
1.008449875257699579e+00
1.014167551525227307e+00
1.080428474396945226e+00
1.021682107048928367e+00
1.028785937697223263e+00
1.004166876821603660e+00
1.070231004604097258e+00
1.076685794766661708e+00
1.049898671237806891e+00
1.099604151210094249e+00
1.067046943062615050e+00
1.016184356080318096e+00
1.037696684545571291e+00
1.002953553292323940e+00
1.033471153170590462e+00
1.094434850353458888e+00
1.028657611918885273e+00
1.003904077821630603e+00
1.084252613574290924e+00
1.006478359094146180e+00
1.028472704343889710e+00
1.064233553367102569e+00
1.049223855690167184e+00
1.034615534629887756e+00
1.070103367741953804e+00
1.019916497424180557e+00
1.032693776503581518e+00
1.097169030412220803e+00
1.042608379852400402e+00
1.006468914022313976e+00
1.016138587370919222e+00
1.038152558511066470e+00
1.093497606878243378e+00
1.033906136987427615e+00
1.091639336728502219e+00
1.064350280090313960e+00
1.026121925074411356e+00
1.074845056946267086e+00
1.081927677528199405e+00
1.070811433777882016e+00
1.072138145106610763e+00
1.016036702045976403e+00
1.019537252511810266e+00
1.033570997053073315e+00
1.015961528640397127e+00
1.097649253183856644e+00
1.045141014160902770e+00
1.048549524581171788e+00
1.066838782133574082e+00
1.033967831497472289e+00
1.055793083383492315e+00
1.067589350627152545e+00
1.082760670041689854e+00
1.040974981430856872e+00
1.057539738730067791e+00
1.058122690092197615e+00
1.021313656596048558e+00
1.008420505605615691e+00
1.025224838960842932e+00
1.015274794041253204e+00
1.040664948688953650e+00
1.028306384881168434e+00
1.021398912555318894e+00
1.052010432324683054e+00
1.031416072203514611e+00
1.053996890350758164e+00
1.058375560740473231e+00
1.086251849908269396e+00
1.007049437070528741e+00
1.080355373602148283e+00
1.020627886758700198e+00
1.029559268319508059e+00
1.020946886625626826e+00
1.084367070144285794e+00
1.085341878768740997e+00
1.067754586226121294e+00
1.088617613431629882e+00
1.093506346730193535e+00
1.082181994988048457e+00
1.097373351392607832e+00
1.007500891080131522e+00
1.062318712606272531e+00
1.053255165358945034e+00
1.089639065369032878e+00
1.048699533333282918e+00
1.053008011231908014e+00
1.086798718160438382e+00
1.032988020909254123e+00
1.034525544121912555e+00
1.061285618144578002e+00
1.047177285992176188e+00
1.026203113093048236e+00
1.099505286517791003e+00
1.047703496173292281e+00
1.047383906965411171e+00
1.023914452516063500e+00
1.092609033758802806e+00
1.083847013902618839e+00
1.088898343713952332e+00
1.085934204827630811e+00
1.054098789935220326e+00
1.036158881248773866e+00
1.091254537875662400e+00
1.036936658188673421e+00
1.063974526006504329e+00
1.078723854516533409e+00
1.075931160934260999e+00
1.053904377728143826e+00
1.050334632041824756e+00
1.065125815827737021e+00
1.046643360005657497e+00
1.072028092135305810e+00
1.016699336552462807e+00
1.082511799293831789e+00
1.090947376672587232e+00
1.018205144502092985e+00
1.002183211678954633e+00
1.075453732967171394e+00
1.016772559545026544e+00
1.033455070117945462e+00
1.095427034890920748e+00
1.005483748227068208e+00
1.006913996836751091e+00
1.025708358377762197e+00
1.053753563383251324e+00
1.089340287316299838e+00
1.083077821491407189e+00
1.020039424064041356e+00
1.017184149465372833e+00
1.004123724817958641e+00
1.026725491487419761e+00
1.011256357914931181e+00
1.097183262341505205e+00
1.001157392811995228e+00
1.075157102983348434e+00
1.016016787685982692e+00
1.055117920603058979e+00
1.032771718609497791e+00
1.092748986279303614e+00
1.003925397441516987e+00
1.004048448828663620e+00
1.045549833255307481e+00
1.069384593918567550e+00
1.078922778642286140e+00
1.064336149221332350e+00
1.067375443898908038e+00
1.048853350526159911e+00
1.053171706141962538e+00
1.035824598690512355e+00
1.006640687877892404e+00
1.018270458324936234e+00
1.059539720081988046e+00
1.059569995272346521e+00
1.010505478392388579e+00
1.010247848308568175e+00
1.002385411817500183e+00
1.012283145735776380e+00
1.026971665005718348e+00
1.032293279951304488e+00
1.040568122193527678e+00
1.098563725316162865e+00
1.060584662383315502e+00
1.013942525299687869e+00
1.059711838775039050e+00
1.020252288200161006e+00
1.016524703456684220e+00
1.050180776449049835e+00
1.032373040150119881e+00
1.052406441539590842e+00
1.053790836887915638e+00
1.079986041026406829e+00
1.029547409464885099e+00
1.070812157054684022e+00
1.025397590143545701e+00
1.012310706181296593e+00
1.017824125211186592e+00
1.079368390079453288e+00
1.034886174247948487e+00
1.036795928141041268e+00
1.083084215641441972e+00
1.091107837772029576e+00
1.003460810022778649e+00
1.090593920765390745e+00
1.003601623889286643e+00
1.022413011229021285e+00
1.035596733309795958e+00
1.055688933404479668e+00
1.060059426037608166e+00
1.039331394646584750e+00
1.015792536861989559e+00
1.081989765176698315e+00
1.027539536072570758e+00
1.010270912640721663e+00
1.053212137111304569e+00
1.043889055066399063e+00
1.074493282010964501e+00
1.058161109074542860e+00
1.028279628409694224e+00
1.081720047263797113e+00
1.046835403747512938e+00
1.013385332703877983e+00
1.062103573026811132e+00
1.084053747921879474e+00
1.047149033004378893e+00
1.099693455202587655e+00
1.039384385692245116e+00
1.048593149968030547e+00
1.058687903358234150e+00
1.072266782245923089e+00
1.021093591074165197e+00
1.027581102799874690e+00
1.022108555787981432e+00
1.089826474436776049e+00
1.008578573236069476e+00
1.020081654476583166e+00
1.038422454004590989e+00
1.010031781793653494e+00
1.073755408817300028e+00
1.080867367505631949e+00
1.036726043579162759e+00
1.089957513701040437e+00
1.010654796412347567e+00
1.044512028828711525e+00
1.006571683504501769e+00
1.024958921777649135e+00
1.025965865728922344e+00
1.056889953079019451e+00
1.021395222823886728e+00
1.099438390554842160e+00
1.022227425951883539e+00
1.094634029715226164e+00
1.044217864735616397e+00
1.035510786459389765e+00
1.042912364409895432e+00
1.048794396639471271e+00
1.037626116113506081e+00
1.018221911607680719e+00
1.094536672969746327e+00
1.006437204307193189e+00
1.002894414662755418e+00
1.074397087741854717e+00
1.014175384661660795e+00
1.074193379746976929e+00
1.037204755657805455e+00
1.012160038027522191e+00
1.013621753613493937e+00
1.055026731653813776e+00
1.035958289879868932e+00
1.020924679449118022e+00
1.035034147630002899e+00
1.000119340536059331e+00
1.099931110008673718e+00
1.085795121181088563e+00
1.059586103247881717e+00
1.016924631911277910e+00
1.060227666703021931e+00
1.087488780497073426e+00
1.078950644093380928e+00
1.082198637626522464e+00
1.089111307189743583e+00
1.004808278636919017e+00
1.066125939951062973e+00
1.036594740239074275e+00
1.015722163127129374e+00
1.089083213644731485e+00
1.066780157532793760e+00
1.043949321216674164e+00
1.061025587552675065e+00
1.043210160809514342e+00
1.096433798290768591e+00
1.075965898184664260e+00
1.021248959019810609e+00
1.098339646887549925e+00
1.080367588482367136e+00
1.069892114483452561e+00
1.098195246535688119e+00
1.091319452286059866e+00
1.041044450812474986e+00
1.069291249875358618e+00
1.091868467412647759e+00
1.002908467950466287e+00
1.011105294315286729e+00
1.043654356687220952e+00
1.031631345773320829e+00
1.084230974056928920e+00
1.030399391143246079e+00
1.091405683173908070e+00
1.080562714014322356e+00
1.006275931854707872e+00
1.046390993406718151e+00
1.024736713948989131e+00
1.080241341942773436e+00
1.027886577519038003e+00
1.030105993561515554e+00
1.056523946634719602e+00
1.038128334359994298e+00
1.070273414707501480e+00
1.028521527767264798e+00
1.030338180306189511e+00
1.007026809933253997e+00
1.094966627679927029e+00
1.040204792315901239e+00
1.055565521043150490e+00
1.057543242616449719e+00
1.044755231492148884e+00
1.003749198219702432e+00
1.070806625216758956e+00
1.080064630201066356e+00
1.088282770500165197e+00
1.064896841951826101e+00
1.053429097471096032e+00
1.031715166924357607e+00
1.089608755031168386e+00
1.052076921925444219e+00
1.076948240042246097e+00
1.018133539277434441e+00
1.030088707432250006e+00
1.087760439361182163e+00
1.036622794700932326e+00
1.002034292191123832e+00
1.087488634291102763e+00
1.065527713049585046e+00
1.097956015517896677e+00
1.045780456134505210e+00
1.076928013144987428e+00
1.012326892173979198e+00
1.067525019458984037e+00
1.054486694460543106e+00
1.011643331909675814e+00
1.079150219115760700e+00
1.023999680360221820e+00
1.027604632858261313e+00
1.050671756859103301e+00
1.012393869019016401e+00
1.076474711386767646e+00
1.010189505740929139e+00
1.070391027020066499e+00
1.015841637576518686e+00
1.015180164520854689e+00
1.060922546586326787e+00
1.006555785490439225e+00
1.010287963990105897e+00
1.000174820292405675e+00
1.041770316332726098e+00
1.021044932643373260e+00
1.036030925406176584e+00
1.048933241155856955e+00
1.035786742300867980e+00
1.009928471195179034e+00
1.006970925695161334e+00
1.045167911330816102e+00
1.024478909311909325e+00
1.060128777330930916e+00
1.043967660668232877e+00
1.023361281023367431e+00
1.092751216531073544e+00
1.084920307312199794e+00
1.072287780549748160e+00
1.008675758645028564e+00
1.096214700344271709e+00
1.010403068502133905e+00
1.095092270056797989e+00
1.094160206177818395e+00
1.075262281779612472e+00
1.089818783524060253e+00
1.002242162578270479e+00
1.078718208468434581e+00
1.088584508393112715e+00
1.041228894643299263e+00
1.077371331563691470e+00
1.086697357227604410e+00
1.023567424797232617e+00
1.067525655522591155e+00
1.024414410381168539e+00
1.086270255334274237e+00
1.073287574209030648e+00
1.073046483324128442e+00
1.055633758114767007e+00
1.027848872252187018e+00
1.062074136459749685e+00
1.026769760253705588e+00
1.004894089581111372e+00
1.025199441326074545e+00
1.099926169090968742e+00
1.092619473966317534e+00
1.074752487040978810e+00
1.018691562895120084e+00
1.043439319633004514e+00
1.053911858074015884e+00
1.009979082259163219e+00
1.079135860748819509e+00
1.003077432237710287e+00
1.047139037760045577e+00
1.072421138508167227e+00
1.015099371206634515e+00
1.005812571390886090e+00
1.016617731854615680e+00
1.085935499644597346e+00
1.034771553715361003e+00
1.052952525756345015e+00
1.035559764579286890e+00
1.080742468396451272e+00
1.057609927996976840e+00
1.064815220210481250e+00
1.088771039747550073e+00
1.024448515542208060e+00
1.052722716954122673e+00
1.063399108234801993e+00
1.070901808527338739e+00
1.021529069794938183e+00
1.016608543754958793e+00
1.011506987674107405e+00
1.028332281809987814e+00
1.025960852655467104e+00
1.055765110852489252e+00
1.056660818502055843e+00
1.010910020793742481e+00
1.017457994659093590e+00
1.092672842895013430e+00
1.078185187070843876e+00
1.053164999050488104e+00
1.046026993669024296e+00
1.025987325683322071e+00
1.030223868140151433e+00
1.077134915128548753e+00
1.029446726194065409e+00
1.065374311014660735e+00
1.035737702065150367e+00
1.037592990797852277e+00
1.007063842718969537e+00
1.028685957043194543e+00
1.019654657036418666e+00
1.012397323420490380e+00
1.090032423347999213e+00
1.085092879048315417e+00
1.004531147001215707e+00
1.052789482074943939e+00
1.075274025530764010e+00
1.027768544925022232e+00
1.052897086465251153e+00
1.033649235677809530e+00
1.030523070836702137e+00
1.002053070980314153e+00
1.005240149158568741e+00
1.047378573779150335e+00
1.041497866386782212e+00
1.044642366311287152e+00
1.036193466603957170e+00
1.086540593331464466e+00
1.031689029056743312e+00
1.025711572506743163e+00
1.047320106600185152e+00
1.013337503568483955e+00
1.086104066265146884e+00
1.003078090525520993e+00
1.090999814867387396e+00
1.086775297447947208e+00
1.008449983890898460e+00
1.004042650144913562e+00
1.053397423964530955e+00
1.070135566000418814e+00
1.000909313307285942e+00
1.078604011762226866e+00
1.086112293475332669e+00
1.005151768221297814e+00
1.038533242936541923e+00
1.053878131416570829e+00
1.006345756160134997e+00
1.090161469304418818e+00
1.086881577593569403e+00
1.001723090188124665e+00
1.074298753593463607e+00
1.039901975321726457e+00
1.056577651234463122e+00
1.049493674793916531e+00
1.006937808647325960e+00
1.013497798901582314e+00
1.002938340579716758e+00
1.087727789156322400e+00
1.018031569721865370e+00
1.020345444485343256e+00
1.093910246447812762e+00
1.048699948081092570e+00
1.070301496054570922e+00
1.078285031776198277e+00
1.092671759414741706e+00
1.025365927414936706e+00
1.001169281266682809e+00
1.047194012574639288e+00
1.096457889744959280e+00
1.063556542994687160e+00
1.086770598983775926e+00
1.090237600530914230e+00
1.005945260175395095e+00
1.017368074556230351e+00
1.049170563676633749e+00
1.084127850745177035e+00
1.057540439767350904e+00
1.020319764262060058e+00
1.005923744724037894e+00
1.010347962916086750e+00
1.078633879949111529e+00
1.085683045944940472e+00
1.023435865769731556e+00
1.068596950986566929e+00
1.061428730995706449e+00
1.087451121099153317e+00
1.099264241247803753e+00
1.014374985435563481e+00
1.006002845905143994e+00
1.091247728701511654e+00
1.076619396726949063e+00
1.051365129645643659e+00
1.036951139732281035e+00
1.013251361483900270e+00
1.064635952998809421e+00
1.057852346575202551e+00
1.019697478685984926e+00
1.036512677325058807e+00
1.078646304500105124e+00
1.050065281207319456e+00
1.071415443153308056e+00
1.058206623909869748e+00
1.074134249557130882e+00
1.011902187697421240e+00
1.086851636861176251e+00
1.012284642875705742e+00
1.076409496287560774e+00
1.014460653917709676e+00
1.083965079035215107e+00
1.039849672216973442e+00
1.096724208429147751e+00
1.097239170802677188e+00
1.098500926914028231e+00
1.055636564618118722e+00
1.051299455346757616e+00
1.035794911628764581e+00
1.084976331057185606e+00
1.021250557796582026e+00
1.035249315975560469e+00
1.062558767087409706e+00
1.097362413280993598e+00
1.079926986659925481e+00
1.091126515041580758e+00
1.080783883089782460e+00
1.086900181972959789e+00
1.018462629185742374e+00
1.096231899196112192e+00
1.090992262459532069e+00
1.022705364525918759e+00
1.092717805363695671e+00
1.014192730805206999e+00
1.061492749948965475e+00
1.097981996907660740e+00
1.054949332472287171e+00
1.072915409311403501e+00
1.035576962269020962e+00
1.063408656906690064e+00
1.076616280425171990e+00
1.031511994176128155e+00
1.081402448420588858e+00
1.076069327817050114e+00
1.071228252824908633e+00
1.048272644792825448e+00
1.007472632679648372e+00
1.094731837476365488e+00
1.007668837287531538e+00
1.070422539711398446e+00
1.046510358850479161e+00
1.037015796026194758e+00
1.095955978224438576e+00
1.009345616672758794e+00
1.056927719061649951e+00
1.045554107565977109e+00
1.064144933552375383e+00
1.020405253993644346e+00
1.004063712370319550e+00
1.056881563971921345e+00
1.020103022194703835e+00
1.081376433943910254e+00
1.070492254743192539e+00
1.082455475500292197e+00
1.042294275332058540e+00
1.092823258331359959e+00
1.084189238356024099e+00
1.059542013483572465e+00
1.019528881420354693e+00
1.023147820782148498e+00
1.093788950304378282e+00
1.025454663704264524e+00
1.036121095999993136e+00
1.007154502004398600e+00
1.008972614508014232e+00
1.007915640092349019e+00
1.016567315558908557e+00
1.019627638963386707e+00
1.031203131661019956e+00
1.052884987722383370e+00
1.040946837781713041e+00
1.073970191558745624e+00
1.032223313166659606e+00
1.001122679884197675e+00
1.091524949432562286e+00
1.016166974650009047e+00
1.070489760513987809e+00
1.044759944675787366e+00
1.010695772450092234e+00
1.054841108260935911e+00
1.047830643902882164e+00
1.052129354693336349e+00
1.071743129292490604e+00
1.008839770582376616e+00
1.077018528251677987e+00
1.090415330926861603e+00
1.023696110379924695e+00
1.059237038644400997e+00
1.069483062116912020e+00
1.036301646675596766e+00
1.069646050620948419e+00
1.086098908778650785e+00
1.038829152412944268e+00
1.048650686035294211e+00
1.035723642452372806e+00
1.023885713317662649e+00
1.021613670370252747e+00
1.073389740668057479e+00
1.081667437279767441e+00
1.092689170226502249e+00
1.089027868127646403e+00
1.081404252584563075e+00
1.082928291041986402e+00
1.022664883573457084e+00
1.045881234882526156e+00
1.099794614573195606e+00
1.029217849429265419e+00
1.021418985114600053e+00
1.066917598723625460e+00
1.016313429878503705e+00
1.025633749709263354e+00
1.087159279883075813e+00
1.080050509046302620e+00
1.068942827066992729e+00
1.028446113516946481e+00
1.032955732449888586e+00
1.073793763005784330e+00
1.050975943011259295e+00
1.066123620518633297e+00
1.075975528203274134e+00
1.020024567627128897e+00
1.079083127650004137e+00
1.062262845964202285e+00
1.000658384501911469e+00
1.038999004295662942e+00
1.031242619035918739e+00
1.044726101354458425e+00
1.057387451333521300e+00
1.095731749824514489e+00
1.004919938445448580e+00
1.027346222666849274e+00
1.062799153056747326e+00
1.069050472533729756e+00
1.018047081471921134e+00
1.014825784677804599e+00
1.073791312760184802e+00
1.049655625409439574e+00
1.098528649011484726e+00
1.068343952213058889e+00
1.032607506732956981e+00
1.006646472042733942e+00
1.060560676119960855e+00
1.013918655441390815e+00
1.006149073776535730e+00
1.088548137503324353e+00
1.000887909049956281e+00
1.028709923854927322e+00
1.088172024982510200e+00
1.059519701640262657e+00
1.088035401432542626e+00
1.000715896532212934e+00
1.025681316533585186e+00
1.040121150022335073e+00
1.085967483883627960e+00
1.021082857041732073e+00
1.002945224568801086e+00
1.066341139914014136e+00
1.031207375149881811e+00
1.077170040194241007e+00
1.048141581962034330e+00
1.050919369846281759e+00
