-1.724226097832486787e-02
7.748711186638285175e-02
1.133491827474026117e-02
3.878927750332197832e-02
1.773430117751872634e-02
-1.937883832534157552e-02
9.766142676656229538e-04
-1.130633813935542041e-02
4.337520283989196312e-02
4.692738368018727069e-02
1.305665282719420742e-02
7.745794907762551529e-02
4.188967988080642690e-02
9.416539309653744472e-02
6.086642681293524815e-02
1.939233194729449855e-03
6.940753066965292539e-02
-1.186813540726461627e-02
1.906041653972230174e-02
5.235352130177431396e-02
5.448859533947578160e-02
1.080522179840939789e-02
6.712592349416014736e-02
2.375375925315178702e-02
-1.518159329349476339e-02
-1.682501843918987952e-02
3.895266484822795805e-02
5.373190848338897652e-02
4.894482289637502870e-02
3.961895908840880332e-02
7.574943857008976933e-02
1.206333104684894145e-02
8.221216329873551332e-02
-5.647958862852025738e-03
6.748794379509090446e-02
-1.112802174833858737e-02
6.193736665397590879e-02
8.683114181962511835e-02
2.786316995948178235e-02
1.470238182173672428e-02
1.137605403490855524e-02
-1.669624399994534478e-02
6.634291023002589216e-02
9.100400295820250396e-02
6.766251209452292525e-02
1.399046342406817453e-02
3.255466361864489677e-02
8.857709296021704093e-02
4.910707378809038570e-02
5.337095435416903955e-02
-1.638201613850928662e-02
5.804581634923466904e-02
1.582772748778972158e-02
-4.552764838636553374e-03
7.776943853862539058e-02
9.668446567684113591e-02
5.100074802376666772e-02
1.888400747639180574e-02
6.326361755740915471e-02
7.273191568272219243e-03
3.346822543427656338e-02
8.415688428470849414e-02
4.549353655754023729e-02
-1.255196510849958605e-02
5.291899629431030816e-02
8.485785648806594417e-02
4.161152630260901708e-02
9.498548351642571719e-02
1.454688800986722250e-02
7.066147525630955828e-02
-1.384356353104637845e-02
5.093080787075464355e-02
6.900194960442775083e-02
-8.610054144887560948e-03
2.035971553816896124e-03
3.871801810123368104e-02
3.624273418330688223e-02
6.477030950617068683e-02
7.305555301602517648e-02
6.733384547362011863e-02
7.061811418487090597e-02
7.492000049693584018e-02
-1.331924943262934730e-02
7.901566410647270500e-02
3.578221675719528427e-02
1.837793495288514781e-02
6.982026853257104759e-02
1.465569479735443978e-02
4.677652207784879779e-02
9.110988536243233571e-02
-4.298554020528744940e-03
8.675288231945071926e-02
6.350183825016782191e-02
2.354716666152133209e-03
6.485888726985562791e-02
9.381553618569730968e-02
7.783658621841511860e-02
-6.083526063637604425e-03
8.310010913351910389e-02
9.791246856480527450e-02
1.275696608181943817e-02
-4.277926798624955701e-03
5.543724733338136618e-03
2.014758902767191731e-02
5.349036138095453197e-02
5.896694942369912207e-02
-1.100565088684302140e-02
-2.734169700595878022e-03
8.023815840623557682e-02
2.472933793677542860e-02
-8.875004558474017605e-03
3.504720481153444922e-02
5.378834095260448533e-02
-4.986473697902050334e-03
5.239196189907598111e-02
5.140294086483281066e-02
-1.737128807529869992e-02
3.072983839614649992e-03
-5.161568278562754519e-03
6.772498748004569802e-02
2.862494298916505239e-02
3.305985663535268571e-02
1.310617345622306848e-02
8.874107944526532510e-02
6.289810016178513929e-02
2.797496122373506824e-02
2.214742272154943473e-02
-7.255076410903974968e-03
2.464437178511921442e-02
7.023424445572233610e-02
6.073702938461149337e-02
-1.371041088350343461e-02
-1.474980089109362985e-02
5.820602231226684742e-02
9.508877828070531196e-03
6.040642941209348193e-02
-5.250571548017224366e-04
7.218663458443920489e-02
7.949408830652235358e-02
5.672810332788971732e-02
6.283703532443450646e-02
8.809534980520590530e-02
8.299263790310069944e-02
2.610232799290675490e-02
5.770408429931607464e-02
2.377146203715425551e-02
9.771263678794818441e-02
1.076163527920111565e-02
-1.813532330866717002e-02
-1.153569236136070368e-02
3.954384649947054187e-02
-1.651045841506290635e-02
-1.973228606417517725e-02
5.660420498979035209e-02
5.540761825001742913e-02
8.391382626889573593e-02
5.722000882160210855e-02
9.711385222342415469e-02
2.400203422873341610e-02
8.618194356846574367e-02
3.355236946759009020e-03
3.981810929914320063e-02
9.952897993663888110e-02
9.713269455584191969e-03
3.222539645830369004e-02
8.413673360488829744e-03
9.311407512457103852e-02
-1.995099325753521211e-02
5.004918702687410903e-02
1.070743107437540503e-02
5.835611109871591262e-02
7.273092649249532360e-02
-3.929035082574330179e-03
1.313165782715232030e-02
6.801664165706920728e-02
3.445643520861588205e-02
6.212321658454242335e-02
2.782495731962289151e-02
8.968447826733631778e-02
5.934433976132840599e-03
3.377773528377739365e-02
2.991393594317937402e-02
3.117158591279625343e-02
1.062239553151482149e-02
2.553521047517938111e-02
2.377361741074883114e-02
5.706753927094923573e-02
5.731220167808993848e-02
3.573860505336599880e-02
-1.890834493566674948e-02
-3.940603122303949074e-03
9.106769012559785825e-02
7.580508146863383645e-02
4.245282431814569046e-02
2.374559614653578773e-02
-4.202508582619571276e-03
7.553197860935891017e-02
4.374324730637202396e-02
2.389560567810405239e-03
7.395104380193442961e-02
8.476406886071786995e-02
2.728652663759486077e-02
5.779362754092844112e-02
2.405949226297069907e-02
6.419666778863467038e-02
8.331261490481930987e-02
4.282638798974179595e-02
-1.999310002739413533e-02
-1.440083341306496421e-02
5.034040664188856040e-02
6.580617934899836430e-02
7.559628220043367042e-02
8.590982755600921894e-02
9.852634804572418109e-03
9.600317220255687178e-02
7.583411128054610290e-03
1.520400881546169272e-02
8.379696004646556423e-03
6.270665822823796864e-02
1.908992976009445466e-02
9.494442857627947985e-02
2.552484963403397686e-02
-1.043725633521496755e-02
3.082877099853620004e-02
4.682868240126071557e-02
6.487259359957059379e-02
5.366518043475081157e-02
2.060067415039261093e-02
2.197218951762222247e-02
3.931964366867764238e-02
6.070447591852130842e-02
9.051583145229401273e-02
9.036066607293922331e-03
8.116851074388807541e-02
-1.912831155591446924e-02
2.715570522317748217e-02
2.384298905002031968e-02
6.987505699192007869e-03
2.314992547633666978e-02
4.967265247023254504e-03
3.787291889835010805e-02
7.951508299763432319e-02
2.904628955337801646e-02
9.612210283447171488e-02
2.529359322873247357e-03
3.928036108483393130e-02
7.690317809756855305e-02
7.086519827197068633e-02
3.241526160953091262e-02
1.114676084805633904e-02
3.639953146538772721e-02
5.900963995127515849e-02
4.937184708112360432e-02
6.265411419563636508e-02
-1.818324509542059222e-02
6.585643209933707276e-02
-1.926215832595231173e-02
7.970968943124953632e-02
1.729416926210017649e-02
7.978352081328461687e-02
9.294652155808730276e-02
1.388845738075928163e-02
2.897654402714200730e-02
1.603422773200305698e-02
7.860022504057477544e-02
3.009065329249015208e-03
1.072489406924120522e-02
5.306316689993949287e-02
2.801150721370832333e-02
1.377652671965251888e-02
7.792439121037861294e-02
1.493093229857717433e-02
-7.506638743654306042e-03
-4.822207488945150222e-03
-1.479585005187453693e-02
3.509649357194884883e-03
-7.880930406509653596e-04
6.980625301294265950e-02
-1.657180425925455780e-03
1.539970273858349767e-02
6.173196816063503123e-02
1.541011591580175241e-02
5.619869984893809123e-02
2.741847408000014016e-02
3.095571732337866130e-02
3.725641815091041559e-03
8.710718962252635145e-02
8.132574878053490386e-02
1.669255432610483245e-02
2.462381835143178863e-02
6.377707097286265669e-03
-1.992769376398570089e-02
8.264413364167007281e-02
6.787859177877154232e-03
1.544638955287285301e-02
3.984305684306888029e-02
8.235230352367654827e-02
1.821923159294914704e-02
-1.793352042353639486e-03
3.271190237858843941e-03
9.286751903029075161e-02
9.834806164283055319e-02
3.813696025561356950e-03
-1.833625313263016060e-02
9.068773119063902599e-02
6.767569425120643911e-02
1.892787621613171642e-02
4.851000601753874264e-02
4.956151174616406363e-02
-5.594984068977586558e-03
9.736835958402224878e-03
9.730414070227108581e-02
3.817268974499469364e-03
-1.141420791148298891e-02
-1.287565848321817197e-02
4.551635463042709440e-02
7.192077537339215676e-02
2.672965555488106271e-03
-1.891836613102104714e-03
9.867855758987249815e-04
7.986392762731925332e-02
8.851220457327611812e-02
-2.425761338392434102e-03
6.629726193124302336e-02
3.384910820972884815e-02
-1.054628471296075592e-02
8.643921735273950302e-02
9.977425978325682454e-02
6.259082738858168238e-02
2.805323800568355549e-02
4.030245426388913421e-02
3.161603048706625174e-02
6.005058453398372242e-02
7.578151566545004991e-02
9.047033963593374695e-02
5.109924841284003982e-02
6.085706806164287164e-02
4.420394059280115251e-02
8.620329634976836575e-02
-1.268975073104650075e-02
1.310033106815180690e-02
2.814965848021107678e-02
-1.814360254307337966e-02
7.590427564013070560e-02
5.186385527605386070e-02
3.773690035831105127e-02
9.263555044966412244e-03
7.248107525164489140e-02
-1.605129450646808342e-02
8.841492899422216667e-02
2.532302297142263389e-02
6.402225896241457020e-03
4.639761338366166221e-02
9.375398155800501732e-02
4.687147681270506516e-02
9.038229777648894986e-03
6.077236002336440512e-02
5.188179495075355419e-02
2.854568541962769837e-02
8.419603294285911421e-02
-8.592149687778402253e-03
7.888953633750719896e-02
2.757025681519198468e-03
8.545862907583490209e-02
-1.983756700527778208e-02
5.813933722407289839e-02
9.046298770345424789e-02
1.217501555514277981e-02
5.856768556206486120e-02
2.774694385020729306e-02
4.589533792599920226e-02
8.109927704388379677e-02
8.130537128969834992e-02
9.187515020527022014e-02
6.180889957296938075e-02
3.527600588412621585e-02
7.714130608949282958e-03
1.503270152389106842e-02
2.530589802972594421e-03
3.751353329110813928e-03
7.576437396222220066e-02
-1.763271273710277295e-02
6.009771937894446692e-02
-1.875779664872723532e-02
6.136723468981403196e-02
8.548216123701307678e-02
-3.576523930798568285e-03
7.259145300000918732e-02
5.853610633821670906e-02
5.821610844845324928e-02
-1.777231866134443630e-02
3.020567931003740117e-02
1.085233270355362781e-02
1.301390292328854711e-02
3.944624097118408501e-02
5.535099186952777833e-03
1.984097692131321644e-03
8.437839794148936645e-02
6.692557521426666101e-02
7.595534407552506639e-02
9.972848300918064901e-02
3.014038756069795447e-02
6.849621079409520807e-02
8.418996868976100223e-02
-2.261605993150339611e-03
2.495265073107252526e-02
8.302985915174354581e-02
1.352829036380189323e-02
8.564877313094834688e-02
9.529428011853885438e-02
2.452835109606919459e-02
6.638510714782590305e-02
7.674340505669394186e-02
-2.580094187331984784e-03
1.963791804724302967e-02
1.972054755985525390e-02
6.521223915311917529e-02
7.320834228023220813e-02
6.897270659652039726e-02
5.583192055813850085e-02
5.422259931974590663e-02
2.937670623335314826e-02
5.839907006256557509e-02
2.962339579271611525e-02
4.870876393031002560e-02
4.442589230071652961e-02
2.766026547835018570e-02
9.047226049264663061e-02
-1.829689463039430031e-02
9.254123246011095039e-02
3.663231579181518149e-02
9.106315952591705065e-02
9.682644966005207743e-02
4.858941199537089584e-02
1.347216078623459865e-02
2.555941019207228285e-02
3.782180906422051569e-02
3.433359058590394752e-02
7.921119343931955215e-02
9.871377423979463273e-02
-3.223818634231316593e-04
7.899709829226665703e-02
4.773465502580429010e-02
2.738954409176264440e-02
5.170440531734936396e-02
7.735063335295898346e-02
1.704256127682252445e-02
2.513695279379231720e-02
9.995009429210475332e-03
-3.004282705186000352e-03
7.206652173211725021e-02
8.592874362465219296e-02
5.236713461855467544e-03
3.200404974288267868e-02
9.889709217444103695e-02
3.400217676327636773e-02
5.250567492886294707e-02
5.111130360266474826e-02
5.455834591339198125e-02
4.194656329600490730e-02
3.430577785406709046e-02
-3.233070861364817361e-03
9.722601445643933027e-02
7.974224720682916712e-02
8.847097566382433609e-02
6.188303190505638207e-02
5.049664252488338112e-02
-1.907357719576317431e-02
-7.913222610015945013e-03
2.498234048002416843e-02
9.425235766317187347e-02
9.251518242782928725e-02
2.364557379129170536e-02
2.774952695174769113e-04
6.574347087790861910e-02
6.288851905714317597e-03
6.095029115604062853e-02
-8.145228697560681977e-03
9.665282284832701909e-02
2.238389033228021033e-02
3.940095208467740695e-02
5.825288480592816232e-02
3.404218618620781511e-02
7.415272739192718676e-02
8.356051629642502476e-02
4.756083350158565870e-02
5.559037678605016630e-02
3.137221715234850272e-02
3.424936547228620010e-02
5.066615419190463598e-02
1.393070677562882956e-02
4.669475974762084258e-02
3.660119753195829884e-02
6.174923634553743101e-02
5.220657397382207077e-04
2.541655757068669516e-02
3.067215863420006197e-02
1.193968206772009696e-02
2.041563787975332264e-02
-1.662241091399544249e-02
3.889478080178297714e-02
8.456564217500849023e-02
-6.228953240842776892e-03
9.516772188066280336e-02
1.244394411772444323e-02
5.793388693801986011e-02
4.106398073562855799e-02
5.174353361962247266e-02
-1.629711498825025737e-02
4.168127749910054830e-03
2.856560152331611910e-02
7.893914388926825954e-02
-1.008094293596103336e-03
4.350876457364961925e-03
-2.795012090158963125e-04
7.039710047715172503e-02
4.897616901420716318e-03
2.435006572968536828e-02
5.025507041416686638e-02
6.933208440393139049e-02
1.646615146368778787e-03
-1.412906636460814144e-02
4.609400337020996830e-02
5.061452658190707110e-02
8.623695086607232468e-03
9.265816605226433189e-02
9.771930447736479342e-02
5.065500985569429404e-02
9.164435503738621591e-02
6.516148582875115614e-02
1.732509943484629097e-02
3.493803610113406510e-02
6.640733190045251810e-02
3.241766483333514970e-02
5.040814706158264213e-02
7.725716300263227310e-02
9.935516580389402996e-02
5.875497989363717699e-02
4.607446760256109219e-02
7.927814537881185120e-02
5.549468926471945451e-02
1.886651000745681248e-02
2.974296940539976689e-02
7.339025818484241903e-02
4.404108127310780996e-02
8.924707859405094090e-02
-5.535781742939248351e-03
9.143021946177203735e-03
9.339173170641271171e-02
5.179567790594144516e-02
4.762284058977450663e-02
8.373905431136093036e-02
6.440228942949129121e-02
2.136177503200565111e-02
6.509528430643889141e-04
9.663545163683180672e-02
1.758501620027257475e-02
-4.296931521553009475e-03
9.033900198074557714e-03
8.367372749323573333e-02
6.954409070555167549e-03
1.715601701261604967e-03
-3.894785820348127536e-03
3.112039663941447085e-02
8.164381781540498706e-02
1.268562849767366010e-02
7.769379190332895146e-03
-1.307299260435497434e-03
1.435337276029948969e-02
2.833576378187499870e-02
6.957079924464029674e-02
7.229267521604795105e-03
8.242790145309293603e-02
-1.616377300613120252e-02
2.871326663487399136e-02
4.005490469731458336e-02
2.822734680429139428e-02
-1.627152193258479471e-02
1.102564325522512739e-02
8.109854878250545573e-02
-1.277780607203272446e-02
5.904331763654448173e-02
8.284569417699515215e-02
2.746442595292148195e-02
2.726799777875448319e-02
4.974696733787209446e-02
3.307639499131499738e-02
1.825460817649095582e-02
-1.180317827889832728e-02
5.135349500706723469e-02
9.662261705349603491e-02
7.789960696537567841e-02
6.952214116815312595e-02
7.304868476864652405e-02
-2.258944490672480654e-03
2.537427022792384385e-03
9.782944719720365612e-02
7.977467780747138359e-02
3.168917320095610002e-02
6.666886585484098349e-02
1.339407421376614601e-02
2.868266054515952040e-03
7.031820036658910367e-02
7.513859625862456815e-03
3.910805478526263590e-02
3.250108957421024569e-02
1.783449896784660912e-02
2.672969362062390178e-02
6.790406942571063087e-02
1.538440021427883372e-02
7.808694212509345589e-02
1.250783448963432506e-02
2.394088944550683620e-02
-7.018068574150987740e-03
9.412971498196380515e-02
5.810815486612942726e-02
7.867777749194862502e-02
9.280130222432492193e-02
2.745434470549093856e-02
3.149777258901821642e-02
7.585588389082364991e-02
9.917856161710032759e-02
6.356510796122219475e-02
3.919786318784169998e-02
4.216416902128498900e-02
7.805048975060152605e-02
4.924833264825791146e-02
7.877363731791281465e-02
9.586170702211514738e-02
9.443861051411271690e-02
6.611705035849166356e-02
2.639718237038317025e-02
8.640006113331082094e-02
5.122129011241380314e-02
9.711895813445467485e-02
6.232305088484201006e-02
2.968340919156571209e-02
8.488159691340705498e-03
8.897566974224289937e-02
8.810744422124164310e-02
2.547527047327171126e-02
9.630287431085537975e-02
-1.011271797197890558e-02
3.630765886154420363e-02
4.493215410606303528e-02
3.747148244398200434e-02
8.541703728474783763e-02
-1.845303558940244310e-02
6.161379290261173591e-02
6.152884608941351641e-02
6.305487942402301926e-02
-1.010530757006893737e-02
8.064398535851068084e-02
6.898294894064202487e-02
6.931280359303132466e-02
7.140791396562935767e-02
3.017913020289935203e-02
4.256385953007395251e-02
8.367401863776030568e-02
2.178108192993074080e-02
2.507520320278301337e-02
9.267414366985966823e-02
4.652931821036240811e-02
6.178658913145414211e-02
3.858733571302874754e-02
2.965601399375864325e-02
-1.757055572588977349e-02
9.371198058500865291e-02
7.204948034015117020e-02
6.604724387864333024e-02
6.518701084140047369e-03
1.141530018102911506e-02
8.232386799335973671e-02
1.161225065638016654e-02
6.564223894512364460e-03
4.785589268067619306e-02
9.091952040664164070e-02
2.834023656388895071e-02
7.991048093584846024e-02
4.646468447233828569e-02
2.171023939584318038e-02
7.742535463574845567e-02
1.467214826008972003e-02
5.517604969897800526e-02
2.924351218831157048e-02
6.486089520433880456e-03
3.763489541291605012e-02
7.045331642051512466e-02
3.427698103381425498e-02
1.201634340363539818e-02
1.852802640145083737e-02
3.575079551898917296e-03
2.289736898388513089e-02
3.916717412981733648e-02
9.790101615001110813e-02
1.845267931523887975e-02
4.855816351212033366e-02
-1.303872591118474325e-02
-1.907380655046176862e-02
-1.678215813670648482e-02
2.853273918986130517e-02
-1.273979232289552607e-02
5.192698223813043551e-03
1.828368107406794577e-02
7.227067481753489397e-02
5.908433938438574506e-02
7.079714531467481975e-02
8.454040578678943818e-02
3.600780330282783714e-02
1.080337756343502376e-02
7.357883743537511900e-02
5.857034553875302418e-02
2.917283990625596860e-02
5.069637078378162742e-02
8.186512271987583800e-02
4.101462308248721156e-02
5.448694954782552780e-02
3.250668641116759294e-02
5.942736339584628324e-02
6.237642327062443981e-02
-9.751987234701284604e-03
-1.512924184116270707e-02
1.662721816468544847e-02
8.363772080274471665e-02
8.901130140797806900e-02
3.100129309629526958e-03
-1.791540859365180205e-02
9.413315815063250103e-02
5.156192702866164990e-02
8.361973400448655114e-02
-1.387494190404093067e-02
8.260237664369386723e-02
8.931642234024300686e-02
8.915400716868011888e-02
-1.619469151390210554e-02
5.565133242364045385e-02
1.468797658114960256e-02
4.463722931904692826e-02
6.912727915275543311e-03
-7.748955094734263915e-04
9.522082698163146508e-03
-5.258713134901367783e-03
2.120663713672833392e-02
6.513750716030548837e-02
5.929174084635797926e-02
-5.423751753049462290e-03
5.046031010339389888e-02
5.182459582718265678e-02
4.955456861115836720e-02
-1.441161198815331043e-02
3.161255816092313486e-02
5.369404108222547434e-02
4.349010774172129556e-02
9.002472568167302347e-02
2.674547784760762312e-02
9.616939761243720186e-02
9.301298804219583494e-02
7.631420608392144866e-02
-1.485838962999604801e-02
5.893972185109765116e-02
5.835948150455677608e-02
1.122364037987907959e-02
-1.495050928618081067e-02
1.616325419989573034e-02
-9.737260038459743389e-03
4.697096999547892282e-02
2.593596918353132177e-02
4.674895398152900672e-02
6.793024596747183896e-02
5.751320240409840689e-02
5.998731574913619691e-02
3.621443580456955302e-02
7.575273636746492067e-02
5.663187824617585409e-02
2.083348468263688039e-02
1.204400346770252705e-03
1.731957201023289969e-02
2.791297529989971229e-02
3.837540589252134982e-02
6.666865122456665238e-02
8.832711665195118467e-02
7.039080878210542125e-02
-5.286585333053527361e-03
-1.058570921910138504e-02
-8.230720107918631026e-03
-1.872372157499991099e-02
3.876279942498027375e-02
6.333131216631832094e-02
2.633832377079360285e-02
3.184003667107405955e-02
-8.258953740490158207e-03
4.301119028353572737e-02
2.466027746383807687e-02
2.489861446697546124e-02
-1.380383991549076830e-02
9.731583413162339657e-04
6.023431752144817186e-02
4.545974095830924988e-02
-3.535493347572270240e-03
1.880816709526505690e-02
6.722366678543807705e-02
8.726049389492609998e-02
-1.839841817124660689e-02
4.746716920618609947e-02
4.555394059395825868e-02
3.862953380379573198e-02
3.066851559203287100e-02
7.550502843304875145e-02
7.375032468274636543e-02
6.651574313153674201e-02
-7.576638775694921613e-03
3.321427308200615436e-02
8.067729027677067455e-02
3.153898553369585689e-02
3.815510989501282035e-02
9.058226790800576189e-02
8.533952927868876381e-03
8.324501355573322992e-02
1.612811990518162736e-03
6.314916400385808815e-02
9.887058616720259541e-02
6.027099203793806481e-02
-6.393748017628051242e-03
-7.523803375741006799e-03
1.573448781993994419e-02
6.191541145372101568e-03
6.442182473869439985e-02
4.945791214944685044e-02
8.485847170883245583e-02
-1.251540688357289169e-02
6.850992721577672806e-02
2.758687981187876379e-02
1.810618559778697997e-02
5.475003413141700526e-02
9.481690831672766329e-02
-1.847317149250575843e-02
9.159001767854067777e-02
8.041657434693122442e-02
1.369694214748606517e-02
7.544673369556406661e-02
8.755687217453397841e-02
6.078700987511108378e-02
5.321392937423164576e-03
5.860576786687610173e-04
6.271834874287732231e-02
9.123454821013952942e-02
8.029303174572247070e-03
4.455886981299315985e-02
-5.679357016758847243e-03
7.462780661991424980e-02
2.155420052913050930e-02
5.070977958370501137e-02
-1.115365296960380871e-02
9.463472672973088917e-02
7.864087469514079165e-02
8.161811219418896313e-02
1.684999766297783433e-02
8.478606424792281548e-02
7.414762548616690707e-02
2.589116516519669731e-03
-1.079465215466343317e-02
7.342727300471300900e-02
6.394566649106941947e-02
-3.325897171535332347e-03
2.847675840246231133e-03
1.441091287473214924e-02
8.815128495375655626e-02
9.861479200007979007e-02
-1.319681208393560720e-02
1.586051326842859502e-02
1.630537626844595286e-02
4.502892655135622146e-02
7.254692330980343218e-02
5.550259773269103358e-02
9.535240966354337211e-02
1.572522115845470178e-02
2.129334810655001894e-02
7.855613537512196043e-02
4.743308054672436269e-02
4.428581692784697155e-02
9.072326460373282553e-02
5.796832606847905633e-02
5.611096650227687110e-03
6.711004796108781256e-02
3.429480006447967189e-02
7.425515943726189450e-02
5.749559146879709703e-02
7.980039007205699808e-02
7.013779708990759698e-02
4.250190117707693116e-02
7.735761282998664112e-02
5.006926230203417871e-02
5.065704960193721795e-02
5.345199442682778412e-02
7.568874748072659808e-02
5.532551588816995297e-03
6.839934567952127287e-02
5.623939223619600636e-02
-1.406332162323250742e-02
7.090067528161089760e-02
7.177289678623112457e-02
3.664867655298904847e-02
6.980256389521670435e-02
-1.060699893006803243e-02
9.601644474636711335e-02
6.325127020217499729e-02
-1.933469686622976691e-02
7.570834350712196681e-02
-7.687766389138858680e-04
-1.936756197402773536e-02
4.342051808408135122e-03
3.655403019044382862e-02
5.849253247939355249e-02
8.482671182864509607e-02
3.360443851507466384e-03
5.943591589159691324e-02
9.732834415750887813e-02
5.698686608722508540e-02
5.839619522895148074e-02
3.989782481198567154e-02
3.601887075631939050e-02
-8.983784242474767562e-03
1.734367038376328704e-02
2.988291799404948004e-02
3.761405796245917421e-02
-1.847473119597284330e-02
6.654580243006895379e-02
6.093298968598390153e-02
5.981934489606101357e-02
8.495613587498745956e-02
8.869673662443923468e-02
7.651159193330797637e-02
3.280520767843314589e-02
-1.609961545096362870e-02
-2.121067682497663337e-03
-1.428218167676353033e-02
7.080574361089216062e-02
2.747255040718133909e-02
-1.766188873258324465e-02
5.597817340923334772e-02
3.340060388493118482e-02
9.323103306277610858e-02
6.925682294773143066e-02
3.530097738848238242e-02
6.491503505902513488e-03
6.679648618171746266e-03
9.045823095184750418e-02
3.991425264405813744e-02
9.995301544589313414e-02
9.532197990284897726e-02
3.318457112683251276e-02
5.560383300962290498e-02
2.168507300690110037e-02
3.185818165085872733e-02
2.121852148079320446e-02
3.106526859737532981e-03
1.482359241366705202e-02
6.117810139866432240e-02
6.418081374236263292e-02
5.336526602069616154e-02
7.666465568499025718e-02
5.470993610503485649e-02
1.082765320981572688e-02
3.944256599802596630e-03
8.263576933100819089e-02
7.664606253990549622e-02
3.015907441203621517e-02
-7.478981372383043669e-03
4.952573180930162910e-02
-1.725989627803733648e-02
2.339964562994385419e-02
-1.270096450642924091e-03
4.722467851452361032e-03
2.549137230119429345e-02
9.337729279349359091e-02
8.068408901501239461e-02
1.822350763850312180e-02
4.790626095498223130e-03
-2.428242188168176080e-03
5.433637564558804062e-03
-1.083416015182238692e-02
5.371072378987727658e-02
7.679978942828347144e-02
9.348083956025697583e-02
-1.231003364754627676e-02
7.952439121556263701e-03
5.683578338508969707e-02
7.019791810535903898e-02
2.980203203437366624e-02
8.096068757055946419e-02
9.862064802443423761e-02
-1.760308158713733140e-02
-1.477609329622536077e-02
1.569597895335595947e-02
2.892735666820196380e-02
6.736004230224762468e-02
2.565743718675549470e-02
-1.017166094738394116e-03
-1.907575506183700406e-02
5.364485409138348981e-02
