1.020248747858900407e+00
1.064174401905788603e+00
1.050774419896634004e+00
1.022655842388596525e+00
1.055520679612311996e+00
1.006606338299284031e+00
1.082614784903482175e+00
1.078450860019475543e+00
1.059149829250649377e+00
1.052106180352877285e+00
1.057904931576424401e+00
1.092680210605522673e+00
1.037662979573668931e+00
1.000538928987000142e+00
1.073438225377393751e+00
1.089158280419817881e+00
1.014473623633178834e+00
1.086269991392296408e+00
1.033583884076388459e+00
1.053759122402746273e+00
1.042736455619991398e+00
1.090378072139703391e+00
1.028554408394358299e+00
1.075556569810577345e+00
1.038592604334130920e+00
1.099927975645376366e+00
1.056708844990933427e+00
1.026066322783966589e+00
1.092628508622606631e+00
1.097786779828631154e+00
1.079656965228365184e+00
1.096091274747367228e+00
1.013607504912370061e+00
1.018996908126315493e+00
1.057161115543278074e+00
1.050292723136101669e+00
1.039389675689615267e+00
1.058670897371779773e+00
1.025999707620111723e+00
1.087029482962982740e+00
1.082683582269391653e+00
1.059365063050385913e+00
1.071841769107834796e+00
1.031050952853798330e+00
1.079276738413731840e+00
1.096806394924469741e+00
1.061582877763907806e+00
1.046653054164079055e+00
1.043349844276329597e+00
1.081989355676162390e+00
1.085120650142514798e+00
1.001613041250801084e+00
1.094476441927527688e+00
1.077803353556932908e+00
1.090741034535378073e+00
1.044033689902164275e+00
1.056789439285625631e+00
1.080068843802661771e+00
1.026887803771599161e+00
1.075431006276394097e+00
1.089241661029739516e+00
1.046363574258164064e+00
1.027818920824965732e+00
1.043338407838708237e+00
1.022812381905038093e+00
1.089905823992311618e+00
1.037641200449923806e+00
1.014989478862877492e+00
1.011567382901183310e+00
1.080215330358011316e+00
1.014519886661256587e+00
1.023474580732417039e+00
1.054137857683159263e+00
1.091722078818971875e+00
1.067432816250385219e+00
1.028416545501711576e+00
1.023391508052895027e+00
1.055151742674898196e+00
1.060972518696836175e+00
1.077466685314254713e+00
1.058845921715450222e+00
1.049148182757210446e+00
1.077877138486031061e+00
1.098262663341274870e+00
1.062437617320326044e+00
1.006681109762119997e+00
1.071037648259630437e+00
1.030130254482789720e+00
1.011059195679418821e+00
1.024711718442660846e+00
1.023939771176313185e+00
1.036682625451616824e+00
1.083874578740403605e+00
1.066979736758538078e+00
1.032191873870529797e+00
1.075288916676410134e+00
1.080163420947803488e+00
1.023409066802469125e+00
1.012409246679128128e+00
1.095682921936085519e+00
1.027185214895071530e+00
1.068205146686192597e+00
1.093537937567182317e+00
1.069766495222639557e+00
1.032120980032535495e+00
1.063990260853338921e+00
1.039348899789562353e+00
1.049842726392745673e+00
1.030385880185572756e+00
1.088259318398285158e+00
1.033822816617278706e+00
1.048316547350919503e+00
1.067700397167854254e+00
1.061147865005146462e+00
1.034102147642039782e+00
1.056971946676358964e+00
1.057675055940434650e+00
1.083976157967585063e+00
1.023725272603033698e+00
1.049560387167502551e+00
1.067817365451283473e+00
1.075465911704039268e+00
1.055128702592942558e+00
1.019807695825054150e+00
1.000314520040934019e+00
1.076884075375019290e+00
1.022127517287751752e+00
1.006247638183630055e+00
1.055864775237388864e+00
1.018699297417179350e+00
1.021209668093524092e+00
1.076856961233108922e+00
1.055598122996287191e+00
1.077623352311633198e+00
1.006478260199660468e+00
1.061861017021151321e+00
1.050099789596621758e+00
1.020796670369068959e+00
1.058201644173678568e+00
1.053318649066414814e+00
1.070932911208286820e+00
1.089588147642613025e+00
1.089282702618717735e+00
1.040158301301285171e+00
1.072433661647498759e+00
1.036925819063544640e+00
1.047629976963425191e+00
1.089000977910160817e+00
1.093614099052126809e+00
1.025098861078582280e+00
1.075713881106992620e+00
1.042615242154073529e+00
1.028866857293316617e+00
1.080285060984010670e+00
1.053079831649979203e+00
1.007089042414806901e+00
1.081414805866845796e+00
1.015599547348780440e+00
1.064255881776534851e+00
1.032265207286098718e+00
1.044995884655521401e+00
1.008062476500025673e+00
1.024750477914927238e+00
1.039112674728992047e+00
1.036559381480358866e+00
1.039473566665233051e+00
1.061684124686509412e+00
1.080906425715924879e+00
1.065164394811037640e+00
1.049476357279662153e+00
1.006088382534710224e+00
1.020216981421314673e+00
1.032897161391796992e+00
1.026450852150473825e+00
1.073272026873528961e+00
1.061453172875648221e+00
1.096387738941508871e+00
1.070574437644767007e+00
1.091855884625327233e+00
1.067356450032851622e+00
1.061655388604797912e+00
1.027759661102211730e+00
1.074489562888984118e+00
1.072208415073219179e+00
1.044384911075182831e+00
1.053745273961702145e+00
1.066044677521909456e+00
1.098039763536370561e+00
1.065613785731710506e+00
1.013711017003646964e+00
1.097064689861664055e+00
1.042520530356483288e+00
1.014514874493916308e+00
1.061855715215429985e+00
1.066167011241835549e+00
1.003519433444556297e+00
1.044917613985210991e+00
1.029255811493830830e+00
1.080538973343977194e+00
1.060674819748158138e+00
1.096248159515708309e+00
1.064743536640280652e+00
1.058940470638094267e+00
1.074751336834790738e+00
1.063309280092244791e+00
1.019759476255251540e+00
1.036926789069516408e+00
1.050128313356381238e+00
1.090057622585566044e+00
1.034565392767432090e+00
1.053827982292045995e+00
1.047555640388969200e+00
1.059161526177611723e+00
1.097365681955844607e+00
1.077108023866557573e+00
1.088365162409724141e+00
1.016601059321120992e+00
1.087607234439425863e+00
1.073519465956426444e+00
1.055759396902196334e+00
1.000870653535774091e+00
1.072440243837466944e+00
1.099569495728932589e+00
1.015431958013133462e+00
1.071609293750607650e+00
1.028626895938853147e+00
1.090690577320934329e+00
1.008805178339789999e+00
1.054745321292315907e+00
1.071185681628720854e+00
1.076215613496933177e+00
1.035720336301464872e+00
1.016239787297793962e+00
1.062120105163133710e+00
1.051613526736383974e+00
1.004519963219365541e+00
1.005997177199306591e+00
1.036570568322179087e+00
1.056358235542098178e+00
1.084408778464943879e+00
1.044752976241276832e+00
1.046785428647820870e+00
1.072684777071352569e+00
1.018481748999945369e+00
1.093413834299228116e+00
1.062959737889477285e+00
1.077425737825001617e+00
1.030247828855728631e+00
1.059683232728367397e+00
1.066683469083032021e+00
1.029622718960076400e+00
1.085271953108937648e+00
1.083817136855443897e+00
1.029895807436023381e+00
1.079828524803583933e+00
1.000151208452285223e+00
1.073466135168141378e+00
1.093800445825128032e+00
1.065252682784897820e+00
1.069983824291196095e+00
1.051555560543659285e+00
1.095477051365966181e+00
1.068593234616828092e+00
1.080908122696375706e+00
1.064413270250052390e+00
1.012145006093145838e+00
1.046254816226666273e+00
1.059284451848885533e+00
1.030845750672394256e+00
1.015275541801554882e+00
1.054518950179149650e+00
1.083592349548154754e+00
1.032673048056166776e+00
1.046094568465964825e+00
1.070753174794059515e+00
1.014116469321797664e+00
1.011350750118007680e+00
1.022401782996829933e+00
1.087660320742622977e+00
1.070654788433288873e+00
1.075602215070770029e+00
1.048302168982540472e+00
1.008097274456590586e+00
1.020292856679011040e+00
1.058082017292923949e+00
1.067687171539070112e+00
1.047945828435086213e+00
1.088097682524566290e+00
1.048966558109248659e+00
1.095685931372988309e+00
1.015675334657122120e+00
1.030484574268393239e+00
1.007368655617834285e+00
1.059420941832211360e+00
1.087306003817841038e+00
1.065851574056863482e+00
1.023621736595776488e+00
1.005178807115100659e+00
1.094197820618338035e+00
1.078132070145222166e+00
1.088783520498300073e+00
1.093088210294462570e+00
1.071352775843147587e+00
1.066224109080887938e+00
1.073124922469617992e+00
1.009402705258130917e+00
1.012857811082400694e+00
1.009978899690797016e+00
1.093781737550377331e+00
1.082862175706426733e+00
1.097761659973562898e+00
1.069075176995737619e+00
1.033718277777778471e+00
1.059435269888909570e+00
1.095906196609813144e+00
1.080774090889538686e+00
1.055062856404375804e+00
1.072496002317992358e+00
1.060555224464345248e+00
1.099572278728433439e+00
1.029869559910700838e+00
1.066392260181445950e+00
1.008045469149267070e+00
1.004443413716436417e+00
1.013946693741583083e+00
1.012714661510167202e+00
1.008771641274441189e+00
1.020409552744796056e+00
1.065036031088240076e+00
1.039361046926218446e+00
1.025807262660048735e+00
1.042619614648703674e+00
1.033044017940588200e+00
1.041911383659557933e+00
1.008865071446233275e+00
1.095951740328973356e+00
1.098997599904879774e+00
1.099086800133696196e+00
1.062488247244688155e+00
1.073073606488607945e+00
1.052788367724009300e+00
1.036394555062062350e+00
1.096454415989106534e+00
1.079957629344091341e+00
1.048298247604717570e+00
1.092373518032273116e+00
1.036402012876465939e+00
1.087227524088326680e+00
1.019104020221476503e+00
1.015214275257115162e+00
1.025945367921341722e+00
1.062401803556310087e+00
1.066894897966869538e+00
1.072219849648367251e+00
1.099510488792923457e+00
1.095626978972205068e+00
1.075191203715582855e+00
1.026730986061174411e+00
1.034728210981519680e+00
1.039868083521586772e+00
1.018282513234521458e+00
1.059895353404329166e+00
1.068520325159512341e+00
1.053017174781615495e+00
1.089484859936419081e+00
1.082903083092698004e+00
1.062324818209606114e+00
1.040388295455892509e+00
1.088901615051945493e+00
1.096624256500386085e+00
1.042622105463126392e+00
1.002962039634291536e+00
1.028062662522464921e+00
1.018347334832700568e+00
1.060661768895586832e+00
1.021896875137447758e+00
1.098636062805601554e+00
1.007780802646734530e+00
1.029024432740521133e+00
1.089713795756387604e+00
1.048548739211700331e+00
1.065202603699202610e+00
1.016917346912759701e+00
1.057216465539657202e+00
1.097252561240352753e+00
1.060912733266195840e+00
1.055734701599048364e+00
1.022805398172129676e+00
1.070674396798312333e+00
1.022871367255713038e+00
1.063788539424789681e+00
1.083623506993973473e+00
1.082418012627296866e+00
1.045963081763348734e+00
1.027037832774959192e+00
1.056817687291470298e+00
1.047684642696670387e+00
1.099022384942283992e+00
1.055728630416493896e+00
1.046365962504865577e+00
1.027298209171007226e+00
1.023153061581741019e+00
1.009529864889219031e+00
1.015261878151873187e+00
1.081656552799993953e+00
1.034734904827228519e+00
1.008188281850157297e+00
1.077165709647469383e+00
1.029464130586454029e+00
1.069653950548084653e+00
1.095587923065658664e+00
1.012582239702042530e+00
1.028865539020495490e+00
1.089801828331830258e+00
1.017479354835824523e+00
1.095503486775120328e+00
1.070346774547934032e+00
1.012249795248429507e+00
1.050475939568079164e+00
1.035908570077571644e+00
1.063052996059833832e+00
1.083606127307962019e+00
1.023988282093652114e+00
1.015141836869750236e+00
1.008409017088659043e+00
1.068133819840245469e+00
1.049349408880437373e+00
1.053356924746129408e+00
1.083351758200985948e+00
1.030145968913075416e+00
1.098083608143141987e+00
1.025715228183505356e+00
1.044936915051760895e+00
1.055134644593667348e+00
1.037444190244921405e+00
1.022643002902203335e+00
1.083837118975290448e+00
1.052602584520261120e+00
1.074719405801402683e+00
1.044162708592623057e+00
1.059174944770119975e+00
1.056480522825278046e+00
1.071008433724109254e+00
1.050585264997591306e+00
1.079155932604766832e+00
1.028048161725214626e+00
1.018645060579105088e+00
1.057989187967903977e+00
1.022560954356244167e+00
1.024048397705864533e+00
1.033545581526529533e+00
1.057517522151874001e+00
1.039200233665888762e+00
1.012756054701647201e+00
1.012026569913815788e+00
1.098803559874453661e+00
1.025817576485026361e+00
1.052023284463861286e+00
1.028939224675684994e+00
1.013072129679745359e+00
1.057614736053382076e+00
1.021250237145280293e+00
1.025413949814410142e+00
1.047712046528248564e+00
1.051901774555995539e+00
1.012425880255156008e+00
1.064044251135368713e+00
1.062947688477283048e+00
1.068792790815237925e+00
1.063807771615367104e+00
1.017033447597288198e+00
1.002330294546130984e+00
1.021742909600799498e+00
1.012531756537038863e+00
1.026361241508976452e+00
1.051249020844544413e+00
1.076347865866009501e+00
1.072543256849507687e+00
1.007065794126662972e+00
1.012581731027036858e+00
1.031425924102797431e+00
1.089377413323955546e+00
1.042008451884250064e+00
1.092359350824442243e+00
1.031405819945831137e+00
1.071875429929320500e+00
1.007358118716661588e+00
1.085590090525411666e+00
1.002009612499017877e+00
1.014785656588598650e+00
1.000814609354479856e+00
1.051133241617556724e+00
1.041298511019509654e+00
1.000011286585654080e+00
1.084903547994429562e+00
1.044445999405694048e+00
1.065652933702151417e+00
1.036724945581148472e+00
1.038616749551152907e+00
1.049997566376173141e+00
1.092620893491612843e+00
1.045215457354426114e+00
1.087346804911736076e+00
1.061951078095380252e+00
1.013753766937067535e+00
1.016369992611012130e+00
1.088264057975217414e+00
1.085864106619264025e+00
1.035899608669177407e+00
1.038199003476048876e+00
1.082656498486640029e+00
1.051213398298055601e+00
1.086383026138379782e+00
1.083019457895636473e+00
1.065761506633472910e+00
1.080558916064006558e+00
1.080765242564816875e+00
1.003826673306222883e+00
1.089306876553945536e+00
1.083323078091731562e+00
1.014293343769472777e+00
1.072998981578300759e+00
1.017417436400712472e+00
1.005548470289459928e+00
1.028658831561496179e+00
1.092041277275162203e+00
1.049486477728894585e+00
1.025578492690637278e+00
1.025153932095233866e+00
1.039516718304635878e+00
1.036871583420526655e+00
1.077909505160368431e+00
1.013740374548832035e+00
1.074680783446339660e+00
1.089378263422506654e+00
1.089663451029343033e+00
1.015304856357020835e+00
1.093808687813391245e+00
1.049216878845910195e+00
1.044892050382100646e+00
1.050929208715489116e+00
1.047771192091614179e+00
1.013690184507718417e+00
1.030524340817287277e+00
1.009802658092456618e+00
1.030029571513706665e+00
1.049500966895533738e+00
1.088901677504492405e+00
1.053550129761573251e+00
1.049984765974440792e+00
1.036855829725844558e+00
1.034655881991612070e+00
1.088531986803782825e+00
1.029175841736655439e+00
1.073990516909410609e+00
1.080889405033482298e+00
1.000991792500947497e+00
1.005499741663305802e+00
1.010934585217339921e+00
1.048897840735789400e+00
1.003648508268148776e+00
1.058180344015376972e+00
1.010369157945579799e+00
1.091836461500783173e+00
1.058711693122627917e+00
1.099718484543448671e+00
1.078734120273945107e+00
1.012319483609978032e+00
1.080885115564820254e+00
1.001444268199394694e+00
1.020240726062069392e+00
1.008553541134274534e+00
1.034883886340547399e+00
1.077570534122994195e+00
1.016387011797861062e+00
1.032143356378997678e+00
1.087499051085343282e+00
1.021017317718347472e+00
1.069808157857271791e+00
1.042941834143798818e+00
1.042511677759710098e+00
1.016414634626652269e+00
1.041785243828613483e+00
1.059685118208119281e+00
1.048867070211411345e+00
1.030574314091592170e+00
1.046380337826064544e+00
1.071422814058081041e+00
1.080989778216261410e+00
1.060493504062645753e+00
1.079361427390887362e+00
1.003053919297397290e+00
1.075567350688861668e+00
1.047656503929547567e+00
1.017302033902774960e+00
1.012286078235696163e+00
1.026515634872789740e+00
1.043841283422655586e+00
1.072656940698533790e+00
1.048412941955855437e+00
1.021411480215658196e+00
1.062750618765601063e+00
1.037667527774812637e+00
1.023063942150020056e+00
1.078736414596927817e+00
1.005524095146021590e+00
1.019870183129344854e+00
1.080969921493499131e+00
1.075174756251921382e+00
1.078795109352942427e+00
1.027424422662859937e+00
1.045535171384951223e+00
1.035760148028170624e+00
1.084417331937707063e+00
1.034526822276083280e+00
1.002250930555512287e+00
1.068267428606640479e+00
1.025225825843953720e+00
1.070953438764108867e+00
1.096972626750779334e+00
1.035011720176145955e+00
1.088949980258683059e+00
1.088308576543545181e+00
1.022869176096563359e+00
1.067878903756749764e+00
1.088166622982981835e+00
1.054422692835740527e+00
1.049879033689977259e+00
1.057988419319491724e+00
1.011529009856348527e+00
1.074584710313392977e+00
1.032278575421424316e+00
1.052272716442243627e+00
1.074175776203752708e+00
1.013798692757577058e+00
1.062954510175106337e+00
1.058483330218898733e+00
1.034338743227151580e+00
1.030607765541068588e+00
1.075364612278469023e+00
1.072938016651085791e+00
1.019450290718221908e+00
1.080972329397815290e+00
1.092602703405517683e+00
1.043121784233222771e+00
1.086331750482762315e+00
1.012412635492060620e+00
1.010648487104443660e+00
1.075487001096616657e+00
1.063571887348876199e+00
1.078494317539655301e+00
1.003622731469136165e+00
1.070168340329262335e+00
1.090242742772718376e+00
1.057259257839229472e+00
1.039200951440772958e+00
1.064328337307436145e+00
1.047741245263816623e+00
1.058277507780326365e+00
1.054800751701670647e+00
1.055277535138510414e+00
1.097636214536426902e+00
1.010202011917658682e+00
1.027292973019659383e+00
1.092329310537034637e+00
1.037154212295410272e+00
1.029440108186642666e+00
1.039772669227146951e+00
1.015962071031256908e+00
1.039022140581886688e+00
1.037763326888146320e+00
1.016393630541228887e+00
1.066692614006592210e+00
1.074493690574080729e+00
1.006674467000985507e+00
1.080158128873816681e+00
1.047054018583839508e+00
1.094859749784258485e+00
1.048921117166436767e+00
1.054352610677993907e+00
1.014795113135049442e+00
1.092296728628787905e+00
1.015623497372097672e+00
1.089806243021776089e+00
1.045542105026234569e+00
1.035439741409098335e+00
1.053002326527660459e+00
1.030507340538728167e+00
1.086579302024255567e+00
1.014694169424382286e+00
1.037486219109173380e+00
1.022288539070897562e+00
1.067242261514955048e+00
1.000996838272278033e+00
1.042533536599761890e+00
1.017591932144911171e+00
1.092320913340720567e+00
1.012133707661697857e+00
1.079418234147331290e+00
1.012120091831808288e+00
1.022190214915259299e+00
1.028148080298024070e+00
1.022998982096332332e+00
1.049666808887238734e+00
1.008185909165236982e+00
1.072092040993085860e+00
1.042469190727525197e+00
1.067787761202342312e+00
1.046638087615548995e+00
1.006359785592588318e+00
1.028600194744353269e+00
1.068583020088458735e+00
1.098922841211670498e+00
1.091591401248243720e+00
1.095607092208419342e+00
1.081461593934975429e+00
1.032146987006137051e+00
1.019662643835303140e+00
1.085877117965255545e+00
1.061713302898156464e+00
1.077580028798319933e+00
1.056702991273410719e+00
1.044853391270301302e+00
1.051619387281052864e+00
1.009408523974366867e+00
1.046292967797711526e+00
1.020834619286900891e+00
1.038871874272981444e+00
1.063418943841538233e+00
1.095154460417543163e+00
1.089887590825712849e+00
1.076595271169466628e+00
1.035721627645117104e+00
1.008249774123553433e+00
1.034151393866539870e+00
1.066009908367605341e+00
1.097195183519283024e+00
1.025572816750464300e+00
1.042157753818071075e+00
1.023739501161124554e+00
1.072305853381795071e+00
1.045980431997080906e+00
1.003535202716040242e+00
1.030853019560772799e+00
1.058240047666564099e+00
1.081270197005192779e+00
1.051609515295902186e+00
1.050778177184474416e+00
1.014353960908070285e+00
1.027530619806020118e+00
1.083937162241582985e+00
1.073807529028816266e+00
1.005806160784810999e+00
1.004127632743849308e+00
1.058783803151521319e+00
1.068205160823576749e+00
1.080936476964511339e+00
1.085856603499459005e+00
1.067677826572006605e+00
1.096101163065368533e+00
1.085828894164847735e+00
1.071339748165911931e+00
1.008165381907347280e+00
1.086777387097130454e+00
1.059787277943607942e+00
1.089350797709441210e+00
1.084584612151658911e+00
1.073785664243684490e+00
1.030734489840846368e+00
1.043381624909669902e+00
1.083156094141275005e+00
1.014049129137962524e+00
1.077133905367859690e+00
1.020614414922776492e+00
1.047979248170259003e+00
1.094826974403375841e+00
1.027839983328586282e+00
1.024592996530860667e+00
1.026134020533657987e+00
1.088742097834148437e+00
1.087118574052518438e+00
1.088048655599272552e+00
1.097545923868727291e+00
1.071628041214494065e+00
1.018728129508045699e+00
1.054857605095110840e+00
1.051331565872162477e+00
1.042561197773552051e+00
1.024741276417268754e+00
1.038329332397090132e+00
1.094213104361535960e+00
1.034065890722795977e+00
1.058760819904200456e+00
1.006176065713286771e+00
1.016827999332416077e+00
1.094290594657675308e+00
1.056071118906955597e+00
1.091357407080203679e+00
1.012755630530045359e+00
1.023436234374017317e+00
1.027640361001177949e+00
1.093924534129549375e+00
1.075370994344594600e+00
1.080647158402056718e+00
1.008447785793373574e+00
1.076861804185017313e+00
1.030846649595810627e+00
1.087587494718808445e+00
1.047173774312843753e+00
1.090515232535756995e+00
1.025796543703940245e+00
1.004025238220053851e+00
1.004681409576686946e+00
1.007978099871481126e+00
1.095092208371904574e+00
1.079121648446708104e+00
1.054926195256857602e+00
1.078297531631216222e+00
1.005433170950776889e+00
1.062503939407303921e+00
1.066752732039307761e+00
1.002173019901797302e+00
1.080072883509691994e+00
1.057355112572704980e+00
1.057386729606056619e+00
1.064536897712278884e+00
1.067863973301438563e+00
1.052931385451914226e+00
1.060060654021358184e+00
1.029521277879086316e+00
1.014739061291016320e+00
1.049325312035227942e+00
1.068468874630206233e+00
1.004162028152665087e+00
1.081460525239181125e+00
1.073457489644399576e+00
1.023546842177074812e+00
1.026315232073507611e+00
1.044632137822430140e+00
1.000449312168756322e+00
1.012585105049069956e+00
1.071495378771294638e+00
1.059336608731348717e+00
1.038073216933173670e+00
1.062991069216858042e+00
1.096072699143845419e+00
1.017975643860930202e+00
1.032001825355577607e+00
1.021721299174982889e+00
1.040667308261081558e+00
1.037425471530713850e+00
1.022279536101478925e+00
1.070470651552303476e+00
1.035882868679434576e+00
1.090201870662461880e+00
1.027539939817864401e+00
1.085961587042408860e+00
1.090117393420971359e+00
1.019844214984951369e+00
1.060309481541541032e+00
1.071720122614732595e+00
1.070209611192282750e+00
1.064081717707241470e+00
1.051368253851809875e+00
1.019067990589527239e+00
1.012266846474179749e+00
1.005965960901919143e+00
1.024276715881457855e+00
1.096865210480142627e+00
1.063226916206877704e+00
1.038000096354309232e+00
1.060076127915715372e+00
1.022948730936453332e+00
1.055139398764494363e+00
1.087018262953047154e+00
1.012084639315706802e+00
1.012463605629926100e+00
1.050245423166134451e+00
1.030032569679162124e+00
1.073298485361439347e+00
1.091509571224229758e+00
1.041442472717850842e+00
1.013153853327914522e+00
1.071060026988048142e+00
1.039839948558027860e+00
1.087038386344183705e+00
1.034575265791790377e+00
1.019692600367610558e+00
1.027953254496008162e+00
1.073459099208172285e+00
1.047091031751315793e+00
1.009562407341872747e+00
1.091953497499906778e+00
1.015355579279743958e+00
1.017044322490420871e+00
1.066014457248544600e+00
1.000969992337092718e+00
1.022923205691520954e+00
1.077875293763285169e+00
1.054584902063308460e+00
1.034533016446984144e+00
1.006138496179942887e+00
1.067352163588334957e+00
1.014517548566368221e+00
1.035927392615026088e+00
1.012500545380978778e+00
1.031003095965711491e+00
1.038344623147244405e+00
1.008935777835670455e+00
1.022596212228388701e+00
1.011288390482735444e+00
1.033360292093083554e+00
1.065697945612203767e+00
1.043220587651960685e+00
1.017960751003889719e+00
1.063025768012078043e+00
1.013816802930843419e+00
1.051422770695545461e+00
1.071643674776412203e+00
1.081452621274335391e+00
1.054532387472369770e+00
1.007135806365793362e+00
1.029549271335516769e+00
1.088228860719660407e+00
1.094307462211076221e+00
1.070418126048584995e+00
1.032182286895272361e+00
1.027707842741717448e+00
1.057599370628016677e+00
1.090300255809797614e+00
1.098010998232661350e+00
1.046093820590745072e+00
1.017544105939899302e+00
1.000291483622550270e+00
1.077698839707892153e+00
1.010252099784773705e+00
1.056467926244073041e+00
1.003376717784045136e+00
1.024928200105009068e+00
1.035875481540590615e+00
1.081439787933167862e+00
1.084151918244632418e+00
1.051949751399444466e+00
1.071850444116539514e+00
1.075268235044548826e+00
1.030505647145282699e+00
1.033166981887954972e+00
1.064916336239827510e+00
1.036642866707117694e+00
1.063261929055849375e+00
1.073802498803433814e+00
1.053678287253496881e+00
1.018036916076340281e+00
1.068072642056364208e+00
1.003013386646240512e+00
1.077327431393831692e+00
1.003051003619929826e+00
1.002815455307462189e+00
1.099702534457664083e+00
1.095195636447901855e+00
1.064180551542626363e+00
1.016288603417763614e+00
1.008180031242702945e+00
1.035385864904845965e+00
1.076349987576638911e+00
1.081804230185681170e+00
1.058691170701151707e+00
1.088133571055301285e+00
1.067374419863756696e+00
1.055285940261630362e+00
1.045120240646986609e+00
1.016050766940262973e+00
1.070052402692362126e+00
1.035362353364267296e+00
1.082446335450252928e+00
1.041401452913533143e+00
1.016580072243908228e+00
1.051950928453171397e+00
1.012979409543673492e+00
1.072436626848856989e+00
1.092758931133503753e+00
1.079597564322446246e+00
1.025710650168007554e+00
1.077477612269171825e+00
1.024422561461611592e+00
1.064266714269694880e+00
1.025746074408929065e+00
1.025079831728841873e+00
1.035253287189347171e+00
1.095713732947755759e+00
1.049753454537491582e+00
1.065913957231120479e+00
1.064175865246943964e+00
1.069728424652543364e+00
1.091903191509209448e+00
1.060742684429538008e+00
1.022698767570735079e+00
1.018731373895102266e+00
1.007428229853389423e+00
1.095908195526260842e+00
