8.588084924700574441e-02
9.769734415293544749e-02
8.436974933247380626e-02
4.412833052106272802e-02
6.769204965118856554e-02
3.691217007448507892e-02
6.242526882738859417e-02
-1.128127011127739304e-02
6.062902354386258408e-02
2.715818603890074109e-02
7.813699614293753704e-02
7.286413346305369021e-02
1.349897877753651956e-02
8.760942345297395573e-02
8.701957499166629306e-02
-1.162899479469909833e-02
2.275580844587433982e-03
1.072881469163278548e-02
5.082949764707390961e-02
4.038389599436277566e-02
-5.172210421585561602e-04
3.472665165291016764e-02
5.881627127411538647e-02
4.363738134319675166e-02
9.178666307047672612e-02
3.254010888186588402e-02
3.656387728514227942e-02
7.581362137851670180e-02
9.525286486306298178e-03
4.145197226880800723e-02
2.917896416330583234e-02
-9.560865102459232059e-03
7.351797929474412907e-02
-1.742491613728968866e-02
2.829465444402095090e-02
9.350413239382943109e-02
5.886704228510339365e-02
7.473916994764732979e-02
2.806262946175592035e-02
4.773747627916395675e-02
-4.334569279037716466e-03
2.775347143993439972e-02
-1.000746010593250163e-02
8.741359625729556992e-02
4.182481814851997381e-02
9.713649159607129491e-02
9.348013197141891162e-02
-2.988087605324242502e-03
9.094660976461943491e-02
3.446765088300175750e-02
-1.873673186444582694e-02
4.596821297548979446e-02
4.832514169723364783e-02
5.292554433786363088e-02
6.837289131852769541e-02
7.014089724722533115e-02
7.965396362653696938e-02
-1.179440917201670692e-02
5.766770513656509223e-02
6.058341889734071561e-02
2.388368317770408686e-02
1.013803943167576604e-02
6.822842831809902697e-02
4.216309910898607960e-03
9.460042435658634619e-02
6.930892098381929989e-02
5.880818557973456484e-02
8.188038883296695769e-02
5.976291528279828458e-02
6.496307300151107911e-02
9.800839205658543052e-02
8.770487862359693798e-02
1.773858534896914640e-03
6.501382439096038690e-02
7.433627485116763023e-02
6.240380345082334468e-02
9.729982377146778605e-02
4.571989842818534322e-02
9.598036023659481386e-02
6.962795856825873542e-02
6.120313946926272952e-02
7.458634754407221512e-02
-1.059620822432481846e-02
7.870279928711544637e-02
5.430500015972031247e-02
3.189257340149306841e-02
5.098546309169721402e-02
3.935534609921072235e-02
2.456366547107868489e-02
2.098943698206466243e-02
3.765669000563402757e-02
2.130026921187283193e-02
-4.543169416568203223e-03
2.537584171223574922e-02
9.849063263654095346e-02
5.779842533688391015e-02
8.935307422428891144e-02
-6.488246065533545201e-03
2.632067072076598249e-02
9.258347204830696953e-02
-6.721789970064659392e-04
4.133842107836259439e-02
7.804793967445992908e-02
6.676289113264524677e-02
4.173726034468511203e-02
8.855265435562383047e-02
2.616463173293947717e-02
7.519674070720651360e-02
-8.919494289361562522e-03
-2.045098788363459985e-03
8.554121986072683176e-03
8.461044882509299175e-03
6.862111009843607778e-02
8.406104790615762101e-02
9.277912511590577505e-02
-5.426110279235361877e-03
-1.738940338099667290e-02
2.241089131257911413e-02
3.126041980300056644e-02
6.700715724982551913e-02
5.048812314104578203e-02
4.617358049652155183e-02
-8.088011021650610977e-03
3.854095706277284317e-02
9.629887482742627292e-02
-3.389073520713100501e-03
-8.020435295815218912e-03
5.329968398643698813e-02
8.129005291321236143e-03
4.806734359474848506e-02
8.539940701994062910e-02
5.249021268037949717e-02
7.058728291015672895e-02
5.139982732102019169e-02
7.477430100414379777e-02
1.480289393138753060e-02
-4.348784810521706679e-03
6.479133261922803699e-02
3.384151310676838942e-02
4.101376326905542546e-02
8.870457422402087955e-02
4.048112405491634258e-02
8.581865257210662123e-02
5.310277776512341286e-02
6.314227197433225358e-02
2.351389897771850521e-02
7.057401296944156022e-02
5.052527869719443399e-03
2.547875237626328129e-02
8.104679341168238849e-02
5.503496250283680669e-02
-8.224854749663038436e-03
9.965210242908445482e-02
1.083296216136036064e-02
9.503691256314983349e-02
2.053188679576721173e-02
9.637490395196313120e-02
4.739003399698600572e-02
1.544903185878922572e-02
6.507365376267550128e-02
1.495860279489743747e-02
3.899700415549459120e-02
5.471370143384181317e-02
2.341888653965695441e-02
3.504827791316128538e-02
4.632117864660043050e-02
2.496266847584339629e-02
8.002213608665866007e-02
-1.205995253989851877e-02
-3.023231604750202528e-03
2.149721564981341496e-02
6.092685948099416104e-02
9.808912013940275509e-02
-1.751959133613456565e-02
4.627310677772086822e-02
-7.828516253815011317e-03
7.802648686514132570e-02
9.288700594838075753e-02
9.833881356407815633e-02
8.094747622993626879e-02
1.432544963034430852e-03
9.833659272162927067e-02
9.962937546314912240e-02
1.394488686995204799e-02
-2.703566566849429503e-03
2.252241484150107817e-02
5.432722259580248514e-02
5.298578316461688420e-02
6.870536340157931687e-02
7.545492843734981359e-02
-1.904041582294984519e-02
8.176719536598320293e-02
9.732585272881688621e-02
-1.535627175637190381e-02
9.141404025801951050e-02
8.375143252822177947e-03
4.554388080078713985e-04
5.673316637152822639e-02
8.096705271745835431e-02
1.077002348183178290e-02
3.123041258401568557e-02
2.968756537556894656e-02
6.927806993086052523e-02
3.708197124526094179e-02
7.371719054336926813e-02
5.004214518919311572e-02
-1.385028673576463656e-02
5.264339623481521790e-02
7.137250974018354011e-02
5.881374732584455922e-02
3.635617559146617217e-02
5.615199047190448656e-02
6.575655027296307964e-02
8.024686766594558984e-02
9.944907552068945472e-03
3.855128565269555496e-02
6.118437693023542900e-02
5.183243344382720830e-02
1.392611436805075639e-02
7.208524040327653204e-02
3.104095581684030922e-02
8.635749410113134628e-02
4.456346038579056534e-03
6.419115387780284510e-02
9.715518478011854475e-02
2.061264484114714093e-02
6.441995627695884519e-02
7.423596348312275911e-03
8.460498051670396757e-02
3.995020340377827828e-02
9.167809894887025968e-02
-1.601171039361178050e-02
8.337459701750896124e-02
2.395815145161239376e-02
-1.698051258828200960e-04
4.487438741589179492e-02
3.291816615909270993e-02
8.494806955822449546e-03
4.193188451832179087e-02
3.553809699581471360e-02
8.834180982358270928e-02
8.109593805199169503e-02
7.958579389892389555e-02
4.833609270114049006e-02
6.795589614049159927e-03
6.547333105959474153e-02
4.935652222484306073e-02
1.958779406260519398e-02
-2.894359698291902594e-04
7.002198713772779526e-02
1.017124924186127433e-02
4.016515876077875191e-02
7.952482418638900930e-02
-4.148748567083613420e-03
9.280986875784293794e-03
8.922880727490704877e-02
1.867630926485945586e-03
4.033605727468834307e-03
8.881424708065836782e-02
7.590239029941360516e-02
3.015189246754762867e-02
7.764328455438243570e-03
8.406096458938033811e-02
9.132004118564912565e-02
7.097349316722445511e-02
5.457361222412766832e-02
6.124690839325680480e-03
-4.598235721950269528e-03
7.994711111063843717e-03
7.633457095341275589e-02
7.754070736692139643e-02
7.016477548830429845e-02
4.099042004959753405e-02
1.198275014609557002e-02
6.091486088338868288e-02
4.819651021822071724e-02
7.769526147530204929e-02
1.432891905917440742e-02
6.526716728383276378e-02
8.119488665656428295e-02
2.007930774443867153e-02
1.731345431097096668e-02
1.825441844633026237e-02
4.667736462251954876e-02
-5.915807727702865337e-06
7.597744728726209262e-02
8.117598320153553149e-02
8.527456690755934321e-02
8.466268925012955526e-02
9.203180744747978259e-02
3.159910080356541362e-02
9.540100167385108521e-02
7.612468667858017513e-02
2.143237327612994639e-02
9.858478885602123265e-03
9.889060791714017473e-02
4.706201821273145458e-02
2.934880961700820148e-02
1.877955226899271149e-02
7.506181400245995339e-02
8.087423102636194516e-02
8.162679492990086716e-02
9.361941551614996748e-02
-2.978742791593748385e-03
3.671532831236890004e-03
3.354696524030359450e-02
5.874187244805663399e-02
-1.501945707475313418e-02
4.066438754174217518e-02
1.964843574789392269e-02
9.349106120591993419e-02
3.117701047175204868e-02
5.332623306752198866e-02
2.427194679904188732e-02
1.156780167291720715e-02
4.044308655777299755e-02
1.810055995303068085e-02
5.927126158986709137e-02
6.658513590043628472e-02
7.273646868762910500e-02
2.007906136725717480e-02
4.680747817928997134e-02
3.439705858448632858e-02
6.872170633255234029e-02
8.600332279489392162e-02
6.924484104680388163e-02
9.296824138911047308e-02
5.424650629977588456e-02
1.456138977648345142e-02
-5.997588590062052916e-03
5.705578213740039595e-02
6.064173525613832799e-03
1.352413656869807038e-02
7.971682549071375246e-02
6.400908206706673598e-02
2.461620227369968814e-02
8.103321620558431165e-03
-1.512675220823982147e-03
3.576391003738454977e-02
2.093721326637060925e-03
-6.430697238488013168e-03
-1.877549390135057478e-02
7.332945155749062693e-02
9.634034087118410750e-02
-1.379485160521203360e-02
6.051946627440304982e-02
5.758253576202131130e-02
9.678105961110247679e-02
8.521619724130191642e-02
-1.195074183992117858e-02
8.746760142388546044e-02
5.017496429598179708e-02
1.136627318561338543e-02
1.254275779437145910e-03
4.728846721731390368e-02
3.450344063544937695e-03
-8.500813721798743464e-03
8.896874823312485303e-02
7.823521768378725871e-02
2.086680469026890375e-02
-4.605510320997176915e-03
2.911573647107286791e-02
9.836446884729281581e-02
-1.294856812772660071e-02
-1.544283806265148509e-02
2.057782585929098310e-02
1.568462965278828378e-02
9.030013091860870922e-02
-1.139988232882797881e-03
1.794020972018263091e-02
-1.955320711229345185e-02
-1.698129357594547334e-03
7.499404687539013015e-04
3.185463574579353030e-02
1.962358434254036013e-02
3.015468957242595574e-02
3.482018393935473743e-02
2.434836462979081059e-02
9.928887138642880639e-02
-1.277105663663815477e-02
8.066782569619905530e-02
5.464926544224403548e-02
4.980715476601962899e-02
8.019663683289542100e-02
-1.869516390886170193e-02
3.263327215724264041e-02
9.535523785061955637e-02
4.160034211722304920e-02
9.411522365899600839e-02
-7.322131647918962358e-03
2.626297070777446410e-02
9.127446990642194835e-02
3.160848964577615827e-02
-1.647129664403176180e-02
-5.826512955492817517e-03
6.782064081227433261e-02
3.651140937260901470e-03
3.023110205515864776e-02
4.841149508856423811e-02
2.006432730583584609e-02
1.151137469831211083e-02
-1.376260878395746574e-02
5.152019734226441494e-02
-1.187624270834134604e-02
8.094182845980998908e-02
5.184950803605821446e-03
8.647491962189904346e-04
4.799744959623265805e-02
5.500019217181825737e-02
4.456756700244540736e-02
-7.174207912465457512e-03
6.198652983319191678e-02
6.610427672719787484e-02
-1.499419892932320544e-02
3.213012153021646555e-02
1.920722526805568667e-02
4.230882097023608290e-02
-4.272228999602691729e-03
4.914985278319254636e-02
7.644376650292916686e-02
-1.228109467850056410e-02
7.903529046085518150e-02
8.742312517798649096e-02
8.419363914961869311e-03
9.998702180742238821e-02
4.960249636764059444e-02
2.190307034648581244e-02
6.224614736141610705e-02
4.785413643657004945e-02
-8.181309221330862816e-03
3.289381309602142089e-02
3.892047119816383072e-02
-6.352033165505685530e-03
4.633264685682364492e-02
7.909863428158110665e-02
9.952324934064300799e-02
6.450423737727707663e-02
9.001678258974202262e-02
1.182896881662197017e-02
2.891793379298130198e-02
-1.809663970796860852e-02
3.087384509357325724e-03
6.030848294332374904e-02
9.850234264512304494e-02
1.487743873275690007e-02
4.775316527832901281e-02
-1.636490136888931607e-02
1.057810967969923313e-02
3.022602508919902328e-02
2.891232848427363264e-02
-1.129812000213851857e-02
9.776847008343343692e-02
6.821066393439330355e-02
1.707121864194515240e-02
2.132026692612816812e-02
2.872630795976114856e-02
-2.228090515770636548e-03
8.066877486012985488e-02
-6.171552115208709180e-03
6.008615937160023679e-02
4.278211972128083407e-03
-1.641390532344462472e-02
4.736463271728361818e-03
7.870193980191078631e-03
2.192240302717092526e-03
1.194549755284350992e-02
5.724652369830267318e-02
1.590243967504300845e-02
1.413145529880726128e-02
9.265765166387808505e-03
9.338309352078044689e-02
-3.830714654368197469e-03
2.301037891599112470e-02
1.391182847142935844e-02
-1.706133901705988998e-02
5.735911779899292851e-02
9.774807334604623810e-02
4.534115400048531475e-02
6.986189648124122020e-02
7.658933604899298420e-02
-1.143170682582551889e-03
3.429383539378655366e-02
6.076566742368291751e-02
3.082582980743743886e-02
-1.540206243019176351e-02
6.642018325784022903e-02
-1.097590473526184260e-02
9.852667734198655713e-02
6.361508798179603408e-02
3.393824067779136616e-03
6.894443015788287443e-04
9.721004762972570989e-02
5.227120384430671007e-02
-1.066270449079884629e-02
4.188764175627998632e-02
7.733216374261742132e-02
-9.476993330760125414e-03
-1.674540376652954021e-04
8.729678446889803378e-02
6.908288053557733177e-02
