1.052284756305146285e+00
1.066583159885767351e+00
1.079929534389881596e+00
1.075810078938408187e+00
1.062687612712333696e+00
1.069775647943964181e+00
1.042622404974110184e+00
1.037631835234523292e+00
1.011125754215145944e+00
1.064251529031014165e+00
1.083326762451233938e+00
1.035838550180366857e+00
1.008615541402319904e+00
1.036098879462088007e+00
1.016122334427579155e+00
1.036036708400852380e+00
1.052890213991766633e+00
1.076078838649001890e+00
1.072785846116961705e+00
1.097728872596916094e+00
1.077826351150187767e+00
1.080535133958276939e+00
1.008282693763048909e+00
1.047938446509984800e+00
1.043998677119062135e+00
1.042429182171866087e+00
1.046895648887420371e+00
1.090395299291001541e+00
1.043113635766174774e+00
1.000473839908077700e+00
1.074923187971523753e+00
1.025563308024745934e+00
1.040380958060793892e+00
1.053776677753895941e+00
1.045838959461302231e+00
1.006529754854503800e+00
1.065298966259271785e+00
1.045817644792468082e+00
1.093398238588525251e+00
1.097595803510987178e+00
1.081672500509490931e+00
1.045906707584171924e+00
1.073829739376345849e+00
1.073399294631300238e+00
1.081231161791367468e+00
1.060906096782074925e+00
1.025974838150811363e+00
1.071353947510812255e+00
1.062667725857330048e+00
1.080826721343417285e+00
1.062246943505349872e+00
1.072625483684985115e+00
1.029915783222304038e+00
1.015427552755843177e+00
1.029646131896284400e+00
1.031379217639299739e+00
1.037080246882714940e+00
1.054106461225144509e+00
1.036992468613002760e+00
1.062381245992247258e+00
1.057771969892811192e+00
1.092877344736805867e+00
1.093776935622788882e+00
1.017634624833509305e+00
1.091613268209149057e+00
1.000949145308585253e+00
1.004280985247242963e+00
1.010237074442278393e+00
1.037571110188972412e+00
1.084990754042911121e+00
1.060869930869082989e+00
1.038632951700994234e+00
1.071181223425730744e+00
1.001270807208488378e+00
1.053023672653540688e+00
1.012065650523783278e+00
1.062235955041969770e+00
1.041391102123320644e+00
1.083795432219381905e+00
1.062257626485511919e+00
1.086113499238017033e+00
1.078939552763947818e+00
1.090096452316338116e+00
1.054531095853874723e+00
1.039433313245972546e+00
1.002123460622163398e+00
1.013866226881214194e+00
1.096218334849050180e+00
1.067893161908155086e+00
1.086945301373974715e+00
1.093434193954321509e+00
1.088296342714942577e+00
1.029465324282437200e+00
1.092977170909489093e+00
1.039220762542013343e+00
1.025820582367475975e+00
1.014252912182523225e+00
1.050084565741667308e+00
1.037868943415984013e+00
1.004011442237596974e+00
1.086815868270896379e+00
1.002523139449474021e+00
1.023386823242959487e+00
1.006738578417155194e+00
1.040862379442660579e+00
1.087579478671307331e+00
1.061853569953717935e+00
1.055192198283983585e+00
1.030613801207600266e+00
1.023963225038206470e+00
1.028186054506622815e+00
1.047736333235727457e+00
1.054123082688257274e+00
1.083824874952363793e+00
1.044629588978324142e+00
1.006606038666942649e+00
1.000187331476920960e+00
1.080584356673194746e+00
1.031714955208109075e+00
1.081885680673025041e+00
1.001935867332237828e+00
1.087353458361256298e+00
1.055008237847083086e+00
1.006099967509469728e+00
1.066585686190973270e+00
1.094624638297459818e+00
1.086729390652252158e+00
1.048871247431303111e+00
1.028951021431589785e+00
1.082320865256418463e+00
1.078476303781525480e+00
1.050559828329494794e+00
1.061898522906712383e+00
1.043714190366145322e+00
1.069749054645463771e+00
1.075355022557185958e+00
1.069429897089993808e+00
1.026899945923025914e+00
1.095633220178452438e+00
1.094936262772431279e+00
1.017592758301326006e+00
1.091250768165142659e+00
1.016550335964884866e+00
1.012026652383853031e+00
1.095844313594614761e+00
1.083686131040271672e+00
1.062798235464365693e+00
1.097557422177105391e+00
1.022678254913954143e+00
1.014783295017536169e+00
1.073990844261371702e+00
1.015064116864443422e+00
1.017141566183364487e+00
1.063295144060772079e+00
1.046537605495391876e+00
1.009713511980306899e+00
1.006349702869673290e+00
1.030983509348243787e+00
1.057843026466616099e+00
1.047475745709048445e+00
1.054938472494930002e+00
1.074910268092379884e+00
1.009455401340550118e+00
1.084024442983751779e+00
1.077956994430692816e+00
1.040300106002761016e+00
1.033003838267606112e+00
1.035641977283522586e+00
1.049583984185907592e+00
1.088765298821531058e+00
1.023046644236462077e+00
1.064172203432503849e+00
1.079802146382343730e+00
1.058062184921658488e+00
1.007416851747990449e+00
1.094765508732091552e+00
1.016727726871474058e+00
1.039802102705604359e+00
1.099735462619122028e+00
1.083738774786245251e+00
1.044881955357398695e+00
1.059790304907112457e+00
1.045855063752427982e+00
1.080114342131918592e+00
1.001661967353090432e+00
1.089313171410091874e+00
1.023450129114476193e+00
1.022219034562360296e+00
1.031215429228790503e+00
1.063212856729341294e+00
1.044448217800302281e+00
1.018460798570693715e+00
1.040117825633297022e+00
1.014140419557775452e+00
1.096232969856858031e+00
1.093778455772660863e+00
1.059422843401169878e+00
1.037959138174024964e+00
1.050609840632892977e+00
1.093633385381103551e+00
1.058452863248585674e+00
1.052856683451247388e+00
1.057457497073548192e+00
1.032904279296652073e+00
1.021570568079561259e+00
1.093800568148867169e+00
1.096872829138227035e+00
1.077052950725984504e+00
1.085883776164779269e+00
1.024035308758047380e+00
1.011797716410886450e+00
1.006167843072918844e+00
1.027752533282677350e+00
1.065367810298885054e+00
1.096832004794856097e+00
1.084722730665593993e+00
1.083527111344644966e+00
1.050068525102337391e+00
1.034804767063338682e+00
1.066885309394895787e+00
1.075638367649532023e+00
1.051990506034156558e+00
1.061455521587852502e+00
1.035770950995508421e+00
1.088183135941971358e+00
1.078168157504969304e+00
1.021971285233828963e+00
1.015224866954353988e+00
1.042399234378609041e+00
1.002858659532758656e+00
1.033542282709762672e+00
1.012404760100982237e+00
1.031117628326251756e+00
1.045003249076217777e+00
1.088936529171414147e+00
1.001453295916241215e+00
1.042969166880881815e+00
1.005456487400098187e+00
1.028754273647153994e+00
1.002997026907713085e+00
1.091172653757554123e+00
1.070140221362654298e+00
1.068764235648514971e+00
1.074061386533382345e+00
1.045575369694059953e+00
1.059237773602776711e+00
1.061618887336447159e+00
1.000693130686472365e+00
1.069102819732379972e+00
1.020501322472025407e+00
1.006653539131321162e+00
1.017782853778322005e+00
1.060495715841670572e+00
1.005942583652124966e+00
1.011161129087694510e+00
1.023962129971596191e+00
1.083824630026646751e+00
1.089884545953090589e+00
1.055186494623079341e+00
1.065727797233511520e+00
1.019005438712973666e+00
1.024695785264223558e+00
1.057700877387420357e+00
1.069215800089075907e+00
1.001765696830430707e+00
1.059771296861084178e+00
1.030076517576181239e+00
1.061705055140737208e+00
1.058763527498522761e+00
1.089049215881316091e+00
1.099011841452155247e+00
1.046279957541577765e+00
1.063317326331034707e+00
1.015945107131862812e+00
1.042078030259333987e+00
1.070891843197351090e+00
1.002237480217961885e+00
1.013179933769865260e+00
1.055813478860825771e+00
1.003287912617998323e+00
1.067202135876229141e+00
1.095602792992931507e+00
1.010731583308870585e+00
1.077324333149053182e+00
1.092075947761310006e+00
1.080565171210797759e+00
1.086021949404711640e+00
1.059107741933937641e+00
1.059627151507284371e+00
1.000194064118054893e+00
1.074283420149092727e+00
1.060414788315857004e+00
1.032319904219000106e+00
1.088578016581117636e+00
1.054212900492969451e+00
1.021565788152259735e+00
1.066777671123492643e+00
1.021795126727948366e+00
1.016305404242840993e+00
1.021081581792122606e+00
1.056379609927510455e+00
1.011613597380514706e+00
1.033983585327792332e+00
1.052028508478400237e+00
1.091515460688676331e+00
1.093330490602307359e+00
1.031687192225052563e+00
1.069187338019560229e+00
1.078789104860914172e+00
1.003403269899123762e+00
1.040432655882121971e+00
1.073417714945463119e+00
1.079614262285619075e+00
1.045211129296360619e+00
1.071187812134071438e+00
1.021843172809451916e+00
1.000691721416020474e+00
1.086254032852020934e+00
1.079458279165069312e+00
1.039314930405088822e+00
1.046110193766529362e+00
1.068451436495573059e+00
1.003068464913890123e+00
1.072698224006056300e+00
1.039914407305245758e+00
1.051580893294614683e+00
1.016206995422957560e+00
1.040103154966730781e+00
1.052831552990371122e+00
1.037187142156678732e+00
1.040095599822938199e+00
1.091978206501442283e+00
1.055453710895064567e+00
1.057517450294048311e+00
1.037993137830597767e+00
1.023440526892826830e+00
1.050635092074649446e+00
1.056273281812369458e+00
1.080296918242624971e+00
1.036906628900479355e+00
1.096288136730653617e+00
1.013190332047009923e+00
1.042424761042426429e+00
1.010445148207238075e+00
1.033804926318029338e+00
1.015494373116330395e+00
1.004988177527304183e+00
1.036064022772027249e+00
1.073824867688406126e+00
1.032225749597144082e+00
1.074664565818682860e+00
1.074354308288494542e+00
1.037708484673788956e+00
1.026132742716460378e+00
1.037487188693722473e+00
1.011018758320785471e+00
1.000966139115381015e+00
1.096390231649001956e+00
1.083465470526501440e+00
1.011541643381621558e+00
1.054440451221628994e+00
1.080792052052533592e+00
1.034486443270639322e+00
1.059414736092204157e+00
1.049434831492549014e+00
1.091801418845756322e+00
1.076623682788300007e+00
1.061890840105467193e+00
1.049760078404060826e+00
1.049606741866451420e+00
1.038998528115167241e+00
1.041636699162556523e+00
1.034434805264287993e+00
1.095997315139074280e+00
1.048135557510843308e+00
1.084222006830082075e+00
1.012553154899609620e+00
1.028590837305605854e+00
1.072158610176304760e+00
1.098718611869953232e+00
1.001051011699100712e+00
1.092677397584291832e+00
1.095420381194766035e+00
1.022814466806189593e+00
1.006567382939354660e+00
1.036429528465280026e+00
1.054472661277658929e+00
1.077474300154286579e+00
1.070631644913812686e+00
1.013503043751212473e+00
1.071697757050179556e+00
1.026293803049961095e+00
1.030565454409083204e+00
1.066072214091695169e+00
1.049548954673663603e+00
1.020112470050740239e+00
1.065318042429472811e+00
1.047386201636406611e+00
1.049301924253791762e+00
1.024139983255167197e+00
1.021303993630749307e+00
1.083700585140314532e+00
1.077335228813752988e+00
1.014608123642940063e+00
1.029957038579070394e+00
1.020285961133702735e+00
1.055866589680196865e+00
1.076022282824109277e+00
1.097974769292404673e+00
1.056300489473320114e+00
1.085114471171766626e+00
1.073043658771373421e+00
1.038035147250653711e+00
1.097011688607349766e+00
1.045475245834332823e+00
1.080538958441720654e+00
1.094706728470798751e+00
1.010960349606746078e+00
1.082444003427874391e+00
1.059365610135069913e+00
1.093856331095736323e+00
1.046759401100683773e+00
1.063036604458423184e+00
1.075458124437736807e+00
1.096907681215449903e+00
1.036775274935406665e+00
1.069530730634171700e+00
1.081774290226706015e+00
1.061951226464374898e+00
1.008316155155975613e+00
1.066673674071402012e+00
1.083579916595865944e+00
1.092425503345930249e+00
1.012805140835810525e+00
1.028112467337656266e+00
1.093739654562434938e+00
1.020745487193443379e+00
1.063236470110643594e+00
1.021946432751139833e+00
1.068007647329084486e+00
1.077688264971853105e+00
1.047902491620830601e+00
1.052390647957623493e+00
1.027910399855167078e+00
1.024648643813497628e+00
1.018512972673703443e+00
1.008591759957962131e+00
1.042290923394553204e+00
1.026921402573398812e+00
1.096875499033818757e+00
1.091793727207181597e+00
1.054697406792393544e+00
1.033400945999038534e+00
1.095058071652784237e+00
1.090811628704219993e+00
1.048201218366669352e+00
1.057163456397661516e+00
1.060876027904660734e+00
1.000370925119105969e+00
1.015093511439401741e+00
1.053359340309932835e+00
1.081632632120633097e+00
1.006350989623769454e+00
1.055428086992192815e+00
1.000884395415037043e+00
1.084339924762678598e+00
1.053223128305019074e+00
1.011926585432438852e+00
1.038468542182530374e+00
1.094428328575223430e+00
1.074317613803540405e+00
1.029350664192267617e+00
1.062097821958040367e+00
1.044073200351342434e+00
1.098808447120013909e+00
1.089028439289062344e+00
1.099655828561227677e+00
1.048574398716289213e+00
1.071066039786825685e+00
1.014816767883076620e+00
1.057030735323278847e+00
1.061319063153026265e+00
1.093540593734890320e+00
1.025846297274708441e+00
1.034155175833817886e+00
1.084939016235237697e+00
1.006924278408689366e+00
1.039754282500890303e+00
1.062194032240671993e+00
1.084032430544546122e+00
1.077217713799464072e+00
1.048115516101009392e+00
1.033443157119496636e+00
1.067870743301025271e+00
1.099974604588331850e+00
1.022231146277045699e+00
1.011908436935076594e+00
1.091534058823034004e+00
1.001377253864931038e+00
1.062953105701337941e+00
