7.053221829709330204e-02
8.687285367264281633e-02
9.768526578663438986e-02
5.353056094086254546e-02
3.833072398691550475e-02
9.288950419631222810e-03
-1.712024384969339577e-02
6.194364839091515140e-02
6.031983380052273469e-02
2.894670360190974498e-02
5.609465636414162626e-02
6.424622869013116300e-02
9.882018657617737400e-02
-2.955192375383147024e-03
5.950658389397481263e-02
1.367053412280412952e-02
7.264710394170881269e-02
5.490683897176792949e-02
3.633048773423647182e-02
-1.497821527276946979e-02
-1.096301028057271483e-02
4.090921226722835091e-02
4.565892184813409582e-02
7.948365220595413061e-02
5.609517301773314646e-02
8.796209946743296926e-02
5.886738541588462659e-02
9.356243651731740996e-02
4.567869942231139041e-03
9.354286909262869709e-02
6.262900365900404831e-02
8.825861970316160876e-02
3.443672739971265218e-02
6.399655846321247732e-02
9.422325790802869860e-02
5.602530409342500184e-02
4.780352106177433030e-03
-1.389801984038219543e-02
-7.863853060945827020e-03
2.040689755080949200e-02
5.083778879278968987e-02
4.607622932111001685e-03
7.105717657307761281e-02
5.235818252767410197e-02
7.851523060793244579e-03
7.483081299698531030e-02
8.101711851950199605e-02
-3.971701682642381215e-05
8.373842804708225840e-02
4.997005067156266855e-02
5.386805129840904760e-02
9.405636607130482552e-02
9.236938589611158601e-03
3.113173716977824662e-03
5.493021066034815825e-02
9.543739021077611573e-02
4.598352410885907238e-02
4.387059356502040486e-02
4.667193845436164168e-02
7.079442927186284373e-03
2.650608978157173098e-02
7.998372459368693899e-02
5.318634934449165130e-02
2.705029385441569748e-02
9.110686000929434092e-02
5.149324615564231100e-02
6.777012510496517594e-02
7.836052165142724790e-02
8.727480883622736746e-03
7.822360710070071221e-02
9.279033715424507556e-02
6.348102723122776847e-02
4.575512141516238640e-02
7.390523612253245556e-02
3.246279833220638844e-02
2.332362077396164454e-02
1.902540276717764461e-03
6.773933904268154838e-02
3.079307309726309408e-02
9.138003125762736434e-02
-5.522139427792600516e-03
9.196009932798340780e-02
-1.517250973490694849e-02
9.801536225445305062e-02
6.319560857541400845e-02
-3.091403222492510039e-04
9.491054875445191497e-02
-1.635060211565713545e-02
-1.483338247373749627e-02
5.163689031814669428e-02
3.348970833558022331e-02
3.914679346175845009e-02
7.619240508447894245e-03
5.426743500518052543e-02
-1.548732422442481230e-02
8.009135811762616020e-02
4.879189905363470747e-02
7.391067303407462818e-02
3.755389845507110802e-02
3.497800920312658934e-02
4.195447519119392676e-02
3.756819899237195948e-02
6.719914545492150504e-02
-1.561254080414497744e-02
-7.836541198139843761e-03
1.535386118476006825e-02
8.076334534831734746e-02
1.029964836231679615e-02
7.673507187322141376e-02
9.145660762775580099e-02
7.990712955418499686e-02
6.688517937172146210e-02
6.038105105066855771e-02
-8.975576629169160214e-04
7.841906016646739419e-02
6.258794474621513781e-02
5.134769376963382870e-02
8.810792563590028048e-02
5.023693097665027363e-02
5.521379975398768569e-02
5.672991111929151509e-02
6.643188455731914577e-02
-8.995282155660908052e-03
2.795271129919632905e-02
8.126290515140537074e-02
7.842504902989932969e-02
5.660187978741748616e-02
7.950428599543946095e-02
3.668856087436105085e-02
5.545696120661142148e-02
2.586590718529697269e-03
1.071822617204887945e-02
1.458059342025967708e-03
3.220759252923867388e-02
9.852268032510705376e-02
-1.651598253192800708e-03
2.469702238854807122e-02
-4.551395753720396606e-03
3.452940429651250170e-03
9.250359312036426918e-02
2.518729829447636376e-03
9.102874989812932693e-02
-4.305607754258523184e-03
4.034197999290251024e-02
4.214377504260512219e-02
8.715469750821487616e-02
2.907480623272707884e-02
1.639868172993710557e-02
5.090365038116410890e-02
4.271870384213354022e-02
7.241854684750984039e-02
-8.200056977226116706e-03
1.780581161293971065e-03
3.692428127906380309e-02
6.014942453594487176e-03
5.680276357759923844e-02
1.634209852285002304e-02
-1.179069103734024099e-02
3.148516220171075630e-02
1.095908707120261602e-02
1.447769929271773906e-02
1.162836620624793302e-02
1.724714320727252850e-02
9.465363839677652658e-02
5.690835954955712761e-02
9.506142906144321447e-03
8.094565302928476147e-02
-7.309350575088260915e-04
3.400164874053195063e-02
-8.070769551902850017e-03
1.513351869152734439e-02
3.658023318913092292e-02
7.460060586615255285e-02
1.738315190565542165e-02
7.985257185057087481e-02
4.853328715945338934e-02
4.575708216475963402e-03
6.605174424242021836e-02
6.183588868333284028e-04
5.210025294136971796e-02
1.158160242304774948e-02
2.916061217201513026e-02
8.997167295047842073e-02
-9.111536014318711088e-03
4.290151093309674257e-02
3.384188560951657820e-02
8.659874301795850160e-03
-3.063562456835897813e-03
4.503768386004743801e-03
7.651249765828188609e-02
6.333547223191875186e-02
7.863368027302983232e-02
6.977753012369132535e-02
8.681529630492841598e-02
5.117148498304129045e-02
7.503330623260158483e-02
2.719543509008593915e-02
9.732366982955825696e-02
1.159593948871388142e-03
7.864023870449483866e-02
8.329890196293904259e-02
8.713869132411618257e-02
6.046172296762589160e-02
7.413605024398579879e-02
-1.763115710777268461e-02
9.564193655795608096e-02
9.804174070883492353e-02
8.547074208491935166e-02
-2.450372340983459490e-03
-1.804145589586907822e-02
4.784519585105544842e-03
7.963817292943804749e-02
3.840787148945623564e-02
-1.253905940138858727e-03
7.581347043198657931e-02
7.473796536690113790e-02
8.569935730089375814e-02
4.593640303880335007e-02
8.532448333202652391e-02
-7.989115011442365910e-03
3.770382519205504879e-02
-9.162725306836384462e-03
-1.685491745842996117e-02
5.836243144150646267e-02
9.626804323756903148e-02
-5.585138923337628486e-03
8.678739452832601176e-02
4.094224644179314532e-02
9.068371090476371604e-03
-1.530363013702007446e-02
8.750460064286734452e-02
5.930391371052107230e-02
9.209336845538432237e-02
2.506317078762199460e-02
8.136083630684720625e-02
2.269623768808809797e-02
-1.045375412753968627e-02
6.387028681598702629e-02
6.303602169197054794e-02
9.354005852279842492e-02
9.458432858455774472e-02
6.635802366976052691e-02
7.409992283231790766e-02
-1.427868030061988161e-02
2.967686027032897383e-03
6.320595122502557783e-02
1.220001254896617079e-02
6.934834403134482184e-02
8.835576413923010297e-02
-9.009818390983598962e-03
1.459454665122833852e-02
2.917421611890556529e-02
6.386932561193021940e-02
4.501183211013105867e-02
9.227058885341919703e-02
7.342618992181462745e-02
5.916779450165214616e-02
5.604399870113124793e-02
5.341219574761134348e-02
7.413023020584715017e-02
6.344142403161791288e-02
3.052146872983140316e-02
5.845411842024880733e-02
2.997361518160254756e-03
-3.609029171416627130e-03
4.495396662100901997e-02
3.432961827579972258e-02
9.599152143448218266e-04
8.774600661137151036e-02
2.748390317255715656e-02
3.526661373834560909e-03
5.599628351196195980e-03
1.011721423255842328e-02
9.689958280875300700e-02
3.611074545646578149e-02
2.679829029744436666e-02
8.275124964834960212e-03
6.229398840713014363e-02
4.621132781832948400e-02
5.361722455236653251e-02
9.555097193916454318e-03
5.303345212302518208e-02
-1.476263174956315982e-02
6.236463087660422400e-02
7.453957682943825047e-02
9.543095177751446945e-03
2.194625021668602724e-02
1.960262034838556808e-02
6.937612406472920545e-02
6.401037556372525528e-02
-3.521849651203296655e-03
-1.276880268508702107e-02
8.735424130536774412e-02
2.737679659992197853e-02
-4.598199840283418230e-03
5.768807440342349491e-02
-7.340747041442300877e-03
1.201519132380768004e-02
-1.788249200081822726e-02
5.799832113431376002e-02
1.822225380077805226e-02
7.873217327694963241e-03
5.639359093363174869e-03
-1.420051163185646718e-02
3.441092134724448026e-02
9.034064105988454108e-02
-1.691632095360228946e-02
-1.230398627753251373e-02
9.239775377821182745e-02
5.199415721150606184e-02
-1.690314012852830311e-02
6.089994858245539877e-02
1.111328777788007927e-02
6.527284371844656319e-02
4.501224934286209012e-02
-1.636280679670296806e-02
7.339137077665310038e-02
8.062751461784976870e-02
8.660207577975212456e-03
4.795559568303315451e-03
7.555957980089471338e-02
9.951409130045893447e-02
-1.986788045907908126e-02
-1.810020494001212885e-02
8.633434122308772385e-02
8.079704052428686445e-02
8.053983761152710974e-02
5.842687426221400415e-02
1.635147720347482000e-02
9.053300077214151975e-02
7.815019145575234638e-02
5.159568027353440833e-02
5.934563987081299674e-02
5.019986153195940548e-02
2.885459737236399300e-02
6.948252082152427123e-02
1.697360129614097421e-02
-1.109117778033528144e-02
-1.765700768001999058e-02
6.970671296274265349e-02
-1.008499526221641289e-02
3.532879608295134977e-02
8.918090747768608884e-02
4.323857594941256377e-03
-6.345635014894844550e-03
8.930797674372921435e-02
8.829269414712975772e-02
7.648298738426299870e-02
5.644862800036742900e-02
6.454501300819062010e-03
4.685419010474528578e-02
3.203296261613849949e-02
3.594403371953336368e-02
3.147411266795557827e-02
3.706915048926191780e-02
5.958739030915007062e-02
1.978374440784675184e-02
7.760221037246621545e-02
7.925626494571855196e-02
7.152432414736323296e-02
2.834638242217222062e-02
8.338927258262789077e-02
8.098086133855275648e-02
1.320049009259094755e-02
9.472012740569925315e-02
8.695129627336828371e-02
4.284506898785041262e-02
8.352625339357271084e-02
-1.239147696108192781e-02
8.473339073686347866e-02
8.646519817726615320e-02
2.178276391891903821e-02
1.923097361206923053e-02
6.670551262619597854e-02
8.147763773296033685e-03
6.105919854736745200e-02
1.112476752087171103e-02
3.242119001627132013e-02
9.587966036385461854e-02
9.330400605738606301e-02
7.097609945356231353e-02
5.323853237967608731e-02
9.069976789098170566e-02
2.113803521763825063e-02
8.682886346505017117e-02
-1.725441279238043232e-02
8.649683136776196296e-03
5.324283749372518693e-02
8.401025379118381986e-02
2.722205381534351445e-02
4.085667830486168495e-02
9.967778220110719289e-02
8.771365167477386537e-02
3.646167108051318051e-02
8.139806993318062650e-03
3.200537322862101464e-03
1.718591695593752952e-02
9.717410988918066816e-02
6.410974743995297154e-02
-1.653262495003950117e-02
1.669292184306461757e-03
1.348674541716910272e-02
1.887950604759331200e-02
-1.610583917852818209e-02
5.916646030521441335e-02
-1.228088951750201316e-02
-7.165121942110377548e-03
3.102207462628006965e-02
1.626626242691020865e-02
6.972426477076680562e-02
3.261506359669794075e-02
9.584523909902227523e-03
2.553564806096052589e-02
8.979419313010574000e-02
1.165259902720037002e-02
3.406406142424371619e-02
6.674413486346192359e-02
-1.442673439098321464e-02
2.389918876486414948e-02
1.788275205873842907e-02
7.923818027831799893e-02
-6.852802853999501176e-05
7.624947310737972828e-02
3.809908031339900858e-02
5.640160203211885825e-02
6.942003656974672643e-02
-4.538920953528634630e-03
3.807863083425470918e-02
-4.580175684997940880e-03
3.299984719725874982e-02
7.424519130792661681e-02
2.660967860120727266e-02
9.411879132451267393e-02
8.641372581870555847e-02
8.115313472607181555e-03
-1.771644330408377391e-02
5.357845665597282814e-02
8.704178599135595218e-02
3.168860154151298403e-02
2.631421900695216434e-02
-2.453881439160310318e-04
1.426561047569873189e-02
8.744435059934781151e-02
5.119504793283802258e-02
6.325640404125996985e-03
-8.100649423492693735e-03
9.633875789304104098e-02
7.199561892715126976e-02
-1.518527474575508476e-02
8.048100972966130973e-02
5.296489957405291216e-02
2.767742171398461862e-02
-1.904858919672147710e-02
8.394658315463914000e-02
-1.814949092157625357e-02
2.014615722186041333e-02
6.450455144424910303e-02
2.714644522225850495e-02
5.397767651934920474e-02
5.362823317448328631e-02
4.395662229899312268e-02
3.046999297771125353e-03
6.546364280466793195e-02
2.690014034681373692e-02
-8.373518315164668602e-04
8.321078209007683191e-02
3.724169476590835637e-02
5.352824826505631073e-02
7.086230414182669718e-03
2.885323633647652111e-02
8.313309784832836891e-02
-5.471838230917923374e-04
1.631349736103973255e-02
9.064926957014220188e-02
5.783569771357773004e-02
-1.029179463654221645e-02
3.064863792435232673e-02
1.821187880401927209e-02
9.195861349613738966e-02
-6.342491732443281821e-03
9.417720584154526398e-02
7.039466073020066161e-02
5.815703060541516090e-02
4.209679833020898987e-02
5.312884421770431437e-03
-1.246591861240458135e-02
-1.749271793996732757e-02
-1.411717719911956270e-03
4.853370060188061386e-02
9.985370919484702623e-02
-1.207611697334745431e-02
2.051820579795762475e-02
5.230975441723521163e-03
6.458431139963567713e-02
7.019143720835387124e-02
-6.981869057634589731e-03
1.126152728165124087e-02
1.068532992397127485e-02
-1.199866360237176154e-02
7.675409656956173887e-02
