1.090490236048233363e+00
1.044638832896030545e+00
1.055158561623345870e+00
1.080245814361945333e+00
1.075839169660724348e+00
1.010930883837603877e+00
1.058135169530302733e+00
1.042391643610719454e+00
1.054892750034547744e+00
1.071120548162530106e+00
1.045003008319120630e+00
1.035823314871952450e+00
1.094691597453766096e+00
1.040630333689953613e+00
1.079695675416770140e+00
1.072055728521444040e+00
1.043841705852346813e+00
1.026253931670845887e+00
1.004461574208197039e+00
1.017112946570621457e+00
1.038781927365010294e+00
1.040537581821129987e+00
1.007929859148432028e+00
1.007376799753277874e+00
1.067154024298394788e+00
1.077912003284707154e+00
1.075600702015914178e+00
1.041575362075045863e+00
1.056501042064417639e+00
1.014222054393159045e+00
1.003220683610754449e+00
1.026125704349252876e+00
1.021059058988326829e+00
1.039863048942517354e+00
1.025114011872542141e+00
1.027070087397477627e+00
1.033483829740057036e+00
1.076736661506149551e+00
1.040535111036006821e+00
1.020981231236204323e+00
1.059054090247627089e+00
1.049632761890247457e+00
1.090833292182179282e+00
1.095056171680745871e+00
1.044602298884392377e+00
1.084342942336247839e+00
1.045195804585805632e+00
1.098340860188958601e+00
1.023320361772997122e+00
1.014959002773021535e+00
1.056739707037420262e+00
1.093508729561077253e+00
1.036479491227638050e+00
1.025671518296498386e+00
1.012128339243528075e+00
1.052148597011547837e+00
1.025870215572087352e+00
1.028306374696887904e+00
1.050797016375517146e+00
1.057801119642170162e+00
1.078658777833956472e+00
1.025966825167861751e+00
1.008363814683827409e+00
1.037826723544767793e+00
1.023479324340298646e+00
1.029032637133750150e+00
1.088187877890736344e+00
1.086907028235864159e+00
1.014657851214584516e+00
1.080355183303060462e+00
1.004231288594951810e+00
1.096151677723625317e+00
1.037091093075399595e+00
1.089042365928860390e+00
1.006497168099659500e+00
1.033338364347649030e+00
1.050042752494180442e+00
1.011724796560148132e+00
1.035173789900465824e+00
1.091883275456753788e+00
1.033820386647609002e+00
1.029808415133899091e+00
1.040231770819470158e+00
1.053760546345029692e+00
1.091173199851508402e+00
1.029933740793100405e+00
1.033603252069077438e+00
1.079854455548579839e+00
1.021933312156844131e+00
1.058239342664645255e+00
1.012267907288666002e+00
1.094616650561911930e+00
1.091910107621071102e+00
1.040990601592470588e+00
1.066650183222224602e+00
1.050264160652345735e+00
1.033729274181023783e+00
1.079813132191611347e+00
1.052162076466169438e+00
1.026228592203732193e+00
1.023012398743045059e+00
1.068578618212009390e+00
1.099247973063983252e+00
1.040922337642868900e+00
1.080893688120670770e+00
1.011932812368030232e+00
1.069863623555679988e+00
1.029169793328207128e+00
1.090227431767064825e+00
1.029975923820587669e+00
1.006394457583678737e+00
1.005227267463599361e+00
1.007866185143863724e+00
1.066561983371884015e+00
1.091785994396841764e+00
1.052127534589274660e+00
1.046200386039653596e+00
1.005053836293371861e+00
1.030473016138181874e+00
1.064137709649058738e+00
1.028900092399781752e+00
1.096679477477704445e+00
1.036361788830116426e+00
1.078264523335565217e+00
1.073117861401113204e+00
1.096987219809218983e+00
1.053310055896986563e+00
1.079005008124636289e+00
1.016726780631348692e+00
1.068889983942765465e+00
1.037513940664856804e+00
1.008997869153342108e+00
1.033850315349827742e+00
1.037856604002039385e+00
1.054443509251961730e+00
1.038764331366819116e+00
1.081000604093617756e+00
1.091012132269536306e+00
1.024784740610565237e+00
1.015599687790604611e+00
1.063486239131369526e+00
1.026255013788006654e+00
1.000270090044777405e+00
1.041806016733836548e+00
1.044216227449566103e+00
1.030575129591516870e+00
1.037672155857594758e+00
1.013531309940796099e+00
1.003785840242410021e+00
1.032352417074301920e+00
1.055294329398476894e+00
1.086228085384118636e+00
1.087335788772012979e+00
1.076581147286977735e+00
1.056655043231856439e+00
1.061191560777381415e+00
1.091383495857811692e+00
1.012009129020648546e+00
1.043618277893874513e+00
1.019341632997860181e+00
1.001135107807351599e+00
1.070866654651949856e+00
1.035023524891129032e+00
1.000599899895575629e+00
1.086558658435744285e+00
1.002876078304758112e+00
1.066349964486075663e+00
1.099362828659806501e+00
1.067899556488967505e+00
1.072958873377268585e+00
1.066753469255633746e+00
1.059476829855010349e+00
1.042049051649556857e+00
1.090999399654395408e+00
1.092292696431753640e+00
1.078502789375888060e+00
1.038095955970507855e+00
1.038652846981476419e+00
1.037040921691876116e+00
1.044974437679494494e+00
1.099029229494503657e+00
1.047430699302008605e+00
1.098261550974648504e+00
1.022804811508322365e+00
1.031372272004014601e+00
1.031996727240136025e+00
1.095291740378960821e+00
1.082838509330228405e+00
1.071591390018884704e+00
1.014620820730900652e+00
1.049062362216087729e+00
1.071730770697522761e+00
1.000093370910496882e+00
1.089235045619444620e+00
1.057308358245063085e+00
1.098641732929350079e+00
1.084696490903795052e+00
1.098035114340114138e+00
1.003260865955077019e+00
1.055194518704224427e+00
1.050788603777441432e+00
1.009071223040357790e+00
1.002589290682807777e+00
1.038705110067629667e+00
1.053673101287421865e+00
1.028704042294924959e+00
1.041796526934150480e+00
1.079530062323496242e+00
1.053934364653208888e+00
1.062662790603824847e+00
1.091023589608777877e+00
1.097347583352117573e+00
1.097177346767258088e+00
1.070277435576610259e+00
1.029011519500665051e+00
1.075442064934688968e+00
1.077103790250040216e+00
1.094435746637983931e+00
1.028118184513824751e+00
1.049032229188804344e+00
1.000289158341105544e+00
1.016758624139829426e+00
1.033938955093888667e+00
1.010957951139069833e+00
1.085961949207418842e+00
1.082376839656189471e+00
1.030048796420527824e+00
1.074213048061307463e+00
1.056309172224453530e+00
1.057633448422594658e+00
1.062408502122647480e+00
1.003896432934288985e+00
1.038796834219650522e+00
1.068880981155807097e+00
1.030889730103148993e+00
1.086860858569178800e+00
1.044043560292075679e+00
1.041471984876569667e+00
1.069709902719162997e+00
1.027200565240453667e+00
1.091386203522013654e+00
1.012541682112862773e+00
1.060411999277343309e+00
1.011423392821092504e+00
1.094163401556423665e+00
1.040882805369493846e+00
1.001582340462092491e+00
1.030557704671128283e+00
1.061555213382514129e+00
1.009972470458020855e+00
1.073419883705378108e+00
1.017314207800705139e+00
1.015545163106933879e+00
1.066276398826748295e+00
1.024720866287197829e+00
1.073607104540804880e+00
1.083149241307932664e+00
1.023403790925533352e+00
1.061482136836938484e+00
1.004819741714665149e+00
1.091620148858763129e+00
1.009366577762198736e+00
1.096381652598623191e+00
1.041729328976970237e+00
1.024396738039671240e+00
1.094184109435543562e+00
1.095110429059999557e+00
1.019205809898861448e+00
1.072262221096764279e+00
1.043251288486789052e+00
1.015123916795107828e+00
1.035879356692301467e+00
1.070970599302958792e+00
1.071187302755031823e+00
1.099667993979238645e+00
1.050222040896397591e+00
1.026259773995781943e+00
1.095113028526859544e+00
1.053883795804649193e+00
1.048784271778502308e+00
1.048888785583539818e+00
1.056662264117996131e+00
1.028366124423061079e+00
1.077467195807307654e+00
1.060349120918570032e+00
1.030368170230587799e+00
1.020136889587644369e+00
1.094725964207723834e+00
1.058994267868949013e+00
1.059053481004129660e+00
1.062297318568966142e+00
1.071532927001723978e+00
1.022252849490224325e+00
1.053610927074871029e+00
1.069377753133104125e+00
1.009187494896099269e+00
1.093396514902881034e+00
1.058502285991330671e+00
1.098673539455833348e+00
1.095791665203622145e+00
1.046506128848476491e+00
1.068178639443553513e+00
1.005814592727539480e+00
1.064924580425502532e+00
1.050653851800582794e+00
1.039422980792033657e+00
1.088485255071009350e+00
1.058236318988757141e+00
1.047251224025021799e+00
1.020715487888310236e+00
1.084904794509554238e+00
1.028409924021419508e+00
1.084120410773555809e+00
1.041266068962390268e+00
1.038264506428995926e+00
1.019452781261251939e+00
1.042280361369258390e+00
1.006633673217388836e+00
1.089335801078068489e+00
1.066298227298393408e+00
1.029433511254867151e+00
1.096993904671528464e+00
1.029860776109571496e+00
1.075131329635620858e+00
1.060216648842548626e+00
1.097284872388733845e+00
1.099113324799129598e+00
1.062368988074724463e+00
1.047848475683160085e+00
1.097916892048385495e+00
1.059415743600502946e+00
1.049237236344972457e+00
1.024729779846600852e+00
1.015963391096895263e+00
1.079254812046789747e+00
1.089552162004864266e+00
1.008298411883258527e+00
1.046074012038758161e+00
1.089973681255753446e+00
1.023737873095386774e+00
1.063324114324659009e+00
1.062259048242027104e+00
1.093925338422195415e+00
1.052466433054455974e+00
1.068740477983399551e+00
1.045638216194724635e+00
1.042555839211930957e+00
1.079466197365975599e+00
1.096660282368110417e+00
1.016761864680474137e+00
1.059039863556934469e+00
1.099897837985603921e+00
1.077574457496396798e+00
1.059027298249998861e+00
1.063542582470413445e+00
1.043424565671407178e+00
1.095957129267376651e+00
1.037088098324981056e+00
1.070084476131861972e+00
1.048278210949389555e+00
1.087165549225894923e+00
1.076176735208141055e+00
1.075994109253994413e+00
1.040638956606085630e+00
1.059688614883716351e+00
1.044795555640398277e+00
1.088788586916299872e+00
1.000091786581703612e+00
1.060427815780749405e+00
1.026307226325001709e+00
1.091102644689685874e+00
1.051232159810393973e+00
1.004252190234939723e+00
1.093557169030493714e+00
1.055101991397610295e+00
1.026103480201851381e+00
1.023554549091752586e+00
1.092467687887537897e+00
1.090387992807948070e+00
1.091571249867254956e+00
1.022873105569895857e+00
1.020118635565194776e+00
1.002370600300668047e+00
1.012883597639644195e+00
1.047708529048923642e+00
1.096951681303450332e+00
1.005148878715784511e+00
1.019218609187505509e+00
1.096056095194976709e+00
1.024586259916328013e+00
1.005877367861145233e+00
1.040020790708397369e+00
1.051810148628287367e+00
1.075855895042185484e+00
1.075959424445551704e+00
1.005254808378454934e+00
1.015208854025981156e+00
1.002247790204284783e+00
1.098856275361683732e+00
1.065052904726454752e+00
1.014333987907659385e+00
1.012779331214466616e+00
1.092312125239084386e+00
1.078571647568545622e+00
1.015259225055300307e+00
1.085292221229428922e+00
1.017825681062310750e+00
1.069704458447642059e+00
1.006747807871580358e+00
1.030931182440386396e+00
1.003770107356174002e+00
1.058514206854984652e+00
1.075232978369077497e+00
1.092328498044927265e+00
1.053926964659810617e+00
1.001502876644794648e+00
1.006971321085325943e+00
1.078325612925504107e+00
1.072580214383096031e+00
1.072364762984240105e+00
1.002626431527623208e+00
1.036105312092908459e+00
1.077737899292694701e+00
1.015478903877306882e+00
1.029790442533213390e+00
1.037631060065991262e+00
1.035467415622531639e+00
1.011135230609652824e+00
1.075167321898841122e+00
1.070568242755274957e+00
1.025906887079276464e+00
1.012060242612007777e+00
1.094249764105660327e+00
1.037198770381401847e+00
1.081274421037691225e+00
1.032540307352118214e+00
1.027766971079896896e+00
1.048352142749620741e+00
1.026037344724498368e+00
1.028330246227313616e+00
1.016773113976474630e+00
1.012482772137465181e+00
1.043716406527861906e+00
1.039991564208366581e+00
1.084115270397374875e+00
1.005384872200621116e+00
1.045783573604411654e+00
1.010834861180915256e+00
1.029248614050675359e+00
1.045320070974526727e+00
1.092706919467746118e+00
1.042333289471437885e+00
1.053959424662684219e+00
1.089483637802559857e+00
1.075502773293036674e+00
1.082174386663673271e+00
1.089463738176032814e+00
1.060232280739334287e+00
1.016067299580073691e+00
1.012736998283955581e+00
1.000468019685990528e+00
1.081796865537983710e+00
1.068990390968662219e+00
1.030662919161014601e+00
1.087430620164030248e+00
1.039515502033141692e+00
1.037367612862399424e+00
1.055446749222323621e+00
1.087479784381791381e+00
1.099878337885002555e+00
1.013253894596659599e+00
1.038214539557703375e+00
1.055515656493230203e+00
1.065202689957227555e+00
1.067529747686462471e+00
1.008000731159826024e+00
1.058751704670673366e+00
1.046080557832694380e+00
1.023541437619625682e+00
1.056695610210035774e+00
1.006541817250403703e+00
1.082367140198634781e+00
1.081282700145266729e+00
1.088060531645278495e+00
1.021173728801598957e+00
1.097668741652752855e+00
1.010147512893802668e+00
1.066628982805148507e+00
1.063302490316728299e+00
1.003479680369808502e+00
1.036717598306658772e+00
1.029128629067264544e+00
1.076415476124895187e+00
1.035189397606037343e+00
1.068257509880826683e+00
1.081691371616889885e+00
1.076998833971626990e+00
1.005955520277892257e+00
1.067304774145385160e+00
1.088924448925982391e+00
