-1.368305023346583563e-02
4.628804983873734125e-02
9.637533751920730751e-04
-1.069856088447193251e-02
5.733235862263243166e-02
7.985757867914448915e-02
3.169275519683585618e-02
9.406079799280406273e-02
1.726321070816762629e-02
7.175867413550959806e-02
9.496292642163146891e-02
6.122016015073590556e-02
6.100764768104098568e-02
6.245317932372453085e-02
6.484644442142030452e-02
3.859614010726170052e-02
8.377913993123295433e-02
8.450749198677995344e-02
2.985280975777581877e-02
6.817660402129237240e-02
3.342730404982032638e-03
3.966763258946892634e-02
9.524050364335638619e-02
9.655535870809917043e-02
8.799116708432924705e-02
7.244881894091995123e-02
-1.419027547467560657e-03
1.426254161290796060e-02
-4.787551856562450442e-03
-6.164688897295199713e-03
4.699404621273092775e-03
8.927331942617823535e-02
4.174549056594772933e-02
8.602460186830211686e-02
9.105281470185123960e-02
2.384744422890077223e-02
6.748205236399879015e-02
4.892245312531866286e-02
5.106932662494589881e-02
9.853771669940600275e-02
2.025922678673037006e-02
9.884641249850341371e-03
3.897507357686626206e-02
3.443929757572285200e-02
2.132325210473001373e-02
2.348476521529422115e-02
9.440869188682801671e-02
2.752358411990033990e-02
2.275460770184453349e-02
2.372630094913795104e-02
2.565098912616274943e-02
-8.902875814310217545e-03
4.687512795160185541e-02
8.261887196144178380e-02
9.304122811970760853e-02
2.913474682372800897e-02
3.114447580601880164e-02
9.197643768055414892e-02
-8.966402542677082144e-04
2.713085593932297243e-02
6.035834447305798989e-02
5.860304907366922778e-02
-1.110586418243370704e-02
7.765026201268336592e-02
5.239102380019022842e-02
6.727324242166973778e-02
-1.122713565556632612e-02
6.316552801625734126e-02
3.457143522700871496e-02
2.188299589220731381e-02
-8.187265347937197277e-03
3.955255179378977526e-02
3.952705993442881538e-02
4.550894301131831049e-03
-1.334963152760883925e-02
1.222231727535993961e-03
-1.374574415429317617e-02
8.510740750922153597e-02
8.006077328495371515e-02
9.619022354193389190e-02
-1.541554492258352844e-02
3.540893397326920489e-02
2.716211408683051956e-02
9.656913131616275126e-02
7.940984804310431688e-02
-6.228858689788698694e-03
3.505434987091075871e-02
6.716166478280413688e-02
9.470560953200425625e-02
7.725798629242809634e-03
3.919187947491095669e-02
3.657834366388991454e-02
5.193665569628230089e-03
5.858312729091516569e-02
6.380154572534744994e-02
7.843089059808155961e-02
-1.486392233628813092e-02
-4.468857606736218249e-03
9.684647978082161490e-02
9.604952889381454528e-02
3.075114906736562889e-02
7.048432053152696442e-02
7.112102824420882263e-02
3.195454018205444446e-02
4.554229963178307861e-02
3.481153551750697239e-02
8.033008817693954029e-02
3.202778064318137496e-03
1.808856328306374453e-02
1.860752917091693451e-02
2.531324894922793931e-02
1.851586336832727539e-02
8.114603419197677359e-02
7.324014969655853746e-02
8.011970911645574511e-02
3.922938568376228841e-02
3.556213490455034654e-02
3.196400113040204216e-02
1.991848881462855020e-03
6.743314812193701435e-04
8.534770498562312124e-02
1.041837707182869180e-02
9.359053686215880463e-02
1.683391882352862703e-02
5.179120501876610660e-02
4.643388411708959662e-02
-2.202718589156511114e-03
6.440476524763705246e-02
9.231298667048995488e-02
9.364036539159079076e-02
6.146001625140701252e-03
7.080613045896620716e-02
-8.870882310499848128e-03
2.607761027338388951e-02
2.487608434194135340e-02
2.250425988263070678e-02
-1.908573712493664976e-02
8.245757784533863655e-02
7.045203157499418944e-02
1.633291150249390963e-02
4.788170329526865443e-02
5.247134251266936944e-02
8.141772438323062466e-02
-1.501813052598718196e-03
7.876268162533543726e-02
9.258059140176931601e-03
5.855240267060295156e-02
8.903350805950968616e-02
4.405685434197034733e-02
7.893350150724318115e-02
5.180871704980143794e-03
5.153809132945047500e-02
5.285024607432740884e-02
-9.899159601853266266e-03
6.996841861056082856e-02
9.964578335555883404e-02
5.448790767940339674e-02
-4.999845321749671334e-03
2.787465114409954162e-02
9.861394340144960524e-02
-1.917518328634997687e-03
9.238727542365397782e-03
8.324187469550543839e-02
3.241728991768033641e-02
9.783055317988093025e-02
5.864198171077160404e-04
8.161603307014514419e-02
3.740776033186690719e-02
3.183864887669084209e-02
6.178084001237423017e-02
3.937297253664999441e-02
7.887001846657165638e-02
6.809548427144190147e-03
7.403183866111080758e-02
8.566379284628124202e-02
5.721062964892086045e-02
7.601640338250827134e-02
-7.847544133880526157e-03
1.663991458238072221e-02
7.794870355538051354e-02
4.863501144310901358e-02
2.982748309580992782e-02
6.908859824781045378e-02
6.571232716713873434e-02
4.624921955905643423e-02
8.333367194173557646e-02
7.028077283249294094e-02
7.083625993246848995e-03
1.485335012117587269e-02
4.560876692542235877e-02
4.694097993161416849e-02
3.367594093956687712e-03
3.121530860577587455e-02
-1.572050159687858606e-02
-1.992615051166037043e-02
-2.977101695211387816e-03
1.955393835734478211e-02
6.566046722579421679e-02
6.626172634347506085e-02
7.501436582216584187e-03
3.990641837759317800e-02
2.270751893838962587e-03
3.608886332493732585e-02
4.089408116027479223e-02
-6.012542322789736840e-03
6.442474276812476530e-02
3.591726161161626352e-02
-1.171811415246286174e-02
7.589132952542243515e-02
1.681146626480618800e-04
4.262163678992285376e-02
1.478320334359179214e-02
2.684598312495738506e-02
-1.693429217935354253e-02
-1.895358228217354848e-02
2.735683984613396583e-02
6.705000825724395652e-02
5.915578062993374908e-02
3.714277265218036972e-02
1.551679785229963596e-02
-1.381181930049105860e-02
4.202563432901262885e-02
-1.957342173210740999e-02
9.385905258513094207e-02
-1.956359359755211261e-02
2.613205236665077161e-02
3.177972950701497823e-02
2.905484244334081631e-02
9.688531297938240971e-02
-4.875835717158176832e-03
3.002786086459921858e-02
7.198334154928738571e-02
8.634082230876563568e-02
8.853205902299984137e-03
9.991070052701897519e-02
1.466311806134918197e-02
3.933074879945573643e-02
1.666623858879390588e-02
4.622255658883848983e-02
6.899777378761187685e-02
5.768193589698628054e-02
9.017239153361160386e-02
8.685165952106500831e-02
-9.309649173033287053e-03
6.101790495170562878e-02
2.805127730619299056e-02
5.788312733325616521e-02
6.368350493652152888e-02
1.026469398006633199e-02
7.471463221860395743e-02
7.796542979262741091e-02
5.441614892291161965e-02
2.211243140828672224e-02
7.146323009124033732e-02
7.703515160497985403e-02
5.008206394477041079e-02
3.543147340050335076e-03
6.915828808224555591e-02
8.063430656457190593e-02
1.308659811453173963e-02
-1.176737027278543929e-02
-5.061124816821823899e-03
3.327926503359124322e-02
7.834476186408824427e-02
-7.517404569314911286e-03
6.950932683747759744e-03
5.938091140013281033e-02
3.969731434478192267e-02
7.653193633382938954e-02
-1.197100602615730480e-02
1.684746052544923087e-02
9.197754610845625123e-02
-1.171998321086736156e-02
2.933483088891343862e-02
8.957332778267061701e-02
2.361375946986006905e-02
2.682437638092524321e-02
9.090647449760490273e-02
2.351347403267516414e-02
6.923093330022604686e-03
8.785227576644955017e-02
3.327056115148328830e-02
9.410292401714551169e-02
7.604789668695489946e-02
9.181845246454579945e-03
6.552603016110254697e-02
1.607661526355358764e-02
-1.116830949438950282e-03
8.816989117016267585e-02
-1.125860506213294601e-02
1.169253105255596906e-02
-8.627823828376924090e-03
6.900212852291612298e-02
2.552845649273915649e-02
7.168922690991670621e-02
1.203676378509179606e-03
3.529861118673967291e-02
6.239735930649057544e-03
7.262583753986938395e-02
7.487125329323524037e-02
4.436235205299218776e-02
4.400015161251809304e-02
7.494784862838642370e-02
2.860705697006357337e-02
-1.729975087949069124e-02
-2.990784851116663062e-03
2.040496032998751971e-02
-1.583004164160051880e-02
7.142661444800542381e-02
4.228699632697097144e-02
4.329782579457640279e-02
6.869147502638979497e-02
1.007792257878396824e-02
4.682180497459886848e-03
2.087001004187162209e-02
7.496360401554259811e-02
5.233575588610868412e-02
9.285133573190472445e-02
6.599120101965254281e-02
-1.186278556489006077e-02
1.507531222121150441e-02
5.326292135130177713e-03
1.018780661871595411e-02
5.421444584609902417e-02
-7.134947500123231881e-03
-1.490205525348636123e-02
2.245724350155951440e-02
2.507415395668191604e-03
1.246134101971889743e-02
7.643510056984798018e-02
8.996437501122328539e-02
9.815564625619138672e-02
3.010337298449521429e-02
9.561086923254344394e-03
4.438184095309054278e-02
7.543106850382899631e-02
-2.600848430557911595e-03
-6.463097307737725172e-04
9.618220113264924764e-02
9.819894681046206775e-02
-9.536280621911594549e-03
4.184751614044547596e-02
1.872558586007921563e-02
6.374320141988187860e-03
7.054141049162303279e-02
3.621718471178272947e-02
4.888880054960906274e-02
6.696891987147714220e-02
7.402527831377665735e-02
5.711669415617842693e-02
8.940427833282978132e-02
9.606869877418629244e-02
9.243466642564168723e-02
2.173217788529473518e-02
2.067512179106871864e-02
3.549178322270682417e-02
5.473386655859066585e-02
3.317496545091376536e-02
2.307119067296082779e-02
6.350199277619734961e-02
-7.327992685462046685e-03
1.504064049676885270e-02
3.970245808087198569e-04
8.508734005042957460e-02
-2.246475941508854768e-03
9.827386222130678889e-03
7.107781915871783096e-02
-8.165357923146931984e-05
6.323228163875679875e-02
1.454544663589872264e-02
3.027205218641819753e-02
8.153711858359162512e-02
4.370838079722544345e-02
8.883200924885814587e-02
3.963515058971629756e-02
5.432567639808291715e-02
2.078828435158013369e-02
4.384181483418050917e-02
8.328532199412014281e-02
4.350642879621766101e-02
3.102567742464948028e-02
2.020834436656106584e-02
5.993308764890650786e-02
6.228051563403708135e-02
1.969688566696277052e-02
7.693277212619623051e-02
5.448008180180838322e-02
4.908588126422187836e-02
7.033894941594688588e-02
5.009007137223304984e-03
8.313091631217457700e-02
4.509540193844467637e-02
4.173957163534408599e-02
4.782338080027211114e-02
8.291993758239839252e-02
8.589792352039284096e-02
2.373516144183443824e-02
7.031800561393572457e-02
7.266859077159938674e-03
6.487556541834374468e-02
3.462614326421975530e-02
-1.525269399823572791e-03
2.445309958949348425e-02
8.288081059436377962e-02
9.840047327825694745e-02
-1.394641734973678382e-02
2.809186347942225007e-02
9.326927072629755122e-03
9.014496923992254551e-02
1.080338176640663339e-02
3.110154629593661277e-02
6.750715985251601325e-02
3.775271903554756892e-02
3.186376284268439829e-02
5.087566734343132446e-02
-1.236765876722833654e-02
3.789338928718351263e-02
-5.539810383961975976e-03
7.839714312429187787e-03
-9.789910453523238687e-03
8.740424985833628035e-02
6.968772149309483688e-02
4.217252208649838185e-02
3.661829582992924548e-02
-1.742623356112694977e-02
9.570831828646892553e-03
7.122038157451002216e-02
-1.335550835035665546e-02
2.182087439279683030e-02
-1.751132412276247205e-02
3.731208236627645003e-02
2.018820263930360195e-02
5.749000834213210953e-02
5.397476340538907846e-02
9.584878262007041905e-02
-1.279861699063870699e-02
6.363180674362485523e-02
8.431141173091089014e-02
5.090998014248530879e-02
3.007815969940199827e-02
8.194826105361337210e-02
6.576891321913413968e-03
7.032431831020835578e-02
8.318829022562476694e-02
4.548035421509509513e-02
6.652954006802103137e-02
7.870927003872731087e-02
1.874166854186863629e-04
7.283629818016189306e-02
7.449961068136597142e-02
3.913304166926429017e-02
3.391324193563145795e-03
7.191374800350776308e-02
-1.627707124591670426e-02
8.228693519579055593e-02
-1.643267168722311461e-02
8.192747819315800151e-02
4.283007953308737292e-02
6.634553988875491193e-02
7.639578525305223966e-02
-4.980093412636320618e-03
-4.327571745942997150e-04
2.808155347533669924e-02
-4.469685195550295725e-03
3.339472674739971808e-03
8.978348649175958707e-02
-4.430824567157895175e-03
5.822747744587930541e-02
6.818677969339397016e-02
-1.268539816901327957e-02
7.004842107550936225e-02
7.209320584013281796e-02
4.386981825424680903e-02
3.992797735122942393e-02
7.786604874364042028e-03
-1.557350729486670082e-02
4.747133420145052685e-02
1.752139792335496646e-02
-1.273392328751514306e-02
1.008263718782237764e-02
6.769759278734867325e-02
5.967946620975160543e-02
-4.311224005571680923e-03
-4.855957492680564036e-03
-9.834672640911881758e-04
7.213282689928135483e-02
3.876767990022055022e-02
1.280081052343005552e-02
1.895258655880497148e-02
7.231610358865125932e-02
9.494147836456014178e-02
-1.667476562266624607e-02
2.443245490030068398e-02
-1.419708302579584386e-02
3.810991821596511342e-02
1.604119615537700702e-02
2.133881669846179191e-03
5.725885521166304559e-02
1.973129908980126093e-02
9.326190842533985115e-03
