1.050064070398885718e+00
1.073474903625984966e+00
1.026450143070716692e+00
1.096952650085452063e+00
1.070985956373121883e+00
1.051821460353969284e+00
1.016646287086118150e+00
1.008609535646280086e+00
1.076761060637710710e+00
1.090767692771036135e+00
1.048346303887176312e+00
1.070201025338183287e+00
1.076400575349936828e+00
1.006401882688171323e+00
1.095511289628120943e+00
1.049742462965270073e+00
1.038279983728924716e+00
1.074516225252969637e+00
1.037929128110649968e+00
1.053266834631800153e+00
1.091731254611802315e+00
1.077249208616003706e+00
1.004202239711841527e+00
1.012854827176797423e+00
1.090099405104418606e+00
1.027656070490429174e+00
1.056758460757389662e+00
1.006469549610091274e+00
1.073786219682647314e+00
1.064777147440161276e+00
1.004858157167931365e+00
1.007860883404881669e+00
1.015308030313841758e+00
1.034623127196606429e+00
1.092816824046465740e+00
1.079536991737025220e+00
1.045480406411808838e+00
1.059505668461160566e+00
1.002492825265111076e+00
1.095339191655588573e+00
1.051438293396136814e+00
1.061736362701825698e+00
1.061428794352189398e+00
1.063047894814962202e+00
1.016539910449266282e+00
1.071273453034113921e+00
1.054311569438904472e+00
1.013628123995909736e+00
1.028094191569510096e+00
1.007058683497944029e+00
1.076620112230524562e+00
1.044164209134044397e+00
1.091846504849514288e+00
1.098133518804720543e+00
1.034540063022467260e+00
1.060738529127399632e+00
1.075330547304512940e+00
1.085260280087763540e+00
1.059187015843055413e+00
1.088740760705853683e+00
1.093851716497124427e+00
1.028097244532811816e+00
1.069017038986739720e+00
1.049456378356896868e+00
1.063821544470166636e+00
1.090197644801069066e+00
1.076221421404984335e+00
1.025898926173494541e+00
1.068744549122281340e+00
1.013848444632686752e+00
1.048130450644038758e+00
1.047684809829336317e+00
1.044145608273547410e+00
1.000671907845850139e+00
1.050651583033324732e+00
1.005911958301203502e+00
1.084980609726230005e+00
1.041005526640056855e+00
1.084546136034086672e+00
1.045886877757413069e+00
1.046588930175223808e+00
1.047547254088352808e+00
1.024070546531845372e+00
1.065206613821427339e+00
1.079086836569800090e+00
1.077954365376852852e+00
1.075358321400151418e+00
1.059570273092233617e+00
1.011911384182156981e+00
1.008857255845089673e+00
1.085504654435587302e+00
1.051573740643820809e+00
1.026794360146839225e+00
1.030070809841079571e+00
1.075011021608704986e+00
1.077938967284028937e+00
1.073615844662138663e+00
1.034801288157499277e+00
1.088563439080697526e+00
1.065041780427863571e+00
1.035031785845385466e+00
1.033451007780439079e+00
1.097003126497143377e+00
1.098258015467783899e+00
1.007078053093710679e+00
1.024987353989309513e+00
1.045752902455881150e+00
1.076388006740312209e+00
1.009089431932930880e+00
1.095675879922072937e+00
1.094039973837034996e+00
1.011034894725103328e+00
1.033561247203145461e+00
1.009823416831516552e+00
1.007020710007368924e+00
1.066056009970334895e+00
1.063940738068025471e+00
1.089284318992339795e+00
1.055947178561517763e+00
1.086334752664384951e+00
1.042478420212502366e+00
1.097294459950177936e+00
1.076514859954334380e+00
1.030190447782426633e+00
1.043726397323670341e+00
1.076467818768425788e+00
1.072577830052352965e+00
1.057795261333440706e+00
1.051074867034582860e+00
1.098655248075562252e+00
1.080861123488894071e+00
1.005207032277180224e+00
1.021127085636108323e+00
1.097164840210721248e+00
1.090215310303942919e+00
1.025319336082477939e+00
1.015706674452625968e+00
1.064994287928802352e+00
1.080498625735885732e+00
1.087503120649951915e+00
1.074974295293571691e+00
1.057539413978399123e+00
1.073066911913560295e+00
1.070421526902348042e+00
1.044819627026476239e+00
1.011607911652034009e+00
1.016663948355672309e+00
1.020104002929206777e+00
1.001821992579364551e+00
1.081298100078305291e+00
1.006529279410109945e+00
1.086179577502817351e+00
1.025363123039829905e+00
1.086326458477046231e+00
1.003452251242789917e+00
1.040917758354078071e+00
1.072219043185695719e+00
1.083057824128988100e+00
1.026503353322990142e+00
1.058719750973234675e+00
1.017117761940183218e+00
1.034618127796109510e+00
1.025416835366253387e+00
1.097646313118649575e+00
1.002607614126027169e+00
1.068129810977938243e+00
1.080225601825454573e+00
1.087704533507094951e+00
1.054185029764559633e+00
1.091988529096182381e+00
1.019015852756510077e+00
1.017479465998165411e+00
1.054630634023343339e+00
1.085536251257392282e+00
1.017367421891748114e+00
1.068697875098022054e+00
1.010336138269178674e+00
1.015299179200832791e+00
1.029857761502593450e+00
1.073289966911002757e+00
1.093494465193276755e+00
1.080133758479634221e+00
1.089280275497230610e+00
1.010743391950854386e+00
1.012778877750275752e+00
1.056236238732884303e+00
1.042404350207754238e+00
1.005497052388046209e+00
1.000858286478914394e+00
1.045107528869808622e+00
1.074191186276078236e+00
1.019756204195457094e+00
1.046703714962461174e+00
1.037871970646027542e+00
1.081298512911264664e+00
1.079001260727264544e+00
1.015425772518462777e+00
1.036594609970516334e+00
1.015452596192496282e+00
1.073204447685569107e+00
1.088553847942767216e+00
1.048002774782443636e+00
1.051935217018478141e+00
1.081789741103194036e+00
1.090028649392554394e+00
1.008064346762615804e+00
1.021521725080505316e+00
1.059795486168287448e+00
1.030357421435249110e+00
1.077071005272647986e+00
1.063993404439944612e+00
1.091569955839701844e+00
1.094219884255409392e+00
1.005529862832349908e+00
1.068994765026971994e+00
1.062807409049824292e+00
1.007374005173619080e+00
1.069981222660625564e+00
1.030817868926210412e+00
1.027381819657245954e+00
1.019103595723742650e+00
1.087017216800502339e+00
1.079041435737711385e+00
1.032892156423427910e+00
1.092640342692490441e+00
1.020573508359964299e+00
1.082660108987865577e+00
1.063343603150528560e+00
1.004738866601259106e+00
1.094422650356636328e+00
1.039235497400719410e+00
1.001459480518466894e+00
1.025348997515804550e+00
1.082746368243659996e+00
1.063533417835301087e+00
1.065145430833404516e+00
1.031663534168554941e+00
1.097763390300499298e+00
1.000069092431097539e+00
1.073572741979075706e+00
1.068223427538059989e+00
1.019124205227013302e+00
1.090320939388523369e+00
1.003213987305543675e+00
1.025874761697972204e+00
1.043677590729638283e+00
1.061846082461876950e+00
1.097732709488486114e+00
1.093744552339239284e+00
1.023674790999387074e+00
1.070741228759789276e+00
1.012464219629493956e+00
1.002766808733742687e+00
1.064194836424694701e+00
1.047637056386383936e+00
1.058689489815025864e+00
1.077200306932379226e+00
1.026795713122760301e+00
1.043980574218649870e+00
1.078858124991978418e+00
1.094665052487545198e+00
1.077301471134514799e+00
1.061510335660681204e+00
1.096100850045836905e+00
1.061944579417823276e+00
1.092674195666259340e+00
1.028298209419638454e+00
1.014424147177734437e+00
1.072751223159320144e+00
1.065399522380744868e+00
1.005382308158489835e+00
1.089899933824667100e+00
1.012030430309565521e+00
1.055610904837118280e+00
1.090715266269082440e+00
1.009941413821868750e+00
1.043788081756783503e+00
1.082304750399754711e+00
1.058915594139721250e+00
1.015794633243996881e+00
1.054457538001148276e+00
1.023859492685143868e+00
1.076978311003087940e+00
1.073467534735369266e+00
1.085286996811730686e+00
1.075791369596698965e+00
1.008342968642346849e+00
1.063553546645501058e+00
1.059262172894531506e+00
1.037911742407003013e+00
1.068426143581317600e+00
1.027489120522510735e+00
1.062692542097586790e+00
1.030717346872026541e+00
1.063838798601764335e+00
1.012469092355615663e+00
1.043473542369622198e+00
1.005284092116862871e+00
1.056525560759610904e+00
1.075882489597772773e+00
1.091714627354344991e+00
1.010579186971026999e+00
1.033145032743283620e+00
1.053614944323273406e+00
1.076004887282152822e+00
1.036529594850229996e+00
1.086264890667584693e+00
1.010830590424469211e+00
1.013105274510198495e+00
1.057297838308733473e+00
1.089336907408742450e+00
1.045267180402794871e+00
1.021142304035629333e+00
1.015334376696105601e+00
1.039382536792834433e+00
1.008779078131171847e+00
1.062334959231838294e+00
1.053126679195427240e+00
1.047868838306832640e+00
1.042835348528706074e+00
1.039637722293925703e+00
1.035511093051189491e+00
1.096763341234877620e+00
1.019910420088492531e+00
1.001052675599497954e+00
1.034192099508763896e+00
1.038738191775289144e+00
1.092006041591623067e+00
1.076255921993205522e+00
1.059127616958727147e+00
1.032464100449736577e+00
1.000073953527768289e+00
1.003925184367457257e+00
1.032574345754159850e+00
1.050501951669232659e+00
1.078432295089833959e+00
1.034084388959886747e+00
1.002671731489456208e+00
1.078957701540117720e+00
1.054753055342345647e+00
1.002553528981436903e+00
1.029382533129143518e+00
1.077206460183720349e+00
1.051162908382132999e+00
1.039630432845954688e+00
1.051668896406731113e+00
1.062814020872112408e+00
1.080557404956268730e+00
1.073197840020893024e+00
1.059073113885100170e+00
1.027362228404866240e+00
1.014732965736918402e+00
1.023741789482821796e+00
1.053982157078598547e+00
1.000580662755987227e+00
1.010353239527895131e+00
1.018592014698748160e+00
1.060779041397435840e+00
1.075512548027375725e+00
1.085787787556026673e+00
1.015540536245917336e+00
1.073653478555780971e+00
1.089912049701422969e+00
1.005863054263286926e+00
1.044715803186068603e+00
1.090989459431208397e+00
1.079036474905097132e+00
1.029340644456568254e+00
1.083835701958562048e+00
1.026676154679924569e+00
1.002538388375873613e+00
1.033784292444113850e+00
1.072164555805666719e+00
1.072377553450477361e+00
1.045047785665311091e+00
1.064063995700857301e+00
1.055878087141528754e+00
1.094179476516843774e+00
1.018356454978020409e+00
1.087327876830902706e+00
1.009224796575534322e+00
1.040240637406678825e+00
1.039459576238949357e+00
1.077332256606428507e+00
1.085739847885653475e+00
1.093238019417452023e+00
1.061968720076224892e+00
1.089601824563652732e+00
1.052631027700282829e+00
1.040863922948729758e+00
1.043792992731817471e+00
1.066985068598961917e+00
1.017207861257747981e+00
1.051896429877366534e+00
1.040877690264926381e+00
1.004287229973340745e+00
1.022277050152288425e+00
1.089198285881195494e+00
1.000838672296312293e+00
1.075957081564854256e+00
1.074962484134463825e+00
1.000838827495456940e+00
1.096568546908060604e+00
1.077474048372701443e+00
1.099916823609595529e+00
1.047895815864241520e+00
1.011842372087649045e+00
1.032076854284693868e+00
1.024402834671894080e+00
1.033944644251506118e+00
1.094735778272101667e+00
1.031738820000229540e+00
1.076816723982250146e+00
1.096078481031178775e+00
1.025072765870385316e+00
1.053708649281335230e+00
1.023469631723739059e+00
1.003177227460903431e+00
1.051144432262480333e+00
1.051842163760055238e+00
1.000900455600675532e+00
1.043845578389300366e+00
1.054381711531596988e+00
1.023451949168125097e+00
1.059482889137084438e+00
1.002592103693598302e+00
1.069647545184215787e+00
1.037927095860127213e+00
1.099055695923552012e+00
1.035078021658323522e+00
1.018686729622905185e+00
1.069464477573485617e+00
1.057423267690712487e+00
1.010715063826512328e+00
1.057553251578848164e+00
1.005461105960014256e+00
1.068515003707114053e+00
1.055824156216509380e+00
1.065984596993839517e+00
1.052727648177293585e+00
1.070678458021437018e+00
1.030491147045875300e+00
1.022832586922254761e+00
1.048952121520095204e+00
1.084309811917205213e+00
1.046235103886949958e+00
1.002193073354701314e+00
1.010087827585902431e+00
1.032544684433145399e+00
1.066921727186947777e+00
1.083170825288046757e+00
1.089534508742370678e+00
1.014365039958178949e+00
1.083562410668940545e+00
1.046479906127733228e+00
1.017267108529736230e+00
1.077696404048459566e+00
1.044219086189840606e+00
1.019381981879262877e+00
1.038941782681319870e+00
1.002106012456188466e+00
1.021893067006702571e+00
1.027277778171942657e+00
1.003805393678151248e+00
1.079840977220686504e+00
1.064310760218481589e+00
1.039489716667556962e+00
1.001053158566127754e+00
1.003695207936287082e+00
1.079504700878034074e+00
1.051398967457287892e+00
1.055979734426895744e+00
1.073655502197808476e+00
1.048346514560617893e+00
1.060082117536014445e+00
1.043076830418287138e+00
1.023183923416246977e+00
1.025332656499369000e+00
1.060398962380387333e+00
1.002431378102521808e+00
1.096540525538130639e+00
1.076132186268425883e+00
1.012520239988863979e+00
1.066433720018013398e+00
1.027231515567211595e+00
1.029587668161719982e+00
1.005657873863879059e+00
1.046398443253243160e+00
1.048203396523370801e+00
1.059414045525050918e+00
1.030138024074230607e+00
1.067435544026532401e+00
1.068751758853251133e+00
1.036585736881064035e+00
1.068491803775480031e+00
1.056845304469184121e+00
1.056773820227193683e+00
1.088547704656051662e+00
1.070530532729553119e+00
1.017307191345672823e+00
