7.192753822742425918e-02
4.031955236927627084e-02
5.770929818055936522e-02
1.657887280539961997e-02
1.022683196516910309e-03
-7.811346714293359098e-03
-1.560694961849092705e-02
9.397182297857874234e-02
-3.795527240296706073e-03
1.036075379087453285e-03
7.783890738804792597e-02
8.700120163940146256e-02
2.264995608922991052e-02
1.300006242359917283e-02
-1.606550917080950408e-02
5.170653494938541594e-02
6.124452372701476299e-02
-1.779683675878016014e-02
4.239458742691011583e-02
2.693559422183712179e-02
7.885027961377605310e-02
4.421902817539163227e-03
6.446699367733972619e-02
5.607994499880931960e-02
6.546002545875981293e-02
8.369225530107247957e-02
-7.067445632557406085e-03
6.057697748428625406e-02
8.375640199979779432e-02
4.212523329874889866e-02
4.862599579937429417e-02
3.865977332810226208e-02
6.201050387595259672e-02
-1.286523575750280618e-02
8.447851127881306210e-02
9.477841210584674048e-02
4.412558274385879054e-04
7.169200420229251969e-02
3.815508353960264665e-02
8.962330784761907143e-02
7.015080430513587206e-02
5.305690608456281598e-02
4.444280463253025282e-02
1.611191040781916398e-02
2.602246062861257245e-02
8.061188055147952558e-02
5.813855894852336392e-02
-3.982140222479311348e-03
2.582692982679533553e-02
3.665376852066885849e-02
4.095391307154059440e-03
8.063097290703923059e-02
-1.712456346482428907e-02
9.650685867293404274e-02
5.151865131665538111e-02
6.990888812529888474e-02
-6.021175348895430046e-03
-1.294986670341621848e-02
7.316390269234993027e-02
5.043118553164423201e-02
6.203411085256500812e-02
3.793655761864872522e-02
7.965330916442235620e-02
-2.110931726193223529e-03
1.714979162117235764e-02
4.804158815065059929e-02
3.863315859340669955e-02
-4.499409335062227316e-03
1.653390309138183176e-02
-1.355126787534650240e-02
7.504997506923211104e-02
7.308154964103114049e-03
4.765386409115589250e-02
3.918481357767285289e-02
-1.067387634137143687e-02
9.250749582084238920e-02
1.082255501854166233e-02
4.596589098007659857e-02
6.581434197026728161e-02
9.465961064522653012e-02
3.912829249160335032e-02
6.621871598799275449e-02
1.240915678579927392e-02
3.334011703367878443e-02
1.604791042797755127e-02
4.918618310152639284e-02
9.370301207883055539e-02
5.249432255815981996e-02
4.536225052770979926e-02
5.272078771573968092e-02
-1.281864761215875670e-02
8.167278979192348076e-02
4.885042026851853236e-02
-3.595091397131235794e-03
9.881387169183022956e-02
6.320822886960537901e-02
2.624999232659869577e-02
8.220921878239402514e-02
9.431593722875239449e-02
-4.052689762325280970e-03
9.769778138639118037e-02
3.839143960788929388e-02
2.029032566976620919e-02
4.537498347019933154e-02
4.139494428276652149e-02
6.329118549223326784e-02
7.164909452786126509e-02
6.732067275731998257e-02
6.337201655246946230e-02
3.817649922305699217e-02
1.330509163440094997e-02
4.890080570340151617e-03
2.289228847354570981e-02
1.699763286990613534e-02
7.857174839439264036e-02
4.912041179625224741e-02
2.451704232577787620e-02
-1.598466489474448943e-02
7.348934543271359865e-02
6.315344752863302769e-02
-1.235343183674281371e-02
7.331791268592259547e-02
5.038861908076618101e-02
-1.772717580876015386e-02
6.143793238606372331e-02
7.675262890362000157e-02
-7.776092566809457082e-03
4.428904580939825586e-02
5.396410651213358334e-02
1.132989994352321880e-02
4.786974189252377054e-03
9.753188536524064201e-02
9.851076001330504039e-02
8.442718970544707546e-02
-4.145052749767626221e-04
2.049041557205417627e-02
7.825715876213529265e-02
5.903121067155664425e-02
1.326549321756432046e-02
2.351652671541347786e-02
5.435747781080117746e-02
-1.579222573155363366e-02
7.170439394416178169e-02
4.430779573615839517e-02
-1.538423878617253132e-02
2.118030299293390331e-02
2.219861540073581399e-02
1.562415003834510124e-03
4.395807931717893302e-02
9.944772748510267990e-02
-1.483001870109652148e-02
2.766211108300591429e-02
-1.658253744181252543e-02
-1.069601657444653291e-02
3.482463424822086762e-02
9.037574058364278295e-03
2.243079655840616096e-02
8.855362565341957926e-02
1.656864758403430241e-02
2.190336060591887776e-02
9.508986770948518741e-02
7.565514682706135641e-02
1.147992283170242225e-02
5.141892902500418139e-02
7.662532690841081934e-03
-1.619448839452577310e-02
4.742302342741752663e-02
7.264087369626996693e-02
-1.317247160310418795e-02
3.428086220450739241e-02
8.936964040203682069e-02
1.048771775350960944e-03
4.590351363813713337e-02
9.794040093706204986e-02
2.055969575633036575e-02
8.664447830193724998e-02
8.121664119552003680e-02
2.395492073345475634e-02
6.285845099900326527e-02
2.816289988729856267e-02
8.030248657670238654e-02
1.302253848086086171e-02
5.728978170938267556e-02
7.352234303759019873e-02
6.913762391487411618e-02
5.325707816201653844e-02
-1.290850814847217462e-02
3.921519853072817641e-02
-2.849970022279157966e-03
3.067752410344032690e-02
-1.476841305104840789e-02
5.215883746848706815e-02
6.530906168532803202e-02
2.653313513856666098e-02
3.601834517964178084e-02
5.263681320106636252e-02
1.546210164310873186e-03
5.574264787010921318e-02
6.674674253038455352e-02
3.271042451183647781e-02
6.734902577584078731e-02
9.145598312524717832e-02
9.641166918721423562e-02
8.057609406381671668e-02
-1.672904419088033431e-02
5.335672332019930630e-02
3.160511488899113430e-02
8.015367163488497371e-02
4.269822988548530041e-02
4.629946698395681626e-02
6.762449496592208564e-02
1.789471949093651704e-05
1.091834117630300499e-02
2.347361542627100436e-02
8.488034479795737719e-02
-1.610881672213336502e-02
7.918899866346799932e-02
7.122673582377593571e-02
9.230539588550502883e-03
-7.854580549142909859e-03
7.292895443688811319e-02
1.638179329032972073e-02
4.727466035735553018e-02
3.643397547046249574e-02
6.112781418650962278e-03
-1.555804543960648614e-02
4.473117419231044389e-02
-9.257670731740698378e-03
-1.689039791002989663e-02
8.236388520572872352e-02
7.590756733971240622e-02
9.927089547276655990e-02
4.308375794988890395e-02
6.119802554463991962e-02
8.707195092281923288e-02
2.689794737573296748e-02
7.868714465266969660e-02
4.891291503043627975e-02
3.798334099786107587e-02
7.598343286442618694e-02
7.861827100909010713e-02
8.165256685155589111e-02
9.970851806165313691e-02
-1.751789904415689686e-02
1.297139749486154667e-02
7.677814881373642292e-03
2.230764877607907190e-02
3.864311130633679703e-02
7.336588330573007993e-03
-2.845943846872516642e-03
5.017509148131545083e-02
-4.088788816640626100e-03
5.029496405204968157e-02
3.212145904891434978e-02
9.916971479056868599e-02
-1.953734879533371507e-02
9.953486399354155578e-02
-1.943983924919656658e-02
-1.408389830809082463e-02
8.335261505195784570e-03
3.959100616216272572e-02
-1.015180680430341487e-03
8.713385815933737122e-02
6.751644600765157461e-03
4.445635107548624732e-02
9.764399277405495792e-02
4.240656119034941218e-02
5.633314000157288448e-02
6.164273610647598434e-02
2.812148965203995279e-02
9.221314362766207251e-03
5.010652619725497470e-02
9.073086056474281846e-02
9.945358385141274404e-04
8.705233878194233721e-02
8.002145657506100351e-04
8.725970428659746148e-02
2.269171239515959532e-03
-6.808650135173229673e-03
4.196206244422381881e-02
2.891416484889783658e-02
6.300625165747751610e-02
1.641133610631772058e-02
4.865384100268058121e-03
5.586480483920770734e-02
-1.124669070167385980e-02
6.942941053986635691e-02
7.141672713108987436e-02
7.594543877904206403e-03
-1.112896243905532254e-02
-3.607595496057876966e-03
-7.861010732596354980e-03
1.166105660635337674e-02
-2.869663772452242523e-03
8.665669667672612486e-02
-1.025286653124765635e-02
-5.153233270565400065e-03
8.537151589085888170e-02
1.315184166928254697e-02
6.969529748510223943e-02
1.653602536219800703e-02
2.180640641440055247e-02
5.609414584514789415e-02
-1.227380248263052441e-02
-1.460339602535776216e-03
1.555107253876524334e-02
-2.533996644728211955e-03
3.915397590234591385e-02
1.399683619605799831e-02
1.505733146621498000e-02
8.866635500116473723e-02
5.815839103595552007e-02
3.996113374066741220e-02
9.985381489684305029e-03
7.619131756041677694e-02
6.324984609750297637e-02
3.182910562935245546e-02
8.036449972477004156e-02
1.363398852404325637e-02
5.195751250044816638e-02
-2.529104710497349223e-03
-1.486199755359512639e-02
2.280316179697900250e-02
8.304922574522811962e-02
-3.990249639615396637e-03
-1.186388958520816043e-02
7.686342339093582554e-02
1.494662339657540709e-02
4.132270637460953855e-02
7.571431526233936282e-02
7.399218925440809169e-02
-2.595781027122139734e-03
8.715840887270016879e-02
7.413513386640345482e-02
8.780791111399743887e-02
4.378215457503105423e-02
-1.804301885381318776e-02
1.259777238231991545e-02
8.533674861415987967e-02
3.528078194614643615e-02
5.117152177682306180e-02
6.564782545169151051e-02
9.342460627144734409e-02
8.548903674027333310e-02
6.771504139079986828e-02
-1.998085921430925102e-02
2.202603513160855328e-02
6.624611933549465204e-02
7.686388708195113217e-02
6.333260379345920232e-02
5.555824033605401280e-02
2.649149567400827313e-02
1.825702996772922068e-02
6.663332919811633392e-02
9.871025725693723107e-02
-4.474972293489590941e-03
-1.681065735672190170e-02
5.916821056823724778e-02
5.997641432470696143e-03
4.805151878645369523e-02
5.042201998719589295e-02
6.406085052429129345e-02
4.494164388252526454e-02
1.825293623987946437e-02
9.520623013474410756e-02
6.741753731892653756e-02
2.708030617749393118e-02
-8.753844084433623496e-04
-6.010345147126779780e-03
3.603381354456595964e-02
-7.137590142942138241e-03
1.295735194943767668e-02
6.550425904390444476e-02
2.012334986764658870e-02
2.760127066380068175e-02
-2.309143507797668110e-03
1.848651171404309609e-02
-1.555794485073731977e-02
5.703079294581107905e-02
-1.791242354329817058e-02
1.361884023077370928e-02
9.052937447848298513e-02
7.510660142832917274e-02
3.209775330082800804e-02
9.955749454913025154e-02
9.128341831330499812e-02
9.543947657083520775e-02
8.128529217331563472e-02
2.692350309668525496e-02
4.932621249185041579e-02
6.633500073281313469e-02
4.973170404540133011e-03
8.498834332887200693e-03
8.395992404706065226e-02
7.106513188715860019e-02
7.397468339720356112e-02
1.057150690243573166e-02
4.995671808359464228e-02
7.760712843590648891e-02
6.635785641198027607e-02
4.598280641768293098e-02
7.486328434668142184e-03
3.452548515066140855e-02
7.500114082249408065e-02
4.062097906651340740e-02
2.988317216530431489e-02
9.251251665788305656e-02
2.338695661613056712e-02
4.670598958081799423e-02
6.701850822633617644e-02
5.140262845182236306e-03
3.792655271344318180e-02
1.494413037881322723e-02
7.191570454495377351e-02
9.065802324196080286e-02
5.457851917599780556e-02
-1.499294673405071956e-02
9.971558047522925683e-02
4.391150358353250460e-02
1.693816796675360822e-02
2.567486225678857967e-02
6.566839066821687776e-02
1.549973635406618963e-02
2.256871174143969608e-02
9.813071429954381419e-02
8.084743252222967302e-02
1.707628367958618013e-02
8.585897186218954813e-02
7.058907702154447461e-02
2.317061814193433628e-03
8.432591919688049720e-02
5.061756745626470877e-02
4.302993545746996995e-02
1.978216731787337326e-02
8.251632488758979533e-02
1.810542145902948805e-02
-9.318826354499418207e-03
7.714568787685928408e-02
7.643371388202820083e-04
2.598261460072515475e-02
8.773850283462866773e-02
-6.894717759147427072e-03
7.852404372196056248e-02
4.388533855965015551e-02
2.612765072529766794e-02
-1.505714870898033561e-02
3.575390062188518736e-02
6.271585812506672020e-02
8.890608697810370442e-02
5.798398837084661750e-02
4.818493066322863949e-03
6.983009993815115363e-03
-2.496235639753999203e-03
3.490890247743148878e-03
7.905719861238110630e-03
8.858445987354009177e-02
5.049243998057825755e-02
4.762780929483345638e-02
8.856126608434798653e-02
2.517558569760025219e-02
5.176301017267163906e-02
6.763342152489773551e-02
8.322898141041379372e-02
5.759332036880667610e-03
7.193302263234972738e-02
3.288213717026659821e-02
9.057990405094622915e-03
7.864751895465181553e-02
5.986190510985245350e-02
6.987769445635660936e-02
9.380595953748545324e-02
1.574242464079200418e-02
-1.867309745199870544e-02
1.072199022931406148e-02
3.975676950574030810e-02
5.305418489539351357e-02
9.026804437750488019e-02
1.547016995798334432e-03
7.218218472188374368e-02
5.876458056772025651e-02
2.660239672774570435e-03
9.321617295845154028e-02
6.638987573110859824e-03
4.321978835872926361e-02
4.297392158965195053e-02
3.849525449613407091e-02
2.682633211322272768e-02
8.337963057847480597e-02
2.639359875125853530e-02
5.852091017078510371e-02
9.083531688737839227e-02
5.348976098189076045e-02
6.689543182081106321e-02
3.815837180465381229e-02
8.359793791641062510e-03
3.888144258388458174e-02
7.379979648594693631e-02
-9.625315291554241426e-03
2.833250360854398450e-02
8.168955798766568133e-02
