1.016168161918072910e+00
1.020601071108889535e+00
1.015226742210936006e+00
1.082299662382996797e+00
1.091740094220329027e+00
1.016815777443773161e+00
1.058252771505734158e+00
1.005571303700008912e+00
1.034223515676082394e+00
1.001531259515500150e+00
1.045501610292339123e+00
1.018450315346315582e+00
1.036986006292217377e+00
1.098071028587620956e+00
1.018534279112563778e+00
1.020844324729517583e+00
1.060743753854219040e+00
1.085210807000414945e+00
1.073749141233349080e+00
1.043120752262566064e+00
1.012555383636650763e+00
1.041582104836346501e+00
1.098128430518394483e+00
1.034996991693919899e+00
1.035180908509035769e+00
1.011615025085371045e+00
1.027327986288941064e+00
1.026414037071588847e+00
1.081784824457396210e+00
1.083159566056424161e+00
1.072927436254119904e+00
1.015959778143533443e+00
1.058330051622878187e+00
1.054550850450302724e+00
1.028450971799805824e+00
1.051103001835872686e+00
1.092928606405065173e+00
1.052769887982263119e+00
1.052519510127218449e+00
1.047350463595186465e+00
1.007084511123731652e+00
1.002431615741042004e+00
1.014472559232117321e+00
1.048949776390572408e+00
1.079132276307056104e+00
1.096345527279700693e+00
1.016369118028435992e+00
1.096114216101426786e+00
1.006901183174032210e+00
1.078822363416586994e+00
1.056923917257077017e+00
1.064843694465822166e+00
1.030929863344163477e+00
1.043519871359772200e+00
1.009156027793717936e+00
1.068344105847914172e+00
1.053179884869746008e+00
1.018426988484226081e+00
1.007903600966938873e+00
1.049929910378597064e+00
1.011784759929645894e+00
1.035153574143112598e+00
1.067095199999740895e+00
1.064130389056989090e+00
1.029784402344108507e+00
1.015475372918239749e+00
1.012059351241667127e+00
1.036179677192865745e+00
1.087614977958090146e+00
1.040316202822298752e+00
1.063056004212316719e+00
1.070396405633800230e+00
1.024267043720826109e+00
1.077512671384966092e+00
1.045218594497970166e+00
1.000433165633190180e+00
1.017896545772640104e+00
1.097154533884640237e+00
1.018609529076835774e+00
1.048977907360703510e+00
1.084561626498180331e+00
1.062217058884604493e+00
1.086951690382415903e+00
1.013169219128663423e+00
1.082089550515225707e+00
1.040388464851705885e+00
1.078467765786340404e+00
1.089081960524775905e+00
1.064248501822776305e+00
1.068299453876473626e+00
1.052409543450867568e+00
1.082049995407654341e+00
1.086218181783243475e+00
1.025769935821758239e+00
1.074298133512801678e+00
1.040894046354427838e+00
1.093008097701077208e+00
1.094935638017135116e+00
1.073650705160250851e+00
1.098443381643373851e+00
1.004825453929819368e+00
1.046141398230802100e+00
1.065937503069805725e+00
1.096792174361739036e+00
1.068243057942686258e+00
1.049556906832752823e+00
1.011805304673125239e+00
1.050012016165867701e+00
1.076482072495546838e+00
1.082504019432959375e+00
1.093231918570904515e+00
1.090001935766299335e+00
1.064343180866209604e+00
1.021925657891492367e+00
1.064412939373290845e+00
1.087951575074182609e+00
1.044461950615596324e+00
1.069134228956707400e+00
1.096784607202000883e+00
1.063571327078615569e+00
1.074771760564735779e+00
1.027131556978945204e+00
1.088320411321105352e+00
1.046929767690221613e+00
1.049096262355782905e+00
1.083061415468003386e+00
1.008999519868654771e+00
1.053248964305269597e+00
1.020692072617779944e+00
1.083143347939599765e+00
1.071847788895608167e+00
1.066396404027753375e+00
1.020822049331323811e+00
1.087437567814949491e+00
1.019994997403344428e+00
1.086838436902422877e+00
1.053227609957253508e+00
1.090673060783381221e+00
1.011562051751238922e+00
1.034812028425950103e+00
1.068164759308909417e+00
1.042808702763210693e+00
1.020940346325179604e+00
1.090164480250893186e+00
1.074396244204025574e+00
1.031815791488533529e+00
1.051000790641239746e+00
1.030352228490257538e+00
1.076228561154914498e+00
1.050793639896171250e+00
1.009358302234127258e+00
1.087415900181239570e+00
1.094653031297613932e+00
1.088337356250507426e+00
1.048910384458325851e+00
1.028679989536941397e+00
1.015001630328680404e+00
1.087972749170425191e+00
1.054596826608904081e+00
1.019349997548857356e+00
1.032949862606678204e+00
1.020925139171276808e+00
1.093525247556891511e+00
1.058066761574147918e+00
1.054966756254201998e+00
1.045399578843824617e+00
1.087578199805335988e+00
1.031362382829023483e+00
1.065949914027782608e+00
1.030680691804481297e+00
1.094685371827230469e+00
1.039989045604978291e+00
1.066005608192747589e+00
1.009752365827483844e+00
1.027045305404166609e+00
1.051714187336221240e+00
1.074167992213163281e+00
1.032996103582826120e+00
1.043371349009499127e+00
1.084719177201647566e+00
1.004691564774620627e+00
1.028617614332033581e+00
1.078840541563385491e+00
1.003566476603543256e+00
1.004690075744886002e+00
1.074484812533863076e+00
1.041600461387309329e+00
1.049459447956394342e+00
1.082152476754016046e+00
1.097037874224677578e+00
1.062038390694223677e+00
1.085519769254361666e+00
1.005927819732359119e+00
1.017900712054446988e+00
1.010249274206120873e+00
1.023466176605035027e+00
1.084217535468684712e+00
1.004147481365473382e+00
1.090911125898850864e+00
1.055339179277488881e+00
1.011744003447532014e+00
1.061821049884367651e+00
1.030724328984885307e+00
1.063855295743950657e+00
1.095731874413353291e+00
1.048712193611663679e+00
1.033068059062413058e+00
1.030530020702974392e+00
1.044194774542981596e+00
1.016560719895015286e+00
1.025379060827925626e+00
1.037372096615805317e+00
1.001100049239677325e+00
1.076778660457596848e+00
1.013603005299630544e+00
1.061240467492292838e+00
1.026021003569871137e+00
1.072574352126516750e+00
1.082471951122951470e+00
1.066454100279699002e+00
1.075734675905353432e+00
1.078046274080493694e+00
1.012530707698891863e+00
1.098260955054673360e+00
1.007062640770525430e+00
1.091464130093851015e+00
1.084295785802041223e+00
1.050683093864974937e+00
1.021202139261112141e+00
1.087079606502812990e+00
1.074903254418289711e+00
1.031378910356517631e+00
1.039899062843949729e+00
1.042605884473840172e+00
1.064175158029326829e+00
1.014158775905420251e+00
1.073809458543045769e+00
1.091667973717241225e+00
1.035204548892767695e+00
1.067743097391122165e+00
1.009174095979446850e+00
1.075003051485151184e+00
1.083957694166664654e+00
1.057594790391086725e+00
1.028772215652870470e+00
1.043230315600118141e+00
1.001495522003954086e+00
1.022578766367904901e+00
1.025399100696295251e+00
1.063828691117880032e+00
1.098041930305084124e+00
1.069592836429718252e+00
1.006418273787179407e+00
1.068000231882766826e+00
1.016725910560254853e+00
1.037040778654153561e+00
1.019727804159042295e+00
1.099765338057901998e+00
1.044792471129739164e+00
1.002811420669927234e+00
1.023720778166878898e+00
1.096001099053553807e+00
1.001754779165707765e+00
1.054007953542615672e+00
1.031295236453016795e+00
1.026513277151114956e+00
1.009997752199754073e+00
1.076906458365215924e+00
1.074134617229562716e+00
1.064764082354631158e+00
1.090701121989148925e+00
1.094385920678400792e+00
1.014043630232183801e+00
1.012118347582264821e+00
1.089252535257202448e+00
1.061512732259941139e+00
1.033542450259869794e+00
1.096950168071249454e+00
1.058457913251839910e+00
1.035401634861127018e+00
1.097878601236693896e+00
1.032794106657914490e+00
1.039511099619890189e+00
1.053416775699728580e+00
1.052823156994969533e+00
1.028378916675388277e+00
1.006406436737465437e+00
1.090098816414396543e+00
1.042606973090377087e+00
1.035989424157236938e+00
1.072397602516041992e+00
1.078222023883590452e+00
1.054775515689700072e+00
1.096022124645100071e+00
1.090184421566996242e+00
1.033177912895549833e+00
1.041011287901353777e+00
1.035091181952754180e+00
1.078030772503803858e+00
1.051918231889970912e+00
1.028686699557787021e+00
1.072478398872355632e+00
1.000784217991382619e+00
1.084467223320859208e+00
1.003173688635590866e+00
1.034035909490257588e+00
1.037319617018776619e+00
1.012592244704016542e+00
1.084768679074789910e+00
1.095718399072744154e+00
1.076826398139416829e+00
1.037693100110393063e+00
1.016605170589103269e+00
1.081631288397715052e+00
1.054223682503968584e+00
1.066384355425308295e+00
1.083330766217462715e+00
1.092384785012069814e+00
1.041987117093998272e+00
1.093970107785550816e+00
1.080104141377272509e+00
1.021670029101283905e+00
1.062627082562518144e+00
1.055862165661648255e+00
1.041018078162986082e+00
1.048280735913933670e+00
1.026698349930986520e+00
1.034416502050109488e+00
1.006153583236462534e+00
1.018645754266780168e+00
1.048680178183092782e+00
1.081509216183728528e+00
1.007767112657786068e+00
1.031772280040431644e+00
1.022615701930185805e+00
1.044944074222127428e+00
1.050513519443341703e+00
1.055632056045003653e+00
1.098277265310404038e+00
1.085596039156242920e+00
1.038854734202330654e+00
1.041861945993863392e+00
1.017214285050010769e+00
1.071524174087308268e+00
1.021028336067508757e+00
1.036553204049653232e+00
1.021201248604198586e+00
1.078502980768449193e+00
1.014046883017761358e+00
1.085509265650167698e+00
1.044609257336424291e+00
1.091176361463991551e+00
1.097257089288066423e+00
1.024585337164789944e+00
1.009027354211071481e+00
1.032792426102677297e+00
1.041725953880338507e+00
1.037547920248973243e+00
1.004015099616563544e+00
1.094288019178128568e+00
1.035424899081991201e+00
1.067146272447308419e+00
1.077586772333669840e+00
1.082007266266461709e+00
1.085002584361945965e+00
1.012526568376201697e+00
1.063479812464846797e+00
1.092345870308432332e+00
1.091323108906623540e+00
1.032221691736019853e+00
1.029632380071503484e+00
1.053759815499916375e+00
1.046642473230338322e+00
1.026074521421041830e+00
1.026308551551906811e+00
1.034087935672676650e+00
1.010131277091377289e+00
1.098370765245782810e+00
1.062266660053448719e+00
1.021043909795109617e+00
1.007878270157096745e+00
1.022844810119377001e+00
1.014650494660309876e+00
1.071984457974548333e+00
1.013095439975737033e+00
1.087597824560156301e+00
1.098100943726587619e+00
1.027664004065892422e+00
1.014026516016002688e+00
1.065322875805283731e+00
1.042145213768841172e+00
1.067891507315405830e+00
1.004970151763168840e+00
1.055495881296250271e+00
1.009054630989172807e+00
1.079409937736939495e+00
1.006237549750706117e+00
1.098298609725569142e+00
1.058515548438682119e+00
1.025952573021735148e+00
1.092892883134457316e+00
1.045109092919299210e+00
1.014265355166955596e+00
1.087589065396232124e+00
1.030651241878801860e+00
1.085850870689536452e+00
1.025890827464954747e+00
1.023031213572662024e+00
1.024579405525211984e+00
1.025036356160000661e+00
1.021124516626252587e+00
1.038833118074747430e+00
1.071679618395941835e+00
1.018421974798479068e+00
1.057685390613866794e+00
1.069533379863025768e+00
1.013592545931991884e+00
1.061432325904269725e+00
1.019626729403247500e+00
1.087580037859098070e+00
1.026838111525558261e+00
1.095776156324240080e+00
1.071815552178829956e+00
1.092688248916495297e+00
1.009662966751343038e+00
1.074378053128547394e+00
1.089335080835525105e+00
1.049780082309982543e+00
1.091706433972453150e+00
1.093729387260904184e+00
1.040544494252725549e+00
1.073554978659430503e+00
1.069304435112264251e+00
1.057311314295165783e+00
1.029965300929500005e+00
1.060698241547725296e+00
1.015106918550312765e+00
1.017484986709744410e+00
1.008025827324564805e+00
1.038481230431222535e+00
1.042080448028225748e+00
1.084971782245400140e+00
1.060404616646619003e+00
1.079859808099839835e+00
1.073167207512058852e+00
1.039457529193998253e+00
1.011177497210486775e+00
1.070406688151755548e+00
1.014620631745723145e+00
1.037027887999583342e+00
1.051988926763163690e+00
1.059927688108603494e+00
1.018525904358115408e+00
1.088828396109598806e+00
1.086668223468670424e+00
1.032316931419268169e+00
1.070897924775095378e+00
1.082437303906547355e+00
1.072580203622955031e+00
1.061855573218701387e+00
1.075293265862018455e+00
1.053768378545647755e+00
1.058113642794369369e+00
1.084513207228784637e+00
1.004516900179392991e+00
1.002781035876852522e+00
1.054178723840886400e+00
1.017798364532636501e+00
1.024945892619244736e+00
1.002783635532281004e+00
1.086518775787929103e+00
1.020843616612800320e+00
1.018294322411613440e+00
1.063045588587342882e+00
1.014944531041952036e+00
1.097652377378254940e+00
1.063459033223592698e+00
1.081771683270622564e+00
1.029898965921536735e+00
1.075605011561506341e+00
1.052417638989784576e+00
1.066086287382000064e+00
1.073480053877007068e+00
1.071915899000749128e+00
1.073729634706365399e+00
1.089474808955813723e+00
1.014627829397207082e+00
1.084445518495491312e+00
1.004108122107786327e+00
1.085496805899662132e+00
1.026437358283269985e+00
1.073291819757836052e+00
1.006086402011590053e+00
1.021964731624233735e+00
1.051133294262971418e+00
1.003690427697156551e+00
1.056146153579227143e+00
1.040174063424032846e+00
1.050469473072829896e+00
1.015687696776537807e+00
