8.477790610719472542e-02
-1.132109675233346734e-02
-1.794076953773622585e-02
-4.101200522247352293e-03
8.160691895366554982e-02
7.564630119652926421e-02
3.204113002435664270e-02
5.209142192147746264e-02
2.792368245374281591e-02
5.217384965401955510e-02
3.361412763366725120e-02
-1.292473289011243122e-02
1.701337762271510831e-02
1.053337599102193226e-02
4.311101866013296313e-02
8.325333143370036715e-02
9.779294090906087700e-02
5.094893502198762081e-02
4.751071903591225221e-02
8.270689092659326558e-02
-1.234586837608435753e-02
1.247378982008495382e-02
6.524455377564500336e-02
8.698822924102878051e-02
2.093865540477870060e-02
-1.002804204752218153e-03
1.815750939825006363e-02
9.265537651828349708e-02
9.381996430360965700e-02
9.883233458675386163e-02
-1.444016922925307755e-02
3.348867845007659494e-03
3.270223506873515262e-02
5.102339115431540895e-02
-1.138113401258582409e-02
1.381689498590208884e-02
2.224003240939259954e-02
4.909334000356704863e-02
4.602582185781742274e-02
3.829258181219273582e-02
3.300812858961742202e-02
4.903055163416848716e-02
7.058750107472314822e-03
4.925707685506112987e-02
7.610936443259598561e-02
1.063211262734261101e-02
9.848093372166737136e-02
6.459033047055115495e-02
-7.412194705581324691e-03
2.721054681021546975e-02
9.788999326722301608e-02
1.040625500113581681e-02
6.157692600817810114e-02
-9.987644792235034902e-03
6.831231991452832442e-02
2.097551073858025181e-02
3.134285350102254675e-02
9.730359872380335562e-02
5.011465592545226444e-02
7.331089809891848386e-02
4.006926090176447103e-03
2.878688278772792083e-02
2.522936813629504324e-02
9.344827658438027707e-02
6.711939404581547530e-02
1.502866744682053793e-02
5.954912595515204909e-02
-1.246891603961297959e-02
7.247785879064602699e-02
6.627916788495114009e-03
9.123462372947439836e-02
8.254532593148070779e-03
3.813506759436346982e-02
-1.284726257187148064e-02
3.799157565934282998e-02
8.698669559730003165e-02
-1.990313208494615821e-02
2.994882246286166214e-02
1.368746919471370074e-02
-1.278035913254567044e-02
1.007753267383713208e-02
8.262171950236728291e-02
8.378648916329681229e-02
2.556432716147881076e-02
3.502632885005983743e-02
-5.350061014821209937e-03
7.391291496405952288e-02
4.027471427209855515e-02
8.650712516887568149e-02
9.284424496523291381e-02
4.569801806118913012e-02
1.555087538716702286e-02
5.261773103674192986e-02
-1.333769789132813535e-02
5.488835355517350523e-02
9.096957247961985626e-02
-1.472793539592228036e-02
5.369096674557709281e-02
6.048477137218513655e-02
7.933457888756406673e-02
3.090976121558028714e-02
7.829662433179150616e-02
8.327571624261863314e-02
6.238235404883243213e-03
3.543032548622197797e-03
5.832338772320384834e-02
1.919623375106527946e-03
5.306350228622068455e-02
7.828461487815320530e-02
1.392769427326317686e-02
-1.380333723141942588e-02
2.974394470336718180e-02
2.029444412399325146e-02
8.203868759723750848e-02
8.674725323309652458e-02
1.068136468529089916e-02
8.531200033448342601e-02
7.664137895924485328e-03
5.013046501787545017e-02
2.043584939922839586e-02
7.464023014238987952e-02
4.797394658803368073e-02
1.200643346921551405e-02
1.199220757831884893e-03
4.189425357760320767e-02
1.795615236243263899e-02
6.600054241338668137e-02
5.175069571401401392e-02
-8.564101924982914227e-03
1.232672592786178065e-02
1.538126178326236146e-02
4.143357690526419668e-02
6.084869916582835714e-02
4.793069088293896995e-02
3.481032123877496331e-02
-1.913572542990967310e-02
7.981927097737662180e-02
-1.025678725701950102e-02
2.710383215544678523e-02
2.478731304138994881e-02
2.209655972771527518e-02
8.436654753530201112e-02
4.151683456610438805e-02
7.810217966363650066e-02
2.274545537679559595e-02
1.197505330389473169e-02
-7.687881920571534508e-03
6.079570281799230591e-02
-1.626329889830210179e-02
7.565309266480352290e-02
5.329953182088272012e-02
8.417919187909840562e-02
6.269857485995367075e-02
5.798503686068207097e-02
8.532765581999141036e-02
1.043995136889978165e-02
3.077922734826011100e-02
8.578571739820791547e-03
-1.515281730623583775e-02
6.760012622636230040e-03
4.421550293390509589e-02
7.406767536104477689e-02
8.542714932714493004e-02
8.598371074002084113e-02
-1.804867633697023258e-02
4.575650796678942811e-02
5.165880714711482136e-02
5.381806201484994057e-02
8.208888799873229059e-02
9.789329442371229317e-03
9.028315955367325479e-03
2.541215222027981904e-02
-1.783412972154609089e-02
3.788073378615895714e-02
7.095731329520013619e-02
-2.797252948837324754e-03
3.835709767064243714e-02
4.990126046446430319e-02
4.204846729647168657e-02
6.260204644839707788e-02
3.345006781511902783e-02
5.034198934861667390e-03
1.900331700062864518e-02
3.616546448202273556e-02
8.307779078433263908e-02
-7.990083514498492676e-03
5.488396801447184559e-02
8.455443403080130371e-02
9.475287684282168721e-02
-2.729121949373563422e-03
7.757078532313112229e-02
-1.664615424439198910e-02
6.076545196253523018e-03
1.379941240002839978e-02
4.871650706369090589e-02
-1.193155216843709565e-02
8.152897155312463506e-02
7.798254551414837699e-02
-1.625276742805180016e-02
-1.535832296225826156e-02
2.138476018924651348e-02
-1.840062415491083847e-02
5.593654219294315333e-04
2.028971621213978768e-02
3.511959604525322076e-02
8.088206951762191843e-02
-1.863603047775847996e-02
1.107849981700249897e-04
3.315982631837115224e-02
1.616912183430863417e-02
8.777871061972047917e-02
8.891079238915594596e-02
-1.696407142184892802e-02
7.508144913087355654e-02
1.247845980643448247e-02
3.365069062693491764e-02
2.958963415870946231e-02
1.191529860374438213e-02
3.328395689853966971e-03
6.980723785470935305e-02
1.527031965038603764e-02
2.111737455600505228e-02
8.876188405137923343e-03
-4.621508288330619663e-03
-5.476088108378339772e-03
4.348283289614444935e-02
5.085415449705191215e-02
5.973707798788484291e-02
1.939295750056665643e-02
-1.811426430168356153e-02
1.848336477799684269e-03
8.214415902657534740e-02
3.409932259478301586e-02
-8.185467076708564937e-03
2.246052409696125754e-02
3.740453345606253172e-03
9.495504797878373537e-02
4.523791281988091828e-02
8.254370438567078250e-02
-1.701079630767844686e-02
2.191627212499974373e-02
4.671037111387238427e-02
6.409590258758721126e-02
6.101707101675690054e-03
7.431239553591267866e-02
2.125494843385819857e-02
4.120151630635981999e-02
7.005157327199725004e-02
5.706571047327961554e-02
9.808616061395063201e-02
5.870271680878423604e-02
1.133316096122885877e-02
8.643450732180230078e-03
2.538572963837637878e-02
6.533641684213702117e-02
9.897869726026972681e-02
9.003920713530785824e-02
6.396919179494896246e-02
-4.050580555554961215e-03
-1.763529407414267738e-02
9.856355515186535077e-02
6.471386116777295278e-03
7.050213426565835051e-02
8.817884302142867115e-02
3.924752043545040592e-02
4.913141911327931211e-02
7.513762777182846075e-02
-5.924935943771181962e-03
4.761067652977411802e-02
1.089801523975228448e-02
8.997337019247281242e-02
-9.037645070751816265e-03
4.106004735484383716e-02
2.159173616741193527e-02
-1.146816304686457642e-02
-8.181437119260137961e-03
8.436585617813301130e-02
7.709566030537208514e-02
6.050445475799330619e-02
8.079995349143739847e-02
9.700939636403205224e-02
7.696912337918830616e-02
-1.347073969202355198e-02
7.396998194326992460e-02
8.085194287107400068e-02
7.354534037224599863e-02
2.325316733622972629e-02
5.998148363369595892e-02
4.030481012576296596e-03
-1.346218652783439176e-02
2.215782555792098971e-02
6.856912632719808220e-02
9.984793640936014125e-02
2.204123492525601399e-02
-1.902455902224858136e-03
5.902836888013324179e-02
4.938166007892266784e-02
6.104710706316052171e-02
1.241653620147375667e-02
7.130076335343189797e-02
2.899619598279639179e-02
6.494533590859855043e-02
1.559169497215572367e-02
8.885471423471139052e-02
5.463674896748321741e-02
7.575186540691028481e-02
-1.185175166263004350e-02
2.083017606478276482e-02
-5.601783017937388490e-03
-1.074301448798756914e-02
6.558710556700944605e-02
6.295524348500965151e-02
2.591966280312532275e-02
4.569185562554427260e-02
8.782314688704002947e-03
7.506727545131368362e-02
2.110791683614644462e-02
4.882337640850147042e-02
1.820573445900236162e-02
7.207710623992007182e-02
1.514948792258934487e-02
1.651303748630283605e-02
3.197958122410919646e-02
8.807916253700749654e-02
-1.158764193678265067e-02
1.310596587683692318e-02
7.688287743984723033e-03
8.397439160708233818e-02
1.294363482600539156e-03
2.793804112483866398e-03
2.881342078781692559e-02
4.816977104428722678e-02
3.510147695611551266e-02
-1.842884292083358730e-02
7.307921702786922269e-02
5.227434186403966121e-02
3.188658061373177144e-02
-7.349983393054419778e-04
1.397737424179076871e-03
5.500666793791011977e-02
-8.991114083570382956e-03
4.877156697077962566e-02
9.387927978544548246e-03
9.280199343539041745e-02
-1.796027242677682850e-02
4.146173877125343410e-02
6.631224968119774077e-02
-1.021079383020231761e-02
6.027024820321148779e-02
1.324671168555734482e-02
8.638383661375251266e-02
1.774039553637342739e-02
-4.987592324948669428e-03
2.434061795794760855e-02
7.489522027939417292e-02
7.726669749860069769e-02
-1.261414632726561187e-02
9.691239435706283656e-02
8.383884236965591374e-02
6.905070434498582210e-03
1.649907501768002951e-02
8.566387679077663853e-02
1.682149003759525127e-02
9.104478175084274039e-02
-1.070473346756429557e-02
2.826800943313785563e-03
2.692804575247057311e-02
6.687934162187821052e-02
1.139200075853423130e-02
-3.856710609519607702e-03
-7.529052816883633273e-03
6.585675705072889519e-02
8.142174937370763588e-02
5.367233434380943441e-03
-1.905053272855061763e-03
2.088615630427455294e-03
1.638448521827598828e-02
-9.939116419365037064e-03
7.762504371811909665e-02
9.767243035411607432e-02
1.043709090235802814e-02
-6.553322248208806253e-03
2.544414016771085960e-02
5.847767120516629558e-02
5.237163124330179720e-02
8.868850841060536838e-02
6.577862366751108247e-02
7.331766248342705405e-02
-1.744674197889060918e-03
2.342804294799833223e-02
9.437129822829111447e-02
-1.590047653024479618e-02
3.682831239199917117e-02
8.234321415221571017e-02
5.631613053868005092e-02
6.985474783185555148e-02
5.930244629694968184e-02
-9.537935480800383004e-03
2.004835633458220204e-02
4.819048167066423971e-02
1.192800113653548141e-02
3.165129303659468263e-02
2.652359725476043789e-03
7.201610101893896054e-02
9.364704902837471534e-02
7.983219301530192907e-03
4.740286704164582698e-02
2.734300911728892655e-02
9.171153516845108322e-02
7.083103739752154293e-02
1.738703925079058618e-02
4.890341425187767765e-02
8.251033051410197605e-02
7.526932510114807406e-02
1.474861090816259254e-02
1.896822723860613208e-03
9.402979713645046034e-02
-1.388321159566143284e-02
9.672671851634558060e-02
4.842664407972117890e-02
3.018534866798859920e-02
7.992169053995315520e-02
8.454781627667941335e-02
7.184285094872731869e-02
7.815966896442953782e-02
3.505816268179194617e-02
3.959112718524106234e-02
7.221372075581949934e-02
-1.178565308342002967e-02
9.180251975150569010e-02
-1.639944562366812963e-02
7.078175868600995735e-02
6.417363565616204801e-02
2.501278542633594490e-02
3.343269844238944133e-02
1.203937605252950252e-02
4.727998581530366839e-02
-1.088828234589406946e-02
1.686405459357940770e-02
-3.639931521043471285e-03
-1.725248009619208961e-02
-1.871857865878209792e-02
7.239290960462567426e-02
6.339584308212638242e-03
3.164039596467797810e-02
8.200241729194777951e-02
6.193971052609988093e-02
5.039340832309620322e-02
4.283227692065753878e-02
-1.193511373746009192e-02
3.391820444356342945e-02
3.399400852771665427e-02
3.218053348715273904e-03
5.927112329442006666e-03
1.409683902176894418e-02
-1.390002436048779280e-02
4.995890195765521902e-02
8.163847477669018693e-02
3.939175425251059681e-02
5.224035832343602859e-02
-8.487198702322444610e-03
6.813670797453032224e-02
8.144349472776478416e-02
2.183967020153675803e-03
-4.478096502969404827e-03
-1.428439985714615758e-02
7.445957486334106590e-02
7.839780583559821658e-02
7.532100283067795499e-02
4.070008485603129889e-02
2.798099454439426440e-02
6.929206397517825855e-02
3.727758157238127146e-02
1.578593429090750441e-02
2.601557046805097820e-02
5.953157759340589605e-02
3.516014249320846552e-02
9.330854632992395536e-02
-2.506652637828492985e-03
-1.836625983108364224e-02
3.764957934828930264e-02
5.636894058944773300e-02
7.554672922432202620e-02
-8.816412405431822696e-03
-8.071031318286858020e-03
6.587603697735502917e-02
2.923382163521896435e-02
1.148435074618451082e-02
-1.076761935113716012e-02
5.956814398579916847e-02
7.313496351491195757e-02
9.327567297933644919e-02
8.736252228879093362e-02
-3.906443330267055786e-03
-5.552716336684401788e-05
-1.514270816266356443e-02
5.534041577328686901e-02
1.914065669144173962e-02
6.536135989918957778e-02
7.710923723987941902e-02
3.369936578309230824e-02
1.057862365114840830e-02
6.707720298274193194e-02
-5.441472887563065727e-03
8.347127968966482070e-02
4.949433098330666136e-02
4.356338193688583799e-03
8.953671542243271664e-02
3.710545595022858578e-02
8.412080249339004556e-02
4.107594470360244332e-02
7.905180524981565704e-02
4.079278196733887585e-02
7.605438466492385474e-02
5.796555094142349929e-02
3.716366558398746800e-02
6.951681450842808752e-02
3.314054231789058391e-02
5.615251085171975298e-02
9.657417486956675068e-02
7.829003019995182944e-02
-1.371323383718715296e-02
7.581813740756596087e-02
4.281884553521776715e-02
8.814729797822076773e-02
2.887975455224585722e-02
4.736552313495751010e-02
3.238424082597635145e-02
-3.772436676978484227e-03
3.940904035833053820e-02
2.906002051813878426e-02
3.504715193103576792e-03
1.032291474843696419e-02
8.025068810870260305e-02
-1.445882505000123733e-02
5.240636439621053355e-02
4.908909034620015377e-02
1.075786474499771522e-03
8.406159962792834894e-02
5.250840369554231335e-02
6.789142950019054490e-02
-9.364232488533423895e-03
6.438569615644578609e-03
-1.114189175422459349e-02
-1.912382471212019375e-02
6.428499197549536470e-02
3.281627376079292169e-02
6.862363589707248107e-03
8.374492870902809638e-02
7.627266581992712957e-02
8.268413028778291707e-02
3.929369403021522322e-02
4.273087713656481545e-02
3.678489679788728151e-02
1.281323915492148593e-02
5.452290294507253221e-02
-9.892141694282274161e-03
2.322130379368881128e-02
-1.266099127253653145e-02
-1.278443005565096588e-02
9.654079058738936070e-02
4.439375802908082647e-02
9.011097038769316780e-02
2.079159559165935992e-02
9.857283237242356333e-02
6.183982537900614695e-02
2.480039021761142395e-02
7.592608427096271539e-02
4.040859817563098588e-02
5.265899646557341274e-02
7.346672729109612887e-02
8.438591924615101991e-02
2.858289274437240610e-02
8.935387198961075583e-02
2.127784752887038403e-02
9.566211347887645933e-02
7.229824085176274340e-02
4.809307403549319127e-02
3.568841342461195887e-02
9.809464530145423078e-02
-1.528105040111899307e-02
6.579991899046980230e-02
5.887305144928757505e-02
7.312561540566935026e-02
6.266035999666275114e-02
5.105632265988266361e-02
4.484129950988317848e-02
-1.129873407596714528e-02
-6.375646156496416958e-03
6.544310223778208868e-03
4.478105948840760409e-02
9.508474042131744020e-02
1.691238920022914219e-02
6.830245453322883464e-02
7.473390459055705148e-02
1.596688048751962810e-02
6.200079454519565048e-02
2.058613675256205575e-02
4.507279172997830097e-02
-6.986510791438832468e-03
7.355628230164590331e-02
9.223616905993781145e-02
-8.517595666367970553e-04
5.438589789451882262e-02
2.022152930504386367e-02
5.191923220441964359e-02
-5.020672196331815718e-04
7.148235958464652096e-02
3.295151660236723956e-02
2.243378536776137119e-02
4.038735487633825227e-02
4.416965578913609192e-02
9.372854183001760875e-02
2.374733910843795578e-02
6.798215197921403385e-02
5.169370307515752661e-02
-1.329534251279792384e-02
6.604714651930881919e-02
2.754828832977757047e-03
7.851440332308355641e-03
5.698129219026780434e-02
-1.708499654515218541e-02
4.785530634060830568e-02
9.063519304172126811e-02
1.396985007885272190e-03
3.574145794118423203e-02
6.991241049467745994e-02
3.616270124896263372e-02
5.841701774369720268e-02
9.698898198941202642e-02
2.764558871233127949e-02
3.770830897233745649e-02
5.662278205777367124e-04
6.392712391577984321e-02
2.137147341141493531e-02
4.951964722944530994e-02
4.014167042540993380e-02
2.303162683327806756e-02
2.371466430158339009e-02
8.649632113647601206e-02
3.557536771336854142e-02
-3.560575172038178693e-04
7.164069861971643360e-02
5.090558933580163758e-02
6.372802811714936566e-02
2.860370789802890723e-03
-1.835266095041754308e-03
4.670383983867514022e-02
6.278431202759349183e-02
-3.795329185800850463e-03
6.528558136695840342e-02
9.170257373236691267e-02
8.660379162298043054e-02
-6.519494317155993118e-03
6.798549804094550231e-02
2.113034776821536356e-02
-1.925221190886754891e-02
3.031687324938734870e-02
1.798934781954253728e-02
7.395004148853043247e-02
3.503738051724911151e-02
7.482466337205583018e-03
-1.205803210222636257e-03
4.305720840232334090e-02
3.174882675030990531e-02
5.056551555833163625e-02
1.129985914060035665e-02
-6.736317498145861712e-03
-4.439570343554279097e-03
2.817183175748970078e-02
1.744000741835050744e-03
3.902524785714013567e-02
9.481607654811985419e-02
9.739380399798859556e-02
5.480511213036881601e-02
3.575341423786211614e-02
9.862243124874686684e-02
4.813610171593564468e-02
3.521982489675443140e-02
4.038545807473792326e-02
8.443883188084451430e-02
-1.314896354385613683e-02
1.434806972722935461e-02
2.288460247140863477e-02
7.918173490217546295e-02
4.772886516823341557e-03
6.068943995683684367e-02
8.647004943596039994e-02
6.690911293769191692e-02
9.704826981243211415e-02
2.257897361666827765e-02
3.459164491523220031e-02
2.076098111279275557e-02
2.188585900752583815e-02
7.512598183749029379e-02
1.357021087046204541e-02
9.690604097225727354e-02
8.462171275004327919e-02
3.454614975834630064e-02
-8.004185060417952358e-03
4.367995955855240309e-02
2.386159342381286366e-02
6.648930332292647682e-02
5.617594262729090626e-02
-1.121518936791027383e-02
5.342584121717736112e-02
1.673492723141771846e-02
-1.011477402374350888e-02
9.651486031347120131e-02
3.510394348938499637e-03
8.803407190354668732e-02
8.490877008285870053e-02
4.508818089308085086e-02
8.840095311089469360e-03
4.254543947192038211e-02
-1.668812909471598799e-02
8.985902697879230572e-02
-1.384633317162925654e-02
9.790177365988449176e-02
5.056383684688513236e-02
3.311923269904684664e-02
3.414350161521233218e-02
7.626388156854649325e-02
4.269948420306636516e-02
5.977811950955502773e-02
7.120288261015557396e-02
5.553541470984847683e-02
1.646681152702840142e-02
5.606465844557868838e-02
8.350643081772284038e-02
-1.541841736514693376e-02
4.135672564822275021e-02
8.513667604288020774e-02
5.661909421515889940e-02
7.719565386900577308e-02
-1.964764338988246942e-02
8.306317056090145590e-02
6.631738755004629171e-02
9.297822047565003356e-02
6.722132005446228298e-02
-1.839346599128754284e-02
-1.064421063832655771e-02
9.367712675422455726e-02
-7.132458586475437165e-03
1.340891963230991801e-03
9.680345262076558988e-02
1.609880001387237539e-02
1.437051543922540989e-02
6.493222182898900074e-02
7.467157804175743319e-02
1.147915910159819433e-02
-1.837986080157336805e-02
6.737749501112262618e-02
5.216394084387002139e-02
-7.265126356851392408e-03
6.706392309555372910e-02
7.672490290483828523e-02
6.578784670001017187e-02
5.782873225427646174e-03
4.447299419245000218e-02
7.665564943760597161e-03
9.558929880781730226e-02
-1.183110342019591359e-02
8.221742469571360901e-02
9.464189366480343923e-03
3.986400492930891604e-02
-7.387501647535148208e-03
9.017975163006136663e-02
8.413641365201286748e-02
6.617036184863507586e-02
6.760635495620709312e-02
6.779771163268878686e-02
3.532110518579646696e-02
9.677142558454832066e-02
1.046267346961570616e-03
7.796439042910664752e-02
6.115186867670735493e-02
8.405851585053208952e-02
-9.366426569952918807e-03
-1.603892623689344779e-02
7.472560996450811066e-02
-1.584501265329295999e-02
2.221208208318638938e-03
1.872112238769185408e-02
5.298213410089586128e-02
-1.613553451450150736e-02
6.252749491198615617e-02
-1.527576848478831920e-02
2.339885480711635310e-02
-1.485822290828393843e-03
7.978541127565380586e-02
-1.867737802030235150e-03
2.360421741711669560e-02
4.959445226268777152e-02
3.894001225019705359e-02
5.453278230065713994e-02
1.177098670274787443e-02
4.799072880531125157e-03
6.737348765175450727e-02
4.482145706553374020e-02
3.588679492731843002e-02
2.898586793969359574e-02
1.363997633077672703e-02
3.489636058053788292e-02
7.919046527408665770e-02
9.856348203948279291e-03
-2.755691982974189241e-03
6.474169125437008454e-02
5.636262790671490996e-02
3.873688516173016960e-02
5.050960626327440084e-02
4.712017644709186326e-02
2.031761774911133508e-02
-1.812679442036384259e-03
3.865814847343979066e-02
8.724854788948535611e-04
6.662944257506495105e-02
2.080628156154111508e-03
-4.865622906447363352e-03
7.455360992048742919e-03
4.658468725839676194e-02
2.207017053791171871e-02
-1.084835581411498079e-02
4.394258205804332795e-02
3.936991844052800671e-02
9.531102407330860338e-02
8.349641394708143260e-02
8.950590509343356316e-02
2.336952850935464579e-02
5.499586959868892067e-02
9.813151276093541597e-02
4.192849893158488717e-02
9.873746278366654638e-02
-1.018369691534370958e-02
-8.430809341007261537e-03
2.238318688913177798e-02
5.516421542259189459e-02
9.802932225888720541e-02
8.119775971617419763e-02
9.030461015044455308e-02
9.944992280012870944e-02
3.022772661146762643e-02
7.824779230649500650e-02
5.111044723005753188e-02
2.510753325904609493e-02
4.190944857962373982e-02
-8.837914284345682950e-03
1.999904369272449342e-02
2.149660987917939928e-02
7.506875968895801443e-02
9.050060991886002548e-02
3.058593570421605165e-02
5.688834646727590483e-02
1.440846717809913732e-02
7.314014436938356956e-02
8.849268467178383196e-03
6.561555936058975635e-02
4.397981757752640608e-03
4.610428388838433422e-02
6.873546508896073715e-02
8.515820725075673447e-03
-6.686881059392097565e-03
5.865912123347019613e-02
7.289848661300446508e-04
8.626491094026217388e-02
-1.025382037305209125e-02
2.903035208253756591e-02
6.469714283883674921e-02
-1.411819170282969937e-02
8.204657893602081142e-02
1.264413712656764846e-02
9.609185538835098017e-02
9.063977642110249144e-02
4.063990018407788452e-02
6.963869358724551067e-03
5.561347651828113525e-02
-1.664119352620717016e-02
6.763876686725341786e-03
8.793088398454840249e-02
-1.071001632048946411e-03
7.821945322532407319e-03
1.843542040532450063e-02
6.942597282576205842e-02
9.641704000368594984e-02
7.506674741640715492e-03
4.626683964455573228e-02
4.689657433301845646e-02
5.603517293914217490e-02
3.936533989233365061e-02
8.618649835984483476e-02
-2.511343009595712328e-03
8.017588005010611862e-02
2.640773497998474481e-02
-6.904978409046330645e-03
-1.660689898700117711e-02
9.784685768963138908e-02
7.386614201131590229e-02
-4.539973783006100161e-03
9.133921359688941533e-03
-4.260453991762731818e-03
9.721722318387319983e-02
9.890112026393213518e-02
4.394910362832664397e-02
1.708423926664024220e-02
5.579235305051218063e-02
-1.654197839110628163e-02
3.995684943860719485e-02
2.436798901148060428e-02
-8.181840157807740085e-03
5.150201914793905988e-02
8.708729504581928793e-02
8.863478274426410397e-02
7.202985534873766749e-02
5.808124788244010961e-02
-3.185336673303135885e-03
7.341692747075942438e-02
9.320717389209759451e-02
3.877296209856898046e-03
5.444466062894265379e-02
2.336414879321317348e-02
3.902713342678114372e-02
4.214382528609242340e-02
-2.508223048592255616e-03
-1.987781600988248673e-02
4.894366361748955785e-02
9.892926937400264853e-03
9.937147091287452938e-02
-9.125887196558024259e-03
8.691874222346081258e-03
4.901185292985291153e-02
1.166653933550775360e-02
7.582917953695851587e-02
5.081231807767944142e-02
-1.282453594059023219e-02
-1.469350574413629505e-02
7.044021778573773818e-02
4.265831762592818543e-02
9.515040288704895710e-02
9.654646375481935883e-02
3.735363966435208127e-02
6.021773111197922801e-02
3.573424077757829387e-02
9.854756430960603941e-02
-1.705044324064667119e-02
7.983482370689147511e-02
1.905839347957918872e-03
6.465921256049259047e-02
9.662916998562359749e-02
7.384428226785404170e-02
8.321043164870485509e-03
3.427209700414426963e-02
4.681703665632432065e-02
-1.091562644516361202e-03
2.371360408163217595e-02
4.298229245401621879e-02
8.867416209420526940e-02
-1.881322298380154814e-02
5.301952861550028595e-02
6.680742655375390693e-02
2.650862264994792092e-02
3.231024122815291666e-02
3.063211237521311706e-02
5.385365068468039862e-02
4.249999194294723504e-04
5.714063596306029336e-02
5.301345183431345476e-02
5.569767071832026906e-02
1.213287463869893931e-02
2.496800510857248925e-02
-1.895061422373151352e-02
-9.153452498581380464e-03
4.932923640886967276e-02
-1.648730611526914164e-02
1.898112138241215760e-02
2.930128642834792935e-03
-4.630374691024088246e-03
2.364283137101438545e-02
2.133800547389972865e-02
7.975645704140178760e-02
2.203152684683189547e-02
1.835397595176179938e-02
6.708794129045671240e-02
8.435623145781540044e-02
8.234540388520161791e-02
5.698986371002666418e-02
3.818160335498642366e-02
-6.068549845407965326e-03
-1.583248727655596488e-02
6.567398573968351305e-02
1.790595011342007922e-02
4.534695930394101737e-02
9.747324196996892676e-02
5.696390220865008014e-02
7.190944814754251374e-03
2.878230183522982252e-02
-1.622343010875396813e-02
7.731680072491341205e-02
-1.485398498171725673e-02
7.963839671069701531e-02
1.804173173492682955e-02
