1.015487753039682639e+00
1.006734481813985838e+00
1.015948240735997210e+00
1.071592367956045955e+00
1.020090490374267578e+00
1.033184315144174636e+00
1.082273469778809449e+00
1.008656455277508135e+00
1.036965125215401518e+00
1.097637790134020852e+00
1.050624682733696913e+00
1.009781963115994774e+00
1.080989595748675924e+00
1.081113729044373750e+00
1.011406927808787382e+00
1.045239453516172201e+00
1.092781617434747554e+00
1.050874350562599036e+00
1.044613778743616717e+00
1.089210804201493632e+00
1.000075919421665072e+00
1.049402842665642321e+00
1.058340086980200212e+00
1.031713190958148729e+00
1.070972016010675931e+00
1.084082081726182478e+00
1.057110423379364006e+00
1.086076538308854200e+00
1.030989318522973708e+00
1.057666778235205163e+00
1.057097833032600631e+00
1.084334875333671233e+00
1.090865453318443201e+00
1.088099684154264724e+00
1.014258429410881179e+00
1.015255453438614897e+00
1.002042113059150141e+00
1.053991534308678757e+00
1.061381896840410732e+00
1.000090813255430700e+00
1.029145976592273026e+00
1.075843615939584330e+00
1.017532259807698347e+00
1.027061788520681640e+00
1.040950033952740661e+00
1.019337067318363044e+00
1.054236154909295786e+00
1.046122718715158273e+00
1.091859599435947237e+00
1.056116140774662204e+00
1.013794592488822754e+00
1.051170038877424107e+00
1.066289486554155452e+00
1.021513700947081604e+00
1.074936501324874616e+00
1.048141594407198340e+00
1.070794298975203507e+00
1.021116847395059368e+00
1.081346904116014196e+00
1.077293932403793342e+00
1.071381232616192669e+00
1.016169947170399768e+00
1.024200650580077809e+00
1.033095003416755198e+00
1.053575272577776500e+00
1.095667712269928762e+00
1.037867466855276088e+00
1.052046484285640959e+00
1.038567728554553593e+00
1.063287611778413133e+00
1.019570893462543593e+00
1.027565426420302463e+00
1.025027203918165597e+00
1.072119371765631657e+00
1.044648632074873795e+00
1.067080063542723334e+00
1.071768191973085704e+00
1.028306824120324148e+00
1.040066897748091357e+00
1.096585730737333675e+00
1.067822992990983710e+00
1.009235709452332763e+00
1.050375411877837895e+00
1.004141236988560060e+00
1.077817744896701679e+00
1.018660487276866533e+00
1.094447271574503944e+00
1.011396727717963184e+00
1.027133112183212349e+00
1.092407959597488487e+00
1.073324161647322583e+00
1.086186208004188192e+00
1.040966226216573531e+00
1.084166987133347915e+00
1.015468236390980827e+00
1.097549754492773477e+00
1.047835216331836294e+00
1.031297520964755687e+00
1.061303498394105871e+00
1.042816956784865079e+00
1.032185340824372410e+00
1.030543781913770163e+00
1.065998943718909242e+00
1.002330581775537244e+00
1.082648467880778842e+00
1.058409793982155955e+00
1.078289559905100781e+00
1.056355592018761280e+00
1.020024706925126923e+00
1.058514550320408087e+00
1.025550803433189495e+00
1.064389320779534520e+00
1.021807641991999471e+00
1.082715191508723640e+00
1.042768637540132826e+00
1.073322409285678569e+00
1.017536940187229177e+00
1.023933263306757269e+00
1.096460453976798588e+00
1.030628411578298875e+00
1.071191144686497676e+00
1.070857017744180739e+00
1.045932063519328103e+00
1.034722279025947822e+00
1.009586920340509675e+00
1.034199852042751777e+00
1.090696164348688546e+00
1.024249280492662617e+00
1.097126045309330333e+00
1.058270812708193453e+00
1.009485629251533956e+00
1.041886228533285275e+00
1.004382584515006060e+00
1.041309409030495736e+00
1.091707855302694208e+00
1.069650410284697317e+00
1.004751810726089323e+00
1.018813690083240298e+00
1.020435009765424672e+00
1.068629171014275014e+00
1.049733440897485437e+00
1.035641998468287417e+00
1.052962524466589223e+00
1.016547436503251189e+00
1.019464049498260305e+00
1.047392078070329191e+00
1.068519439170438678e+00
1.098423705991270705e+00
1.042962346054170153e+00
1.007945928261896551e+00
1.059174211468738802e+00
1.002953767611712177e+00
1.096252405679118969e+00
1.005994970273378808e+00
1.016004712474270821e+00
1.034343374201313503e+00
1.017887663324585468e+00
1.030011968682201351e+00
1.021190655041426698e+00
1.069426857501214689e+00
1.090154977074231368e+00
1.015143891852569702e+00
1.013326713596417017e+00
1.082704265628628759e+00
1.083362228467476873e+00
1.069697759926074632e+00
1.018763055826836350e+00
1.000762566376214968e+00
1.024193435829754861e+00
1.000347575972198033e+00
1.067211409212172502e+00
1.057126753184084889e+00
1.058350830201763237e+00
1.071317611508700418e+00
1.050160224706073508e+00
1.059860557997185593e+00
1.098025094875686447e+00
1.093998699068148506e+00
1.047426596671384935e+00
1.012048521185128225e+00
1.009367100950703033e+00
1.091604864814082143e+00
1.047142794836475987e+00
1.006278317288921809e+00
1.062819402948787628e+00
1.015281800734111117e+00
1.085265653778574979e+00
1.084210223355150937e+00
1.025550078178053770e+00
1.010011968727016374e+00
1.055802819418313110e+00
1.026699056235482743e+00
1.017384987140402819e+00
1.002633282934526138e+00
1.001483045508831715e+00
1.096402151041452555e+00
1.006235805753071366e+00
1.092076181786170386e+00
1.033627417144789451e+00
1.016866552921270594e+00
1.083959876294080749e+00
1.089110249984772683e+00
1.056969755622607643e+00
1.023853334758423328e+00
1.021130532980592198e+00
1.004628563539960995e+00
1.028877662266571180e+00
1.073271126732689540e+00
1.004402643427870112e+00
1.090269958215013046e+00
1.081463600940252734e+00
1.096374209981544778e+00
1.030909084684215049e+00
1.013886985620371828e+00
1.021193243183153188e+00
1.033015608904412241e+00
1.069238563905704487e+00
1.080883738595033172e+00
1.062283166749119045e+00
1.070863108378671047e+00
1.091567623988532132e+00
1.014671177604568486e+00
1.048829023035117380e+00
1.018848492886047952e+00
1.021269781010671451e+00
1.013231634816569526e+00
1.067460313601691579e+00
1.032914097881881821e+00
1.043419335905106937e+00
1.023832451909316044e+00
1.071393141445713182e+00
1.071473774441095816e+00
1.049673849887241328e+00
1.052669667644788865e+00
1.082235152451308302e+00
1.072801829633297510e+00
1.068581155638266278e+00
1.011864671104769187e+00
1.048363853220094732e+00
1.027539543244095244e+00
1.090434191822262866e+00
1.090035417238049087e+00
1.091738020634236861e+00
1.074243695627946193e+00
1.049181909655389600e+00
1.010702166302080762e+00
1.094329185466035081e+00
1.016599546122227693e+00
1.054494234478697612e+00
1.039911575950598355e+00
1.088892234289576821e+00
1.056907185178623587e+00
1.075572891856054536e+00
1.049400200277721185e+00
1.079710434804656671e+00
1.007157314831344186e+00
1.017893741259751961e+00
1.014903748935981342e+00
1.058353074179093412e+00
1.021192848564008049e+00
1.005106264879348066e+00
1.064453632821455331e+00
1.036529667444387792e+00
1.036010947670587434e+00
1.096977184851879450e+00
1.020357671756015661e+00
1.026112685540902625e+00
1.036925813099145222e+00
1.079886058520464598e+00
1.097069613774968699e+00
1.027120570888628626e+00
1.004299330091877662e+00
1.027911522648627507e+00
1.086924685537391744e+00
1.039260743556013278e+00
1.036406021783877085e+00
1.093311094065341660e+00
1.061271921151964115e+00
1.073549144297677005e+00
1.010642761857339478e+00
1.005159446437020376e+00
1.015993130329043481e+00
1.039941554104748089e+00
1.013916802140364393e+00
1.042154528217719811e+00
1.096148775295153976e+00
1.029164208245058720e+00
1.042365869256181687e+00
1.012074242383617095e+00
1.065430342375456529e+00
1.016650479597626111e+00
1.011996355573679951e+00
1.067733127951818739e+00
1.015578643020617955e+00
1.000597278342786334e+00
1.066104096606682372e+00
1.025097489274057416e+00
1.098794860837071230e+00
1.094982645733020510e+00
1.015096158983365360e+00
1.065167861692799756e+00
1.017449067849247601e+00
1.069838998060377078e+00
1.026699504911508631e+00
1.081601626873364141e+00
1.034067271520912934e+00
1.054330846794540033e+00
1.089245128322948286e+00
1.085067886264899251e+00
1.083175441864177246e+00
1.070160765247889501e+00
1.073806482730321532e+00
1.005459794399204076e+00
1.098627477606566316e+00
1.056311521910302975e+00
1.086287642366370765e+00
1.003200998657294063e+00
1.001028558046223704e+00
1.008099250078380527e+00
1.018422981285078688e+00
1.065121058319925762e+00
1.010488898031680405e+00
1.096444255336137541e+00
1.019289766927356622e+00
1.016967357035919894e+00
1.090534583850058414e+00
1.066815933197131416e+00
1.089658317715250346e+00
1.024791709905015002e+00
1.073564158285865711e+00
1.093776883282275403e+00
1.055646596799730830e+00
1.094530489059223566e+00
1.050293463257216064e+00
1.095137720045045615e+00
1.047634166646039811e+00
1.015877931981242766e+00
1.036073683469156625e+00
1.038223489304988867e+00
1.043903163848389770e+00
1.047637534948071769e+00
1.023543665129768687e+00
1.050833922996769809e+00
1.058023005256772286e+00
1.090750423980721751e+00
1.043367406837311329e+00
1.040828547296619888e+00
1.006133924136310309e+00
1.010438948529456482e+00
1.077891121728543400e+00
1.029066824624953025e+00
1.095559399300640280e+00
1.078654862398597647e+00
1.041411323860709448e+00
1.077900423190814472e+00
1.005744986226837279e+00
1.027762871728449046e+00
1.088570159191579956e+00
1.063286955883687712e+00
1.021596141158924054e+00
1.040047312183377093e+00
1.082776073443169951e+00
1.082351842333884928e+00
1.007908218838757142e+00
1.003548980491295817e+00
1.000257468641278846e+00
1.076519460933510475e+00
1.033961802222612469e+00
1.085713174813680792e+00
1.005633582203468546e+00
1.036257862556521969e+00
1.097792205107536612e+00
1.017767843843813580e+00
1.083913157467504051e+00
1.055905622691562629e+00
1.023452265380456305e+00
1.054990527680048418e+00
1.030381749276927605e+00
1.039004016107585082e+00
1.024689351994329867e+00
1.080971168140660854e+00
1.085840674120350791e+00
1.055107250897096005e+00
1.067037799988096669e+00
1.020485597629527508e+00
1.080377929634013912e+00
1.066853372378061993e+00
1.005730187628071981e+00
1.019138770552760587e+00
1.027132128276975864e+00
1.019840274599055574e+00
1.077496494484586842e+00
1.080879203614337314e+00
1.063123118969006020e+00
1.057236699051630202e+00
1.089030287310224665e+00
1.098018824327987364e+00
1.098328740526099079e+00
1.046324216934264140e+00
1.089241295185908731e+00
1.021865729095717157e+00
1.063726875555094820e+00
1.095325085191786396e+00
1.019891276742090458e+00
1.061501256941164373e+00
1.045040582110346117e+00
1.081351194320254505e+00
1.034687624582790288e+00
1.008047439623915187e+00
1.068057558248839412e+00
1.071227888609011636e+00
1.063751940230671211e+00
1.076876035666004761e+00
1.099340281454814106e+00
1.048132705934796682e+00
1.088685973126232609e+00
1.055622790479602058e+00
1.077030047716977634e+00
1.030920802156535254e+00
1.031521193472315634e+00
1.006654476245819163e+00
1.056381211184074909e+00
1.051527151932714510e+00
1.034961817934394457e+00
1.090607022245889901e+00
1.071023194845506898e+00
1.049362726928871670e+00
1.027512756174356223e+00
1.019141806875906830e+00
1.068301435672961652e+00
1.067774391664498612e+00
1.076867978200417797e+00
1.042989928048671633e+00
1.011133907374035523e+00
1.097827980561118633e+00
1.043223428487826787e+00
1.002365683251425388e+00
1.015031146972645848e+00
1.004433724688587937e+00
1.077113993790906443e+00
1.035892882857578634e+00
1.022237597752405636e+00
1.027913324494273306e+00
1.081602360175963895e+00
1.074808240307968621e+00
1.031371318660691649e+00
1.082201536510195572e+00
1.090797273324958017e+00
1.091607808497109255e+00
1.052666143415651678e+00
1.002780805440204537e+00
1.007558816501753052e+00
1.002628715195905906e+00
1.037257547187476980e+00
1.050548468745972963e+00
1.010786922779790764e+00
1.023262879100433453e+00
1.000549783772990420e+00
1.022773031146819056e+00
1.060393610955250976e+00
1.030320546492127010e+00
1.072400123620021573e+00
1.077529866931793423e+00
1.099563208797401437e+00
1.098739797304248755e+00
1.018316143922975758e+00
1.054969428871450843e+00
1.019659382663103742e+00
1.048007640463154644e+00
1.003836297568257985e+00
1.026433350334113870e+00
1.013859524775630128e+00
1.064932493403243807e+00
1.025701023438853499e+00
1.031879982162605236e+00
1.094152637004062179e+00
1.084350122181997778e+00
1.003878368149715206e+00
1.056020431331037512e+00
1.027556497521300960e+00
1.098495463170823916e+00
1.014968917128975967e+00
1.091679989007700025e+00
1.087849396790941281e+00
1.001631448860787366e+00
1.072130321394314967e+00
1.050043699931993757e+00
1.021033231878710534e+00
1.091631695226660925e+00
1.054333426502363391e+00
1.082258071682151046e+00
1.012276882085408447e+00
1.067932034022291532e+00
1.090618680694063425e+00
1.086220897953488196e+00
1.099354014521069844e+00
1.048134850590589195e+00
1.030960581248295371e+00
1.054340234424054668e+00
1.056287715433888996e+00
1.044546789772160977e+00
1.042243706017014881e+00
1.069807474668782010e+00
1.086992000790535373e+00
1.080155576368306392e+00
1.045026268746350295e+00
1.054893861279636580e+00
1.084674655361635098e+00
1.024096956467020814e+00
1.086260535814018269e+00
1.003013994341511284e+00
1.047049186245624153e+00
1.063373057323559134e+00
1.091490115424050167e+00
1.019434613168633375e+00
1.002950341824666358e+00
1.096492028516995898e+00
1.028382549778831256e+00
1.066263252692566388e+00
1.062018208088350457e+00
1.094426573593958674e+00
1.090029650454355181e+00
1.035990781474379618e+00
1.082542140283153653e+00
1.050996493901136919e+00
1.087572782717387554e+00
1.048127158383631796e+00
1.039808646655867586e+00
1.046179677067162750e+00
1.027954115968441773e+00
1.055977690662366131e+00
1.010034288748326015e+00
1.051558034256891982e+00
1.093423315014867114e+00
1.041239737038366364e+00
1.076406685286798171e+00
1.062460200455272785e+00
1.032033730371690661e+00
1.092667480564803340e+00
1.023057527179684456e+00
1.010268648079073017e+00
1.048580628842810114e+00
1.056337396661425787e+00
1.037580441382882857e+00
1.081047493344852839e+00
1.020414910130109876e+00
1.037871583787707275e+00
1.089442442077205087e+00
1.024471647016176323e+00
1.037646401837966303e+00
1.033215372307010105e+00
1.017136041366607957e+00
1.023858188955637516e+00
1.065843808856313135e+00
1.077269432274141847e+00
1.045041415865631151e+00
1.004926791262399588e+00
1.028477023131073587e+00
1.083796455539532522e+00
1.086576771189319501e+00
1.078767445212006404e+00
1.048342079415940820e+00
1.006863674208337889e+00
1.048908518074831875e+00
1.085959759651829559e+00
1.055614292020132794e+00
1.009329003602869923e+00
1.009715970205682156e+00
1.091334326818133027e+00
1.031922854678799295e+00
1.068943618333888068e+00
1.089123508583933475e+00
1.054086974711714975e+00
1.037447850103115243e+00
1.057438782556862966e+00
1.025768274045608663e+00
1.010580598328315594e+00
1.089284828573695574e+00
1.031443807352983688e+00
1.012389283356179392e+00
1.050915085931015236e+00
1.005133423535515380e+00
1.087592451902017476e+00
1.016933802524659036e+00
1.059410363131314758e+00
1.050791639180215453e+00
1.056828938908100257e+00
1.011770150172899285e+00
1.001956179107353684e+00
1.076585897888407306e+00
1.087579233260890677e+00
1.000786564986583249e+00
1.048662477293365036e+00
1.024635107768978592e+00
1.089284922429820224e+00
1.096773345381945042e+00
1.089589441259112723e+00
1.084775074785299998e+00
1.054505793045008355e+00
1.052901118269301106e+00
1.063564437286637077e+00
1.053647690487701460e+00
1.077271210330245976e+00
1.002964706021297392e+00
1.064015927316103172e+00
1.081535431045059115e+00
1.040248332686604771e+00
1.058262503449040715e+00
1.048372821639081742e+00
1.093847719908912719e+00
1.053034804261300250e+00
1.007589326957464282e+00
1.083589943512120568e+00
1.022188003061668571e+00
1.053847446402015553e+00
1.082827129014984680e+00
1.081645379833934051e+00
1.025192856580198875e+00
1.072204954320994608e+00
1.057028288339503463e+00
1.024870203860831275e+00
1.091772617820174762e+00
1.036945944996418012e+00
1.011020534377374602e+00
1.036862794045169789e+00
1.035932436225463382e+00
1.083616339312333476e+00
1.011649761098651013e+00
1.082530495877163323e+00
1.003249307407117374e+00
1.079290056952502130e+00
1.070850625186210880e+00
1.093418141967642310e+00
1.026418296843015110e+00
1.000758060316914611e+00
1.049965565876585183e+00
1.015151831063431320e+00
1.025632338623672979e+00
1.049790645853745596e+00
1.010468763668184167e+00
1.078277540235757836e+00
1.082404318969558243e+00
1.029837422708913985e+00
1.059361761003268176e+00
1.097797040125261248e+00
1.012312523218093840e+00
1.048554743708445480e+00
1.086973176858181844e+00
1.055968818199043646e+00
1.091199868412599638e+00
1.077466841066944570e+00
1.006072007324738227e+00
1.031439533922614338e+00
1.031414628489647045e+00
1.028050819134836980e+00
1.002977636558198382e+00
1.065409191924722165e+00
1.061326932229936348e+00
1.062452879635283676e+00
1.087027445225237532e+00
1.051607857740991525e+00
1.040239323048700149e+00
1.002288855440117032e+00
1.074312130590697523e+00
1.010261118753914111e+00
1.065692329696693141e+00
1.035181516377728927e+00
1.003046531628131399e+00
1.084003024790204828e+00
1.050759501276828267e+00
1.009984895525813053e+00
1.034615937574447031e+00
1.024547201887058057e+00
1.029066009168743800e+00
1.007528260142175780e+00
1.044642858544751807e+00
1.008011451323852503e+00
1.098622969877520728e+00
1.092762513778021694e+00
1.008707338078401516e+00
1.035584369818572936e+00
1.088087512057839046e+00
1.061659865479091192e+00
1.076910609745298064e+00
1.068215115733718523e+00
1.081957947134861486e+00
1.053150348325184948e+00
1.047834050175030285e+00
1.006378857565938922e+00
1.040541771374079216e+00
1.096979519805111991e+00
1.098430573949923383e+00
1.039279056041598981e+00
1.093796424536258360e+00
1.060952783172424807e+00
1.098891470613924559e+00
1.049628643498783154e+00
1.085417346258649163e+00
1.016335319826676686e+00
1.096109350331379906e+00
1.007333186032805861e+00
1.024556108989131742e+00
1.008086313700437220e+00
1.024128765979126277e+00
1.027965235343065942e+00
1.082266025586980041e+00
1.075311282369706189e+00
1.030235487273076567e+00
1.040906151974735794e+00
1.067794899708939704e+00
1.049980737472661962e+00
1.015815040512310530e+00
1.094650457589046333e+00
1.005250547691566299e+00
1.083780318107024909e+00
1.064833913330239135e+00
1.045041482842721914e+00
1.060592191443449517e+00
1.034952927755102836e+00
1.040910480631732860e+00
1.063660103246799160e+00
1.077738591656295597e+00
1.011088448030215803e+00
1.076670816606533521e+00
1.002663124179204113e+00
1.043824081765358569e+00
1.032504370828009055e+00
1.022799268513357562e+00
1.025917463482978187e+00
1.070742027158858356e+00
1.040208387788133404e+00
1.098293447701699010e+00
1.060482206707259456e+00
1.069476815595363117e+00
1.054131979850992273e+00
1.046286446792897840e+00
1.002353363115412455e+00
1.024994122630820348e+00
1.091848200474174746e+00
1.024344406922779838e+00
1.009620976231498046e+00
1.098607338275892742e+00
1.059402248103335387e+00
1.080669977483084576e+00
1.064231620648580456e+00
1.033224704165848662e+00
1.073879499639803115e+00
1.084307615202749764e+00
1.044335823600580859e+00
1.014954113152642279e+00
1.013648880359677928e+00
1.034870230763140775e+00
1.029681461946057919e+00
1.044885121452886034e+00
1.003906764271154994e+00
1.027977872779651136e+00
1.026419756511382397e+00
1.085136239257315838e+00
1.067301869184705154e+00
1.071425792812423117e+00
1.027352873077594930e+00
1.076366416096576462e+00
1.003644518361346494e+00
1.086767527280083190e+00
1.022977754593987321e+00
1.084700623824481180e+00
1.092465566840430613e+00
1.089121488171931107e+00
1.091275948473734658e+00
1.075598846631137695e+00
1.014476100241891610e+00
1.005383697494624862e+00
1.082580908393536712e+00
1.038607860878100198e+00
1.087310864893680673e+00
1.076527706803390716e+00
1.079541223032287833e+00
1.062032076811126213e+00
1.011749690429277315e+00
1.021802709991983082e+00
1.080000024912785017e+00
1.025724453633933386e+00
1.087260857439217299e+00
1.043459590220586097e+00
1.014268524743686894e+00
1.013950128956540464e+00
1.059930646933546328e+00
1.067045751896975814e+00
1.020869289414520376e+00
1.070021725308734073e+00
1.078048232140530915e+00
1.071734741669107871e+00
1.039077977583334089e+00
1.003191209650803328e+00
1.043959561215489051e+00
1.017464961840576665e+00
1.025561307372460540e+00
1.020195937250180984e+00
1.093258582846673432e+00
1.043935986991937570e+00
1.029399104421969469e+00
1.053421119122069483e+00
1.099777992299600271e+00
1.064616926927681728e+00
1.071910728350242703e+00
1.078036665818689954e+00
1.064617525325854075e+00
1.034559274507416804e+00
1.058944869291755353e+00
1.058187718990822423e+00
1.002249725615342424e+00
1.000802780559014504e+00
1.071555768183569235e+00
1.063805777246368711e+00
1.068661240996269468e+00
1.097627555390778831e+00
1.077894414511706644e+00
1.040570270025423127e+00
1.045734612841211719e+00
1.036807797252793373e+00
1.022615078743441597e+00
1.093281729670994906e+00
1.039279073273386089e+00
1.072471154155615114e+00
1.009995766600080724e+00
1.030142440917076296e+00
1.064645735056913400e+00
1.025202472032908263e+00
1.051084142825600587e+00
1.067879427532318459e+00
1.058617229382649239e+00
1.032147627871534024e+00
1.030804740452667900e+00
1.095186486400153481e+00
1.015078181843750649e+00
1.061548652296814277e+00
1.069808458415411057e+00
1.035323734796956607e+00
1.015595485420744959e+00
1.024461633384060155e+00
1.025764627509373028e+00
1.015500986685775153e+00
1.065077168482235104e+00
1.025188164210117936e+00
1.028496937409973278e+00
1.057026680341531577e+00
1.010252538923460675e+00
1.033225842330549815e+00
1.025338245354174393e+00
1.056377746337910484e+00
1.008562908138028957e+00
1.014237493628171949e+00
1.083818376791433780e+00
1.051511045992227444e+00
1.045589968557515403e+00
1.023258711638728835e+00
1.009459021004550650e+00
1.026033542000365228e+00
1.059870825733941091e+00
1.001373902132620008e+00
1.015768585966883020e+00
1.097838360946749692e+00
1.020923058125395189e+00
1.050578167741841318e+00
1.012288747814557910e+00
1.069270700420501763e+00
1.060688322312039800e+00
1.048375684616549730e+00
1.077955279895656870e+00
1.050257572385991933e+00
1.021537463716079674e+00
1.031553140640716570e+00
1.083220844527459592e+00
1.037612588595451912e+00
1.069175037995352628e+00
1.073355013411770864e+00
1.044128013652349418e+00
1.086397365343731991e+00
1.078023921280584441e+00
1.085242038062845804e+00
1.049426215089672043e+00
1.069390157823391974e+00
1.017852542402538196e+00
1.051206774732976745e+00
1.093936067479125640e+00
1.097218120183703682e+00
1.014346956566639202e+00
1.027168974244982991e+00
1.049765506372755119e+00
1.001805123774953232e+00
1.026727141317693048e+00
1.073214883086073490e+00
1.000001759365814369e+00
1.068011633932511195e+00
1.035249982583785755e+00
1.081317105293740255e+00
1.018664158872780057e+00
1.046398165716549089e+00
1.068644429102479032e+00
1.047329001521241088e+00
1.054446184269507203e+00
1.032597962553795545e+00
1.002267473348927851e+00
1.008321243417349855e+00
1.033734856465860608e+00
1.045155184610877086e+00
1.056772068332351378e+00
1.028910492830613421e+00
1.036626676739166086e+00
1.071637705265339635e+00
1.014244697316522670e+00
1.037210291077880875e+00
1.042880732384485309e+00
1.028616162949175905e+00
1.063304200920750286e+00
1.074102229443064660e+00
1.034262647908091193e+00
1.086986738843572331e+00
1.058827607670470350e+00
1.086906663858765443e+00
1.003345674973080248e+00
1.025117933076176380e+00
1.057389190896052655e+00
1.098874779643783439e+00
1.094680939719953283e+00
1.047039350518909062e+00
1.056445385074021859e+00
1.054132598795582965e+00
1.083646698413102349e+00
1.014300388418241994e+00
1.079716601333831960e+00
1.040229060354499913e+00
1.086681610973626588e+00
1.021704617414397553e+00
1.044740855321237394e+00
1.029523213502110401e+00
1.093819293090062983e+00
1.052944201314647055e+00
1.096730371863300801e+00
1.011501318256526005e+00
1.000450476732433591e+00
1.030377730219999677e+00
1.017554536269092980e+00
1.015825705227348719e+00
1.011759290028202640e+00
1.035210750495274112e+00
1.072917718331408476e+00
1.051280945805475264e+00
1.002807666961490041e+00
1.091493013152697422e+00
1.077031975150359644e+00
1.067459049638767254e+00
1.049022470844501953e+00
1.048627710602673568e+00
1.036366066917450368e+00
1.045821595621621025e+00
1.037179260459295538e+00
1.093506302565024235e+00
1.027104744307422157e+00
1.002975256762860479e+00
1.035599068439118531e+00
1.011631057648583187e+00
1.058218583079314490e+00
1.003537284922389139e+00
1.074481482073116556e+00
1.089046194281228841e+00
1.072019218806549823e+00
1.025152056347147900e+00
1.026473950608653540e+00
1.094027781373041242e+00
1.070701670570109565e+00
1.080650394767369349e+00
1.063627565274217313e+00
1.058969363994768598e+00
1.059003261455533140e+00
1.007705905989829231e+00
1.099616055058036945e+00
1.015940111895225373e+00
1.027967496045001594e+00
1.036563700566364377e+00
1.040406997883222218e+00
1.095563895344055183e+00
1.056946012659261802e+00
1.071469940438607216e+00
1.080884111197196518e+00
1.056539744198863540e+00
1.088406657397417376e+00
1.004732621865149111e+00
1.099138708666379749e+00
1.071294630274350235e+00
1.010774254088788737e+00
1.089997456678468923e+00
1.093633527992514232e+00
1.048712759650049842e+00
1.078482689165736863e+00
1.027022008266187614e+00
1.019287299294896254e+00
1.053462975415124125e+00
1.016060147803965918e+00
1.043683887311584790e+00
