8.683670884724337125e-02
9.013363705731944342e-02
6.272183413649434769e-02
5.129053954956803996e-02
4.619196265066979890e-02
8.635051700557505594e-02
9.934608232365710334e-02
9.647089160267317831e-02
-1.818095568926988287e-02
5.731781387182358078e-02
7.583144280558533346e-02
6.176985784426437809e-02
1.413719538944526941e-02
4.558526206326778824e-03
9.672457162023383181e-02
8.995804748356130143e-02
3.454767868703625955e-02
1.064749820183774967e-02
5.173296661127070595e-03
-1.007166747884359094e-02
6.407884462087111432e-02
2.233116490067211732e-02
4.725100305198348671e-02
1.469890791961862495e-02
7.808540053925609736e-03
1.365211833297108948e-02
3.025454529644353366e-02
4.275141638076962458e-02
5.151421438536230024e-02
7.628784189488492518e-02
5.302069975643225463e-02
6.372807381169526275e-02
-5.900283620694070016e-03
-1.056042528963832029e-02
7.279934161005838233e-02
2.408368418328811836e-02
-1.304732598200015331e-02
5.128540654070426474e-02
2.204704463071031212e-03
3.127621652854961631e-02
3.468406320522970931e-02
1.108893745942452977e-02
6.835232128143206576e-02
5.322997721452016329e-02
3.881781956893877450e-02
4.049085970624269337e-02
9.733860646742652223e-02
1.793824087513776547e-02
-1.934866987112985118e-02
4.264547080666947210e-02
-3.949792345684571826e-03
8.306450244387335313e-02
3.441873797533688550e-02
6.336578294615131945e-02
9.648070099754683937e-02
7.479369620188634771e-02
7.702285017651881727e-02
-5.661808678534413497e-06
7.347717436507446298e-02
2.533957714290257721e-02
3.450793852469559442e-02
3.451653546016539287e-02
5.056632903535444867e-02
5.435439010523587799e-02
7.264886008345297630e-02
8.916008901253377750e-02
4.323706605509612666e-02
9.048974435958226370e-02
6.556254300224670373e-02
4.882931677870729070e-02
9.639732789949050085e-02
7.499012489351696009e-02
8.572703292353434090e-02
2.002614167004028445e-03
-5.995098268455721982e-03
9.118163515785805695e-02
3.945402000289723043e-02
1.105785355149389512e-02
6.431069122368512220e-03
-1.079803394935290213e-02
1.881789334507301750e-02
6.358090633205411291e-02
1.092433288408033512e-02
4.311698045011660985e-02
1.688065331385135356e-02
-8.985013520847049545e-03
6.026699419644980515e-02
2.368229859513320754e-02
9.331797197181690429e-02
3.602739383470777990e-02
5.059683063273975878e-02
5.149495784239686846e-02
1.526056840489043234e-02
8.752768336967084450e-02
9.940566938893738436e-02
9.804605557946625971e-02
1.586464253177246111e-02
1.636254855110147108e-02
-1.041102700788092833e-02
2.396977472846518673e-02
-5.796520133051487680e-03
9.182777679501284707e-02
5.556363764881566691e-02
-7.297984460881753316e-03
7.251606080174027857e-03
1.937769184417825405e-02
-6.329509105961833582e-03
1.595232088786604011e-02
9.923253942479498546e-02
1.217337251296045364e-04
2.313896613284207107e-02
2.041306582855178034e-02
6.448072021648400265e-02
8.932086067926239825e-02
3.084745943234150703e-02
2.157210359677660602e-02
7.464774534402363049e-03
8.432500318473298839e-02
7.461317115472361483e-02
1.176183159144771062e-03
8.276586340684746745e-02
4.147928853731264187e-02
5.242612759097994846e-02
7.747849744811771688e-02
2.754109320156921878e-02
-1.193666059300742439e-02
1.398485708591052853e-02
4.531914553599164508e-02
6.992138898847991002e-02
9.945808388174760123e-03
9.252932949630046644e-03
3.566300934907798426e-02
6.347979279407488240e-02
4.615166429333926457e-02
8.078676937184976758e-02
8.960147376074152625e-02
4.981076714356463819e-02
-8.239574964199632839e-03
1.427100141066259958e-03
-1.915017346517582444e-02
8.141944645356846699e-02
4.095735933918735749e-02
8.556629429179796187e-02
-5.723295742963124821e-03
-9.465069120357898561e-03
6.894200594858437836e-02
1.971054514389036436e-02
-1.262134791012908472e-02
-6.429775260633019060e-03
7.014870287264479698e-02
1.272614788375806341e-02
3.716859642754423432e-02
4.887474004702474506e-02
9.353387617848574198e-02
6.466921399127002756e-02
2.133616008677385531e-02
7.585908967508901701e-02
3.196461935619886174e-02
6.966196760504043961e-02
3.478447527547583185e-02
7.695553254089772255e-02
4.530781052851953761e-02
6.850811911080036121e-02
-1.345872637617630263e-02
6.538585828052585758e-02
4.586883591214574452e-02
2.339949063686394895e-02
7.815988574661904276e-02
8.556912513853923152e-02
4.371543264231420034e-02
-6.315301098886151598e-03
-9.217861866869080795e-03
-2.030395322718741430e-03
1.150247350627957299e-03
2.592106276502140552e-02
4.888687042856375287e-02
3.370460970443415333e-03
5.943487374967958148e-02
5.767724167849719308e-02
2.423885383936489821e-02
-3.006592422263865139e-03
4.752923404607968527e-02
3.549683709248926955e-02
2.513810533157031721e-02
8.543109428219640422e-03
-1.403796696510562284e-02
8.048220530373825787e-02
7.622209637526436432e-02
8.835418869993452717e-02
8.738768845566888266e-02
2.458342876736297963e-02
6.725874672092196915e-02
2.798462844825995791e-02
1.620458609315447024e-03
9.548174849236155948e-02
9.821713845393539866e-02
5.222812310225906363e-02
7.074526393292103477e-02
-4.639911804845605128e-03
7.371404663823856451e-02
1.672131290624196895e-02
8.001059277222585808e-02
-1.249198438019459220e-02
-1.722560960454459777e-02
3.959363224623634048e-02
8.189060039628119625e-02
-2.815401109882768177e-03
-1.249505805867103664e-03
8.310830574140708193e-02
7.300800608204850717e-02
2.445957709195988733e-03
4.259745607268847212e-02
7.751397599618736756e-02
4.059696388378716825e-02
-5.829055487734189495e-03
3.021352719109595894e-02
5.495386649084639530e-02
9.395282061728731093e-02
1.946984369315254287e-03
7.200124825727918787e-02
8.900213316172435329e-02
5.897026284432993481e-02
-1.409114846638087268e-02
7.570352493227422430e-02
7.086192775880741090e-02
-1.396700224086774855e-02
-1.462207310218067470e-02
8.365613521287884602e-02
9.843025122961765461e-02
1.156357093845527054e-02
3.318178335775032184e-02
2.684676917722195535e-02
6.431646777875969778e-02
-1.518286485497035744e-02
9.904111073969776302e-02
-1.226976483267880856e-02
-2.536373901966273992e-03
4.276519397430338099e-02
4.735724255193052290e-02
3.120461151246293682e-02
1.165397571410612190e-02
2.596875517337631292e-02
-4.535208441715852037e-03
-1.504832563362114989e-03
-3.652879852863607363e-03
4.798804112209610617e-02
9.975554663389757382e-02
6.686541235289647500e-02
5.290459744017791954e-02
1.891936183537466440e-02
1.507754569520665736e-02
3.799263454409780583e-02
7.491338083897849942e-02
1.320827875158147799e-02
-1.106129779681609172e-02
3.368156087134430154e-02
2.742132038757346887e-02
9.977317274416037940e-02
1.850331943680081845e-02
5.371943892056821324e-03
9.865544951680468855e-02
9.432561855280158225e-02
7.301915193796193471e-02
8.003798958165733723e-02
6.260909560979861788e-02
6.552162462760116601e-02
8.049731039589061443e-02
1.681050734595083626e-02
3.675019952113095512e-02
1.077228445721106417e-02
-1.227075968215426277e-02
7.240620410533485374e-02
3.626153460639795767e-02
4.572626006473476390e-02
-1.416820220903479942e-02
-1.379144425510965728e-02
6.139922880849166265e-02
9.525764702139578877e-02
-5.911319212863740472e-03
1.586777175425941808e-02
7.161726412566482569e-02
-2.093321026240341914e-03
6.033044325200465074e-02
1.442014468548032113e-04
2.144081518070011308e-02
6.176206319550095469e-02
5.488572060311751322e-02
8.905248644963854182e-03
3.227051588611717925e-02
1.143449403383804339e-02
4.616422965196820272e-03
3.082679563890198746e-02
2.923542648425938792e-02
9.293524105678940828e-02
9.801211320166187957e-02
4.977153685699543806e-02
6.237044102385547184e-02
6.809518866068897669e-03
5.142474512533135034e-02
1.759650785361957862e-02
3.399449208168377201e-04
4.563016758450087751e-02
-3.535609593980498788e-04
3.630153412971016957e-02
3.887037470891217816e-03
5.036077308143410008e-03
3.739289102396975428e-02
1.014983567532330710e-03
9.029763082519513817e-02
2.696796086898508790e-02
1.278324688977803061e-02
2.547474877785596212e-02
3.594388423042785274e-03
2.661919049953119162e-02
-6.415497000836593855e-04
-5.333449362838194041e-04
9.746549310967818347e-02
2.451977765095184406e-02
7.005174032496737369e-02
8.645510047162717482e-02
6.763044394466802278e-02
6.284049287602956613e-02
-7.141438667853598765e-03
-9.012088480578422239e-03
-1.142484323062231168e-02
6.526028822554064135e-02
6.602781190830089852e-02
9.283410980980397187e-02
-6.824144690518445244e-03
4.659015687228651448e-02
1.153940576948053395e-02
2.086828172449484500e-02
7.238598356509673426e-02
-6.317237527459175148e-03
9.922474231246526666e-02
5.634790378899426355e-02
-8.563691617283710270e-03
5.931952487420684428e-02
-1.807546446927188813e-02
1.931306300333003947e-02
-1.631793971330948445e-02
-1.545638087897805747e-02
8.317524017330914232e-02
5.589376878938975834e-02
2.582801124569877524e-02
6.702325112572123100e-02
8.867445060942411028e-02
3.725070395790858191e-02
3.219807980484025445e-02
-4.933011628755226002e-03
-1.617525292791745228e-02
7.929259401774657601e-02
5.372921961135071478e-02
4.246846572147239263e-02
8.232333911848566804e-03
2.906283042412768566e-02
1.428283109028309975e-02
7.326388543898580685e-02
9.692339702400518120e-02
8.609575059768313082e-03
-1.391335227699936825e-02
6.942518816138247562e-02
5.621579776452192284e-03
6.547338052063923775e-02
6.055116816966901738e-02
2.226398832879908710e-02
5.435253460280849158e-02
7.911258626855760534e-02
5.577562362555321673e-02
9.174709218749355077e-02
4.185483479147776575e-02
2.938224462218934699e-02
4.112636744153307100e-02
1.719212602269408821e-02
4.407960886633688347e-02
6.092285608161193688e-02
8.910130451848324862e-02
4.208117542343604855e-03
4.361599002904416322e-02
9.321029891815642288e-02
-2.785406559722564124e-03
5.978696434301751517e-02
6.325602523245418829e-02
4.658678095322264789e-02
2.452979631241991934e-02
-8.614073407044803982e-03
9.509539428611943346e-02
4.626740095438895695e-02
2.446871008048502258e-02
6.623842549205505303e-03
7.546680991463229626e-02
7.247111479293551206e-02
2.926798687764574011e-02
3.665527302731490245e-02
5.810548875137791502e-02
2.982128505159279200e-02
2.679044924821835302e-02
-6.476071795480131330e-03
6.929598236309716941e-03
7.606521371573976564e-02
1.509565110963966353e-02
-1.211643696650265001e-02
-1.377043509500461803e-02
2.989916790553668116e-02
2.469704853220536581e-02
1.506054532052869890e-02
-1.987529087889191443e-02
7.134816147169312228e-02
6.073097714145109238e-02
5.400098907481305777e-02
-1.999668791875542848e-02
5.854124130068447118e-02
1.695347125055070639e-02
9.658322504410153664e-02
4.570417251691759331e-02
-6.241628115051266190e-03
4.414534318079288422e-02
1.775702387955747572e-02
-1.198753646672746399e-02
1.464723387876029279e-02
1.316701764215334400e-02
8.435411648370418070e-02
3.978455748642190093e-02
1.510872653660564821e-02
8.161713828885093502e-03
9.469069995850663835e-02
9.575441671141275701e-02
5.887057219654412421e-02
5.333845444898711874e-02
2.281095764606317147e-02
-3.570732599497621756e-03
8.785639588286121848e-02
7.212110297043994311e-03
5.763517655896981118e-02
1.753309189964111572e-02
5.204101086404241960e-02
2.737906243936557085e-02
6.156161870955580151e-02
6.569713445072380975e-02
8.475989770148448232e-02
8.214397649711449589e-02
-1.407155862408871264e-02
9.738531852550914858e-02
5.413946835908904631e-02
8.428702333105210498e-02
5.535855875701595208e-02
4.536373146615746421e-02
-1.927744107297409831e-02
8.180980348548926029e-02
-1.105973088294937012e-04
-1.564987242817648255e-03
7.030642763420798247e-02
-1.228958087576296002e-02
5.436816514589268290e-02
8.717732113873212507e-02
7.670584031385237200e-02
5.484144043362944310e-02
1.325495524997758953e-02
-1.062797634250942612e-02
3.757874247888301489e-02
-2.630684341189550024e-03
4.812394125187939575e-02
5.761002890842539803e-02
-1.323794658847695510e-02
8.810304071283102390e-02
8.185589436351875525e-02
8.793918262838960193e-03
9.675543483616953766e-02
4.090960140575507220e-02
6.704345720479150394e-02
1.376919419534887792e-02
-1.525902977800440430e-03
-1.101906134652055370e-02
4.464010928327266647e-02
-6.854767575682076119e-03
9.518409319688103665e-02
5.719059919937276304e-02
8.658884323441104480e-02
5.200633683470443080e-02
8.761735775381619684e-02
5.651389232889687808e-02
7.293743863923525528e-02
7.575597339959079524e-02
9.093398399810062593e-02
8.470590284158865946e-02
6.368061527219189000e-02
-9.890435729081183819e-03
-9.990376148128574108e-03
1.098083676203724657e-02
1.216987660938523633e-02
-1.049790470991331971e-02
2.820094602764700378e-02
-4.597653184950164715e-03
4.120505789849179812e-02
3.270817429868051740e-02
7.158338372542201455e-02
8.762091604215704876e-02
6.662048640298279256e-02
-1.522791031976756561e-02
9.305922242744152362e-03
4.572260433449396033e-02
1.340297016597883153e-02
8.225356797004491904e-02
6.800753404234999300e-02
9.996133644110231919e-02
2.811852904119286137e-02
-8.511646385837567941e-03
1.348796678425267723e-02
-1.453784395427923024e-02
9.942305891188234213e-02
5.212483656122350595e-02
2.516974518569331867e-02
6.017905180569926848e-02
3.683620188331687695e-02
6.055004266574358363e-02
4.621299811689592862e-02
9.669285844302923094e-02
3.974126073915471014e-02
7.533735707726695041e-02
-4.139707574770876142e-03
4.533982178538678576e-02
6.503955125780527813e-02
5.078169653110940762e-02
6.902541927855380954e-02
9.458882568286484938e-02
3.085322406383781205e-02
1.908079854341932294e-02
6.029267254899091377e-02
4.471338349558494352e-02
-1.360668167865698719e-02
4.720212173754716189e-02
6.680769527188136492e-04
4.213387748121807941e-02
4.130817082261298290e-02
6.038426805573515743e-02
4.480528318627946538e-02
8.261210606400457013e-02
-1.554649448088103909e-02
-2.335165689202136491e-03
4.931855556063667601e-02
6.579927374943504714e-02
9.491016580230417221e-02
8.282227250024952470e-02
-3.420005135417559378e-03
2.597805175465553451e-03
8.900222337495933278e-02
-1.016432955744088658e-02
9.992136758534728158e-02
5.364731591714876069e-04
7.996925276077114508e-02
4.321688950805259444e-02
9.091501590633876972e-02
-8.506927061904029710e-03
3.610709310696130769e-02
1.822653856803832864e-02
4.206697483649859959e-02
2.340029070972466166e-02
8.688279156754898092e-02
7.626217570430902926e-02
2.454200111967709541e-03
7.513617088718586856e-02
-1.364916738130730889e-02
1.043983196435623040e-03
1.499137826083877731e-02
-1.259712350844496148e-02
-6.205967519232311394e-03
6.636128655569839552e-02
7.934599141417435220e-02
9.720152542084743719e-02
7.785265124785246960e-02
3.027349618821791044e-03
-6.198056704479938325e-03
-1.801892804852559329e-02
1.720678964469768077e-02
7.607503208948769580e-02
3.533336343311485606e-02
-2.250262784382769943e-03
3.469841557571236301e-02
5.255465166491124496e-02
9.508739168116686624e-02
6.218698567359638718e-02
8.814361215132764105e-02
4.344339888804027439e-02
2.774438913049384961e-02
4.796067788406882526e-02
9.683887917498522346e-02
9.694252205167132319e-02
6.884351832218324474e-02
1.988631585188293735e-02
2.014833917792468662e-02
7.803296869388616497e-02
4.820289013169175296e-02
-4.406392519207201833e-03
7.879067806509580663e-02
-5.221376922151379357e-03
2.829671762098050561e-02
8.116421261258632835e-02
8.338106681549266319e-02
5.031282152457992179e-03
3.511666483442070497e-02
-9.313109367097496469e-03
4.847695952198079195e-02
-9.047529091333710027e-04
4.678331500636886964e-02
-1.052339240527918815e-02
-1.257819231392275083e-02
7.715381045606115040e-02
4.400437615238812772e-02
9.742840674218833374e-02
5.174927626061459618e-02
1.925359719763740027e-02
3.992511602954597338e-02
6.103763076848318925e-02
6.156959027426707476e-02
8.616646969551965130e-03
8.093961938153242802e-03
4.277496609109637804e-02
2.473481649074478136e-02
1.604523300804852962e-02
-1.145047672320822531e-02
3.187360036740112534e-02
-1.433702402119878087e-02
4.189584453645778250e-02
9.712829591319441236e-02
4.249914162192235112e-02
3.589602328494248540e-02
2.415353911699790607e-03
8.274896733389799919e-02
7.491036634040933173e-02
9.206994780119166777e-02
5.313013770624905319e-02
4.112333749618495016e-02
6.981859336973676722e-02
4.714671616143982502e-02
3.587084755697056426e-02
5.664507315616219840e-02
4.208032623587487642e-02
1.331667021765510148e-02
5.802171186315595308e-02
1.239901266489693010e-03
6.856553604981797945e-02
2.742397709102679937e-03
2.200022403789603578e-02
8.342605771786118507e-02
2.270957416575096824e-02
7.313785458672630857e-02
9.082286856647497908e-03
1.416904891580828343e-02
9.525708195167607861e-02
4.625038291644233135e-02
2.093912956335536660e-02
9.252772756969698809e-02
-2.233511036560432289e-03
-1.873907438736256356e-02
2.432848927357270444e-02
9.200433473606497992e-02
-1.332236226710587640e-02
1.481324486970161253e-03
4.269073829089643779e-02
5.751837922782539192e-02
6.756009269020246677e-02
9.042562676042653624e-02
2.630868219472470501e-02
-9.371323761088888940e-03
9.242061909818224952e-02
7.645647073155979745e-03
-1.693952705090502261e-02
1.925786836692923096e-02
5.143957941692954561e-02
4.455095528986914577e-02
-1.948009486907695959e-02
1.804999849033297674e-02
7.407355102892099197e-02
8.750020525990778730e-02
7.396563728356336798e-02
7.923696947710419380e-02
6.653935078444575546e-02
-1.886014775510563499e-02
6.886371164626788055e-02
8.431623796833397078e-03
9.566731143969831042e-02
9.927999931151721552e-03
7.945967758664268521e-03
9.491803689830706492e-02
-7.938926600982431150e-03
-1.428851676548048913e-02
6.869906769023088888e-02
-1.498007090892954779e-02
8.067359655007529107e-02
8.162093275559301198e-02
9.398270461793795105e-02
6.993238740679269538e-02
-1.667206718598771356e-02
9.251638018877568481e-02
5.092143575776489350e-02
9.746467356070777355e-02
4.999309744225936825e-02
2.196056688718466335e-02
6.840225507383571046e-04
9.719026183984087741e-02
-4.891013215683845394e-03
4.041248503371105971e-02
8.860477189160310962e-02
2.376693358428080480e-02
9.139342112071398294e-02
9.130965693711547149e-02
8.844507346254838753e-02
-3.247598020722580747e-03
9.602943974579682129e-02
-1.851049672917202613e-02
3.495781391617873435e-02
6.390452643935252974e-02
-9.102588716432257268e-03
5.515071928145572067e-02
6.481457980866373036e-02
8.348047973466360405e-02
-1.662286558120408542e-02
-1.534274774877542394e-02
6.101719764370090032e-03
2.815498390300378087e-02
1.982099510345918317e-02
7.303572389210273574e-02
-1.283241923343798191e-03
-1.901671680180161070e-02
-7.819225572792366449e-03
-1.177758358228158525e-02
8.320141746429150775e-02
4.099483232664900834e-02
3.905267946981560989e-02
5.906981397128191480e-02
1.880198588775913379e-02
-8.903094984552465882e-03
2.150312694280896372e-02
1.114771333617085511e-02
-8.618982024736982286e-03
5.919606463625125270e-02
2.925397651818431241e-02
2.360184865688703601e-02
-1.896348427845365864e-02
8.805674197150781257e-02
3.290090045227579696e-02
-1.834578043340234429e-02
8.555245959383965537e-02
2.422502614157863790e-02
8.481632661149028640e-02
8.390532948947032610e-02
-1.116372036989523621e-02
3.067537357187819988e-02
1.742351377139112964e-02
2.222194108056940384e-02
8.070227767090300264e-02
5.050984415401740812e-02
1.393443270695843630e-02
1.583573318357407375e-02
7.677914414208426852e-02
8.514406395475135336e-02
-1.655544415834863531e-02
8.706190709403739680e-02
2.250215647847611869e-02
4.518974393671035261e-03
2.776014882564699707e-02
3.753989117389049113e-02
1.842079986881589929e-02
6.075015568532689259e-02
1.144937968639829148e-02
8.349067021174093328e-02
7.998575158788878703e-02
2.493571482987491997e-02
-2.261736319775619480e-03
5.560421687442881900e-02
9.750378153816392779e-02
4.760669408060747010e-03
9.349403847983388249e-02
6.319307019752801180e-02
8.237044064771636975e-02
3.651143195164222033e-02
8.111533429239579929e-02
3.727742836377957725e-02
-7.360969437598842771e-03
-5.865703444175793257e-03
-2.746742322940112085e-03
5.042633711817610942e-02
2.981349064920897976e-02
-7.547205591809541883e-03
8.084604631506919770e-02
7.946495900371867982e-02
1.337600213631506482e-02
9.482498517539322824e-03
8.836645172506308460e-03
7.023354553537253242e-02
5.720744477581131415e-02
4.957168591942137659e-02
-1.127708140466377774e-02
3.729337797030291002e-02
-1.341368670877918570e-02
5.394274948205771136e-02
9.215701354123222167e-02
9.324182705499635404e-02
6.636630941725799038e-03
4.171212922614311869e-02
9.505745107367509494e-02
-1.971549690587829501e-02
6.338580794182814560e-02
1.625225937105133703e-02
4.770905601524609574e-02
6.822330521272366999e-02
4.640328920224828790e-02
3.198082421534440695e-03
4.808474063756967842e-02
3.680495464588114107e-02
2.025118920777912654e-02
6.695175164162028847e-02
4.903519331368833001e-02
1.030763018776701193e-02
3.739928742598022660e-02
1.791969626448932165e-02
1.004113398502768859e-02
3.087904196653702346e-02
4.194825503195566407e-02
3.214011849877108917e-02
2.458618849349330018e-02
6.851922071029781236e-02
8.194867133655468761e-02
-5.334194914735034682e-03
3.353113435711028989e-02
-1.572301856812081261e-03
-2.681810868121175390e-03
-1.418107003265280455e-02
-7.160933720517253034e-03
1.512653037398879394e-02
9.271524629233607318e-02
8.603157692176387206e-02
9.905246345155838128e-02
2.251041040307779836e-02
4.691601105001805272e-02
5.178308092360740800e-02
-1.108724427315010974e-02
5.060510585837434128e-02
6.099886833920278861e-02
8.289502197587816923e-02
6.144039644160513569e-02
6.373420885409239456e-02
7.801144804326093363e-02
8.106402708551121994e-02
2.039664810120913122e-02
9.703583748069968817e-02
3.140158605885977339e-02
6.288443552964283201e-02
-1.045675865898945678e-04
2.914736780726110907e-02
-6.902283503220236691e-03
-6.934490935588181332e-03
4.209415066105152980e-02
6.831069836201160428e-02
3.342590712665972907e-02
7.057531986520859668e-02
6.827656292201920996e-02
7.969592780721194980e-02
9.008081581958204964e-04
8.875488820177859783e-02
3.846949721031615865e-02
3.512930082956276789e-02
7.122967953553858977e-02
8.557757104985155849e-02
9.585766037129730965e-02
9.409797727167239223e-02
5.719549259572895283e-02
4.292636368845059724e-02
3.504168070678488622e-02
6.812734737358959458e-02
-1.286434418639708852e-02
4.041435088729715408e-02
-1.057400526510656261e-02
-4.306927093685668922e-03
2.578347100589122379e-02
5.422395310619665398e-02
-1.639757652100884422e-02
5.174510595085006492e-02
3.490065122413020526e-02
-6.845985104804571883e-03
2.491285428739066846e-02
4.897407828914000782e-02
7.580551073241133253e-02
1.805908503048241423e-02
-1.836718567075182676e-02
8.965441687542287375e-02
6.759768642561081453e-02
7.378266137082670206e-02
1.907908369014824426e-02
3.620197493897119034e-02
7.737931594059986595e-02
-1.790249421798304971e-02
4.001964955182607531e-02
6.380371158594157210e-02
4.725944935157820603e-02
6.474322892800717100e-02
-1.539704242566668040e-02
-9.342601880652971411e-03
4.090457272685162071e-02
2.180644735109277602e-02
-8.423898344245648456e-03
-1.113452127925676320e-02
6.993534434578015102e-04
6.135758979807375002e-02
2.540055624810709164e-02
2.088626894334913789e-02
3.237679853242175776e-02
1.597207083787625936e-03
7.333922783187746264e-02
7.054320562105474701e-02
3.535724110632393336e-02
3.842859411221320742e-02
-1.708420271447097169e-02
4.468968287551844387e-02
1.343660728269919016e-02
3.471012590956006061e-02
6.822650814473851799e-02
3.389010593866408072e-02
2.636340989676408050e-02
-8.483684775877917486e-03
1.917166190365008835e-02
7.774464338583358947e-02
4.530911857981979873e-02
2.298203633094759654e-02
5.489521788393568469e-02
-1.968487262395427623e-02
6.037296084824735065e-04
6.097158855545156686e-02
3.726569583232632044e-02
9.647872965006912271e-02
4.808474974424488402e-02
1.378631465600481040e-02
8.419904492572478916e-02
-1.954497753051499115e-03
-1.112662497966546496e-02
8.484158954984295786e-02
-1.606784390810518312e-02
3.178776369970992555e-02
9.503531244562200830e-02
8.647302391733681370e-02
9.383472391052125050e-03
8.080067271503302284e-03
-3.276103695926822074e-03
9.510167863076048056e-02
9.711194532875984387e-02
4.025443706712951430e-02
7.512283975975343753e-02
-1.111689448714887549e-02
5.338911093750285664e-02
-1.255783514522173724e-02
9.225354275556532646e-02
6.881583565985156803e-02
2.159259045020785542e-02
7.819135001740872004e-02
9.868005055119764835e-02
2.049630123363601134e-02
3.778475555317550860e-02
4.272969766515639922e-02
5.837523912021666539e-02
2.490947872099543922e-02
4.008309784038395496e-02
5.106910982101085794e-02
7.158812076352250031e-02
7.497306586946601847e-02
5.022527298784804084e-02
2.130952665994519449e-02
-1.475803896192903406e-02
4.950931873568906183e-02
6.627434836844896954e-03
9.983573578749670163e-02
2.998480524756864246e-03
4.121524418830218445e-03
6.874727048864691381e-02
9.594826292274462320e-03
3.405259945062687199e-02
7.821093490912620766e-03
1.832176873975941561e-03
7.237295367532846357e-02
2.587301819387971893e-02
2.307439470555173663e-02
9.262424230877440434e-02
8.988973911963202279e-02
6.669126132561264964e-03
4.003161798263615845e-02
6.953407785364569549e-02
-1.196682820167869685e-02
1.587325844604532341e-02
-1.239322957304172731e-02
5.058974250840871101e-02
2.272901011269353247e-02
3.489253088740370407e-03
3.344860930449933961e-03
5.445728368879003412e-02
7.082388094502015119e-02
3.488259080349252750e-02
4.348782537928938541e-02
1.713422816321849215e-02
-6.494837133865409909e-03
7.985866310536177820e-03
9.579500041546987199e-02
