1.068208930461143291e+00
1.088266529658030501e+00
1.067419852994298424e+00
1.043548650100146746e+00
1.075140576692013239e+00
1.042880900954091361e+00
1.066075524473443892e+00
1.061649573988414863e+00
1.049715094344892519e+00
1.015901362735677216e+00
1.046149108514277781e+00
1.080449067595437906e+00
1.018291995757963919e+00
1.059372595588564892e+00
1.079056847003270425e+00
1.007386808528433209e+00
1.070572061133634678e+00
1.042459039879329197e+00
1.038605246370312596e+00
1.061953572711282545e+00
1.065350841447266772e+00
1.009596648187581769e+00
1.037493379009339245e+00
1.052488393549248835e+00
1.096630697421946632e+00
1.015097288665609332e+00
1.051707670385316540e+00
1.062671082022350832e+00
1.093667478432565510e+00
1.039564073093056651e+00
1.024748781796186448e+00
1.030614702532434146e+00
1.096018847505409788e+00
1.034111436617006330e+00
1.019406567794202134e+00
1.040985890841069850e+00
1.052103971296387774e+00
1.007563071936681265e+00
1.091155348893980692e+00
1.015818359309325958e+00
1.067961048777388733e+00
1.056458655033966965e+00
1.050543278506542277e+00
1.028928758006257160e+00
1.023942835838146159e+00
1.060905959240813212e+00
1.079470914501705625e+00
1.093780365022817058e+00
1.063032720264573960e+00
1.013951762431179127e+00
1.086313122349334526e+00
1.080570572248295003e+00
1.069309335720537213e+00
1.041683448175264370e+00
1.066823109991464458e+00
1.044192948268927390e+00
1.075654218675164753e+00
1.057903297572646339e+00
1.058251245485366310e+00
1.011089922296770194e+00
1.084782435483060858e+00
1.071913997332832658e+00
1.014047056003550162e+00
1.045530782351211219e+00
1.050416174918727519e+00
1.059985546295217684e+00
1.090891078116869251e+00
1.041435046780731843e+00
1.042891002875645512e+00
1.093827095120205817e+00
1.086484565203367891e+00
1.082575877825506350e+00
1.067605061478955175e+00
1.077220572132474130e+00
1.057071958417366897e+00
1.035054656502687465e+00
1.002982597883333771e+00
1.074527558594315924e+00
1.048718670727252000e+00
1.078663595867255909e+00
1.059722288335333884e+00
1.064647844824138323e+00
1.022785135604185713e+00
1.091908218984376511e+00
1.012855226338251313e+00
1.040264103836899601e+00
1.028240455154252109e+00
1.058779488511645717e+00
1.087312962829314111e+00
1.030253057886900692e+00
1.033207077315758005e+00
1.028840192746647286e+00
1.024485410246876116e+00
1.080937304197204352e+00
1.025949207355199233e+00
1.030459053524844792e+00
1.034767829867030420e+00
1.029664995911383274e+00
1.014598221005644785e+00
1.075688414223170408e+00
1.055026697300293970e+00
1.007035261174840546e+00
1.081159168213860156e+00
1.022820472161428240e+00
1.062227156881104806e+00
1.036869744225954904e+00
1.096904463224252835e+00
1.062202588867222186e+00
1.082844055869822686e+00
1.003763548528453953e+00
1.053234215013461483e+00
1.001698062051585847e+00
1.054115133274513338e+00
1.080184314332240492e+00
1.025759451557391566e+00
1.070922413422958464e+00
1.059606047967391662e+00
1.023302916665807860e+00
1.055486011863113749e+00
1.057254770478369910e+00
1.088305853030238080e+00
1.023236207792381336e+00
1.007989134694752709e+00
1.074015763525936196e+00
1.041814428432590978e+00
1.096651180363542366e+00
1.033796003721973999e+00
1.033833159562600024e+00
1.062212844546323698e+00
1.077080905147487222e+00
1.093756350572594904e+00
1.028381370318971699e+00
1.073225942371824226e+00
1.067852320362738361e+00
1.057274085747592851e+00
1.002393487389277471e+00
1.072722220226902667e+00
1.043247593286635633e+00
1.048947534234118351e+00
1.040853533434159539e+00
1.056989394661379755e+00
1.032557667960309233e+00
1.054634567948528945e+00
1.043760784950923837e+00
1.049261654448147230e+00
1.061857803676160783e+00
1.065883196645257769e+00
1.016403681093947187e+00
1.037167376180589073e+00
1.051957988341616357e+00
1.093088137094453183e+00
1.040519648709979261e+00
1.051959278396356501e+00
1.022395970751845073e+00
1.020065310945603709e+00
1.027713255513814206e+00
1.070608065259437858e+00
1.061108656200659306e+00
1.010193664030875516e+00
1.041172134523552728e+00
1.089095143098488983e+00
1.083830907613535954e+00
1.070441698613803228e+00
1.004532726482101346e+00
1.022921837779966481e+00
1.032668097129945117e+00
1.092535527200538148e+00
1.031857749522294254e+00
1.081457403289977082e+00
1.084608650321589485e+00
1.053809861695111927e+00
1.086149693631389690e+00
1.033116089777881941e+00
1.048110384191074163e+00
1.076719195661475004e+00
1.049307950566530589e+00
1.015943674067954383e+00
1.004094951600674079e+00
1.081453978844956643e+00
1.096491510242548095e+00
1.057730207999771910e+00
1.001116901964533179e+00
1.074825926273087928e+00
1.003486177932487733e+00
1.004352803687987183e+00
1.083315883321201545e+00
1.079660568972154566e+00
1.035150001870295045e+00
1.018324029866999991e+00
1.042210466241349609e+00
1.069684174039142066e+00
1.050706009850298051e+00
1.022777781668353869e+00
1.094488761312537806e+00
1.049551785426928063e+00
1.097561501526193695e+00
1.020995120315603355e+00
1.028575159820152241e+00
1.064065400567580255e+00
1.025725674407820254e+00
1.072444846935772578e+00
1.058713021068108384e+00
1.050669351082943015e+00
1.015136045986518187e+00
1.016750214907704564e+00
1.084681331189140119e+00
1.030218406261806496e+00
1.070867071627904288e+00
1.038872852982673178e+00
1.030592228078975880e+00
1.041742211524144812e+00
1.053336076912376296e+00
1.059281650917792250e+00
1.053005933887855017e+00
1.060499685971789452e+00
1.096843176156088395e+00
1.016261679549490538e+00
1.019812461748535126e+00
1.027908665639254870e+00
1.044647088753543285e+00
1.029476408290737943e+00
1.046395324477415123e+00
1.011715945009707074e+00
1.044688357524113487e+00
1.020685076375943412e+00
1.002906300500237879e+00
1.046247947085565233e+00
1.064505734170577034e+00
1.024043879184786565e+00
1.016436498991480919e+00
1.042326703037051550e+00
1.023630723217041849e+00
1.072969367188668866e+00
1.077341697130563158e+00
1.064589301625951334e+00
1.087344998192817824e+00
1.026707730078352698e+00
1.021665764661933151e+00
1.000519036356304570e+00
1.040944873460498910e+00
1.002827168619520259e+00
1.003339235462658463e+00
1.039416993473232242e+00
1.025139326618088598e+00
1.084452374595070268e+00
1.020200400593011203e+00
1.034623322444217841e+00
1.015008551484006372e+00
1.042010371065993146e+00
1.036786811780292750e+00
1.039041212688378346e+00
1.010715865975762684e+00
1.015215193378310898e+00
1.048834479609082493e+00
1.098979746363007326e+00
1.002548177363199455e+00
1.017236278382489090e+00
1.014090718957674886e+00
1.036183921612556125e+00
1.074061513567652337e+00
1.099024198665484731e+00
1.034117995165515946e+00
1.012652070986557629e+00
1.098207699286033234e+00
1.078544147555904109e+00
1.067175139778925530e+00
1.007249804576857199e+00
1.050410290992383144e+00
1.011117491352200304e+00
1.086348695239184980e+00
1.023212633730896881e+00
1.039709854171684711e+00
1.013082932805731362e+00
1.001145004316802867e+00
1.036812016491649446e+00
1.025538349707542096e+00
1.015780049124985762e+00
1.086414716318424789e+00
1.010640450076822461e+00
1.058949981785718863e+00
1.070060283722434669e+00
1.074208637614722406e+00
1.069265223110588803e+00
1.062225946762155759e+00
1.069687351666480657e+00
1.047411111480809343e+00
1.053380068738654529e+00
1.096109226729097053e+00
1.050874342783006288e+00
1.014595734744940358e+00
1.021261336727371294e+00
1.029074837321282576e+00
1.042068645757662448e+00
1.087738483231970532e+00
1.031046336173111477e+00
1.012840635718837090e+00
1.078650042135426146e+00
1.056022852419963076e+00
1.093105356975108133e+00
1.043714576630814461e+00
1.077950921687680585e+00
1.043593239031717301e+00
1.038951452232601769e+00
1.031279489553428963e+00
1.050552477905531745e+00
1.036691678253127691e+00
1.033551308257544932e+00
1.098487688054552214e+00
1.086288454333812048e+00
1.032370785792566581e+00
1.008179352577932786e+00
1.060034537041854241e+00
1.051202246548012198e+00
1.090195771404954828e+00
1.030653785777530418e+00
1.045256900659779387e+00
1.025714948866816245e+00
1.060673673468246925e+00
1.017057233923846171e+00
1.043565312704447301e+00
1.067519045724788063e+00
1.025289709521433945e+00
1.028915464763913823e+00
1.084286023101036056e+00
1.043814619938826738e+00
1.037438916449932469e+00
1.031956050102912359e+00
1.019862000677598690e+00
1.064741020723151799e+00
1.037153404412899382e+00
1.081131254720194335e+00
1.081051372460351656e+00
1.095887499572889556e+00
1.028069236771360639e+00
1.018577040302544034e+00
1.013794802126816386e+00
1.066796579438842762e+00
1.053690005248546946e+00
1.072228114744082861e+00
1.003665988616683880e+00
1.011154479606723777e+00
1.042817287109704782e+00
1.056105036292223298e+00
1.089599613529086408e+00
1.012980260523796971e+00
1.057295044501060266e+00
1.016622341097248361e+00
1.027879533375295917e+00
1.066979334865959306e+00
1.076748817304094441e+00
1.033557588445538133e+00
1.077365141552472538e+00
1.083780953819302173e+00
1.012810914566995679e+00
1.038328798054433788e+00
1.075383809288473991e+00
1.049380346712907253e+00
1.065656339643640704e+00
1.084005398241056461e+00
1.034302810649384563e+00
1.004539532877257058e+00
1.069771798081213143e+00
1.091866614854068773e+00
1.018112422109054060e+00
1.097830963916835323e+00
1.088053683463301446e+00
1.053938721250687438e+00
1.081902663697648093e+00
1.086339578920055393e+00
1.048481142641344510e+00
1.060911950076206312e+00
1.004191318341043804e+00
1.063977072204929319e+00
1.040312952475568764e+00
1.085635394229633288e+00
1.054736371151215657e+00
1.000348801862861015e+00
1.039145334831544698e+00
1.099846980684103137e+00
1.029371567541182975e+00
1.060809331375305753e+00
1.009128853156196826e+00
1.084277714408921511e+00
1.008932166662627417e+00
1.069223287172341275e+00
1.006402034659001687e+00
1.010880388195784629e+00
1.046813041390406873e+00
1.060124011694098423e+00
1.060996710539861221e+00
1.056789044182944171e+00
1.015845575643891330e+00
1.074919194095263819e+00
1.081083143025977522e+00
1.065074336238787112e+00
1.010764566253210761e+00
1.020834205846969711e+00
1.098488855580008527e+00
1.070580532166158116e+00
1.066987630911215179e+00
1.009845039785239207e+00
1.019733806624041339e+00
1.097064987004048975e+00
1.026266345898216414e+00
1.071843447598436416e+00
1.041228305063364390e+00
1.083602563236028660e+00
1.006790845798248402e+00
1.056172292548757774e+00
1.096093090995308827e+00
1.075836188797067106e+00
1.014517386091794648e+00
1.012295485359327785e+00
1.074458509682818530e+00
1.057773308304943649e+00
1.061816875320221065e+00
1.064270149675684562e+00
1.009694005713358766e+00
1.082386207422613822e+00
1.044258614529294249e+00
1.071412147194812370e+00
1.077481694032751181e+00
1.008191042559987372e+00
1.039800625632221642e+00
1.012064806938829387e+00
1.017889390932962046e+00
1.058877629150377642e+00
1.094880911906402687e+00
1.064283885091510617e+00
1.092150692691024938e+00
1.044833771886138241e+00
1.049478030616241231e+00
1.001235523912249459e+00
1.073671543937269712e+00
1.030336445081845964e+00
1.087237284911569013e+00
1.084101559069812870e+00
1.061485162202286947e+00
1.065220662332401869e+00
1.042380805125123322e+00
1.008313311020151648e+00
1.032547666854088053e+00
1.000528031767707882e+00
1.008931912732959013e+00
1.067527977766048686e+00
1.024727769044182946e+00
1.001810754551702543e+00
1.045052181661203949e+00
1.092295740600143228e+00
1.062584040715262024e+00
1.015801248219929676e+00
1.050074618407411009e+00
1.014966387656226043e+00
1.067449320760715636e+00
1.014478452125391339e+00
1.081801096897894388e+00
1.084855903948339417e+00
1.095325267908570765e+00
1.000067347235114257e+00
1.050524989227733519e+00
1.043673598140257841e+00
1.005806089756671851e+00
1.026328733235369661e+00
1.061948462561771001e+00
1.066432273147512211e+00
1.093041030261113988e+00
1.051039975487134903e+00
1.034106676105820855e+00
1.098480667457026660e+00
1.092838510316197720e+00
1.087246733509183549e+00
1.043792193569710980e+00
1.071846666056652353e+00
1.027664807719367968e+00
1.006690947321833285e+00
1.069118499303608472e+00
1.036892497294012117e+00
1.086857756141415443e+00
1.080475402823279918e+00
1.026292514224641295e+00
1.011876266635761246e+00
1.042669017585060365e+00
1.065326513901805772e+00
1.066758480592501446e+00
1.086618319502686836e+00
1.022763915977866978e+00
1.002526166733892499e+00
1.050209809549623508e+00
1.004236217102140838e+00
1.065870821350757947e+00
1.041768779441738957e+00
1.035365058864951671e+00
1.096087515578411997e+00
1.059563587233391946e+00
1.063436743436470433e+00
1.052365339983552861e+00
1.023532380824964783e+00
1.032442509233324479e+00
1.000935880815369439e+00
1.038903435126685482e+00
1.096637495619790625e+00
1.064241370513377971e+00
1.096009852287800346e+00
1.013952765205361706e+00
1.014260970249668103e+00
1.045852109194269186e+00
1.009399979938235381e+00
1.088705603541064715e+00
1.088710624919937864e+00
1.070914734882145281e+00
1.011775196883003325e+00
1.073818648350596039e+00
1.005034888879829058e+00
1.035660558111927143e+00
1.095758228779783572e+00
1.063960970739614265e+00
1.009605278542166307e+00
1.075592596561891101e+00
1.008178570916950623e+00
1.009610733089968848e+00
1.082008530989245099e+00
1.083951494036536234e+00
1.093944363445320089e+00
1.086119220091255722e+00
1.021808070090577170e+00
1.008284031584101070e+00
1.017863993385040411e+00
1.083623217976056097e+00
1.020185909562963511e+00
1.059057167561321844e+00
1.020467700866211525e+00
1.071953908279662526e+00
1.077174773509712802e+00
1.063858487374519157e+00
1.055547798472125098e+00
1.088420623888508576e+00
1.067922815532307723e+00
1.006766204740501935e+00
1.025626399038614300e+00
1.028096042348084715e+00
1.050573564526862347e+00
1.087964285423757005e+00
1.027187837360455269e+00
1.020537181852739117e+00
1.028411966985773196e+00
1.001121510565161410e+00
1.071571969127392387e+00
1.076715695227685732e+00
1.078967605198580593e+00
1.059193035021912976e+00
1.028670263441059607e+00
1.074477007766094783e+00
1.003715151811904738e+00
1.006955985373263474e+00
1.051502402373962308e+00
1.065784522312252403e+00
1.025145044392135718e+00
1.024065578342881144e+00
1.086073332904417876e+00
1.058139588231543637e+00
1.020716057930163290e+00
1.002313339881597098e+00
1.070483295740698670e+00
1.099025454762304843e+00
1.068970959333815474e+00
1.028589297098378541e+00
1.058508819064198692e+00
1.062810357101530601e+00
1.098242147311970340e+00
1.054150519073415726e+00
1.021782659131458049e+00
1.070594056104438474e+00
1.031605199314979071e+00
1.029185936575397697e+00
1.006261637499709094e+00
1.069925059542676582e+00
1.054803730278133900e+00
1.061134222964492002e+00
1.009328772955863096e+00
1.078250866703645228e+00
1.096053853181657933e+00
1.048616666028241884e+00
1.098689944580812927e+00
1.059481830638871136e+00
1.050597881086720253e+00
1.030349664678704702e+00
1.064696797478370760e+00
1.096454880797070874e+00
1.096025583716835561e+00
1.049277763107532291e+00
1.059465100687290606e+00
1.039003199881509687e+00
1.005330541977259351e+00
1.041264211500540826e+00
1.057171002810928906e+00
1.023172055135521674e+00
1.055099147707899032e+00
1.072294570466270303e+00
1.019422203951651174e+00
1.049908665625980841e+00
1.089394591231678255e+00
1.010751451671075385e+00
1.073700070832696918e+00
1.010901497329156795e+00
1.070470259577906091e+00
1.035996475367470859e+00
1.064360539083368806e+00
1.029858434009936596e+00
1.023168128889470951e+00
1.050500923787279772e+00
1.046217815561605313e+00
1.091475156604509111e+00
1.017765094889540700e+00
1.063112590292683901e+00
1.034895531951110170e+00
1.025292006750348817e+00
1.007653142212082020e+00
1.098198836722339644e+00
1.077156998581172420e+00
1.000815485991075393e+00
1.047495973593454144e+00
1.083167353673533562e+00
1.083562424752416709e+00
1.008910227656710124e+00
1.012484470388159918e+00
1.022089838511201831e+00
1.028240132201859058e+00
1.043591754416415718e+00
1.056489668238493662e+00
1.040118400928524700e+00
1.087928663366297011e+00
1.079203917588916983e+00
1.005310278174557981e+00
1.043974970552986825e+00
1.019249984684142296e+00
1.020608319942276410e+00
1.025680884143252980e+00
1.064865002607050082e+00
1.059401181722732455e+00
1.073939582374094481e+00
1.072851955111283617e+00
1.010864147427242621e+00
1.095688930536409478e+00
1.010894632377374425e+00
1.034248525556807241e+00
1.060099304736089598e+00
1.023662465584908698e+00
1.062940599607885783e+00
1.095906399265944797e+00
1.017676636457242267e+00
1.029069481742587389e+00
1.014660505037554117e+00
1.009614196779522910e+00
1.086666498485083121e+00
1.080988098842990741e+00
1.031035690670743632e+00
1.021899032828026854e+00
1.041177916188415598e+00
1.040295573852568767e+00
1.033596828899034481e+00
1.052982837332069543e+00
1.019207752173780346e+00
1.054170898602203588e+00
1.039540486927558849e+00
1.029320795052259374e+00
1.049419401197974278e+00
1.077503491574267169e+00
1.078735012683163630e+00
1.087472929767322904e+00
1.063461520274016303e+00
1.038480713479081219e+00
1.090970539223734104e+00
1.064947358849290815e+00
1.006054513595264988e+00
1.003330234646836683e+00
1.044045108017877643e+00
1.016551313850456939e+00
1.007997568712778458e+00
1.059406165440855085e+00
1.043788129768103756e+00
1.049368389341300611e+00
1.079749465509391992e+00
1.025312773606214645e+00
1.029678503729187788e+00
1.000227856074570321e+00
1.013768882888207878e+00
1.038186941673977959e+00
1.056870590595046622e+00
1.090805777084492112e+00
1.077223799947946592e+00
1.070398169696445745e+00
1.090366499173111015e+00
1.073124237199171382e+00
1.059893640543036808e+00
1.023845713856756490e+00
1.098115902839908786e+00
1.063564532368065585e+00
1.048469284538991797e+00
1.025758308093435378e+00
1.097597266555676798e+00
1.088593843779327219e+00
1.062307747756164655e+00
1.068783333060251417e+00
1.050344642064435119e+00
1.055479374136680359e+00
1.080165993710045846e+00
1.096625179698746511e+00
1.058155801817720176e+00
1.007658505539206217e+00
1.078437165351254556e+00
1.045750847561850216e+00
1.097398228032634204e+00
1.083181085202669314e+00
1.089931624629819185e+00
1.053157299174761086e+00
1.009640231278685407e+00
1.073312379033545483e+00
1.092434133310835831e+00
1.073694633905549090e+00
1.039684070940613658e+00
1.036220849558357360e+00
1.060618800778867721e+00
1.089023420677692089e+00
1.096355870214015260e+00
1.097542261986281575e+00
1.011278677459013453e+00
1.023288193172289473e+00
1.046637605238003310e+00
1.012277934577466398e+00
1.052426590988176702e+00
1.079788110481896934e+00
1.044880108334355517e+00
1.033511163066114902e+00
1.016000665273492087e+00
1.066762077593873981e+00
1.012131733828252056e+00
1.021103663072957968e+00
1.065738891782759046e+00
1.012272313639491994e+00
1.095208412614947502e+00
1.058550037368177987e+00
1.006952229776468144e+00
1.091425920981276221e+00
1.057171779788406374e+00
1.037964882436116953e+00
1.073176445413037472e+00
1.018795540286706380e+00
1.085432641336121273e+00
1.095989490411898304e+00
1.081161146472489065e+00
1.094943191640782354e+00
1.014288741651858450e+00
1.092845669169809408e+00
1.037636649592263316e+00
1.007128853531031210e+00
1.082253550011856857e+00
1.070698682058753626e+00
1.074850981504537506e+00
1.013725630533515609e+00
1.089419567532467603e+00
1.074169428413765282e+00
1.055910955006353014e+00
1.038832490071226688e+00
1.002963918483543715e+00
1.071429238544537199e+00
1.075273491451623542e+00
1.054368525170269022e+00
1.062760101542140401e+00
1.098398296310690636e+00
1.076631521677235970e+00
1.081353865431157413e+00
1.005935457087264506e+00
1.079025396301095840e+00
1.025641404311425475e+00
1.070599108798891752e+00
1.098048326730082902e+00
1.067878943613943310e+00
1.043590232390539496e+00
1.075565825850865576e+00
1.014509137942411154e+00
1.084559279865534132e+00
1.069424273110394230e+00
1.028850594208483127e+00
1.002646325502003277e+00
1.022545421955496803e+00
1.036007754829388228e+00
1.017630083251824802e+00
1.051248296110910863e+00
1.059985961871428017e+00
1.028588626052779009e+00
1.041359289527671539e+00
1.039189224216300333e+00
1.020168341843928905e+00
1.067714559870574842e+00
1.092968628343102377e+00
1.031938913888390319e+00
1.013687230470656786e+00
1.002053451669573603e+00
1.025257312640670326e+00
1.034496683257035476e+00
1.033615724523161195e+00
1.036503739959988124e+00
1.005392144361248130e+00
1.001607146009102278e+00
1.079202840872929281e+00
1.018457823108043225e+00
1.085232244935305790e+00
1.085442556054694530e+00
1.027839694568005724e+00
1.013911097956609497e+00
1.097376614011778218e+00
1.098166228730784066e+00
1.067302873205155933e+00
1.070186217799005579e+00
1.091405533914899362e+00
1.015759041718137468e+00
1.038979671265350735e+00
1.049761150440928104e+00
1.079778275662026665e+00
1.043735096367146564e+00
1.022917386773838810e+00
1.016392559891461600e+00
1.009648720727512883e+00
1.016189530838245592e+00
1.007334307208777480e+00
1.021184066544217783e+00
1.050942944007860591e+00
1.013876824133163712e+00
1.060009902502171197e+00
1.006120743253401395e+00
1.019897290257098410e+00
1.019773317840928950e+00
1.009008968671825324e+00
1.010322409293349599e+00
1.071213000453744346e+00
1.072515712862234016e+00
1.024556787991165452e+00
1.059264305007938001e+00
1.087085677575213127e+00
1.040164633795248150e+00
1.033111645343387064e+00
1.006005468059415930e+00
1.048125662624059817e+00
1.037375525998835313e+00
1.019205646210247895e+00
1.038540138867673157e+00
1.067077857166872867e+00
1.022176947822756254e+00
1.046208664381474973e+00
1.099661978768950776e+00
1.093125163273784395e+00
1.091038032196092855e+00
1.022685914909798433e+00
1.017475845887007235e+00
1.024561958239890380e+00
1.018204079265163431e+00
1.056571798800510775e+00
1.074345397635407817e+00
1.049090170660941235e+00
1.048036134948195697e+00
1.097801864134461791e+00
1.001143154615020237e+00
1.047470808378263563e+00
1.056728306563150310e+00
1.084519117000307453e+00
1.028432544705780938e+00
1.092781625889229780e+00
1.058036655885636668e+00
1.081905745999302892e+00
1.047902655052692422e+00
1.046393833055899281e+00
1.007499912336415893e+00
1.056182587253894134e+00
1.063126003819025556e+00
1.004098308495691816e+00
1.036685624143742990e+00
1.051529565634842456e+00
1.058219282493750413e+00
1.071196973681911802e+00
1.007564853689456807e+00
1.085063665575434211e+00
1.070526886480442919e+00
1.096825115684720853e+00
1.001907399228178841e+00
1.047376117388649330e+00
1.009885222462379994e+00
1.044090437694384033e+00
1.028300909320630119e+00
1.013618889208101725e+00
1.065365541953833928e+00
1.025225795873216494e+00
1.099328834695717960e+00
1.019616943174534995e+00
1.050439126445958715e+00
1.018751801381705624e+00
1.024552056654089993e+00
1.095337520383495411e+00
1.057422828349131372e+00
1.010304892591163517e+00
1.061297301771862989e+00
1.040305858735576461e+00
1.006210867382786978e+00
1.053448580863684869e+00
1.077341545142044055e+00
1.098132293131786952e+00
1.092975674656901930e+00
1.008879374120974282e+00
1.005558478648287624e+00
1.091972803390559799e+00
1.002904765185510305e+00
1.077919221706185482e+00
1.081028238653508167e+00
1.021783628132614030e+00
1.071515488720775178e+00
1.076203506994482417e+00
1.066515189605075298e+00
1.034465925796148378e+00
1.057648254672866717e+00
1.035689122394379158e+00
1.042818609659114992e+00
1.040438608460807934e+00
1.094880055336920455e+00
1.061471625105496086e+00
1.009526355076533433e+00
1.033187599649388444e+00
1.041201359375189650e+00
1.070216533293776973e+00
1.033075620048426124e+00
1.013273813358817277e+00
1.052628398939065901e+00
1.074340290231862616e+00
1.020545710175362109e+00
1.020282504837862536e+00
1.001589546018784693e+00
1.084519105481558388e+00
1.093720759837539580e+00
1.080942747632616108e+00
1.067486172921170651e+00
1.049663754777893088e+00
1.001415434808712757e+00
1.045196904903239021e+00
1.063704778416955543e+00
1.003367445311553308e+00
1.000120755627089464e+00
1.032886433366177137e+00
1.025046434320044053e+00
1.036767777864298745e+00
1.083389829280525518e+00
1.022024384720361168e+00
1.063386165060023147e+00
1.095825916764488372e+00
1.058397906246662190e+00
1.070123363532638372e+00
1.025656366570786071e+00
1.036893471755961915e+00
1.025646976610938621e+00
1.093656332082630245e+00
1.013247598661447757e+00
1.091861585963718184e+00
1.034867633304513257e+00
1.039179440206823957e+00
1.032817886596008927e+00
1.042238248668561740e+00
1.025456523249713925e+00
1.057779743943382256e+00
1.054056682922307031e+00
1.001777546837948618e+00
1.003918520214289289e+00
1.009299964336307198e+00
1.042313204183758168e+00
1.041064709652260722e+00
1.089372245963511121e+00
1.063695771090348963e+00
1.061233136298996182e+00
1.048185014676984661e+00
1.049774802157084075e+00
1.090528466216144521e+00
1.082010492041360905e+00
1.078474602196208831e+00
1.063693581909523012e+00
1.087044179474603967e+00
1.010856305392074272e+00
1.023602144465689090e+00
1.034968850574907284e+00
1.096768116210685928e+00
1.064291351403725105e+00
1.049076411540737386e+00
1.068787025240044652e+00
1.086079691628560440e+00
1.067856192989011133e+00
1.076755826314791609e+00
1.027520151611160948e+00
1.075935859868283329e+00
1.065972889285159209e+00
1.037653590702319217e+00
1.014377577137638431e+00
1.003782824115937888e+00
1.090207320959042603e+00
1.066297911380553520e+00
1.071672368113464113e+00
