2.128661042830555516e-03
8.741009470460016362e-02
6.955222984090946026e-02
1.193871111334807514e-02
5.436651181350982132e-02
7.535878227806841467e-02
6.891895179936265159e-02
7.083834451194845339e-02
6.409516445074101010e-02
8.951566015656428621e-03
2.570099056253627098e-02
3.583593963960432505e-02
9.724230062798872032e-02
1.788026598153589011e-02
-1.571518490092391196e-05
9.339959198191051526e-02
6.092674554526629482e-02
4.026952907851212571e-02
2.246172385907710053e-02
9.696294928249925282e-02
3.928949031491614508e-02
6.724010894988412257e-02
3.700430744243086989e-02
6.125663429417647909e-02
7.181198620030788959e-02
-1.896957509676448078e-03
7.640543419448599105e-02
-6.955915666495483818e-03
6.315388811170390138e-02
-6.691337316702896873e-03
9.975089715298961907e-03
6.100085545298272738e-02
2.918995763300368321e-02
-1.584930315588428673e-02
-1.242847948552453299e-02
2.698629125745568777e-02
2.433347374531415544e-02
2.576793519443079661e-03
3.390710050206968695e-02
2.887324412855042308e-02
7.423052906890013902e-02
7.435720042247444261e-02
9.230514834240091671e-02
8.836044120813389691e-02
3.660957976414810910e-02
5.473947307013066199e-02
-1.124589752652511987e-03
7.340564023175238928e-02
-1.619178668488223741e-02
6.940838713447032571e-02
8.599515240406942207e-02
3.664241071514488801e-02
9.932468653463416564e-02
-1.819047989274506089e-02
4.836142711502075531e-02
7.123453897613007957e-02
3.891333907046747032e-02
1.700640176941332557e-02
3.595113745898462221e-02
3.966350743508559318e-02
5.911793963788046502e-02
1.643945017754739127e-02
3.296339954049883059e-02
2.208129802210343287e-02
1.300883601729479686e-02
3.023623191882819292e-02
9.609587052290655129e-02
8.961332818677011924e-02
2.158054476107655953e-02
2.117138327071496975e-02
6.901879590704612655e-02
-1.456312091649387616e-02
-1.141377319675197788e-02
8.381016029455182204e-02
5.309719304612410540e-02
1.362063832213694994e-02
-1.634594686042538381e-02
7.456701767961966543e-02
1.801467940625758532e-02
5.901532787139211755e-02
-5.509811558648726112e-03
5.676252017390250038e-02
9.574759368237160950e-02
2.253813378613801419e-02
5.539713646249871948e-02
4.826440024794179107e-02
1.973491979981781622e-02
3.870414939514693620e-02
9.775537870332416668e-02
3.556323202033515041e-03
3.542591507590642230e-02
2.638143346506155798e-02
7.681777970051002769e-02
6.862939924975287875e-02
7.312877855371499591e-02
7.003167187846437436e-02
-1.323966248428161060e-02
6.794701883336008719e-02
-7.228341023213088676e-03
8.847576039245007296e-02
7.197839016418307312e-02
2.063272301944225548e-02
7.045278329973229947e-02
7.256259823534381981e-02
3.615605479055496174e-02
2.210815505815715357e-02
2.052310838903387627e-02
7.083573479302544829e-02
3.175394770952937040e-02
1.539666902092332382e-02
1.934976146158048915e-03
8.821544528622031478e-02
2.171338705239116498e-02
8.392670931478170282e-04
7.726305085860835087e-02
7.323119125327323675e-02
2.877244386854027267e-02
4.018700203926488246e-02
8.303803875983220562e-02
9.803244484661988167e-02
7.704918658933410103e-02
5.976855446378796788e-02
3.591313403566213924e-02
2.754769545218136925e-02
5.808312968449608205e-02
5.030205217085653713e-02
-1.721590833357521805e-02
3.450063346173429246e-02
3.157022021032691861e-03
3.243218427905154855e-02
7.941396015151865051e-02
1.670315081676208499e-02
2.196524041864837337e-02
6.807422745895852501e-02
1.736895006394042693e-02
1.019458228174805262e-02
-1.023600591634471653e-02
3.773653929158542197e-02
-1.875583375549625537e-02
7.359385471046865634e-02
6.804877651272313310e-02
7.980287539421879184e-02
4.828411130434362430e-03
7.209008868326098607e-02
9.187842019317155051e-02
7.504484550088680317e-02
3.507006374269606985e-02
9.240247842458754191e-02
9.884341557749350138e-02
1.731306852232538870e-02
8.730594418419898584e-02
3.648095325202950490e-02
7.874753517639002109e-02
6.650012247559705658e-02
8.252029993406271441e-03
4.244153421670439352e-02
4.518924878211716401e-02
9.196826328998182476e-02
4.091395668196590174e-02
9.592268996564784489e-02
2.867790873908631841e-02
5.756757047827250340e-02
1.189857673055743845e-02
3.872458639758008525e-02
1.279117616230356427e-02
3.442850177165936165e-02
1.138078359037858131e-02
-1.456274013367992934e-02
6.990273332967250619e-02
6.984507643452649711e-03
8.576133948145553410e-02
1.893216105783914957e-02
7.711653800717425261e-03
2.992073147916383610e-02
9.974133121381170697e-02
-1.111872714166591176e-02
6.343448917821592481e-02
-1.792280103551693177e-02
9.772329895794397425e-02
-1.510641643113234261e-02
1.631261142443580017e-02
-5.507585864449956667e-03
7.801348037854045903e-02
4.159829228779614307e-02
8.061845874855995409e-02
4.246627396666002863e-02
8.329944253815535493e-02
7.378514704496785814e-02
2.786025299228906196e-02
2.845728059718974010e-02
-1.234478473256528028e-02
2.978548319686572313e-02
-1.217501564978255152e-02
4.200067958951746172e-02
7.727269197688457769e-02
-3.270471324038508321e-03
4.614153615717470069e-02
7.705729920718742965e-02
5.078644721293895659e-02
3.459123763325841483e-02
2.039083875767004617e-03
2.825997758001120783e-02
3.419079961773003468e-03
-4.463289938341080676e-03
8.714923979639080387e-02
8.433534209067684861e-02
5.873471371808419716e-02
5.071747213937806420e-02
-1.812936181639477826e-02
1.636850238895811577e-03
1.459511818470600464e-04
-1.923177980708377227e-02
1.595447580686179187e-02
6.496608160788823472e-02
7.574754842865336069e-03
1.628751686909522475e-02
3.762073112311044298e-02
2.230749518709730303e-02
2.946383496626734863e-02
-1.567117351607403425e-02
4.889581569100244496e-02
1.127876669434784221e-02
6.057488042564458663e-02
1.475201650177781001e-02
9.650976801901151730e-03
4.547637578480309695e-02
4.580006307259392589e-03
8.407444239455484636e-02
2.909667211142084181e-03
6.519032452997758353e-02
1.046925928078080298e-03
4.193106060416937342e-02
2.055032710194961906e-02
9.218185478194279581e-02
5.073586295063733931e-02
8.307943519477496708e-02
1.927076429634869484e-02
5.978099727516208994e-02
-9.583107899144840611e-03
8.673340901838150208e-02
7.784922752648389122e-02
5.347216562237983029e-02
7.365662545112776349e-02
6.301776177054922712e-02
9.174116718775746082e-02
1.912665618495607359e-02
9.892080626468037485e-02
2.119408519219067102e-02
7.285433904966585883e-02
4.059285396582394678e-02
5.326522641282481485e-02
1.495549975310509275e-02
-1.520723953064469398e-02
1.149327183356179533e-03
7.087031980651638252e-02
8.652568062060576881e-02
9.712999245692881256e-02
2.164463184183481118e-02
7.552262594098245463e-02
4.197790216484935388e-02
9.217326714624383965e-02
3.667424896898777154e-02
2.899355456204648004e-02
-1.611683593152922478e-02
9.398890733010013820e-02
4.831514272552603351e-02
3.176661459592501624e-02
-1.639773479998463471e-02
4.591641468051591013e-02
2.670290831389491096e-02
9.627743850151200544e-02
9.869127638013806825e-02
9.766266569961182253e-02
5.346746735962422392e-02
-3.252638347633011323e-03
8.228250175254218923e-02
5.687619593160203602e-02
8.545725932250659851e-02
-4.564051576257778867e-03
1.346320184609777273e-02
-1.402123127206872030e-02
1.767979634176311890e-02
6.197201845475638904e-02
9.273585328254001225e-02
2.849698992715012438e-02
6.332462441738159753e-02
5.813485606949471418e-02
4.588500784914618935e-02
6.860203419163483918e-02
-1.645379487683844288e-02
-1.881382844201633792e-02
-4.774791137560942256e-04
-1.644271332290939830e-02
-5.927566220810462361e-04
-2.320434955964140872e-03
6.999549460054620142e-03
-1.676695753831992583e-02
-7.097106938507158000e-03
3.714929093178113290e-03
1.895963965284947969e-02
-1.975929603561135325e-02
-1.007695279889397021e-02
5.444749966059478363e-02
2.526579651626313996e-02
9.999276049001197542e-02
3.018756002565223598e-02
-3.125356988523408236e-03
3.717525173460028975e-02
-1.436123793595254182e-02
9.647935965850792939e-02
3.368896030646731377e-03
9.690318086118197838e-02
7.767121063576068463e-02
-4.496224144330271746e-03
2.471091343154742034e-02
7.503726205381509862e-02
-9.946074594536051527e-04
6.468790043574033921e-02
6.062719502942767735e-02
6.611569281180064428e-02
1.385095982360768849e-02
6.858677586144346083e-02
4.754091978244807948e-02
4.024223396080608972e-02
-1.291935436130494004e-02
3.895618127534819508e-02
2.289649027059935046e-02
3.101410452463794140e-02
7.081950098079617395e-02
9.500856754481416810e-03
4.066050137032177492e-02
9.848751069147690385e-02
1.433407417579349655e-02
9.593940289816077494e-02
7.377838928962392184e-02
1.468755180306284200e-02
9.733493611575280702e-02
-1.540159840859943972e-02
4.679452200977202159e-02
-1.185206058167198942e-02
-8.863542410959874066e-03
-5.303974715919070049e-03
1.377610529267620301e-02
2.951110425667043471e-02
1.436659030965706588e-02
5.871620501968856376e-03
-1.155280189163788995e-02
5.416822504058671495e-02
1.650693451530007086e-02
9.092880080657791964e-02
9.956754072973125758e-02
5.352546523526774402e-02
9.260203999303628919e-02
2.688238985362767161e-02
-2.909950200971754553e-03
-5.053611707026046604e-03
3.716372436098966392e-02
9.776275043681614818e-02
8.533175691689563747e-02
4.106728021362440750e-02
1.606093917216437628e-03
1.955975281452776784e-02
9.866130174506149153e-02
9.648642053785587425e-02
1.171684518893611679e-02
1.693671246879430853e-03
-1.277197711977228443e-02
6.100309596893382924e-02
6.273752236849164388e-02
7.654692620460261387e-02
8.175116057444203888e-02
8.238874072206543719e-02
7.231064111063534305e-02
-3.790481982602057071e-03
8.083018012574519351e-02
7.055173005373599482e-02
-9.940024301451680019e-03
1.730859135678011404e-02
3.143819116465233765e-02
2.613350819065314926e-02
2.377575300617143852e-02
6.899160426839308358e-03
8.440038720931188065e-02
-6.235762496619954090e-03
5.856753479813602004e-02
5.699230163958096673e-02
-1.012945286113764443e-02
5.668106958780722016e-02
6.300612019204437919e-02
7.405005194981675865e-02
3.582023739314967037e-02
-4.629325500769705323e-03
3.147524758016337354e-02
3.749515610937567689e-02
-1.085133324105679031e-02
-5.512327667679558368e-03
4.024033286002973164e-02
8.372297654685383062e-02
-1.851582340725090037e-02
7.305995178723637129e-02
2.536216830059787389e-02
-1.148423580662242052e-02
1.996014701603117045e-02
4.027733113741566867e-03
2.053742040616566081e-02
5.979129215684463039e-02
-1.057792328558836148e-02
7.041744496441200429e-02
7.037318653648276523e-02
-1.028476646600650669e-02
-3.674093714311044145e-03
8.900561227689081367e-02
7.507339844802680962e-02
5.130281748389357854e-02
7.100695344478875903e-02
7.539338326029605686e-02
-1.819108714527842632e-02
7.264825120967062511e-02
4.322551012347804200e-02
4.417455077292807564e-02
-7.803738472639439039e-04
6.303034460815407081e-02
8.066030573722832164e-02
-1.654441539583420551e-02
9.311249765998978745e-02
-1.548094305899787998e-03
7.562888626473474041e-02
-1.923348745699388768e-02
4.061811016141046726e-02
8.247969450516952350e-02
4.489964782324594450e-02
1.760604660581342393e-02
2.384388716382200915e-02
4.207450222143781227e-02
8.989689413539043994e-02
7.287873003100429903e-02
1.120825541885032278e-03
5.055431314171364432e-02
5.432884207852227421e-02
8.412830757138307913e-02
1.190853341555298331e-02
7.009694772075875102e-02
6.002959038723436336e-02
4.642369263975418270e-02
5.616938266556152637e-02
4.217750025262655134e-02
1.399191649091895487e-02
3.774990780285460146e-02
-1.069050318138386503e-02
7.639278762218476571e-02
5.880069281376770762e-03
3.493118118577739906e-02
6.655224526658741480e-02
5.899117155096328391e-02
-1.975747875313041413e-02
5.707153251609187183e-02
9.664377609460937657e-02
1.255253934079694420e-02
3.696104221838796000e-02
5.964639347385614077e-02
6.615836458934466757e-02
6.198383265912102424e-02
9.106516278397015773e-02
6.208066222360075770e-02
4.803998276631335496e-02
4.294983245351459422e-02
2.342408933881099178e-02
4.658719554701877541e-02
9.307257743610060363e-02
4.637845368071078639e-03
9.827937321630876577e-02
2.321970061378315561e-02
-1.048510791714515542e-02
5.889802420268619443e-02
5.549680904024810457e-02
1.999592235867462750e-02
6.253578573067240798e-02
-1.702198699077857313e-02
2.386265322917278595e-02
6.480764899852428651e-02
4.778738910997157308e-02
3.267005321407613627e-02
1.145855652353758650e-02
8.111540068771908030e-02
4.374292235996128653e-02
3.556598973652420892e-02
-1.389064725701934927e-03
6.004113533555251181e-02
-4.927744446218084579e-03
4.575507594357916541e-02
-1.804331252452899895e-02
4.177817196278041378e-02
2.858965278507134486e-02
1.889533825089277988e-02
6.552922140872463608e-02
7.419914375883984725e-02
8.740454728456921452e-03
-4.447784768890019128e-03
9.048255189093507012e-02
1.669473233162660844e-02
