1.059941241764086550e+00
1.016982215706070614e+00
1.066659995884771783e+00
1.017528133763869302e+00
1.088656471116916213e+00
1.003634509934862695e+00
1.076658171595306079e+00
1.099650766201250018e+00
1.048216234351866616e+00
1.049422015245982553e+00
1.075642071423306811e+00
1.096012651867991794e+00
1.077819625077678367e+00
1.091204900343777817e+00
1.039325536061000754e+00
1.059460172114502940e+00
1.048732139439771283e+00
1.031610520882980664e+00
1.014376946461473583e+00
1.065976699347451984e+00
1.028977476987663620e+00
1.013975700573211514e+00
1.019549046293821259e+00
1.084515234653365967e+00
1.023049221338611536e+00
1.069311629398323138e+00
1.006000036724192581e+00
1.004046417939466140e+00
1.096924987030097220e+00
1.071536584937468506e+00
1.026737751392762021e+00
1.079260094507221490e+00
1.059106602491044047e+00
1.075167911627263662e+00
1.026131716327767673e+00
1.071137813029469532e+00
1.001471996017612387e+00
1.025942873389832810e+00
1.012949158989040921e+00
1.016068574243382372e+00
1.081980436303555226e+00
1.039997682579344440e+00
1.070480572402539465e+00
1.002001087638272336e+00
1.016378735062319016e+00
1.042867031339899775e+00
1.046106598597090320e+00
1.002563651588639138e+00
1.045883220271868197e+00
1.057025090567907277e+00
1.009812508143993925e+00
1.026320576832444376e+00
1.030834695566023695e+00
1.033068654927809193e+00
1.059331870259000441e+00
1.023237885272873626e+00
1.009026376988895191e+00
1.043457252883322584e+00
1.070402316031298540e+00
1.090177305636264249e+00
1.079300735042683757e+00
1.057388802781505710e+00
1.096004967807778785e+00
1.001665939734168509e+00
1.095807325790360887e+00
1.028333809655123998e+00
1.013032284829350260e+00
1.001549214369725771e+00
1.022272992826241289e+00
1.066531442655871853e+00
1.096189869180755672e+00
1.056658703659781651e+00
1.094604829497924481e+00
1.073037075683168418e+00
1.091812395318369822e+00
1.073221027860119525e+00
1.003508621976118231e+00
1.029068129858891956e+00
1.001036820149368456e+00
1.071118697658682395e+00
1.088233774976279822e+00
1.070864896398554311e+00
1.029360304501800272e+00
1.016014642498834775e+00
1.087454233279839366e+00
1.091266570562671179e+00
1.007944577926887630e+00
1.064374327820327260e+00
1.047036428108882422e+00
1.000449610652682120e+00
1.035279361386898689e+00
1.080342496884692416e+00
1.089184307248856953e+00
1.030689568620759777e+00
1.088392500213440250e+00
1.042333785930883217e+00
1.087050647727932029e+00
1.080697133748996119e+00
1.055548612181970602e+00
1.056419088248444105e+00
1.090842308250300707e+00
1.040597422041943609e+00
1.053343721628164920e+00
1.041976530860362793e+00
1.019762729120076816e+00
1.021348705859354666e+00
1.065613989549588858e+00
1.046478727203204784e+00
1.095372804957734258e+00
1.061211379160684976e+00
1.033793080850151203e+00
1.060351228836983184e+00
1.023182299223754699e+00
1.078234349539325176e+00
1.065712650449742283e+00
1.059889907732664893e+00
1.049078068942527198e+00
1.074522369224834684e+00
1.099874721509982223e+00
1.006912177498677785e+00
1.089491359842537532e+00
1.068386972922432898e+00
1.060452070114945355e+00
1.014202095257835445e+00
1.045040789042064322e+00
1.035902798065224006e+00
1.063725777643508952e+00
1.003205196445868363e+00
1.031092532431445496e+00
1.012864264965776862e+00
1.050351103581277590e+00
1.050501945743198551e+00
1.032650169466681200e+00
1.031797799861399412e+00
1.032762859835724356e+00
1.084430530433786233e+00
1.026021192000749149e+00
1.032085093473630089e+00
1.066098116269450724e+00
1.023357065215795725e+00
1.022299783873186207e+00
1.093853013775090144e+00
1.023629233449247389e+00
1.023514997665324167e+00
1.050718266085980623e+00
1.034773760194986680e+00
1.062508597280378497e+00
1.098021298225015707e+00
1.045452446395792379e+00
1.096623926426809392e+00
1.079754462496592238e+00
1.096090778017233758e+00
1.000375657509999794e+00
1.005893669009471303e+00
1.097467694943201399e+00
1.069635047417339946e+00
1.040380976266426893e+00
1.062757118872527329e+00
1.059002625190482050e+00
1.048646079605632053e+00
1.093892802828321242e+00
1.080224795692138251e+00
1.013755084913695592e+00
1.071865655035497022e+00
1.078998410919729256e+00
1.026207981111076251e+00
1.088288099259682173e+00
1.083419258364997972e+00
1.001117614011779899e+00
1.043125843445556811e+00
1.034244149051082085e+00
1.022970143621325212e+00
1.013951077548782553e+00
1.064068185155171875e+00
1.067543083895775791e+00
1.088194443696058000e+00
1.083429084073224136e+00
1.067403066986181370e+00
1.079966460871310652e+00
1.029229807467175295e+00
1.050174531623592200e+00
1.097370805553150364e+00
1.086038714649274262e+00
1.025914505816000633e+00
1.077235901873557999e+00
1.086361626350991649e+00
1.006477443616215828e+00
1.006999210499014641e+00
1.057087261892665886e+00
1.052913034811886694e+00
1.031067015622225247e+00
1.023919158404883678e+00
1.088774232989206947e+00
1.022543722352961870e+00
1.000039830421595610e+00
1.007015747536905037e+00
1.036316809229656855e+00
1.048918247863593445e+00
1.089168231171019574e+00
1.052990586501728609e+00
1.059607852560888297e+00
1.036554293925985082e+00
1.001818316729832681e+00
1.017387577787888464e+00
1.004385821490095143e+00
1.051461907024279441e+00
1.073562678530489922e+00
1.070472363311913533e+00
1.096579587217450635e+00
1.018474439259319020e+00
1.095041482467657534e+00
1.097606562739640745e+00
1.077437207836729804e+00
1.009698302669067571e+00
1.025295025630484469e+00
1.057620695674112987e+00
1.094492885695646400e+00
1.014514106636755564e+00
1.033030601445062313e+00
1.090963487588085590e+00
1.069886124909884773e+00
1.083056346685023597e+00
1.057545903343529936e+00
1.092270559247207729e+00
1.030362997564467031e+00
1.097585566294036141e+00
1.089402259671314876e+00
1.017737646544351948e+00
1.076583418442181417e+00
1.048548465744854052e+00
1.039814731944751047e+00
1.002898348338044920e+00
1.055242217730774312e+00
1.080024567283368153e+00
1.063408221137505993e+00
1.083921512129133458e+00
1.009803732298554690e+00
1.030640107447411857e+00
1.060285052711858134e+00
1.074755109143602505e+00
1.041194791180523715e+00
1.096592167841870857e+00
1.031105309271056258e+00
1.075292385770303838e+00
1.003472696127039709e+00
1.038033850257524149e+00
1.056790100941432664e+00
1.018735887785837235e+00
1.035966884223185724e+00
1.099055886618389710e+00
1.025615654298747126e+00
1.029430593218927825e+00
1.007870881825875031e+00
1.001037822346328543e+00
1.022206090727111549e+00
1.020309170616090499e+00
1.034717300206195345e+00
1.077330376521543842e+00
1.014252272980044722e+00
1.044852748951756949e+00
1.021806127321586599e+00
1.057866720155022477e+00
1.045995557814004329e+00
1.056872572728169812e+00
1.047699118663175000e+00
1.036670211337482383e+00
1.035277545887821837e+00
1.050345271360443533e+00
1.041301578071641254e+00
1.003906922879207686e+00
1.075162765022191103e+00
1.068294236070432168e+00
1.054127678775330645e+00
1.059933643250980939e+00
1.069107313849222640e+00
1.001508422437707990e+00
1.002737654322525040e+00
1.081619051764173500e+00
1.062199193829573618e+00
1.000124915563879169e+00
1.050719228861716870e+00
1.071687654939454504e+00
1.039383630209345544e+00
1.070559845512795372e+00
1.023818526818191854e+00
1.049872389631815617e+00
1.085490196144869302e+00
1.047192338933493172e+00
1.088754385945668535e+00
1.054279447775362533e+00
1.088984652376721929e+00
1.087035997280033417e+00
1.008752930095555111e+00
1.020215509539000864e+00
1.095242138742095195e+00
1.063723642772718581e+00
1.042389162888105902e+00
1.023122295159653250e+00
1.000736471612515333e+00
1.044107084436174171e+00
1.082341820995266213e+00
1.092231375798727200e+00
1.061174058319651614e+00
1.073332103603148013e+00
1.074035272638599769e+00
1.045274306253715979e+00
1.082791820209228373e+00
1.035100969094611356e+00
1.034404070589030944e+00
1.030960605284321874e+00
1.012194832123737287e+00
1.086455155941855599e+00
1.045187875175682013e+00
1.038750033204255852e+00
1.016652425495837786e+00
1.030530312975701079e+00
1.009404892200659765e+00
1.042165836183390981e+00
1.053256210899528700e+00
1.088287849223056991e+00
1.065108877466479198e+00
1.039992084770807512e+00
1.080877964526380852e+00
1.088467124954966225e+00
1.070289185629292872e+00
1.027187356687212949e+00
1.064598105080556412e+00
1.052295325680455251e+00
1.062864859152465424e+00
1.025062661234596106e+00
1.001322100203397181e+00
1.042002232695542929e+00
1.084579531745148540e+00
1.062153794792674022e+00
1.077039462013900772e+00
1.004666989006945288e+00
1.003196166566874048e+00
1.031115547408257838e+00
1.083989183121372601e+00
1.012594822446930776e+00
1.075874792676182023e+00
1.047121007328000397e+00
1.063153433153482208e+00
1.010363512862109125e+00
1.038364444190592373e+00
1.024051611736168210e+00
1.092049951015280129e+00
1.093766954090425569e+00
1.005152524512417100e+00
1.038932979922172262e+00
1.024171229228741931e+00
1.017873841109146582e+00
1.002787415317640596e+00
1.072570129463205957e+00
1.066338380505229555e+00
1.058556850707957020e+00
1.007174287006312285e+00
1.062092331179018023e+00
1.036812654301092707e+00
1.012680528827323734e+00
1.042494752998835983e+00
1.074082272216920320e+00
1.056257666422733665e+00
1.084274233341902427e+00
1.007776973496987249e+00
1.096502843917801506e+00
1.001714553055142565e+00
1.083735155557785657e+00
1.034251379610202415e+00
1.033782732620971867e+00
1.098192152779082775e+00
1.015215600370978244e+00
1.080180845453365901e+00
1.010818057833779093e+00
1.025970466041280948e+00
1.047423797792582656e+00
1.018309868431827248e+00
1.072920566014002874e+00
1.057923595350813928e+00
1.043435683734856179e+00
1.033448591925412829e+00
1.019469473473707088e+00
1.059245864891684707e+00
1.029807600368015441e+00
1.071432817728861453e+00
1.021713394392630203e+00
1.076949913829516436e+00
1.000652968996417203e+00
1.070402222849924811e+00
1.038690326918229712e+00
1.058246535188461346e+00
1.063593664587017429e+00
1.087996403132381218e+00
1.083884884086532718e+00
1.029785946952265441e+00
1.032570058554749926e+00
1.006386481353847673e+00
1.028187099010693162e+00
1.045068038805093025e+00
1.013155073475510148e+00
1.052582608517463658e+00
1.076083000330147366e+00
1.054718523763559679e+00
1.025482047532430663e+00
1.076931508367211521e+00
1.050815149483786293e+00
1.026643953314898772e+00
1.066045889570918836e+00
1.087290848777607621e+00
1.033796292122277416e+00
1.003521641489102612e+00
1.093161263185167265e+00
1.055055762220833415e+00
1.019167276750155171e+00
1.085365406282569056e+00
1.052162703034034141e+00
1.088061003087558598e+00
1.024343677041418488e+00
1.008875849503129141e+00
1.003466468814787627e+00
1.022061131107495413e+00
1.005108572769166431e+00
1.043376967403067956e+00
1.048026021506730521e+00
1.014566130500224928e+00
1.071305949699918658e+00
1.072078947522290715e+00
1.034382992499532916e+00
1.084436814478015210e+00
1.079014189330831597e+00
1.018915254932530656e+00
1.005208881047976455e+00
1.025744923000420750e+00
1.025137488544327846e+00
1.053122254190556495e+00
1.070507072403824145e+00
1.015917016704181108e+00
1.026518409736335125e+00
1.054477998551228701e+00
1.089958799235529519e+00
1.007312964086388263e+00
1.078480070388748047e+00
1.022871884623050009e+00
1.056791394837624631e+00
1.082743477131720367e+00
1.098854188894267336e+00
1.032933005757024514e+00
1.011815814635003363e+00
1.033302734197816930e+00
1.084915985854068454e+00
1.060209286303618326e+00
1.007230103398412124e+00
1.060373254949375621e+00
1.043381461565976220e+00
1.001336159810111148e+00
1.030935642014540132e+00
1.060005649334760713e+00
1.067961794691692612e+00
1.029928037823891973e+00
1.033078439873189147e+00
1.084568617444085614e+00
1.082657715182226754e+00
1.069118825152132635e+00
1.094008093708329632e+00
1.039075745824956876e+00
1.081178132768654265e+00
1.073597535010791137e+00
1.002902738930143256e+00
1.019849516911961462e+00
1.074868787044847451e+00
1.098835325098904914e+00
1.032692946835519265e+00
1.045510676968962827e+00
1.027573299283833119e+00
1.038532152303526246e+00
1.092552335231151472e+00
1.087373012731408295e+00
1.032385220756622868e+00
1.080805545236719345e+00
1.046820892044360907e+00
1.005566616651969225e+00
1.014333658607601496e+00
1.019075292414187484e+00
1.008314797362476201e+00
1.015509364814324522e+00
1.052306059371451497e+00
1.075497129029973742e+00
1.081373016529223463e+00
1.044331118417604731e+00
1.054353754440921831e+00
1.030887571642284062e+00
1.055373141643537238e+00
1.008963754899726784e+00
1.066998482724127673e+00
1.067321325227384987e+00
1.018385024369292458e+00
1.012500400253599331e+00
1.030354922570173137e+00
1.016644613603689740e+00
1.001434608918177815e+00
