9.555710144396384331e-02
9.969763941006742902e-02
9.773883292233535858e-02
2.463343211718383233e-02
5.921673528361831584e-02
2.033319254903982395e-02
1.043548110372236742e-02
6.622823753775194944e-02
8.415013894514342119e-02
3.483179117547757775e-02
7.145133381459677080e-02
3.089978911600548342e-02
9.091968616368793776e-02
3.898462187067530671e-02
3.651437633536687433e-02
5.188583560806792061e-02
2.163594567242224306e-02
-1.303476731561183100e-02
8.237542405662055811e-02
5.119345895946050828e-02
5.534446591587512121e-02
6.282009265212967764e-02
2.504500379686144459e-02
1.214861524939142221e-02
3.530240549715960019e-02
6.536326506201919906e-02
1.612181464060320410e-02
-1.026607255079286379e-03
2.852252564670161930e-02
4.023814054256123762e-02
-6.766809207926776856e-03
5.481676459400516843e-02
5.864354750476072353e-02
9.552032639264983194e-03
4.369408766975355074e-02
5.989297836056391156e-02
4.544209834562020628e-03
8.363380761045667577e-03
5.392579340223575823e-02
6.353954731691362212e-02
2.471658988148523958e-02
5.758014008829517860e-02
-1.913534728677406677e-02
5.943745630409590086e-02
8.178081371716690307e-02
9.527316395630155976e-02
7.285541898650359227e-02
1.415589281507022637e-02
1.748227758883536334e-02
3.426780529421320776e-02
2.440937813984075597e-02
7.289810659375520197e-02
3.623312321394821234e-02
4.474474424715640941e-02
8.690435130692530930e-02
7.909462286365097350e-02
1.121298767146673356e-02
-1.833000150761548291e-02
8.770808801614293770e-02
3.446498495895779224e-02
7.847530867966355517e-02
2.334369066219389374e-02
1.223966683960271348e-02
4.125014446664208856e-04
6.222238528770848015e-03
2.600662734705297061e-02
2.080087602792867960e-02
-1.242119966320411745e-02
9.828162564817739810e-02
4.853513023758819489e-02
1.525410818378470160e-02
9.411801120188241498e-02
6.994184116254691108e-02
-5.576360177830150602e-03
2.741687111284913866e-02
9.090538979222469174e-02
4.800562404470848366e-02
3.677955849269010091e-02
8.719268974253818749e-02
6.560874267730829046e-02
-1.859889080902571087e-02
1.208495001057619325e-02
-1.355936499731355549e-03
6.561120735926943837e-02
-7.422100072295942721e-03
3.915406486044652190e-02
4.987703939979788725e-02
-1.577702614488767432e-02
2.129283647786153408e-02
2.679233459563540656e-02
-1.348325719088315500e-02
6.383895335813122296e-02
9.404512580124935184e-02
2.863054203358674984e-02
3.461618635103569375e-02
5.410188552405433005e-02
8.984376015025496987e-03
-2.550428065155818658e-03
5.471735519281137328e-02
-6.355573014317559069e-03
4.496563999292330083e-02
8.674716668617531851e-03
9.031412287161345864e-02
4.037939558587037847e-02
4.045032165910879274e-03
-1.345581117107359954e-02
-7.287364240203245483e-03
-8.613507814534923299e-03
8.618083462187332844e-02
3.881686365671201122e-02
-1.055295211824051720e-02
8.217135565520465590e-02
7.995777288770897218e-02
5.568254181244934597e-02
8.551368265363910870e-02
5.658510836704838676e-02
5.696203371096471291e-02
9.304289113307628867e-02
7.248064553428770762e-02
3.049452031701119573e-02
1.795475538423139603e-02
3.396865683304019223e-02
1.072219285082601919e-02
-2.506094734508326066e-03
-1.930188939979896046e-02
-1.729675868440527786e-02
5.604073430814096590e-02
6.977435680381313676e-02
9.081793635695604994e-03
2.711676305650161101e-04
1.689928374652888490e-02
1.088289568456925899e-02
7.505813634040622850e-02
7.986402518566937392e-02
-1.216708627193901354e-03
4.275731198979035308e-02
3.980557828062958325e-02
-1.721777068403835403e-02
-1.345167238166679324e-02
5.355969576572475188e-02
4.242314053444422306e-02
5.834069932377500267e-02
9.170472297754504731e-02
7.189165241583253541e-02
5.446320571170167046e-02
7.446532527519174327e-02
7.070332116099038722e-03
-1.424248633535325076e-02
-1.618315460541207979e-03
-1.435299065573273497e-02
-5.733925798994059242e-03
5.989775205840472405e-02
6.786071141683910901e-02
2.241814848483271796e-02
7.769416336330416117e-02
1.879142417360868400e-04
3.449741048512725006e-02
9.801055039993047946e-02
-1.389522378731392060e-02
5.125676350388935765e-02
-3.266514683549850279e-03
2.316655621995444489e-02
2.629537734221350578e-02
-7.271332810252486775e-03
3.651787338361082991e-02
3.080197892705534637e-02
6.557455851002023939e-02
9.450727072323986122e-02
-1.359515377566888547e-02
7.747999831935652171e-02
4.841839583921848933e-02
8.265691132296391214e-03
7.229837834521360418e-02
3.715212741223029858e-02
3.147190812268201021e-02
6.724895379919602900e-02
4.989663243496748890e-02
6.672951182641492784e-02
5.224862864800300377e-02
3.894070403189439644e-04
9.266959299049185028e-02
7.744334263796179285e-02
-5.897931250263542882e-03
3.357415900567063682e-02
7.544837140097980510e-02
4.913145252302075772e-02
8.949868358592712181e-02
-1.870914253539645439e-03
1.561690066763986653e-02
3.933030272109494518e-02
5.321975939845770276e-02
2.922496538186470857e-02
-5.326709473884364693e-03
6.292117764311958017e-02
-3.614446214065408086e-03
-7.768419651793862304e-03
1.582535901708630524e-02
-3.063942548394898990e-03
1.632140333470981017e-02
1.859242085778086903e-02
5.092425638710419700e-02
6.820406080451896225e-02
7.594032469618875597e-03
6.478835248241968103e-02
5.090431290808444809e-02
-7.413624765467847696e-03
2.676817132638871152e-02
5.948702573467845589e-02
-1.675405699818338298e-02
8.161946011980365789e-02
-1.321520434600653715e-03
2.715506949225143449e-02
-1.316795509705640313e-02
2.441466253167967962e-02
9.722080834736593347e-02
7.112937336613642247e-02
-1.056101926878438846e-02
-1.055074343134327491e-02
7.723126276859162975e-02
-8.718512804438902086e-03
-1.096080147871862816e-02
9.393343920106867612e-03
-5.938527601923978411e-03
-1.740435326677313571e-02
7.077640875299709422e-02
-1.188424010169371499e-02
5.281831648042058236e-02
3.164625986806197944e-02
9.603554926723738283e-02
4.585193474343894626e-02
6.066346817060856711e-02
-1.418899628210121798e-02
6.628644099987895943e-02
4.349052023159241664e-02
4.913344084995460714e-02
5.367247567225154337e-02
9.443262184306673579e-02
8.100301860637258711e-02
3.442675530365814363e-02
7.691568224077836857e-02
6.692202502351210502e-02
-1.757156261658961854e-02
2.956871959889775456e-02
8.452346146182460052e-02
6.849775891295675073e-03
-1.721155629007838084e-02
-1.586014891181163067e-02
4.634756503755155244e-02
5.287400746154473363e-02
9.225220258680648378e-02
7.240575895556239372e-02
3.322760238717355208e-02
9.937858910184546590e-02
5.614891588996001603e-02
4.229596828281427523e-02
-1.648139340942898767e-03
3.202610680128460674e-02
7.167711286832836870e-02
9.844748151897811383e-02
8.729443420682277133e-02
3.660629833722435500e-02
5.257459250442514387e-02
6.963857616355176305e-02
6.714651496108607620e-02
3.879734764852039997e-02
-3.061909964644348586e-03
1.970510307291184135e-02
9.522238784591859073e-02
4.164630203233798955e-02
9.019628313634631134e-02
3.618605786205782160e-02
-1.349820312604825545e-03
9.769143146724650062e-02
3.913875237298722332e-02
5.204539039256861344e-02
8.808384181891778381e-03
7.082329288543137702e-02
-8.563232637322072335e-03
8.292271470715020798e-02
7.587337771212251947e-02
1.577920741384805300e-02
9.399964723656815957e-02
-1.333736492737965657e-02
7.328575633053394101e-02
2.326577412920603424e-02
7.860504268246075454e-02
7.144137744082124097e-02
4.788983430163115673e-02
2.325539612151893490e-02
-1.753209088072495148e-02
7.183573436151928504e-02
5.369552644855465906e-02
4.525182875143794747e-02
6.784537290570072376e-02
7.447824508175987512e-02
2.628018683494460703e-02
9.071834724849590914e-02
9.642262804050358294e-02
6.423610191855645690e-02
5.712533545930216505e-02
9.677803532007457632e-03
-1.514606641149783550e-02
4.864050135879582903e-02
7.716435707751156947e-02
-7.276479211369467695e-03
5.938659084010425304e-02
8.179726805941629764e-02
-2.049963959823708493e-03
3.353181325118957667e-02
-1.515592107483652862e-02
-2.096576958525993989e-03
-1.678290593976598799e-02
4.877756542014545504e-02
9.031551417924917058e-02
5.691577182857567030e-02
-8.411448795229382533e-03
3.529623586430931381e-02
7.557072899109150421e-02
3.311284825666144238e-03
9.793812019239593603e-02
4.698560978084842521e-02
-4.780551879088478298e-03
5.568503397295433699e-02
7.215203740694085821e-02
6.045415982089337448e-02
1.906234906093222728e-02
8.543589061756248770e-02
3.020530308084603405e-03
7.343354986618216840e-02
-2.389006952606465006e-03
3.117962931616531999e-02
-1.376684142715904613e-03
9.494901944597480131e-03
-1.754428889056309018e-02
8.264476402299078539e-02
1.153328962099105584e-02
6.397124616128913033e-02
6.693785187145594867e-03
4.456479902311476227e-02
-1.746629965878018775e-02
2.270053221683991998e-02
7.851012223435986648e-02
2.938517630073223322e-02
3.305628486503447983e-02
9.950695666918796950e-03
6.399954817085828918e-03
1.836845630179631886e-02
6.046865781046326105e-02
2.471899798995962419e-02
1.526137844402346636e-02
5.201654066646319019e-02
3.914788033239874343e-02
4.397338110421285251e-02
3.837392706697413669e-02
9.564377088085131151e-02
8.722240998325449246e-02
3.272714096574851073e-02
9.059358009921854304e-02
1.247540915915488005e-02
3.772923497452358027e-03
4.093030701166826268e-02
3.205636533504076235e-02
6.954754191423502541e-02
3.875524217762403578e-03
-1.122129313279927529e-02
4.104672565186207045e-02
-1.547484572443494355e-02
7.806798494755592954e-02
6.193957202586608535e-02
8.397016119406069956e-02
8.982456449776050900e-02
6.836849539148215360e-02
2.380404414144231609e-02
8.373831378987629803e-02
4.412456344706054689e-02
1.806239079303487496e-02
7.699698267151716680e-02
2.520672554636805771e-02
7.939324925119921328e-02
2.843732199846836159e-02
-1.265368385869620679e-02
3.222393282429764083e-02
7.265725636130190845e-02
2.200627062816928534e-02
6.715608494481045687e-02
5.969398547905491181e-02
7.676718383231811993e-02
9.303765319834858549e-03
1.164572002653973745e-02
6.385356730583362228e-02
9.135357926484675983e-02
1.486068489734379897e-02
-1.802248055608936597e-02
5.450354805405213665e-02
6.869909389906163344e-02
-1.402646240994207504e-02
2.073279454798667917e-02
9.556851728831929071e-02
5.142651697602779182e-03
-1.241478919558743760e-02
2.838603512126497766e-02
9.236893986107568011e-02
2.557355307431100414e-02
9.551323133847725022e-03
5.544220826651548306e-04
3.460038462335124354e-02
5.516803438138125071e-02
-2.243612557538042507e-03
3.757800833551430686e-02
6.896040496832980815e-02
6.838262903677233551e-02
4.505112288788613861e-02
9.981242141468907314e-02
5.251201084280782139e-02
6.432938705956733894e-02
1.828690763517674608e-02
8.592547350084733804e-02
8.358623933093282249e-03
5.285750112681017465e-02
1.076177955292348387e-02
2.167552689457324239e-03
9.199047020204162428e-02
5.092674542933636750e-02
7.430248741850445371e-02
5.693595962479435640e-03
4.892033685470660587e-02
5.528913145614480773e-02
2.460284944493866185e-02
6.992916417246010374e-02
2.248820340247231764e-04
9.878875445748364070e-04
5.003125960909532433e-02
9.826090796984715547e-02
8.526069589475333832e-03
7.815336248558331367e-02
2.626493644171623218e-02
-1.750162217324022912e-03
6.333566155321529445e-02
6.098891983496718128e-02
2.665131082781484542e-02
1.605480971364000795e-02
9.150269325639200091e-02
5.667519001377900600e-02
8.893898713960352032e-02
9.028197226406761700e-02
4.238993993960704643e-02
5.601019222105541040e-02
5.644464980733152060e-02
1.560993282991915074e-02
-7.812273765475325274e-03
4.392809037405653871e-02
5.121914709460988202e-03
1.423074778970241303e-02
5.338155704891144049e-02
2.307428023679233484e-02
8.081501189942935648e-02
8.407007282852353713e-02
6.363448283639454306e-02
3.197931127598654943e-02
5.423105082991684645e-02
3.860918134105656430e-02
3.596155730875234824e-02
1.245182707610687292e-02
2.482839833852576103e-02
8.060494699649456418e-02
3.112644099066255374e-02
-2.696878540599547541e-03
2.066099152244764078e-02
7.246984324361747942e-02
7.743626855394940278e-02
5.033029765617988427e-02
-1.925220606948317356e-02
5.244692978851818455e-02
9.668333997084029019e-02
2.311118268019763874e-02
1.285363458836856140e-02
3.167763510176804798e-02
-1.870330861704613476e-02
9.391907953013048371e-02
-1.216003160937929872e-02
4.841525276872181427e-02
1.158603005352593432e-02
9.199785976170862800e-02
4.142321042682972632e-02
3.340219835459519448e-02
-1.430805060766849636e-02
9.957939845432904613e-02
6.837616088868832265e-02
8.556033288283165783e-02
-5.157197076758461216e-03
7.948426860646456982e-02
5.139900827168633612e-02
5.876623603520932104e-02
2.043841268385920493e-02
7.920055218606886216e-02
3.386124254882343088e-02
5.908943041321712553e-02
-2.295827846968960528e-03
-5.252560970947931299e-03
8.564298666313735486e-02
