1.011967461800780566e+00
1.053312682563882996e+00
1.028534750050488000e+00
1.059947223493128421e+00
1.057519308167816696e+00
1.083082842761376785e+00
1.047423809658913019e+00
1.068654062556338769e+00
1.032475811341221794e+00
1.081466722036022787e+00
1.035998544599076254e+00
1.005347652499064104e+00
1.077665404319464670e+00
1.063854101741769087e+00
1.038997743558355280e+00
1.037795451335642438e+00
1.081519205487066149e+00
1.007224750460241847e+00
1.000688436688883076e+00
1.082198279926744000e+00
1.045315082886853597e+00
1.039415306636629621e+00
1.073798105956086379e+00
1.051211438252860564e+00
1.004418684606677381e+00
1.091086312052489626e+00
1.071760989242410922e+00
1.042187347551263521e+00
1.091483320278762381e+00
1.076364982382185254e+00
1.061759891917553489e+00
1.005739935236306337e+00
1.021985352632218680e+00
1.062100979913495058e+00
1.017168591125362065e+00
1.012963485388879148e+00
1.010113560695390378e+00
1.043971845825721445e+00
1.023305546424169599e+00
1.051083946794729940e+00
1.000207119622938734e+00
1.024905415435243494e+00
1.051384243925482798e+00
1.031455005498877142e+00
1.090751329902364342e+00
1.081778304457561513e+00
1.067794736558574709e+00
1.008628518206319491e+00
1.015103195245051770e+00
1.029624023153234758e+00
1.054851112278055281e+00
1.066246783636227935e+00
1.075556115160057891e+00
1.021479521255750145e+00
1.085873596196013091e+00
1.069795902862549442e+00
1.057173980163631732e+00
1.000498493754576224e+00
1.048746377709184552e+00
1.063260473205811518e+00
1.009036601467213412e+00
1.079887103707822593e+00
1.071193316004276364e+00
1.044675002965772981e+00
1.045233413060755900e+00
1.011404779660956876e+00
1.018699158381967118e+00
1.056679545807318377e+00
1.050328161519724190e+00
1.056572801655025540e+00
1.099815183609075042e+00
1.049875670311676279e+00
1.028484352433108873e+00
1.097929700110751083e+00
1.057595715284744609e+00
1.095374563659545109e+00
1.039066914552995602e+00
1.040099508088196956e+00
1.079245522513834432e+00
1.060587738804187552e+00
1.058689288796186734e+00
1.058303685248482839e+00
1.056662143517518526e+00
1.025307448130684973e+00
1.077584978680489192e+00
1.069216627634603345e+00
1.089982029484410253e+00
1.040833644801187896e+00
1.046963921352866977e+00
1.006413661770001466e+00
1.031193011465086684e+00
1.064598509363898549e+00
1.027317796272719796e+00
1.081447317025054922e+00
1.015132155852410234e+00
1.043544956004308855e+00
1.074943176372326725e+00
1.033019810483827960e+00
1.093972057561813038e+00
1.077920778091364662e+00
1.080017393087425059e+00
1.091255492389021642e+00
1.078737473031266214e+00
1.031572940642635494e+00
1.026090897080626396e+00
1.070671633450504423e+00
1.007668677245717515e+00
1.094118862637398104e+00
1.048340696931222116e+00
1.096350138443044964e+00
1.023083587910465386e+00
1.051122021191284173e+00
1.028105722446184922e+00
1.025251231890875747e+00
1.032521816934302006e+00
1.043881810313933789e+00
1.088102828576817060e+00
1.077361555708116425e+00
1.096057171388453266e+00
1.065126663505452154e+00
1.030347885184124124e+00
1.067256891364473992e+00
1.061833613463764259e+00
1.054018495723098470e+00
1.036045912440691108e+00
1.074329075678877032e+00
1.019934055072211354e+00
1.038639561349527174e+00
1.042332929083279902e+00
1.095693467566483337e+00
1.011862936861767759e+00
1.034986597710732648e+00
1.001528997802100029e+00
1.023201434386379338e+00
1.047430495289324748e+00
1.081435057825069990e+00
1.094191252767976463e+00
1.031451122737879311e+00
1.015573877470637987e+00
1.003690408835077763e+00
1.066597857592885168e+00
1.078843955661245912e+00
1.099067923398633129e+00
1.086326565271989786e+00
1.043619845633328547e+00
1.053318531016672166e+00
1.040754749076411301e+00
1.028989773171152144e+00
1.059861920622629405e+00
1.070041103555909867e+00
1.088140410070330466e+00
1.048333765287905006e+00
1.047493058134692401e+00
1.055687320448739808e+00
1.050232044490687855e+00
1.079072478173337402e+00
1.012245111071652159e+00
1.025076505606567379e+00
1.062404954485577147e+00
1.077102110873948249e+00
1.066278736142413974e+00
1.027298596617257864e+00
1.062291896598127616e+00
1.074649765592834871e+00
1.001991294344330097e+00
1.051447500491232923e+00
1.054801080157788284e+00
1.075093802146511290e+00
1.046726661524057800e+00
1.051701695836839479e+00
1.053821202698889570e+00
1.001995978059543990e+00
1.063930502510407772e+00
1.068286433142946912e+00
1.094614515719164682e+00
1.037355627668822500e+00
1.050968510859457972e+00
1.037390098057283216e+00
1.057886008913693221e+00
1.049668508601292016e+00
1.044132528866727583e+00
1.027247930540752474e+00
1.031544296896401258e+00
1.033393850117175328e+00
1.020511989719318002e+00
1.003387416464130544e+00
1.004504013386801509e+00
1.081809605535758445e+00
1.064728497136593788e+00
1.063264596404017270e+00
1.043070778615872385e+00
1.039264259597650897e+00
1.060386229990029738e+00
1.050050344085811105e+00
1.050853422469098186e+00
1.050965982647656061e+00
1.061425696575686750e+00
1.074821993521860808e+00
1.045268538668378877e+00
1.019822415348855760e+00
1.023415097410268704e+00
1.004947292872306885e+00
1.045318351932126744e+00
1.045179972538251567e+00
1.034042534195970697e+00
1.067976028641208108e+00
1.066777855142796216e+00
1.078059516298592202e+00
1.048097072536080532e+00
1.074027762122016449e+00
1.005349227374005006e+00
1.071800238797475879e+00
1.035689868098728095e+00
1.015100723195465848e+00
1.071200497726739087e+00
1.016051948238646974e+00
1.083207284461651820e+00
1.063737618169248611e+00
1.018585492179393759e+00
1.036029706615789525e+00
1.056714791363789541e+00
1.063184766915107549e+00
1.063969358409160293e+00
1.021400486394103746e+00
1.097476541153029395e+00
1.063425661787234189e+00
1.007258788303088570e+00
1.008615237306585755e+00
1.053902062962640551e+00
1.085223056678829234e+00
1.018949919190726749e+00
1.043903517267433800e+00
1.034952366050836847e+00
1.028107052812590405e+00
1.094272069024020633e+00
1.053756197884088142e+00
1.026023256437588183e+00
1.059331303597079277e+00
1.030724888028279107e+00
1.092138574969053311e+00
1.052412690325715827e+00
1.031625284387387875e+00
1.019960092826300624e+00
1.068836901330069367e+00
1.055124646982752656e+00
1.024099947507289610e+00
1.006981830355995200e+00
1.090720478514038305e+00
1.050407814622767111e+00
1.045959836714909219e+00
1.084802645315067426e+00
1.038785126823907445e+00
1.004141747998249734e+00
1.003055580243016998e+00
1.038191069581520187e+00
1.035199245730269446e+00
1.007898177611153523e+00
1.030139184890663140e+00
1.046436332720024565e+00
1.062799868544046955e+00
1.083207299293745818e+00
1.043903400047960783e+00
1.027493951014756268e+00
1.020398002588837283e+00
1.002851853105359625e+00
1.012713612479876790e+00
1.023827424440123979e+00
1.076290727776603395e+00
1.068038268865641571e+00
1.034874349786476966e+00
1.076033663576414501e+00
1.059059105429613901e+00
1.065627201339087726e+00
1.001559969715045684e+00
1.025156734849224094e+00
1.099522190450719528e+00
1.089852421248508785e+00
1.079011023771261790e+00
1.073405433526158026e+00
1.080573384602964149e+00
1.068104423016529525e+00
1.044190116423175052e+00
1.047542025938372978e+00
1.011406739767555463e+00
1.028351281015305485e+00
1.059665812642848870e+00
1.067243269068068212e+00
1.045541340821060095e+00
1.095481302205127294e+00
1.032170768903364122e+00
1.050756624133890593e+00
1.025358003054424039e+00
1.055760598737035094e+00
1.006808554538993983e+00
1.054765919121543494e+00
1.054447589293083354e+00
1.093238440565633462e+00
1.050938536875260398e+00
1.066685573688427091e+00
1.028244011863831409e+00
1.015984223485031590e+00
1.063328024974737218e+00
1.001646461003730115e+00
1.054114858145838829e+00
1.027756967949353895e+00
1.048960156652410269e+00
1.083864789956906494e+00
1.030195735165883031e+00
1.085925691152091144e+00
1.029356526089996837e+00
1.004890154437432903e+00
1.056572998096362070e+00
1.034608286102206787e+00
1.023890101733196945e+00
1.027254341197277432e+00
1.017260942663255729e+00
1.059019830261973771e+00
1.075323018344406245e+00
1.050137759074392996e+00
1.066674957661036593e+00
1.044753997293292880e+00
1.017054421278143828e+00
1.079225180487235036e+00
1.070225987024394199e+00
1.032323645924733579e+00
1.086158083879908753e+00
1.010233517658406077e+00
1.015769315952107732e+00
1.064768345505169744e+00
1.004453580882637143e+00
1.026768178471257231e+00
1.004049363600312494e+00
1.054325422989563110e+00
1.026839185459440307e+00
1.046784970821689864e+00
1.027669983700264522e+00
1.009568355219566893e+00
1.024035412819442659e+00
1.052146494989509184e+00
1.042729170447474596e+00
1.002648696443683818e+00
1.005151616834105477e+00
1.029466197125714855e+00
1.046447018214393676e+00
1.098500600636221902e+00
1.047216376997583520e+00
1.042146672811606889e+00
1.080754005265993412e+00
1.046219421818232576e+00
1.038509088173273032e+00
1.026323462833246047e+00
1.001828667784709470e+00
1.066476020547551862e+00
1.041670224945016709e+00
1.061072991095694418e+00
1.077632541303952030e+00
1.088949466406405442e+00
1.010285180469460364e+00
1.003505560411414477e+00
1.078474669738586078e+00
1.003538604583427141e+00
1.083353652449588811e+00
1.003183476612594216e+00
1.095599654760164077e+00
1.047976848487596202e+00
1.000608383906201659e+00
1.009839528009381482e+00
1.095886601959954909e+00
1.014523210078344118e+00
1.051614528984950558e+00
1.030077734467421013e+00
1.003138490548111994e+00
1.076804696225178271e+00
1.003543394064258631e+00
1.064060337432759074e+00
1.037531749022141403e+00
1.010066269852014864e+00
1.027052597478131490e+00
1.076635743000297074e+00
1.042453017773415480e+00
1.014403505469152922e+00
1.088786455330527536e+00
1.080601314826806103e+00
1.082497703372574893e+00
1.074330289542184236e+00
1.091676134026159595e+00
1.023292399240453232e+00
1.012348620494327722e+00
1.054158459329061825e+00
1.043300078682938503e+00
1.044523439920711949e+00
1.014095492338854543e+00
1.008752042018189909e+00
1.058697041944265838e+00
1.007532915637006754e+00
1.031134067695065548e+00
1.098235040001156015e+00
1.062369693237772417e+00
1.030700873382645710e+00
1.069641524318609038e+00
1.071584493656745796e+00
1.043625025580600552e+00
1.024730404795038297e+00
1.007300324512547141e+00
1.032953928784865472e+00
1.085646205093738326e+00
1.017202476897452801e+00
1.042643536406481664e+00
1.059508717023490254e+00
1.088098729778140594e+00
1.007069952473727215e+00
1.082631763352836618e+00
1.003876553158127072e+00
1.002324255117487128e+00
1.035837546642168761e+00
1.010219254894131335e+00
1.097997665846544013e+00
1.048644986907035781e+00
1.078176171867218036e+00
1.068313642945705189e+00
1.000668112679087951e+00
1.098835101574013429e+00
1.020718853297202688e+00
1.064046344293892776e+00
1.052335294106959473e+00
1.085883175430424785e+00
1.065272290480262951e+00
1.082866475768827774e+00
1.037999554290277571e+00
1.070624331589794309e+00
1.098743150810947311e+00
1.028728321098290932e+00
1.093509195972971915e+00
1.083240489574290200e+00
1.003918930564071665e+00
1.046978905806747573e+00
1.035096155028239817e+00
1.005422589839600089e+00
1.052067527309086925e+00
1.029894516491734580e+00
1.087899020988659649e+00
1.095544018052792445e+00
1.097042197820969234e+00
1.065438337916857048e+00
1.024907363068296995e+00
1.064730112459292943e+00
1.010091346364523135e+00
1.039572271694408911e+00
1.069894923166621048e+00
1.062934386647970131e+00
1.042242816355357649e+00
1.031965030785822357e+00
1.004775873736497349e+00
1.027212072530794940e+00
1.049822119835710277e+00
1.065473714640501779e+00
1.072185676813348643e+00
1.060348516276510500e+00
1.006318465522723971e+00
1.065836063723043514e+00
1.045765983515519526e+00
1.035215699914541432e+00
1.032526253529688631e+00
1.020897460850412664e+00
1.082973844707413535e+00
1.069158281047740910e+00
1.011683195215633324e+00
1.027094035080722723e+00
1.066645405325165497e+00
1.041572358832539402e+00
1.043585886844794919e+00
1.020560034799148807e+00
1.076904479131728154e+00
1.016366431207102794e+00
1.031291375183584602e+00
1.004392636846753506e+00
1.084265835494119035e+00
1.005967093376343380e+00
1.022513701881286874e+00
1.067143570873467340e+00
1.017319028904165146e+00
1.046548899421069212e+00
1.033590151844873350e+00
1.083136842311350989e+00
1.041785044936144766e+00
1.007226551082480936e+00
1.074033051323160404e+00
1.091696015359847616e+00
1.061322590054352366e+00
1.005595618965688498e+00
1.022620948241775185e+00
1.009427321830399293e+00
1.020572686773405513e+00
1.059870989119157336e+00
1.008874422952906746e+00
1.025814986527482375e+00
1.015626488967253493e+00
1.056042888920999179e+00
1.035115854717579165e+00
1.068942494996940606e+00
