5.259447476830093199e-03
5.651334303242901147e-02
7.329454908108323785e-02
6.267838515561682811e-02
-3.801363547664377701e-03
-2.492165666529811557e-03
2.753588170000024690e-02
6.057748622698450047e-03
4.233736027047013684e-02
-1.324440508243136978e-02
8.292512661938525320e-02
7.807834539263050488e-03
8.832564990792586557e-02
-1.870612367782031535e-02
4.411081632305764721e-02
9.968543035096558147e-02
9.235887881318806392e-02
1.873401332309175202e-02
8.288782434200521465e-02
6.164954031074425245e-02
4.439400931797482519e-02
9.630135376792289814e-02
7.794337882897217629e-02
-2.280786463466664277e-03
6.239708924691601821e-02
5.877695579892718014e-02
2.443180364139139679e-02
1.283205225994843088e-02
2.968137506474795642e-02
4.653054764389964737e-02
9.141967099471941249e-02
4.630192636642972703e-02
1.016261773052447651e-02
-1.884778486881390214e-02
-1.552592768797024861e-02
2.161178175268844634e-02
-1.914132586178216022e-03
9.727251910890336029e-02
4.974428185999428542e-02
1.021345049723466208e-02
3.268019799980081963e-02
-6.667458772845176115e-03
-1.223799413952483123e-02
5.894513957416447347e-02
1.083797146215558296e-02
4.169298392644293916e-02
9.249682604985082213e-02
9.084041652949273460e-02
-1.674670765211489290e-02
-1.317188305418805216e-02
-7.017720323457012771e-03
3.682075400760814743e-02
8.868600242155777469e-02
1.347331686080543642e-02
3.001892937086419674e-02
1.231295759070441184e-02
7.136653726410586984e-02
-1.028950351191458557e-04
9.423636051822696647e-02
6.625343932748224696e-02
7.323178940380639657e-02
9.105761614507139334e-02
-1.319683487883101941e-02
3.102149328928230018e-02
2.437743036177064324e-02
6.765958836449096486e-03
-9.080826430398944091e-03
8.760281489754456752e-02
9.326675925608184092e-02
8.596838603272624613e-02
5.406501940992214372e-02
9.570710057750325683e-02
9.520980180344126853e-02
-3.833829758568343959e-04
3.685070169018500597e-02
3.138524674231181477e-02
6.908097856888864574e-02
-6.477364023231615628e-03
4.273479943657930435e-02
3.622509548146972402e-02
9.314529120710890453e-02
3.276394841176845374e-02
-1.218325422285654151e-02
1.434591401093310292e-03
2.612984924161980763e-02
6.150046439031194023e-02
-1.828152870479218123e-02
8.746939201204420589e-02
1.933617959575430548e-02
2.936311145469974390e-02
8.174262492635282762e-02
-6.826534235106590867e-03
2.193516093819880899e-02
-1.183026525885394475e-04
4.897957777078355834e-02
5.965627674320529705e-02
4.411285709405346478e-02
2.000717945229611369e-02
3.413373351544186918e-02
4.794260358505283981e-02
1.117366329438472181e-02
8.487217432627160163e-02
-1.774296642706872651e-02
2.388712660604946914e-04
1.161177900372513047e-02
-5.081933094268914139e-03
2.834350668148364824e-02
3.105636662933188366e-02
1.802768536435253935e-02
4.582570701700751370e-02
-1.184978731316383566e-02
3.238672716356157111e-02
3.827717518211891379e-02
-1.796080224481644283e-02
2.963502801541944079e-02
-1.155866046727974106e-03
3.120270741216233171e-02
7.267034496104267383e-02
3.262164343142583134e-02
5.781261156398954937e-02
5.262942497468112157e-02
6.080003483424270549e-02
6.772081619734492131e-02
5.008083587139253168e-02
4.110687154763674467e-02
7.524686277330598638e-02
6.711768275727625355e-02
5.190431702535852621e-02
1.691433146553154507e-02
7.590212794111748928e-02
1.416274500409008333e-02
1.595642965701627239e-02
4.362876821657626913e-02
9.995263920068937769e-02
7.142705606813358477e-02
4.485710620807412813e-03
4.187872916206461515e-02
2.562200181977065602e-02
2.112370575830710070e-02
4.440554400492029152e-02
2.033257265401848188e-02
3.447022245808273322e-02
6.869808550881824349e-02
9.536122939816568667e-02
5.891741277652731701e-02
5.845256196360479328e-02
9.257425294320011100e-02
5.708005176021532789e-02
6.403578564941296569e-02
5.941976870769537233e-02
8.484779508576525964e-02
8.823174922582113777e-02
9.801628477007194584e-02
9.739002654675577020e-02
3.955322150276049248e-03
4.666811428403987161e-02
4.930710469107613125e-02
4.393776180715380786e-02
8.245997972190903524e-02
6.465426624040357395e-02
7.348910806404077012e-02
6.823897591245857430e-02
9.929416421724730768e-02
8.875312549502024917e-02
7.841963976226251631e-02
-1.081948798606657304e-02
1.623901957559989104e-02
5.223815099500303538e-02
6.993058706898058752e-02
7.392209085491927012e-02
8.927991481339261903e-02
5.814274722924007988e-02
3.196289446080562147e-02
3.370650279370275559e-02
6.365250589692675320e-02
9.872786588274937158e-04
9.362808974150926833e-02
8.237054914788773108e-03
3.530443887358920840e-02
2.515045663992352895e-02
3.163824868857895156e-02
9.370240877194806195e-02
5.763280528069412989e-02
3.191042811827232706e-02
5.247273722253817385e-02
9.726859398155922320e-02
-8.809682639027637333e-03
7.034778090075857748e-02
1.523373329891842057e-02
-1.082183402747831195e-02
3.005753048632310923e-02
7.221817059627326507e-02
5.428610025266740469e-02
3.924176679552364433e-02
2.894103612434291775e-02
8.390926403023436786e-02
4.041993180835329325e-02
7.451675871953339358e-02
3.339005702665651110e-02
5.375403257762912529e-03
1.849819705978623594e-02
2.376869654856721484e-02
9.424620124883437144e-02
7.434240452376086883e-02
2.602560259349691318e-03
2.770388925263058896e-02
5.884957650597570644e-02
5.827624790343773065e-02
6.965964675139799112e-02
7.959169605770866074e-02
2.375801790004286942e-02
1.790273126425635797e-03
4.706347863877254067e-02
4.821609653662457806e-02
9.571631388448841038e-02
6.326543508973153651e-02
8.951411675552990721e-02
5.350916864692172037e-02
2.643628233374452005e-02
7.740200309230937936e-02
6.601858501216190112e-02
9.244314428762055724e-02
9.934778061622979994e-02
-2.185871716827103572e-03
4.333347822861309540e-02
9.399490073383046096e-02
-1.300932847859110481e-02
2.674406270936740063e-02
2.080792383632972323e-02
-1.709968777209032453e-02
6.511906879367793111e-02
9.127892311503346678e-02
8.055310630183686038e-02
1.276414390988548156e-02
-1.795364776213902863e-02
2.708197269612154859e-02
-8.194897696803152970e-03
6.737451106129707656e-02
7.091205080148722806e-02
7.046749886842786081e-02
4.571283394478635465e-02
2.448477029932983814e-02
6.291240621370794428e-02
1.338893222849853876e-03
2.902019190697602280e-03
4.980632346294337764e-02
9.321243608881626952e-02
9.704050750943696291e-02
2.226817410859157839e-02
5.725802829322614029e-02
6.620457939391222180e-02
1.866716496138305995e-02
6.226690247933433509e-02
1.432296138848447933e-02
9.789858068202174357e-02
9.119421111577000194e-05
-1.259395925732562094e-02
9.561850643400977845e-02
2.035823953316938731e-02
6.356124230912653383e-02
5.570879783984096500e-02
7.384450163549423352e-02
-1.201173231030117951e-02
-1.227298083299776729e-02
7.005351408259849477e-04
3.675507121660345766e-02
5.466768876716715519e-02
5.592566045648751649e-02
-1.826874458529689077e-02
5.473438000986399765e-02
4.522828526943922789e-02
1.854620642090635055e-02
-1.882754781824101317e-02
3.651725526839465219e-02
4.491472845482186171e-02
4.194952018526990067e-02
9.885385535264534090e-03
7.685806045053948654e-02
3.660225120947744465e-03
1.499140266164144739e-02
8.353344102243898117e-02
1.622764378806343735e-02
-1.895285060251002476e-02
8.217761066129038172e-02
3.406017281447011602e-02
9.226069794586626294e-02
8.729207461137220014e-02
8.497969916545808355e-02
3.610082880423028107e-02
5.044916188045643624e-02
3.970288424930353693e-03
7.588586838172159399e-02
9.609059178578339966e-02
-1.908072224752095994e-02
2.842953812645144726e-02
4.392188181297321248e-02
4.436106113895282865e-02
9.444429538373429189e-02
7.467591331863056292e-02
3.869385846330566925e-02
4.937138802556544082e-02
9.545715320661399272e-02
3.962872500092081557e-03
1.023391039939729186e-02
2.508387852338686205e-02
6.832876143194170637e-02
7.812489498274477473e-02
-3.399602213176842330e-03
7.842303579725486140e-02
6.154667312437828164e-05
2.371770338127552127e-02
-6.183986761105047733e-03
4.391002061657540978e-02
9.350102120845481257e-02
2.688068895103481667e-02
7.621822169025688209e-02
7.970840511300503195e-02
5.026702171440348976e-02
3.875883490008676102e-04
-8.475507435250894533e-03
-5.794034485156935449e-03
-1.903491048117346776e-02
1.169073250547073353e-02
-3.719594204404201576e-03
1.756770075957326746e-02
8.371381067614463989e-02
6.781872502114576207e-02
4.589566880217851863e-02
7.392576931137576080e-02
2.784191660142236804e-02
3.482120596617667430e-02
8.115208810609843282e-02
-1.401074213449009578e-02
1.767132424915832459e-02
3.134087059267638697e-02
7.134619210426421110e-02
-1.307628682372029803e-02
-1.941028867067687985e-02
3.807635264426753596e-02
2.885427972838996644e-02
2.038359352782651360e-02
6.802262365951099177e-02
6.589251062277237669e-02
4.403392983097077773e-02
2.957215615367827719e-02
5.193001650402752356e-02
9.178797646370359664e-02
4.037449781976491792e-02
3.567802513452016100e-02
6.496812667458780333e-02
9.436982903025839531e-02
7.535105481018851414e-02
-1.401126618864248843e-02
3.354507187963175902e-03
7.106700341620306172e-02
5.360589983180935603e-02
4.993627699901974359e-02
9.200153779072878235e-02
6.501058340145671188e-02
8.782825330227803096e-02
8.995292487312002427e-02
8.368744065596447901e-02
8.317969964568579233e-03
3.127422361650171456e-02
8.665505246207908657e-03
-6.156765286705572285e-03
9.995091430130623178e-05
7.872754246664875888e-02
6.139275959770974095e-03
9.415782562406042888e-02
-8.206968137189503062e-03
-6.939337356174095708e-03
2.739881425506387677e-02
3.121430782285104441e-02
-1.694098124442872805e-02
2.914073727370684180e-03
8.562568905475093084e-02
1.877542679329123609e-03
4.041770907619188224e-02
9.602245937356725797e-03
-1.753011050720925529e-02
-1.241770162878064881e-03
4.901919729604330145e-02
8.575713362384330962e-02
4.224518488587275522e-02
4.142959223358799736e-02
8.750526785546947073e-02
5.559644797983086251e-02
1.241961271053743446e-02
4.426226247434966732e-02
8.197792003488810209e-02
9.520490275057834351e-02
1.938111392908286115e-02
5.307360151277849825e-02
-8.004681965256280757e-03
5.210353868723305998e-03
7.499899374572746580e-02
9.121394637067738176e-02
9.054552853456429573e-02
5.032823651819312571e-02
9.786082184472295886e-02
6.631258366188777509e-02
6.644806427596650078e-02
6.625614159515659518e-02
5.021267263920026203e-02
6.058137773002682247e-02
-9.693265367686687908e-03
7.359770266678521133e-02
8.953747920737506472e-02
4.637408430976061591e-02
6.071766284135360348e-02
6.713366972115206166e-02
9.403065376551245080e-02
9.251414737477378636e-02
3.331160612878716898e-02
7.003878210923626668e-02
6.222615085083343933e-02
5.102497397807003593e-03
4.136314450789106700e-02
1.752420919935297403e-02
5.900124319288836683e-02
-4.737250320165456788e-03
-1.947025305357885649e-02
2.598258646781124656e-02
6.928697133469284564e-02
2.349306274650206014e-02
9.901259710489745958e-03
7.800312689814015155e-02
5.076429467276397101e-02
6.588645271071777443e-02
2.149323496302388628e-02
9.581827167664401512e-02
8.135015995167446667e-02
2.861392895905397540e-02
3.059813223649073335e-02
2.632959484693104049e-02
3.769873654118970768e-03
-1.649225904681263927e-02
-1.631522074577958920e-02
-8.577411688830957615e-03
3.210121007378648195e-02
8.061736198760296318e-03
1.751064772022664293e-02
3.168099685631374507e-02
3.886604835455986784e-02
9.853412543763424847e-02
-8.961576466905407309e-03
8.019168555470287951e-02
4.891676036652310711e-03
7.646592214041096625e-02
9.765474112305835841e-02
4.609174946492596014e-02
9.996955476749762315e-02
-9.504789428797568232e-03
9.210542348042143057e-02
8.665614774898110217e-02
1.000390654621983316e-02
-1.234181489242641358e-02
5.849113497325421351e-02
5.696714396860830254e-02
6.359740087648996232e-02
2.765062953119125019e-02
7.187129754026792827e-02
-1.375509954534824553e-02
7.097434245201397762e-02
-1.131039102507624267e-03
1.181101570225506422e-02
5.060923693274986535e-02
8.345385055412476993e-02
8.032015623104647728e-02
8.731875116456167679e-03
1.684407553575059321e-02
4.927248643489530455e-02
2.857479665742831618e-02
9.273325847524462040e-02
6.816759622506754490e-02
9.309673944734073170e-02
2.125806252743768152e-02
2.592697437963599819e-02
-1.743693403138935408e-02
4.694505359358411289e-02
4.683159959947570672e-02
6.709082673397522012e-02
-1.178766060938286897e-02
1.603379299912416692e-02
9.335804148944822078e-02
4.002240348793592584e-02
-1.020474442349230543e-03
9.477719170856734043e-02
9.222937492852113783e-02
7.316034331101589627e-02
8.740886879285292288e-02
1.699739646319576095e-02
-1.447066612935460697e-02
1.497626678761252231e-02
7.072507421539231398e-02
-1.132828444171066033e-02
4.332382963812568544e-02
2.509709207480884455e-02
6.677798408565541188e-03
-8.819820554133162016e-04
3.472612319466120145e-03
7.449500720546126109e-02
3.064979699331736931e-02
6.395744163066692523e-02
-1.694770625479982695e-02
2.380279107724133161e-02
8.974654548760364892e-02
5.216622725985969877e-02
2.107659544630836532e-02
1.952548379929177139e-02
8.516520521401564625e-02
1.475854619363916806e-02
3.343258860066525284e-02
8.377962168863711812e-02
-1.384994326001841823e-02
4.277001144329470317e-02
8.308570668730684561e-02
9.634607678816707599e-02
3.120041402804598143e-02
2.649786089098402422e-02
-1.065213663877084133e-03
1.772916728321471611e-02
5.816562545875468559e-02
3.618170713438290109e-02
2.190762708206800760e-02
-1.763047567087257933e-02
8.650003252743657112e-02
2.239660943777725330e-02
7.780679643810711754e-02
-8.195048674688041462e-03
9.213841357695512491e-02
-1.621293814979559919e-02
5.408386548818464035e-02
8.855281501955876433e-02
6.291749295399931552e-02
9.770516799161134414e-02
4.097671467595326300e-02
5.347038210808109648e-02
5.710143051084709542e-02
4.124017017379055794e-02
2.269616826135949922e-03
3.419712629266215276e-02
6.861341076824890861e-02
2.511980779148676249e-02
6.494305660184060414e-02
-1.618777322237276856e-02
9.010222517769882200e-02
2.610517416267305046e-04
8.278304897392289863e-02
2.910183871255811114e-02
1.750413757866020256e-02
6.849360691517318578e-02
-1.720194619822676407e-02
3.812202670102862734e-03
6.354999728244216384e-02
1.399322735781937874e-02
6.018550889684100291e-02
5.743238329051976454e-02
5.407472778108360356e-02
5.024096763780772079e-02
3.610356118211044407e-02
8.492561801338624483e-02
7.143070861625980261e-02
-1.800782057235537220e-02
-1.646367910804332965e-02
-6.555354169369106629e-03
8.835331736566515159e-02
7.618559417445375237e-02
4.502942075716406811e-02
8.000910021817138340e-03
6.312163541084782337e-02
2.465874455288578557e-02
9.501204864387739757e-02
6.565110512465453796e-02
9.185824846588262760e-02
5.274631351725563022e-02
5.050605256654086550e-02
5.656713648812038142e-02
2.182189647826134060e-03
4.989091009865954940e-02
5.315033947054154106e-02
5.533122715489878496e-02
2.489953646122999506e-02
-2.382470927247287013e-03
5.730989447152974592e-02
7.607668079970592023e-02
9.412916318225084122e-02
4.569973926658754682e-02
-3.413585312821432183e-04
3.738795232188309170e-02
-9.538524710068973719e-03
7.791307769336798528e-02
4.644687108644712792e-02
4.816649620196776505e-02
7.146238435365531716e-02
4.836514580299340615e-02
2.558446337928328360e-02
2.840375594455942301e-02
1.298030320723356570e-02
8.110141663193749795e-02
8.135737244716521877e-02
4.961889016232683136e-02
9.730638381434492112e-02
-1.195733118123311692e-02
1.099978776826343943e-02
7.664800466281460056e-02
4.592478847845944678e-02
3.773148103560194921e-02
9.874391408611359056e-02
-3.865948950446364968e-03
9.484355446485630281e-02
2.371354040719167791e-02
1.285118574620471368e-02
-1.029545657709244992e-02
8.389430967998558197e-02
6.213021175363335480e-02
2.121408280036523805e-02
4.366196529084107048e-02
4.424694504207199452e-02
3.816592595134309096e-02
-3.903414152981770496e-03
4.803732886498340848e-02
2.823215462562801356e-02
3.846072904644240453e-02
1.269042677289673737e-03
7.435894320720723427e-02
4.119082774892844634e-02
6.356580187137740590e-02
4.484558054643676683e-02
3.267601425054521280e-03
-3.647938664205343379e-03
7.941659160892515501e-02
3.018225379979922254e-02
3.186887423768534899e-02
2.108838457681651637e-02
-1.584517461634609575e-03
3.060894793961703789e-02
6.385416092944204425e-02
3.041574874494471295e-02
1.678541523111780689e-02
2.489867919447434283e-02
2.962182027447970642e-02
-8.139883882838474735e-03
-1.463987211718501338e-02
1.066532726281820692e-02
1.610243863129817363e-02
2.032883533775236770e-02
9.540261472436255274e-02
3.892327346913433683e-02
9.836121500300069875e-02
-1.227912568139304106e-03
4.728598083288862441e-02
8.382277637050579433e-02
9.133813447775648853e-02
5.490317369907392331e-02
5.413890058715996323e-02
2.396062743664576986e-02
8.268148378770658058e-02
2.198069172986417616e-02
2.665428975879393855e-02
-1.711937627609495804e-03
1.191627569545787926e-02
8.766488606129216321e-02
4.046751151513201805e-02
8.126165029720594513e-02
-1.260590505682022966e-02
2.523172578212718245e-02
7.550177885497325048e-02
5.887990744663174070e-02
4.507559388308819692e-02
6.759480612427912205e-02
6.381086369719797535e-02
9.019212457251056525e-02
6.556925735906612984e-02
3.043810044132870887e-02
6.265010827462774712e-02
-1.506926377649161347e-02
-1.891724992550155443e-02
2.359768042066103313e-02
2.946688656810553600e-02
1.077852224380940888e-02
3.312431742655541633e-02
-7.948647200244074451e-04
3.718689096584881781e-02
2.872686406275347035e-02
-1.686969665046221534e-02
8.353962019258152905e-02
-4.009972326529952918e-03
5.673387380522014467e-02
9.081037540291704568e-02
-1.218709155135881683e-03
1.492151888846544525e-02
7.122344927409290927e-02
5.918931908960493871e-02
7.216530319947397215e-03
-2.368224478761189050e-03
3.165110492583980695e-02
3.588014173127945794e-02
5.115941751887686378e-03
8.108055074541997698e-02
-6.698338797940101008e-03
-1.879024501462260577e-02
9.953746065877033811e-02
-1.788202628278903056e-02
8.561774845690388325e-02
2.677203086557639403e-02
6.249118147489771818e-03
-1.684507545454684563e-02
5.933479215863634443e-03
5.558512605384711980e-02
3.195700248331721782e-02
1.319038132367146218e-02
9.450862814303848114e-02
7.342528547977848763e-02
-9.054867631752729421e-03
6.356186308595031254e-02
5.082225968286470386e-02
1.586464786306369945e-03
8.710739459567970466e-02
9.524876726176570441e-02
3.820952009968076046e-02
5.222227179444569739e-03
3.446980078464284558e-02
4.890096042696902290e-02
-2.721362405003504431e-03
1.793196117744479470e-02
-1.343401636145026556e-02
2.698942836891183791e-02
3.085966438756230015e-02
-4.996022405093194368e-03
6.806955954411053611e-02
9.958470452790425809e-02
3.243857707801926782e-02
8.705473277077219185e-02
7.220263322316326782e-02
3.280428956302186561e-02
4.822237693566977512e-02
-4.395678135857113839e-03
-8.422352470308655872e-03
4.581812978121367619e-02
6.964765640901501853e-02
-7.744746919251664641e-03
-8.848607422329596295e-03
6.862610473235192243e-02
7.552833145042976704e-02
9.688933689431657170e-02
2.326704440112490821e-02
4.304435531493448763e-02
7.300551958744436187e-02
2.073534004090029151e-02
-1.625145115795127021e-02
3.650804238037917704e-02
-4.909494668107090842e-04
3.632096533303798280e-02
4.585507090376059192e-02
4.510291698052269760e-02
8.893572661340004570e-02
9.051844134901203265e-02
7.849940283594440682e-02
9.653061559584452667e-02
1.681413830489087227e-02
5.859086828291558413e-02
3.881663230752292748e-02
9.699422542054916829e-02
5.721265060570875083e-02
9.981157248200872578e-02
8.656101726012321862e-02
6.230666024850727014e-02
1.542473497893422432e-02
7.100544920493781498e-02
7.362718065376346044e-02
-6.825155715855188779e-03
6.633369559292920381e-02
7.414152108521385176e-02
-1.501167282784893892e-03
3.787171338715737690e-02
2.055299812243659499e-02
2.470003988119367708e-02
6.963275957999795485e-03
4.465100269407995537e-03
-4.409828313180756687e-03
-1.416494553007012318e-02
4.435491237524234742e-02
-1.758252682390085142e-02
1.846673969560154796e-02
8.669972001435838349e-02
9.069301141131799748e-02
1.785648728802081975e-04
-1.195600062086244787e-02
8.368475469833869251e-02
5.382410719519682696e-02
4.489737447688421645e-02
-1.397709378559478660e-02
7.351060162319972280e-02
-1.204788517213347364e-02
-9.868503532544509183e-04
9.500048710737063473e-02
7.118205082040032772e-02
6.653090869360854531e-03
4.461925454739923413e-02
6.841074142102734901e-02
5.031298054364133354e-02
6.824390115618270136e-02
6.542388037646243437e-02
6.059883404648953864e-02
2.336756951474181984e-02
4.884347465080794704e-02
2.954170429960755948e-02
2.533802326279989067e-02
5.360609309893947516e-02
7.418236004629649716e-02
4.299963140765662717e-02
-3.196709232109892773e-03
2.087015598399237851e-02
8.749822642742507983e-02
4.354615067840569842e-02
6.921738383640506365e-02
4.268336538362095534e-02
-5.846610768084787094e-03
8.940535308958814931e-02
1.350375461968409893e-02
9.749616881262909013e-03
-1.435156746222069485e-02
4.641000118066239410e-02
-6.580602707769611648e-03
1.094744858458947950e-03
4.893140358040413973e-03
-1.541690516183581716e-02
-7.382034481932872941e-03
8.134062262839689139e-02
3.941646975720099200e-02
5.804297192293503965e-03
7.893603771084380105e-02
3.670459866137543159e-02
6.290808214907075979e-02
6.042832673741972693e-02
5.343043293106219949e-02
4.726179058429444413e-02
6.847079417466518658e-02
2.110603040700798419e-02
4.674802241543173087e-03
9.988736735586532800e-02
1.180180955048521982e-02
9.158438559789872091e-02
4.852730714998476635e-02
6.291113538215226120e-02
2.039118944483108917e-02
2.619832220767014802e-03
3.230085039472294084e-02
1.174116637310080799e-02
6.171722712352334383e-02
1.980456003220936942e-02
8.466475766515848406e-03
7.668291257689310858e-02
3.910591184106704254e-02
3.410002270162126869e-02
9.403437679010852313e-02
3.127537760280937884e-02
3.719172719783929437e-02
2.567367656320135652e-02
7.156690759166893512e-02
4.885287868204678252e-02
5.530853809733528303e-02
7.981158022519645179e-02
3.446412261599801630e-02
6.560907989796213591e-02
7.888827629104763761e-02
4.305146567104074784e-03
-1.867753205577753553e-02
9.481285148762555459e-02
7.087785474842873967e-02
6.593732293793813648e-02
9.840027151041251530e-02
-1.451017336149183420e-02
3.101763205568974432e-02
-2.233679806182990724e-03
2.771717151604972604e-02
9.680752751582746840e-02
1.279058087002734809e-02
2.290237750121342994e-02
3.756779876892846204e-02
-6.022438851917865862e-03
5.605520442236427286e-03
2.160782842782684246e-02
5.201527297681766970e-02
3.949625847754376085e-02
1.981617408978433512e-02
9.193948952971356392e-02
-1.955232654535609890e-02
3.296503909369286056e-02
4.656449526419800117e-03
6.888759257605424347e-02
3.205316781199060716e-02
1.209903725168301122e-02
8.492564499883002715e-02
8.175003935712384096e-02
2.612036305492589430e-02
4.879321486621343573e-02
9.931786278793480749e-02
-9.854151484512265607e-03
9.871782129894629554e-02
5.842762252985082838e-02
1.849383542318292981e-02
5.633518529834644073e-02
5.865762479254080231e-02
4.558236668061173280e-02
1.701255431166876983e-02
-3.206026714657177895e-03
5.737211313832712989e-02
1.542205750552773022e-02
2.809680601273806602e-02
1.550864703738418990e-02
5.621585913053855910e-02
4.789366599401259639e-02
8.056010872401153655e-02
6.842199004561780318e-02
9.574755659383127337e-02
3.904556084903616775e-02
7.173642166761431960e-03
8.555085950840349285e-02
2.018609648688425226e-02
8.865405409580659479e-02
7.331189610060660777e-02
1.981682466815827201e-02
-1.811587244464514176e-02
5.298777094869411980e-03
5.975591371416237585e-02
2.039106551081815502e-02
-1.337390837422770817e-02
6.207870933943378244e-02
3.427182194580680186e-02
2.682594320973857513e-02
6.782621486810663791e-02
-8.572820994770186456e-03
1.098010040467129952e-02
-1.987987603303588077e-02
9.717333016825768777e-02
5.972714916339443014e-02
9.811891296945506047e-03
8.754222004688180792e-02
2.514941391661903655e-02
1.244241780646252252e-02
9.868249688603385195e-02
7.721240334571095876e-02
9.862244551177259955e-02
-1.269958059193761896e-02
5.455754856167226163e-02
1.004411811676956395e-02
-1.215646394590442526e-02
6.982836885568614871e-02
7.026584379687253468e-02
3.037484108821706177e-02
5.048085277025098072e-02
7.139826091673819042e-02
-6.560823859607309294e-04
-1.204359488363367613e-02
6.152932350391215888e-02
-1.139401420798408400e-02
-1.545115445811150179e-02
-2.236127282242317271e-03
8.544927952501162050e-03
-1.823861459673480762e-02
3.309239554049885068e-02
2.599456827571661535e-02
3.115586621305897405e-02
1.850979135074256807e-02
9.598445615839698575e-02
7.124167937935894923e-02
9.268209417405974537e-02
7.869732819482683217e-02
3.406575347573229107e-04
6.768601930974686709e-02
2.314658954733887428e-02
9.093490036473901583e-02
5.569561528690003538e-02
3.360088917464675029e-02
9.274847858895680919e-02
4.645759221808515305e-02
7.063015102981853865e-02
-1.931392060878761932e-02
9.733569432337503546e-02
8.173358932712565528e-02
4.737993894965134012e-02
7.676050370422290298e-03
8.897994715397315735e-02
5.443082834213550103e-02
2.632782643815783849e-02
1.935616444361303382e-02
2.728672068114283006e-03
6.747748108222322017e-02
2.644859447205398853e-02
1.583564991726450419e-02
-2.003342790199067608e-03
1.680145360220817660e-02
5.101141005078636825e-02
-1.548277816843641325e-02
2.811280063163142454e-02
3.165552757597726863e-02
-1.897136452109100466e-02
