1.051666197991177665e+00
1.015800461932388155e+00
1.074149105112943037e+00
1.031788346742862572e+00
1.031869929040149847e+00
1.096058268081708365e+00
1.086910972448763779e+00
1.024483837712665713e+00
1.083596201805796966e+00
1.028132881117897135e+00
1.058908326181987603e+00
1.089807748592783287e+00
1.044974254278754344e+00
1.023622308889432064e+00
1.055847090222006512e+00
1.036290254591293092e+00
1.020667913885676015e+00
1.036563594413753009e+00
1.041858549426537994e+00
1.064944570841366511e+00
1.094754535467524770e+00
1.044149066990364139e+00
1.090019938168856894e+00
1.029970565948817862e+00
1.024167102882918901e+00
1.058348088929913722e+00
1.075029442423355297e+00
1.018384289552960897e+00
1.090926433357040537e+00
1.082962647871317463e+00
1.052327498414433737e+00
1.010687984496291492e+00
1.053837561830844205e+00
1.052148651842471416e+00
1.071192209715929211e+00
1.078588692145716177e+00
1.081400057538192128e+00
1.048424650986456763e+00
1.036915221218384531e+00
1.053617473135649130e+00
1.040910872828485489e+00
1.015832572828899050e+00
1.098741595802501969e+00
1.013634551681553919e+00
1.005332852170581992e+00
1.065426205046974051e+00
1.049723517793985650e+00
1.004178879945174296e+00
1.043235063175532940e+00
1.085277050547853950e+00
1.006297134136081572e+00
1.058526231537152418e+00
1.018858465225467080e+00
1.094707195518108023e+00
1.069700388968803262e+00
1.098889770928475063e+00
1.064453582690543243e+00
1.017483631383868437e+00
1.050804404371199485e+00
1.039104809475275060e+00
1.015776583332663963e+00
1.030749571324026892e+00
1.024374729452224964e+00
1.034913610658927396e+00
1.056268805259851229e+00
1.059500535994148951e+00
1.053769174485428506e+00
1.025443119418916860e+00
1.063716162304594537e+00
1.039002398003135763e+00
1.061004855201034047e+00
1.022245104290008921e+00
1.025954753574444878e+00
1.042398417199469574e+00
1.093590914511613832e+00
1.088256931437365127e+00
1.075796728909223621e+00
1.031257642300631439e+00
1.020599567976816280e+00
1.089116629440380679e+00
1.058210141123042236e+00
1.000587144886729840e+00
1.080234189638830111e+00
1.061887173054003375e+00
1.020056837690267892e+00
1.060753485742922164e+00
1.017491101677036047e+00
1.096649968564173960e+00
1.028758577582222333e+00
1.095719334911652076e+00
1.089471069702708794e+00
1.090006301094824881e+00
1.098939571234536006e+00
1.058526468320266645e+00
1.068081849160899877e+00
1.025179691989617226e+00
1.088192758388871750e+00
1.074925606475005901e+00
1.083658453569209978e+00
1.008715400752491886e+00
1.064178581748096875e+00
1.071527487227314834e+00
1.006249409977958420e+00
1.061704404759952425e+00
1.058223697036400957e+00
1.058054211803419298e+00
1.046037015432078610e+00
1.029988373662835244e+00
1.085376725487497085e+00
1.000981963132837382e+00
1.055878301813254483e+00
1.025447237047326432e+00
1.058021147158765496e+00
1.055734081203261177e+00
1.033753663599267014e+00
1.061780624997625155e+00
1.082844098471804406e+00
1.012362457469096144e+00
1.071417919305007738e+00
1.028538428658442250e+00
1.050041599817170379e+00
1.049934869460603215e+00
1.080820493248493275e+00
1.084016713190472325e+00
1.044466456323779546e+00
1.050296302031394013e+00
1.044695279758366402e+00
1.057408003725296197e+00
1.048705095329942605e+00
1.006084918586184207e+00
1.096060460473515352e+00
1.026264972576506507e+00
1.062050330153959887e+00
1.043333941455681702e+00
1.057350784550142198e+00
1.027280525055677574e+00
1.003295631515290776e+00
1.061061782279122401e+00
1.051101820479171778e+00
1.091508094115916094e+00
1.091810939249518109e+00
1.049834456357264134e+00
1.083933204935128680e+00
1.019352888614017960e+00
1.020642957948454610e+00
1.060337124318031288e+00
1.021422751185452782e+00
1.028272026278382434e+00
1.038767139927800010e+00
1.004379252398913014e+00
1.084137677342934758e+00
1.036104351901628196e+00
1.073182214733851669e+00
1.071026478377073765e+00
1.092262914875942181e+00
1.005494223224110417e+00
1.068784650819455839e+00
1.060501766140900859e+00
1.026652422983260093e+00
1.058922823585694895e+00
1.077897705003025175e+00
1.094374216626190055e+00
1.055750320415780319e+00
1.052496986042049221e+00
1.012423186960209387e+00
1.053778110097497445e+00
1.034782241392956603e+00
1.056539905245169164e+00
1.086762485613996132e+00
1.004025392012364737e+00
1.085699032407813958e+00
1.016591269210664672e+00
1.015880700028639616e+00
1.012774695473624753e+00
1.092969269274746580e+00
1.081451290827038614e+00
1.039822885624936744e+00
1.059497699668701109e+00
1.050976853697092039e+00
1.035540460460155909e+00
1.044603211783198482e+00
1.001826114893274555e+00
1.000659541168759326e+00
1.001589792422920455e+00
1.037614211658666630e+00
1.044227006299833560e+00
1.065865986397873000e+00
1.029195912289969428e+00
1.087028808104909539e+00
1.092668430215864905e+00
1.082365006852864742e+00
1.041701439789478822e+00
1.097371243422639697e+00
1.008343032333314460e+00
1.048732465834985250e+00
1.014226248922468709e+00
1.062772924209792524e+00
1.074770356126315329e+00
1.075101674748958569e+00
1.054567847188018659e+00
1.007905428788252067e+00
1.005839894784148036e+00
1.041452556238769755e+00
1.037741256484881802e+00
1.014258079770515408e+00
1.094301304913226414e+00
1.078567107555487237e+00
1.021053752727113739e+00
1.048926410528051356e+00
1.017796866874832507e+00
1.046934423655730306e+00
1.007357334441249641e+00
1.069566739347235007e+00
1.068498109657113115e+00
1.032941355976972897e+00
1.031573979792256957e+00
1.015789542949646629e+00
1.053993069534413740e+00
1.019765115879955220e+00
1.015808537292642422e+00
1.049818429511883533e+00
1.066678026126598455e+00
1.046871099656088600e+00
1.029796518140624784e+00
1.062990206218390465e+00
1.058404733677352327e+00
1.048763173510372182e+00
1.057086438440212772e+00
1.006953317370932854e+00
1.059413905195728978e+00
1.028691824831085455e+00
1.084807463662598614e+00
1.068506863054113687e+00
1.083194688838598152e+00
1.017082242823056148e+00
1.026670426830755600e+00
1.006153437813839258e+00
1.027611431659975594e+00
1.073717836846645568e+00
1.025234000378217436e+00
1.046399098795847360e+00
1.073528066959166027e+00
1.090115840248028212e+00
1.076694655163634051e+00
1.064152165373893233e+00
1.005477738582016833e+00
1.001164899735812464e+00
1.031142300680180979e+00
1.015936152897795042e+00
1.003620527769061965e+00
1.004912687194105425e+00
1.003323363057923467e+00
1.001598569768223257e+00
1.077611208410250931e+00
1.066858207771786526e+00
1.065733637592984673e+00
1.062375485632390593e+00
1.069933346937856911e+00
1.035290293518380533e+00
1.089149420461062778e+00
1.056786295581512602e+00
1.066657123635547988e+00
1.071507725030890645e+00
1.025842422001454590e+00
1.011423687226663981e+00
1.081804095749943073e+00
1.022082621341852571e+00
1.083447926037544917e+00
1.012873851860679686e+00
1.059734242779093893e+00
1.084470924297222583e+00
1.025893360109621621e+00
1.047296786359135812e+00
1.018244330300154044e+00
1.023118914617875186e+00
1.084487522987023445e+00
1.032695535911694495e+00
1.039612007998943044e+00
1.025467189795995271e+00
1.048854715144685423e+00
1.097043639791666081e+00
1.087392292444299136e+00
1.061816616645782085e+00
1.086819261121256153e+00
1.032784161359734831e+00
1.009471409126000419e+00
1.086071166014788592e+00
1.075771945001536833e+00
1.006651864153089493e+00
1.090725356348518860e+00
1.024167363746903980e+00
1.003638171992160544e+00
1.032941938242888824e+00
1.072081099422437678e+00
1.035843252707406403e+00
1.056099296454937608e+00
1.024942600194194808e+00
1.053217306948637466e+00
1.004260163770976710e+00
1.000938589628105335e+00
1.005980755236868696e+00
1.074399415782500089e+00
1.074484320017833339e+00
1.038453523891136543e+00
1.049938631803511768e+00
1.068501649485720462e+00
1.083873938491390021e+00
1.008914587345688174e+00
1.083143971282749307e+00
1.018924358900358262e+00
1.064545819688690331e+00
1.085133562113780759e+00
1.079866558037662516e+00
1.098221985541738777e+00
1.017629586804289499e+00
1.080070388118926417e+00
1.083805144209592841e+00
1.055386196491621131e+00
1.060032980031880623e+00
1.060435868097472589e+00
1.032280799302539132e+00
1.007288935623406712e+00
1.029373091248312999e+00
1.040951459519322775e+00
1.020485472117706571e+00
1.040544803554883657e+00
1.081389033377935016e+00
1.070951671666049876e+00
1.079573126591306442e+00
1.017099212440538469e+00
1.066622494208609995e+00
1.052221547145710590e+00
1.037342125609832966e+00
1.088727740875906846e+00
1.036744921477344095e+00
1.042749545515292864e+00
1.039443899630914769e+00
1.048885270341801457e+00
1.086660481737747874e+00
1.063502621704703444e+00
1.020293099585975360e+00
1.041266284064245262e+00
1.077856275788537710e+00
1.064209591431849233e+00
1.040576937757413889e+00
1.083566332050788672e+00
1.083845472879927163e+00
1.030334005616251769e+00
1.029266062022915040e+00
1.035746795711981250e+00
1.071516221227359011e+00
1.002149595073107191e+00
1.087361037389797280e+00
1.050779515865768454e+00
1.018196766947467191e+00
1.070172333104344009e+00
1.096679221437961926e+00
1.029495735913128041e+00
1.073363140109462099e+00
1.023307288440604257e+00
1.090784131559782599e+00
1.091159630176323114e+00
1.026702831065735566e+00
1.008474053764068401e+00
1.032956966238891550e+00
1.063117249772185469e+00
1.003286513341175912e+00
1.022835367115699556e+00
1.081857545931419695e+00
1.062998153901558940e+00
1.074702992380853983e+00
1.041609827686566625e+00
1.087897951854752021e+00
1.072086418613895198e+00
1.049280317703252141e+00
1.093813212580350580e+00
1.057020893943430240e+00
1.012278745704949579e+00
1.030579683014165138e+00
1.001719239165613562e+00
1.059811372880209213e+00
1.041371002812677027e+00
1.054477579919701036e+00
1.093437495958251571e+00
1.040081798198059237e+00
1.038988335957235609e+00
1.066199650771209040e+00
1.054415190354914600e+00
1.080059856502374460e+00
1.063755839403856651e+00
1.003572296767079708e+00
1.016971536012162280e+00
1.078011263876738957e+00
1.002680829773062054e+00
1.021574595730750268e+00
1.075936095201733611e+00
1.087349036092407850e+00
1.018175365148850986e+00
1.000467516497616893e+00
1.022653158989634381e+00
1.090182804813067952e+00
1.027470645680423678e+00
1.057858026208445823e+00
1.004760854128119663e+00
1.025132511238327160e+00
1.057521966685219361e+00
1.051386151246169520e+00
1.028507425217100035e+00
1.017277026067042955e+00
1.077210681587104091e+00
1.063583467248753633e+00
1.089139011662485057e+00
1.038941308389747187e+00
1.019541787911936392e+00
1.097646090454974743e+00
1.021897041508571524e+00
1.091737657014374197e+00
1.094849596467727837e+00
1.076833561948862483e+00
1.060876472635516432e+00
1.059056062995004988e+00
1.057318256736265782e+00
1.071036133084585673e+00
1.099713872318702546e+00
1.057968616224299829e+00
1.067521491789728660e+00
1.020583405467438975e+00
1.067674985010079958e+00
1.087278292938225643e+00
1.085775206855579711e+00
1.041127712087713597e+00
1.034322936225214429e+00
1.024527385270636026e+00
1.021369010623772278e+00
1.099705739934889515e+00
1.052193883438797162e+00
1.013918970998855196e+00
1.076939671576957247e+00
1.039746803523419860e+00
1.031011645126492793e+00
1.022480295340939538e+00
1.016998640878471694e+00
1.080328163719185719e+00
1.060827342711708532e+00
1.034407322737513679e+00
1.067376555592687959e+00
1.078950125299519724e+00
1.088556048295246104e+00
1.037482241827431872e+00
1.082735009267490778e+00
1.033844490988670151e+00
1.064319916248597675e+00
1.069940878764493064e+00
1.067068518923001363e+00
1.051833192467319211e+00
1.018608589186314362e+00
1.018587570138939302e+00
1.002378010205092984e+00
1.052000125634152239e+00
1.097838314265892956e+00
1.070405660093359135e+00
1.021110072809349179e+00
1.039832782595220273e+00
1.007506069837788232e+00
1.005773221343181367e+00
1.054009998803760118e+00
1.095260909245083569e+00
1.038759219745084783e+00
1.017179432947970863e+00
1.019207402861920020e+00
1.089398067471968101e+00
1.001333066994557486e+00
1.032277637351184385e+00
1.067096224907755131e+00
1.084377959214021026e+00
1.059369157484816082e+00
1.061217160044227503e+00
1.083663208661331590e+00
1.083598598071379593e+00
1.060973306466173716e+00
1.035511967047997306e+00
1.074000771117532560e+00
1.056308729949577030e+00
1.007375155778867049e+00
1.082484361381006677e+00
1.064377340567885355e+00
1.073238400644190849e+00
1.080277571705429596e+00
1.054332881751746109e+00
1.066652293963035625e+00
1.031805181053399023e+00
1.095697594837694577e+00
1.072060743405768291e+00
1.046650796914720960e+00
1.078151226932035023e+00
1.017812790116587429e+00
1.051467363959948109e+00
1.054430084126227296e+00
1.057846255925072310e+00
1.008577392425421326e+00
1.069087703525141375e+00
1.050001716411735231e+00
1.005078526142533901e+00
1.058721501502840390e+00
1.078064556809965380e+00
1.093989412486805701e+00
1.070239755586509967e+00
1.029902232509972704e+00
1.083219566015998447e+00
1.094652615550998354e+00
1.073451596657800211e+00
1.058130139602024400e+00
1.030411400774783992e+00
1.062179868322131071e+00
1.030737942986355682e+00
1.026646519306706029e+00
1.025101474478731678e+00
1.048230473311418276e+00
1.051470125516055010e+00
1.046570222028156971e+00
1.006198140221493009e+00
1.088800169350366831e+00
1.048444053344365967e+00
1.006746312560104162e+00
1.036821267593650564e+00
1.097263988724762607e+00
1.096744167822293559e+00
1.016642505397795437e+00
1.084269845476609984e+00
1.019807579959800536e+00
1.076554686821821205e+00
1.083767091813004457e+00
1.048935435040416086e+00
1.057113652176549401e+00
1.058954833363124459e+00
1.075078889563910955e+00
1.079973439064062735e+00
1.006868656813203700e+00
1.099752411682067610e+00
1.047610328793013634e+00
1.038425952438325472e+00
1.079246886579569908e+00
1.004350725571786729e+00
1.036182827796922945e+00
1.071512658302849808e+00
1.082780237546127067e+00
1.065750777204722999e+00
1.092182391258921248e+00
1.017216539204852443e+00
1.095165875716163306e+00
1.051303949301888974e+00
1.084213305901590152e+00
1.051924365211797996e+00
1.001621031760401959e+00
1.037322972114299358e+00
1.096236118329006137e+00
1.012444786952695797e+00
1.097656428973957210e+00
1.023520310070313188e+00
1.018109376014595391e+00
1.045994440427193473e+00
1.086964776365004992e+00
1.005293841689279599e+00
1.000267992573704801e+00
1.038396543762262203e+00
1.023706586638604144e+00
1.005257614243233455e+00
1.006729439001283088e+00
1.045478698383108140e+00
1.053099736171311918e+00
1.078351916646459463e+00
1.018597208032450130e+00
1.093403445275101138e+00
1.067105777107821396e+00
1.016069244683861061e+00
1.023768244035922370e+00
1.092783017558306646e+00
1.017157801958340269e+00
1.062404877314821361e+00
1.012181241293908407e+00
1.054130104772688536e+00
1.079930635008353734e+00
1.080643411670094700e+00
1.009514770632213398e+00
1.009084109918689798e+00
1.098927525530623450e+00
1.005446318786742399e+00
1.071743067600899657e+00
1.046170257087980060e+00
1.069905259695826949e+00
1.020220002168841678e+00
1.046754276254274529e+00
1.084649339941950563e+00
1.052467744897873869e+00
1.051990084883238641e+00
1.006220301712271503e+00
1.032779176932818732e+00
1.056783361233634810e+00
1.051419384526359746e+00
1.054645202585566155e+00
1.039952987111213423e+00
1.082712188434438616e+00
1.012895644557164854e+00
1.053006548901999739e+00
1.047295803514309842e+00
1.093222218315700767e+00
1.005172588260337729e+00
1.056220346590669434e+00
1.074894267947491544e+00
1.058710840543373832e+00
1.014056782743167684e+00
1.074079164284918120e+00
1.011447145924013524e+00
1.014890974203951579e+00
1.038545847638390640e+00
1.008839616203964118e+00
1.064569374835081295e+00
1.002678853331443465e+00
1.012647351244797767e+00
1.075619455716015027e+00
1.090050199240072404e+00
1.074121051367736390e+00
1.051669708858544716e+00
1.021052608314621191e+00
1.026528245151329788e+00
1.096958344984221734e+00
1.080405346786679655e+00
1.065745044198177283e+00
1.019886154242932941e+00
1.084527907080233611e+00
1.037934408315320134e+00
1.034015972964754226e+00
1.035280486778310305e+00
1.057723524387242486e+00
1.064745457831067776e+00
1.064151017762538842e+00
1.082515366551148661e+00
1.037239631758099856e+00
1.085461273413291128e+00
1.027120530478774718e+00
1.082735579283220506e+00
1.025717833871891083e+00
1.082632114155124059e+00
1.099081359760391896e+00
1.023139893168412806e+00
1.025359491662769962e+00
1.069833699420965401e+00
1.013512213672001838e+00
1.089820880344414933e+00
1.061728921330905795e+00
1.017958204367960695e+00
1.015125369350520446e+00
1.045136333741146561e+00
1.007859151210367399e+00
1.007043481796788154e+00
1.092198745239332691e+00
1.011266132619123459e+00
1.082383570051826727e+00
1.059838721229469316e+00
1.055439222109153752e+00
1.019248258901865212e+00
1.056142952319035322e+00
1.004495368125676302e+00
1.096128138521123452e+00
1.044741081960310458e+00
1.097718123272987567e+00
1.051130077077436553e+00
1.016857987677506792e+00
1.026372204690189305e+00
1.006516713762546589e+00
1.029128708160345740e+00
1.015461825023167952e+00
1.028589764556533614e+00
1.000696283431421918e+00
1.000822458376337654e+00
1.079257951143563155e+00
1.050227198366639136e+00
1.076348549713430636e+00
1.054201773658371533e+00
1.086143842321860786e+00
1.052143148872981993e+00
1.024624044843393644e+00
1.057923208596892595e+00
1.048800781886319422e+00
1.077084827425977220e+00
1.080990703508576622e+00
1.084146396934507761e+00
1.047124302512106420e+00
1.081653000260330844e+00
1.075521383951102194e+00
1.096142262321364802e+00
1.021836253744961676e+00
1.040238063602097807e+00
1.050583553115062241e+00
1.067911349744352867e+00
1.077950528235388727e+00
1.043670691863434419e+00
1.073620644662242274e+00
1.002233797310746910e+00
1.015442624357384416e+00
1.038262640058110975e+00
1.046826223432596237e+00
1.083414059967461984e+00
1.053214539405989525e+00
1.014457494131457249e+00
1.053750077351148562e+00
1.076136320932593815e+00
1.024055504741363753e+00
1.085874824787068205e+00
1.076949083767621662e+00
1.021812237915028510e+00
1.051566907832022446e+00
1.074421198327185856e+00
1.028907202491835315e+00
1.046255454167226207e+00
1.091621027175037284e+00
1.091758081390272750e+00
1.047143348655906969e+00
1.054658943701789031e+00
1.098261134105706471e+00
1.043135632928866796e+00
1.006256208616263192e+00
1.018898213706176614e+00
1.011487206147212659e+00
1.015822595416837615e+00
1.004562489628178179e+00
1.015505857666568534e+00
1.030772725458577233e+00
1.091502462607351953e+00
1.058608337093944529e+00
1.080052016765024270e+00
1.071276033585967902e+00
1.065524478144020071e+00
1.001066412276676587e+00
1.074233732893061344e+00
1.094398368994026205e+00
1.022147087315872671e+00
1.059385687695928446e+00
1.041131514424338711e+00
1.041746924271500063e+00
1.075075597993147003e+00
1.041016274037537714e+00
1.037693287716045187e+00
1.004925335376187112e+00
1.068524066746347145e+00
1.003156621335674625e+00
1.092437342020309510e+00
1.092627522947022811e+00
1.044135651426508105e+00
1.061522966922430866e+00
1.077008153246665101e+00
1.018162036469698162e+00
1.011413426015982164e+00
1.070885473891721063e+00
1.047753193881776790e+00
1.068839662386694478e+00
1.023267535667089945e+00
1.010322639692956992e+00
1.008377130786343834e+00
1.003286677928263648e+00
1.050128598066802699e+00
1.045125580382067154e+00
1.001318559429283273e+00
1.023834729237784291e+00
1.030554709836955629e+00
1.098712812611272627e+00
1.034715892147219707e+00
1.032298144249746086e+00
1.072358871620569420e+00
1.050700139421644419e+00
1.043934317229762376e+00
1.096255555651003410e+00
1.086561883599229672e+00
1.032978204127719790e+00
1.006995870084803402e+00
1.028929401324435222e+00
1.040538280905895174e+00
1.063785658470131290e+00
1.010938275496573890e+00
1.056818839903146623e+00
1.020668135976650959e+00
1.049761743808267367e+00
1.079601605903534711e+00
1.036762323460536095e+00
1.095524347138179477e+00
1.090252016114557909e+00
1.028301934825135433e+00
1.069330596617107609e+00
1.068986462237041746e+00
1.021483128285482600e+00
1.052787339191630922e+00
1.064856116430253241e+00
1.008992085682809625e+00
1.028445242501516033e+00
1.092473001638978092e+00
1.080961428662811974e+00
1.074172053058546572e+00
1.063113990383151020e+00
1.033993084757282244e+00
1.097714056718903874e+00
1.012228912551228710e+00
1.084873741517236700e+00
1.045627952443395792e+00
1.078258522722752577e+00
1.017990455215821433e+00
1.035847250557753840e+00
1.056482475155645862e+00
1.090740304072147282e+00
1.011429717532733363e+00
1.031282689338206993e+00
1.030641797693199191e+00
1.092079431894058761e+00
1.088448212613610355e+00
1.066734483609421469e+00
1.091904880657284416e+00
1.097387847393849647e+00
1.043221761453558161e+00
1.003955791413189136e+00
1.095519035488340620e+00
1.074175601134818470e+00
1.067283973057858715e+00
1.030053262773728218e+00
1.023103239125529473e+00
1.013303141113777173e+00
1.080089290391659906e+00
1.062080203980423354e+00
1.099348142889592816e+00
1.013752884721491387e+00
1.073276694027800238e+00
1.071340697414953524e+00
1.095869290808976437e+00
1.051007683716235874e+00
1.058612071320473191e+00
1.052234632486144461e+00
1.018652726903078953e+00
1.077673195300365983e+00
1.078122336005534532e+00
1.096868346226974600e+00
1.075335489606092931e+00
1.065699895679840692e+00
1.001120113172457193e+00
1.058344435923957105e+00
1.057548204305391204e+00
1.058143907090517422e+00
1.021356759034502071e+00
1.014973933618526836e+00
1.030716831197852290e+00
1.041705585476120133e+00
1.038480401030368538e+00
1.072135656973576046e+00
1.053658135742890911e+00
1.050743975626389437e+00
1.008764500997056501e+00
1.014705346051587354e+00
1.017405100216730141e+00
1.047422008540830562e+00
1.041608910173797309e+00
1.023827735321223509e+00
1.075630838559447744e+00
1.068743035102931893e+00
1.059339837398405315e+00
1.091594981753779559e+00
1.045881953650038998e+00
1.062522202105661284e+00
1.055538831373446618e+00
1.040332214078412587e+00
1.003028613627881871e+00
1.057355358510529753e+00
1.007899580650941207e+00
1.009861574544794083e+00
1.054349710799558526e+00
1.093707165270414450e+00
1.011697287375296739e+00
1.090594899888867042e+00
1.038508222592211983e+00
1.073252475502029402e+00
1.073598741518848820e+00
1.034356439349296997e+00
1.050496501209277733e+00
1.039747261741343465e+00
1.008939242563626548e+00
1.075211802186406773e+00
1.064609022816037198e+00
1.038629995341371126e+00
1.065419760809771077e+00
1.040355058541079236e+00
1.003117468109472332e+00
1.053049868913263021e+00
1.056099348155519424e+00
1.025021764914516131e+00
1.095597181798565245e+00
1.036096257068609860e+00
1.032556124703609024e+00
1.053688323287347295e+00
1.091081113302101668e+00
1.025779105468204166e+00
1.007312349831357645e+00
1.042586269082098394e+00
1.032410280684013193e+00
1.055902367302032685e+00
1.010506130263048918e+00
1.051940049664063181e+00
1.082666389513954996e+00
1.078689279887355967e+00
1.022083173872465611e+00
1.058978486336008329e+00
1.011244818162758685e+00
1.099179560558510627e+00
1.096860338602046347e+00
1.088591703203189098e+00
1.081380120478936835e+00
1.027669440493034658e+00
1.098649415168996946e+00
1.024618675426198111e+00
1.009158159532515198e+00
1.055802365924103814e+00
1.013876904288271819e+00
1.078717504194918186e+00
1.011802382115319920e+00
1.020305481483566812e+00
1.033726135511262578e+00
1.098956090725237145e+00
1.094840058128296656e+00
1.071803694057664735e+00
1.058629280670947859e+00
1.096840093363606439e+00
1.062526166674891970e+00
1.057034781631116083e+00
1.096172265504615329e+00
1.013342592140541676e+00
1.053461706352652127e+00
1.059665664766335391e+00
1.088572248836558565e+00
1.091664188111367118e+00
1.030397437805901983e+00
1.000363620230143802e+00
1.099696340010575035e+00
1.074752225980093456e+00
1.096060236827728573e+00
1.096223944226735414e+00
1.046365259891119726e+00
1.044750123273965103e+00
1.042684457062992509e+00
1.047280542610608434e+00
1.083397416929589907e+00
1.018364096661034113e+00
1.002511149736730944e+00
1.035929549058024257e+00
1.090077402064518974e+00
1.017609219209743676e+00
1.033026705049492122e+00
1.033439188963668931e+00
1.044690804448988874e+00
1.013821035151637906e+00
1.009594389710540829e+00
1.042312030077788609e+00
1.087464809205812344e+00
1.083722154788125058e+00
1.031046457696826790e+00
1.039523398999381953e+00
1.023527789748382322e+00
1.007257614913628974e+00
1.065370423053815241e+00
1.034021903441553869e+00
1.019243877412774779e+00
1.039389211087110354e+00
1.097621118841533239e+00
1.084247951894793394e+00
1.033086705337626254e+00
1.080033433465842796e+00
1.009250126388341995e+00
1.063947765923201727e+00
1.070129828520830717e+00
1.088299572089244993e+00
1.009878978699883634e+00
1.085953082808585712e+00
1.061511004036481021e+00
1.090822231820757438e+00
1.002870937775045546e+00
1.063258960928977315e+00
1.043702935860024050e+00
1.027177851270139941e+00
1.071162715703969592e+00
1.070742387664345152e+00
1.006842908068619646e+00
1.057544442630662607e+00
1.025421249213285702e+00
1.004453004538102823e+00
1.058640320664230750e+00
1.021740813247533630e+00
1.025845000656840034e+00
1.085878642753144607e+00
1.074026027045467124e+00
1.096221974958597745e+00
1.076115214528165165e+00
1.063167950768588943e+00
1.043653664964127925e+00
1.026388644446728060e+00
1.037368340806467781e+00
1.008498864116516458e+00
