1.321514429753798889e-02
-6.388264086633220831e-03
9.335703193901130625e-02
4.148338339845764056e-02
-1.797008003412509797e-02
1.527316903905797871e-02
3.386815710852951467e-02
8.246023683249892322e-02
9.456693486797288634e-03
-7.312992333642041876e-03
1.473285213586330092e-02
3.019162010293153717e-02
2.393383282090721584e-02
1.222054652745764927e-02
3.739373450156179002e-02
3.325733978434806948e-02
9.414322317896284265e-02
3.737203100891735297e-02
8.342724610026755472e-02
9.504250160642768730e-02
6.137718931432527281e-02
2.460928822939024638e-02
-1.978812314807861308e-02
6.958390137097483774e-02
2.915197335608431251e-03
6.916690279012174813e-02
6.733009972831108247e-02
6.027547403192044795e-02
2.125210876326943596e-02
-7.562061445227729814e-03
1.031090062868878637e-03
2.539488761412500226e-02
7.921513247561418058e-02
1.553975315233986285e-02
4.745487475665881305e-02
3.663096926085422644e-02
-1.333059667211178648e-02
5.090720773697099411e-02
4.453395508173423056e-02
-4.341001434643110279e-03
7.915121472457129631e-03
7.059063069643846389e-02
6.939449645112040488e-02
1.467338637260021117e-03
5.042286804456157234e-02
8.160181601982879895e-02
1.454712862818504510e-03
-1.669181933962231995e-02
5.913764261024336000e-02
7.903553524715316997e-03
5.371642330093327061e-03
9.875231431220356237e-03
9.834774835402609883e-02
-5.104085388906387522e-03
8.192373362097017664e-02
-1.348005173079231539e-02
5.044603070867330341e-02
-8.184285083030191574e-03
2.826285774768817413e-02
7.725795344475423765e-02
9.680623463728574296e-02
4.062139550766702412e-02
7.031312706673031876e-02
9.542396553375892543e-02
9.880557776204630660e-02
4.484819058538029590e-03
-1.398677530238602064e-02
-9.059027367699971911e-03
6.369733275913341819e-02
4.530605554269519220e-02
9.142944807124218920e-02
1.917737837473284385e-03
6.371699731705277037e-02
5.595175275894800904e-02
3.457042343464615530e-02
6.980028177946338841e-02
8.556780335306321539e-02
-1.509575459928295255e-02
3.469249998188288220e-02
6.683006371724754813e-02
-1.159282458523960314e-02
4.539672328649158040e-02
6.288407793750765834e-03
2.360026833369726143e-02
7.781635917476574515e-02
4.081855380220618390e-02
9.456422810763090436e-02
7.485463396127513269e-02
9.962470157678057769e-02
6.495397778998905636e-02
-2.724730619420679539e-03
-1.519019079973816556e-02
-2.989686871147801545e-03
5.839069419285558560e-02
-4.694926601571558500e-03
-1.646923320047260705e-02
8.324579631802990487e-02
2.375284872828401991e-02
6.410324565990313528e-02
3.641703295359059733e-03
4.432417969022463267e-02
9.399831952961582027e-02
5.039179240555553829e-02
6.755525078697742491e-02
2.377035739293844804e-02
3.047553342604418167e-02
9.090992068593409248e-02
-1.678304939623555606e-02
5.523908437360115775e-02
8.649560436852675449e-02
8.895234891982943537e-02
9.678905626349618152e-02
1.599688858402854158e-03
3.867472983948264109e-02
2.554324315301757450e-02
4.543496040220641741e-02
9.427190490853638860e-02
2.356950021322295682e-02
7.389940824111658479e-03
5.031686499883669672e-03
-1.100213035507829722e-02
9.065415342222651884e-02
8.107906177975925111e-02
9.715069953974533878e-02
4.042337294124065394e-02
4.445832595599574777e-02
5.928394652952694022e-02
3.495467782252393435e-03
-1.666359668929553312e-02
-1.852378037307730180e-02
-1.253114497662181914e-03
-9.574153532758110374e-04
7.309598953616931738e-02
5.742332416532675010e-02
9.133253370950099315e-02
2.025444094445967222e-02
5.909960245292970871e-02
3.083158538292047821e-02
2.246174964037872882e-02
7.724835875128040208e-02
4.812853678741181584e-02
5.699801532455402164e-02
3.439447187195873723e-02
3.158563258955600361e-02
3.445147421213724803e-02
1.696818063737877066e-02
9.849927111421702408e-02
5.803763327362808366e-02
9.496559672016133269e-02
2.532675406432405643e-02
4.656182412059689524e-02
-5.086672581897459453e-03
2.422328477250905790e-02
3.758276676183201770e-02
5.522039410463321085e-02
-1.754011161195371052e-02
2.448550643415127112e-02
2.908006179371757857e-02
4.517789642321050347e-02
3.465485190006643845e-02
1.442208107964428401e-02
8.071501866940916647e-02
-1.264375033048970379e-02
2.217513592762470134e-02
4.609375727989366289e-02
5.998776554769660874e-02
-3.385136684060444101e-04
9.650184380254528405e-02
-4.149682410305097213e-04
3.481914843489496147e-02
4.341962268874283160e-02
2.669860950220956028e-02
6.110103871959784994e-02
6.702599515294900556e-04
2.744688804762135739e-02
-6.430463976329224909e-03
-1.908579913375012260e-02
9.830077854726634867e-02
5.117279647339496862e-02
2.806241784003027026e-02
-1.921001218314797795e-02
5.403961665653529700e-02
7.864038263394884654e-02
3.509202102377191601e-02
5.132505160589304061e-02
2.929284685354345899e-02
-1.714148849161757290e-02
-5.055868975156817963e-03
6.175439058916340485e-02
-1.854661881878478732e-02
4.957901793227453835e-02
2.462499959668068908e-02
9.288710396338769465e-03
9.775639413197742544e-03
3.368500676288106732e-02
7.742745000005310518e-02
1.821796771872376611e-02
7.341528441585995490e-02
9.499672609457488620e-03
6.670372045675929118e-02
5.981631976848479637e-02
5.842287575450894055e-02
8.308634589263264036e-02
7.653765149357612263e-02
1.000876401146966535e-02
5.777947651561571307e-02
5.553777252408843845e-02
8.408558980574055985e-02
6.657895727346087311e-02
6.524970471281199558e-02
7.314457072877243726e-02
8.802247330990027596e-02
3.530248154067087973e-02
9.509561768807833770e-02
9.397844968391697029e-02
-1.246577810807009308e-02
-4.879137032526171397e-03
-1.401037372778460646e-02
2.618318256736918218e-02
-6.185713329305045707e-03
-5.453203322436908987e-03
2.932319508994134238e-03
8.619511446551399170e-02
2.163934632460222732e-02
7.084331312026621863e-02
5.152918913710222149e-02
6.694319048836630537e-02
9.693202587289435901e-02
1.507461657886047593e-02
9.890056766497815066e-02
6.837950903365565269e-03
6.070019559890325878e-02
9.156740080125778947e-02
3.598909684977985579e-02
5.757058427066785722e-02
-1.084224231702152381e-02
5.520926607707210554e-02
8.372877433118668111e-02
1.682841441933414020e-02
2.211143259850706713e-02
2.632287953751868623e-02
3.701315470273106034e-02
-1.721882090590025685e-02
4.493575531173436832e-02
-1.693001276543800587e-02
1.087525486868324426e-02
9.557249206977061484e-02
6.960954431806254394e-02
5.239070913605400892e-02
4.348098721600630878e-02
5.540306264877210840e-02
3.231017912114646229e-02
6.514893189420589703e-02
8.145868672194159221e-02
-1.241763491409166725e-03
6.666317177428311702e-02
3.136142653537989100e-02
9.287182804150499738e-02
-1.195328914101964797e-02
5.632047745487489543e-02
1.507965614933364992e-02
6.773320142149193146e-02
7.891500441165989754e-02
3.634793857432593034e-02
3.325764726094657120e-02
4.848743767731565624e-02
5.596804854927694972e-02
3.246981957338261615e-02
2.177804166028611196e-02
-1.181306791147845696e-02
2.806375022611272071e-02
8.188557869574329684e-02
-7.042928970518391729e-03
4.022638952116065758e-02
2.347830713657058851e-02
9.642670171887944564e-02
2.359527880767140970e-02
3.540959528600465256e-02
2.823591393954065845e-02
-3.788879746063025800e-03
4.179720420071256215e-02
2.427233818669940688e-02
9.834785538687285111e-02
6.016301146247207687e-02
6.105272692605119567e-02
7.114997133429584730e-03
8.144533651170648980e-02
6.091978644990773961e-02
2.261076481455688916e-02
6.918829300607633181e-02
4.207853763653274237e-02
-1.223525943164253775e-02
-3.797335820319356486e-03
8.680182788487840473e-02
5.043815356710186493e-02
1.668604745231511491e-02
9.451689972784101113e-02
6.028701288888031751e-02
-1.065596994024896847e-02
5.991991876922519999e-02
-1.894794099044308858e-02
8.967846919582074527e-02
6.494921099450894075e-02
2.257948115610784387e-02
-1.728250157005644175e-02
-1.890414629978966893e-02
4.421058155556412128e-02
-1.763611643216658059e-02
9.353294157333943981e-02
4.648390501585301926e-02
6.316184530878597714e-02
6.238150502923196783e-02
5.383795117103154504e-02
4.973469536134425550e-02
6.908123968711657459e-02
9.009387946009639325e-02
6.409595622591934827e-02
2.186845038591020765e-02
4.192324723078690030e-02
8.266963248699110700e-02
4.813134295765932047e-02
1.431692425472981187e-02
6.160630419256372947e-02
7.908207052383768587e-02
9.066302361111069907e-02
8.970089992212741670e-02
2.752531630084121064e-02
-1.495954750952088394e-02
-2.338435347405885129e-03
-1.763036556419802711e-02
2.829930992106012913e-02
2.299406890330786893e-02
3.971476061368409138e-02
3.212740548157197451e-02
5.448973685624949881e-02
5.036856389051878879e-02
4.106343365835556092e-02
7.688231124168559694e-02
7.817533875842207214e-02
7.315250104001644327e-02
1.206225780437872666e-02
4.684942755591578467e-02
9.033150328958160225e-02
8.834452850984768346e-02
-7.002684915011297972e-03
1.737502382446884722e-02
3.000725167922454681e-02
2.399401016634383765e-03
7.690898647781017894e-02
6.874335516807676683e-02
2.678193102187018462e-02
-1.729182323141643593e-02
6.531148060693055257e-02
5.669440610709465533e-02
8.701849619091357735e-02
9.354344998860217308e-02
6.614206646839818071e-02
4.235144160249758316e-02
-1.310552238478250413e-02
3.126861122538016069e-02
9.004734229463355610e-02
3.336551424887593265e-02
-1.767842789962362909e-02
-1.106664860192492668e-02
-1.737763354809448296e-02
-8.350001752115247811e-04
-3.974982572157243627e-03
2.009971874475500672e-02
8.987478104172666460e-02
3.048544695018829201e-02
5.804260877069442048e-02
1.402101094405935541e-02
2.043652105306651909e-02
7.273635395371845502e-02
1.815740531367614555e-02
9.499401998878594100e-02
-8.518183251176538254e-03
7.879333613508315848e-03
7.474584464505777681e-02
2.430639744919662129e-02
-1.980085138337726175e-02
3.882944249840240836e-02
2.847529944163274332e-02
8.001522855871726070e-02
8.241747163049822911e-02
9.357773076208796004e-03
5.171059818760076476e-02
9.263324360584454520e-03
8.058948208380295464e-02
9.698296567261250473e-03
7.545938575224338252e-02
6.279193797173662772e-02
8.755094032200548548e-02
-1.053951150968593722e-02
7.835772300495619236e-02
7.553188425748570689e-02
2.855816043366882565e-02
1.731200126477718329e-02
8.756484502561845407e-02
-1.791474473803387341e-02
8.457926823486150436e-02
1.426446693985491607e-02
9.994825096450063451e-02
-1.672451806360551047e-02
8.160546001444837771e-02
3.334903734250875551e-03
5.937046430294413979e-02
-8.948053153316485459e-03
1.059578459018534896e-02
-8.200213600084160781e-03
1.095405188765681548e-02
9.876340360149817033e-02
7.712723631175499861e-02
5.915684182331690244e-02
6.656023549072645484e-02
5.519473683806638831e-02
4.026069683457422776e-02
2.650747030541454954e-02
1.691933754494364187e-02
2.372138659108854672e-02
6.723219340529440480e-03
6.309326275736952538e-02
7.592144880501799920e-02
2.320337534822794825e-02
4.816337827362236756e-02
2.398898984599976206e-02
6.631535925996930037e-02
5.025183774684693905e-03
7.428516246662553169e-02
8.696712337621999300e-02
5.492453479559594731e-02
4.340738600405816272e-02
9.560786565951785720e-02
5.559945060534150774e-02
6.737251418821839366e-02
4.310019666072267830e-02
9.035449128454611789e-02
9.285000199263358789e-02
2.225993113451388630e-02
9.762259118781836664e-02
1.785247317528003072e-02
8.742029899786156466e-02
9.158757906020875694e-02
5.067564924764081380e-03
2.032003935386592422e-02
7.715678341071971480e-02
9.866051707211438704e-02
5.776810306319744848e-02
2.868021869325747611e-02
1.475709478642816749e-02
1.389270987751854355e-02
-5.104602459365569639e-03
8.203246073308116670e-02
9.712835206327570525e-02
5.209290319512598078e-02
8.613344934103053796e-02
5.414420127929253646e-02
1.707545947494216315e-03
1.669624104441832721e-02
7.370848415053662950e-02
-1.133388545616525848e-02
6.741396206376287781e-02
6.237859549115348790e-02
-1.258300303691948716e-02
4.442032862071436383e-02
-2.301832315434172022e-03
5.759157896400776688e-02
2.798504382429817597e-02
-1.407966672557103838e-02
7.851293780736451344e-02
1.553871785587583945e-02
-9.209632696955650025e-03
2.307654364842509284e-02
3.789004561486858380e-02
8.939263126615566712e-02
7.978104283698166099e-02
7.877551468166711646e-02
7.494401725045320151e-03
-1.307563239431023400e-02
2.260921940407610228e-02
6.281959875691717210e-02
6.371073201622487470e-04
5.283805867970430697e-03
-3.037951805100400082e-04
4.142512641420972863e-03
1.860449360227544105e-02
5.302111156075343945e-02
1.243662122849826732e-02
6.257268374406098344e-02
2.907356438982198685e-02
9.669897630389243104e-02
-4.032459632487897516e-03
-8.729596630956607331e-03
4.616017564148218455e-02
-1.233403197511171584e-03
5.342149191880317394e-02
1.454372003263457863e-03
9.713226593763871208e-02
3.787665772925989660e-02
8.466651182756484983e-02
