1.031785742385489035e+00
1.035599155909872282e+00
1.005356439001211299e+00
1.025649013484963623e+00
1.020820115846098330e+00
1.002456207201578353e+00
1.086206639488230596e+00
1.047363534327518497e+00
1.051932932676792554e+00
1.016207707988352915e+00
1.074019146674633829e+00
1.001741491156886932e+00
1.018676709410918590e+00
1.095735093138646254e+00
1.077601581975929701e+00
1.026792899448714991e+00
1.084178883306053498e+00
1.066870780459897583e+00
1.016829881701653893e+00
1.082254297644473118e+00
1.011677731874708330e+00
1.024821952964301230e+00
1.067226222698896887e+00
1.095477925916502393e+00
1.080938586718771965e+00
1.037207456508089987e+00
1.042358130044448439e+00
1.027395561908305721e+00
1.099970731932598644e+00
1.067660181556918220e+00
1.060914252243109646e+00
1.091462030953132434e+00
1.055624977706686618e+00
1.008554986658037889e+00
1.099633769437031505e+00
1.017228154622057845e+00
1.022301959315194075e+00
1.071346264683103344e+00
1.040663019078490459e+00
1.091745789629519958e+00
1.071038905020445409e+00
1.070414991408526140e+00
1.073157630285979547e+00
1.036906391749877310e+00
1.012800639720636164e+00
1.042009934208300903e+00
1.095417480205384875e+00
1.083798782398540217e+00
1.059336183902584771e+00
1.018110136486815476e+00
1.068015463456884806e+00
1.048217230063507310e+00
1.001045348324634654e+00
1.020762826249403954e+00
1.022385487267573057e+00
1.035672639344762169e+00
1.022141124752755870e+00
1.003651497908006229e+00
1.034786684233036214e+00
1.069677021958101770e+00
1.005907742440939279e+00
1.096663382940390452e+00
1.079798516222355120e+00
1.066434590359398804e+00
1.040265252328060663e+00
1.016209659242531149e+00
1.088760061740083440e+00
1.063923689513208704e+00
1.036562431910828419e+00
1.030990770218903840e+00
1.096304480546875348e+00
1.072169647207299459e+00
1.033739615709471593e+00
1.012549436259008395e+00
1.020410526175203669e+00
1.037427392836073992e+00
1.064041611029980183e+00
1.019666053044083087e+00
1.016041495997309196e+00
1.050092651456795867e+00
1.007130069118697957e+00
1.036054024410623109e+00
1.085764234031472153e+00
1.071996928777051883e+00
1.067533449990655026e+00
1.076276436558110117e+00
1.095396517370706091e+00
1.005766965419848891e+00
1.014270181411405680e+00
1.003862034737835085e+00
1.061654288859246176e+00
1.013666289392687103e+00
1.090728731174626320e+00
1.069514873309348912e+00
1.050309041665228760e+00
1.049516241951995887e+00
1.078034795337483143e+00
1.079598140692866526e+00
1.038501771201048030e+00
1.087255091163385146e+00
1.008333446170114778e+00
1.017004142839740055e+00
1.009427808270455751e+00
1.051882068992054942e+00
1.027931476803937594e+00
1.088237148496520312e+00
1.054625479913240405e+00
1.059922770540804082e+00
1.080739984593108716e+00
1.077694858113746657e+00
1.099736790031891065e+00
1.092831095289172882e+00
1.088240817691961571e+00
1.076926933601559000e+00
1.034449905662373714e+00
1.055645096635970948e+00
1.063696066688816444e+00
1.080419362828865859e+00
1.019363416983154025e+00
1.020801208210946998e+00
1.037648715069004579e+00
1.073523728929154153e+00
1.027583025046142406e+00
1.098750114984769155e+00
1.062108799043443463e+00
1.001914382350650445e+00
1.033776200513493837e+00
1.099693062899097962e+00
1.000005036825944105e+00
1.015759736661842050e+00
1.054602916817639402e+00
1.044407047804394750e+00
1.091102441391074818e+00
1.041235914912901350e+00
1.041138166939491017e+00
1.095411531886062440e+00
1.053672946331953852e+00
1.030377445417140381e+00
1.064737355345780179e+00
1.064387051492327707e+00
1.044869092646133257e+00
1.014825943287192889e+00
1.049270381721455259e+00
1.097968346205304924e+00
1.029166234046795969e+00
1.072132025116894427e+00
1.020174190078118714e+00
1.031503455138018666e+00
1.017191961508656206e+00
1.074457982897774277e+00
1.075099481767396226e+00
1.054295892432989046e+00
1.007915392186614412e+00
1.056039210560936636e+00
1.094950554758417738e+00
1.064873365530166316e+00
1.036392043094930715e+00
1.082572242687962039e+00
1.096620151177446045e+00
1.030651299607157068e+00
1.012429014594852905e+00
1.014234859046531101e+00
1.049793005184793460e+00
1.091433437758563274e+00
1.076214692149001895e+00
1.037948722682684011e+00
1.091105276978532324e+00
1.050801902457031645e+00
1.035195536630923563e+00
1.033666612484922753e+00
1.071428274776432099e+00
1.028621530957763319e+00
1.062849947112823656e+00
1.048125898133042577e+00
1.016998677638806914e+00
1.096504799632670890e+00
1.095599219204503649e+00
1.054119354819584853e+00
1.040679423966069272e+00
1.020893486243077186e+00
1.027310900765977530e+00
1.060781427737247373e+00
1.061667198266105672e+00
1.073130415637274293e+00
1.043036962523077094e+00
1.081829729939244089e+00
1.066429781544938615e+00
1.072799816803531314e+00
1.042305988965379848e+00
1.012206299113917352e+00
1.017123381955572503e+00
1.086031602368624505e+00
1.006895062588870848e+00
1.050777151679327837e+00
1.046016531434965202e+00
1.086605563042319922e+00
1.020491790378524888e+00
1.062772986507385831e+00
1.070101739368458205e+00
1.080175625964853614e+00
1.003986353921102914e+00
1.059116183011855394e+00
1.039116746356353094e+00
1.093187057989116528e+00
1.094897658582378641e+00
1.079439870273050772e+00
1.034691930230216217e+00
1.050392108130488111e+00
1.064155158728291140e+00
1.093439369370089675e+00
1.016766772179788170e+00
1.001117128028766956e+00
1.027148686056924332e+00
1.044000039884372066e+00
1.007714262540042816e+00
1.096031210554049506e+00
1.023340770334747685e+00
1.045982259361505573e+00
1.022577882010222705e+00
1.029502884480063551e+00
1.059324192813227761e+00
1.055359724557053624e+00
1.047411229888220108e+00
1.084735300348307785e+00
1.058072308459418798e+00
1.051916452802470925e+00
1.097698967085491972e+00
1.038553379131713417e+00
1.067507101033386308e+00
1.032216015054351788e+00
1.008710686644007648e+00
1.064934872926686538e+00
1.028868138790581810e+00
1.099521811979252250e+00
1.047785422443575865e+00
1.050211039611035790e+00
1.060208937220837644e+00
1.048451554981056022e+00
1.045826101246591699e+00
1.041198398711949746e+00
1.051640097207112046e+00
1.004905193411762099e+00
1.069434978213384069e+00
1.017207382056631415e+00
1.046520579244262006e+00
1.091014297005502565e+00
1.021143236792803277e+00
1.052662152954491948e+00
1.042337631017758337e+00
1.010071891078555328e+00
1.048791405204702931e+00
1.040159704468581525e+00
1.030191582765749292e+00
1.031983331972276874e+00
1.030672636454240676e+00
1.026494270270899234e+00
1.064788537364147913e+00
1.098011561743240438e+00
1.050772226168999790e+00
1.036952206826939671e+00
1.067741192596791011e+00
1.070544887115238541e+00
1.059547249990310025e+00
1.031200472441958560e+00
1.056372798958439274e+00
1.046021049417808380e+00
1.036487620315993841e+00
1.057825717939658183e+00
1.033019921750289116e+00
1.037850844065336453e+00
1.096676925040320327e+00
1.047766367357273021e+00
1.027806449959291601e+00
1.082836380416382305e+00
1.025998806463363167e+00
1.016198882472071574e+00
1.019915428469571506e+00
1.040065377576791628e+00
1.063752784826524467e+00
1.025837416041849970e+00
1.088159578377494219e+00
1.072181501567148754e+00
1.091992391693351605e+00
1.098101221961911289e+00
1.093805079852787854e+00
1.093086547080613702e+00
1.020487928120035637e+00
1.092757567690379350e+00
1.031228443438781506e+00
1.034906098974610389e+00
1.031765767268308265e+00
1.053314380064938716e+00
1.004507211916519926e+00
1.001636613741764048e+00
1.027974119549170950e+00
1.076251784425484637e+00
1.050044374201042352e+00
1.062640945338781506e+00
1.059116692925692105e+00
1.013175288739160518e+00
1.016380003503943863e+00
1.052989471569159008e+00
1.024925525873528809e+00
1.071767177990071707e+00
1.040474679853137019e+00
1.077600715169606316e+00
1.014573597213575651e+00
1.083645303125373660e+00
1.070225380987761099e+00
1.071812765716913418e+00
1.053775302581591022e+00
1.090587682898289890e+00
1.034199670680589822e+00
1.008278261752257654e+00
1.042680623303247955e+00
1.052294653810132763e+00
1.092165722964196561e+00
1.087635470986362485e+00
1.049618987316144780e+00
1.061674877444923837e+00
1.026846511908810600e+00
1.005625311448405945e+00
1.042358826841402575e+00
1.069628792398643169e+00
1.024393601646311103e+00
1.096265176212427583e+00
1.061896853880715641e+00
1.025191172869268419e+00
1.015999165357023282e+00
1.035233881653310206e+00
1.064199087642946129e+00
1.096812030693995910e+00
1.010371783316951877e+00
1.009456854204411114e+00
1.075853108112418299e+00
1.048445181161176576e+00
1.059112516123183578e+00
1.019071437882109743e+00
1.082171925615822206e+00
1.053061002503439481e+00
1.030499625691072785e+00
1.044089604186733133e+00
1.098807933037829976e+00
1.072834866082757355e+00
1.016666842230918855e+00
1.019340713278863664e+00
1.027149859006241783e+00
1.051662785764370112e+00
1.088771900061083819e+00
1.001137840267497747e+00
1.080071097490587384e+00
1.033898803616499329e+00
1.095488770980628912e+00
1.039613874135730365e+00
1.083133108525143884e+00
1.076107181294395643e+00
1.064868282414971334e+00
1.029683715646984909e+00
1.026383331415837041e+00
1.046706554348200369e+00
1.033175129014928917e+00
1.028411603984964007e+00
1.080105509777392836e+00
1.010589204447236433e+00
1.060351054636782253e+00
1.084362315028507551e+00
1.025807419923844277e+00
1.010764394132324551e+00
1.077294000866439339e+00
1.025987164143504549e+00
1.040195859517860644e+00
1.018787112196386513e+00
1.047576986818480993e+00
1.039302531791796547e+00
1.055571990526788184e+00
1.034347573977282719e+00
1.073278245330806735e+00
1.092298373622462293e+00
1.045976054405621358e+00
1.068316808628478443e+00
1.025325325264693888e+00
1.062367560167464697e+00
1.061605058307590665e+00
1.082501764039914161e+00
1.049129413099147090e+00
1.038603550660224251e+00
1.073145326307587188e+00
1.032759543088727527e+00
1.092395895085656932e+00
1.073020736327799485e+00
1.052327998866500414e+00
1.080346017446832230e+00
1.006230707651240674e+00
1.057122809898811022e+00
1.052166062645219613e+00
1.013631435978219919e+00
1.043646964774940678e+00
1.039746034776437789e+00
1.036023410275093815e+00
1.020334698357271419e+00
1.006918094345715664e+00
1.093157776274111370e+00
1.042490576754062204e+00
1.010012404420845611e+00
1.099141705333333885e+00
1.080118757870907942e+00
1.028558660578452688e+00
1.049476260808170691e+00
1.000124147895433246e+00
1.028607419905324782e+00
1.076594236809730321e+00
1.099287479967980152e+00
1.016975331842898678e+00
1.075378784613417293e+00
1.055025091196853282e+00
1.001326810445539950e+00
1.080373979872718770e+00
1.046255272496444899e+00
1.044197598354471790e+00
1.035208423706843739e+00
1.082197322985294585e+00
1.036899406266597712e+00
1.049218775243925039e+00
1.053116161356171698e+00
1.041795458339275449e+00
1.006658925016665762e+00
1.039355926203526570e+00
1.037761188241551169e+00
1.037409596228238584e+00
1.017165724593865894e+00
1.036345371885588840e+00
1.073564876989767214e+00
1.025698563042227951e+00
1.032864190478195665e+00
1.018705776020108589e+00
1.012465720174140049e+00
1.017466387322670585e+00
1.035737280511477953e+00
1.051341688148997200e+00
1.032948467927606861e+00
1.085230777627555154e+00
1.043659310582823352e+00
1.099278669525035390e+00
1.098166681004461465e+00
1.058817638856722088e+00
1.001326494868908679e+00
1.056479588785472101e+00
1.054042933626914147e+00
1.066819036301785095e+00
1.081980187487781686e+00
1.098359845222734554e+00
1.033288311496148193e+00
1.038784521872192501e+00
1.059772506276982051e+00
1.059625622907723885e+00
1.054595451556418428e+00
1.013007164013190797e+00
1.018307875889242764e+00
1.040675260153171244e+00
1.066944237613893565e+00
1.014869092495022551e+00
1.035826118748777391e+00
1.017947476365028914e+00
1.098352119211762012e+00
1.029218007479758334e+00
1.076469163954681285e+00
1.044312246875044758e+00
1.051147878369603994e+00
1.068880730569248039e+00
1.095396052329277392e+00
1.030305926061428234e+00
1.005833661806429413e+00
1.021218101985492677e+00
1.047912505689427842e+00
1.072413542769907524e+00
1.060494731139663971e+00
1.014264171744767351e+00
1.071956428438743503e+00
1.080032752588267142e+00
1.015387387328670732e+00
1.018905671403684599e+00
1.036982458845601807e+00
1.003155229538905679e+00
1.073679626110354057e+00
1.081190427015063849e+00
1.056204886011436583e+00
1.016050526592510383e+00
1.014838747452011081e+00
1.086556504778783738e+00
1.005882223427142952e+00
1.011939867561179707e+00
1.017311900621161724e+00
1.031357936123530994e+00
1.094347543203558315e+00
1.018053193869425277e+00
1.043918318980282312e+00
1.072781892980351648e+00
1.028585146234032077e+00
1.021308361261490827e+00
1.062614711868123285e+00
