8.220062468664937616e-02
9.884148494141656305e-02
4.993905516113970877e-02
5.740615212009865520e-02
9.121373883517729098e-02
-6.489735555916191501e-03
1.882634902027270976e-02
2.588645489106155065e-02
6.144482971235080970e-02
6.364341071974820296e-02
8.162447555230450957e-02
6.211942077513731009e-02
5.697161614786649952e-02
6.372741393024380918e-02
1.985808696431258860e-02
9.211408708304959225e-02
8.655966367303719045e-02
1.090459459455766708e-02
7.930479126680664570e-02
-1.477575357829380084e-02
6.986267052581109083e-02
1.570144704222732265e-02
5.474746751014507307e-02
8.098227883916428449e-02
7.598405134605680511e-02
1.405492567155633768e-02
3.899219096586314243e-03
-2.628893794734431244e-03
6.514309626231835904e-02
4.805560846273507214e-02
4.576510624914031933e-02
3.032788089683720670e-02
8.316778503996358207e-02
6.164853854102569919e-02
8.769490744566164897e-02
5.870601419734018667e-02
2.261390205217048491e-02
5.847525698911747172e-03
5.661568126781574284e-02
3.816135527922516479e-02
3.097314538863258845e-02
7.644059494872630645e-02
7.316794138544330250e-02
1.057433286255800298e-02
4.962408023360766196e-02
1.501111820176800893e-04
2.801259197165998846e-02
2.541172848265423403e-02
6.162326781322366442e-02
6.170725919094517675e-02
7.837241034789869942e-02
4.783146696099022099e-02
-8.286606175385244702e-03
6.349777335188834526e-02
5.289061367381585332e-02
2.483067729410118676e-02
6.597572343332430700e-02
-8.804205889773384155e-03
-7.483911650200196844e-03
5.806210304340822526e-02
-1.496593010105107258e-02
9.824108764950957584e-02
9.759405060095430184e-02
-1.067105005614615160e-03
3.630033010692797213e-02
7.073682973067844937e-02
5.891440578347023616e-02
9.396064575078440229e-02
1.303665252330061738e-02
8.575227433355510354e-02
-1.246551536278353925e-02
9.263428743527039877e-02
5.555797251029796768e-02
8.577039926928839431e-02
1.998587465603375232e-02
3.947228771020361293e-02
1.291481958503150687e-02
9.349964385340808759e-02
2.710844907133250561e-02
5.784145474256681407e-02
4.445624534692453611e-02
2.142066065831567737e-02
8.547500844990750524e-02
9.885294147479944948e-02
8.226344217456768582e-02
-1.646904804506540282e-02
-9.756395359909512954e-03
9.029791755061376823e-03
7.719325543657785949e-02
5.632001413453076311e-02
7.094489260866339297e-02
5.333554771168483311e-02
9.784112364192806832e-02
-1.706181289317884597e-02
2.134540539557857122e-02
3.355871887196651415e-02
2.292669829766536341e-02
1.913116192698258514e-02
4.974372438367208327e-02
2.413539188423593010e-02
5.685225909754069995e-02
-9.273736178379099124e-03
4.599372656115172098e-02
8.168521816994335494e-02
8.359006588512889191e-02
4.648398792613317454e-02
1.165032065841245523e-03
3.720270709637117645e-02
-1.461450324688505151e-02
1.750839156209066036e-02
5.304886215632050039e-02
6.474849375987373756e-02
3.911898996044872040e-03
6.204339515145958217e-02
7.236991454069441332e-02
6.555345106666697619e-02
6.357502152301726384e-02
9.979573976842623373e-02
8.362049917819498746e-02
2.515875297705568933e-02
9.822459600755414910e-02
2.537662147917106245e-02
1.335322563708132154e-03
3.349232294669009236e-02
-3.014418805123531692e-03
6.377724807368856386e-02
5.372715564542231148e-02
-1.289608570847803129e-02
8.690445748547934168e-02
7.172322381488946408e-02
5.202803735587500922e-02
6.078848302147858707e-02
5.946718241247936354e-02
-1.916342790938621587e-04
2.602268620674014557e-02
-1.134774822113722437e-03
9.649801591284506985e-02
7.297847555238951706e-03
8.377709487195744709e-02
8.845918553889228764e-02
9.506757802475490626e-02
5.705636216271601363e-03
5.094132042043175712e-02
6.090209033760543567e-02
2.228699244029376872e-02
8.973608374447235303e-02
8.013525907057032771e-02
-1.000067854255146105e-03
5.258801215023950482e-02
2.619592757103874833e-02
6.069091649891367179e-02
5.038570664345570771e-02
3.223182313376884989e-02
4.851197207814435253e-02
2.635562252470039293e-02
4.030875155732106807e-02
4.621205688226151520e-02
-4.703713455131664986e-03
1.428635176769297091e-02
-1.404885022148691029e-02
-4.798788154386109811e-03
6.524834637242402091e-02
7.423762252005676465e-02
-1.713736492519084970e-03
4.524595248582831408e-02
-6.383929131917471730e-03
8.370172798357664035e-02
6.428298198234211336e-02
7.255652162559247942e-02
1.310554580762252411e-02
5.464437069689839777e-02
-1.401670457552799468e-02
2.477681252333777465e-02
6.382039673883774245e-02
1.364399001957734836e-03
9.774913422955214259e-02
9.661349391481027782e-02
-1.526587678124321709e-02
3.472733869877189794e-03
8.360732632594874980e-02
2.298452764790670164e-02
-5.266175934068336242e-03
2.930879447072471181e-02
-4.956698605908513300e-03
3.170918597443191100e-02
7.311366168502159146e-02
4.958030086896912658e-02
7.974804112801514577e-02
8.981424142426823465e-02
5.394914625451828483e-02
6.633242163681732362e-02
6.566547054542053174e-02
1.189187815201858331e-02
7.620502702069120726e-02
3.538142041276595706e-02
4.962463191689785863e-03
3.725686932965953380e-02
4.872945887845464563e-02
2.394167903116442217e-02
3.584750654616578047e-02
9.756313640977354318e-02
3.818939936435943039e-02
3.613614803208073378e-02
2.182079588805202822e-02
-1.198189959138134392e-02
-8.977299316674134180e-03
5.487753595285799202e-02
8.196004234864563698e-02
3.857682259913113032e-02
-1.111972738358473628e-02
7.687078922691183147e-02
3.954590346853323335e-02
3.620782881083317584e-02
9.032856383578254794e-03
9.033207101793240545e-02
2.588182463814419146e-02
1.264357379507033766e-02
6.590359845461962740e-02
8.915239363733787337e-02
9.763426169056933779e-02
6.374618849379182217e-02
4.810806234423958827e-02
7.900887843460377424e-02
2.574144564431465540e-02
1.569306480238698981e-03
2.635048571396913716e-02
-1.203390263733063181e-02
4.859213461438753601e-02
-5.076075924658777702e-03
-6.531449092819755289e-03
4.373717439809425567e-02
7.159555240957772571e-03
9.931631543436032772e-02
2.791935779605327073e-03
-2.879167367778209113e-03
4.517490905098589526e-02
3.664104238670309877e-02
2.180623449315290466e-02
2.951410901453242405e-02
3.748728510134682890e-02
-4.146262959049015068e-03
2.364474542248591951e-02
7.969361520321344150e-02
8.482705104236308580e-02
4.921249767342450454e-02
9.529593005626563196e-02
5.306303320562515136e-02
3.661226181959140180e-02
-1.694382944275939218e-02
-2.089549078909760244e-03
9.933730103274468481e-02
8.144265386433080511e-02
4.018989776293344085e-02
6.874546655955318664e-02
-1.712253600981802210e-02
5.361022995005219893e-02
4.314965551479833794e-02
1.356565762080528051e-02
4.344955595705587981e-02
3.876480598933902677e-02
3.031558737659404215e-02
1.413730797401860015e-02
5.387109561203672070e-02
3.043453293203409252e-02
8.082072990428376680e-02
6.024322097867489123e-02
4.055702026930212145e-02
-5.724419791097149282e-03
-7.049095193971031958e-03
2.002195482584307948e-02
3.982701402785661371e-02
-1.540753441503658894e-02
-1.867379053184657633e-02
7.852365800160400477e-02
4.401659283450869153e-02
5.810091101285055903e-02
1.873097462340651484e-02
-3.682541296837517353e-04
2.810844407657605085e-02
1.292869751955350727e-03
8.459681295277665658e-02
-1.629612418742596575e-02
-1.413667534580436563e-02
5.000661298459062321e-02
2.826335723063107611e-02
7.053903493176368056e-02
-5.281497093636636220e-04
1.954521707725362031e-02
-8.197726401376503880e-03
5.364976485639963433e-02
5.214030890979667876e-02
6.897512596610533286e-03
1.544057269796898432e-02
-1.740116022270319848e-02
1.245472997835248355e-02
8.331522274018614282e-04
1.563244762299501392e-02
5.279062457183930634e-02
3.727948241225019499e-02
8.766551130184815216e-03
5.383007803998358931e-02
6.083074067448027145e-03
6.679643728598810837e-02
-6.204700979090906066e-03
9.218535950558728875e-04
2.063419077623242573e-02
4.344178953037774321e-03
2.356580207416652042e-02
-5.834699547138111342e-03
2.300226222864883499e-02
5.953511333979760733e-02
1.140467959414452961e-02
3.666054580630434545e-03
4.134116868407679279e-03
7.895489318634656140e-02
2.062691280560857363e-02
1.105169816481013645e-02
8.213937846115466901e-03
6.673045039254314748e-02
1.177771633198078718e-02
5.844669165039489966e-02
1.284201135961853327e-02
5.924383929095913826e-02
5.184179732339264102e-02
8.668189686965183105e-02
6.065046192236947520e-02
6.573835936353007725e-02
4.110572565175441007e-03
-9.403426608262929060e-03
3.524752090055098541e-02
7.751654121904573425e-02
-6.612273269297638117e-03
5.458453090451172163e-02
1.843674544149275299e-02
7.149661782577218516e-02
6.228839412741458970e-02
2.574126104700403747e-02
4.426973709256934453e-02
5.998260609215369521e-02
1.920074133707637062e-02
2.176111678072957176e-02
-3.592845929651523190e-03
5.000870953345221137e-02
9.252356605284146884e-02
9.256088845305888990e-02
2.291987254748969680e-02
4.314561262289466625e-02
1.588459361251765359e-02
-1.705363439185781857e-02
3.314035338720709711e-02
8.809810224620921726e-02
4.587902285746538189e-02
2.846867195406036291e-02
5.666343638302728802e-02
9.084650580607624148e-02
6.837318752954910095e-02
4.560958226601748156e-02
2.654707777518204234e-02
3.073193810377937082e-02
-8.453702850238754840e-03
7.805823040308275396e-02
3.813392873596274657e-02
2.031473748853568004e-02
6.609162328725309149e-03
5.010352918394966881e-02
6.368885683026219435e-02
1.568415673847056366e-02
5.181453113198528082e-02
3.976246896588951640e-02
1.217871010635150977e-02
3.162782197421702690e-02
1.393637395037911411e-02
5.215153185322385365e-02
6.460929958714785315e-02
7.697026281395673297e-02
3.120314777097583578e-02
-1.674660260979565080e-02
4.260582665552553605e-02
3.120864055800012457e-02
-2.475285374702807656e-03
7.557398398462882028e-02
-1.560756906067929661e-02
9.335625518853636617e-02
8.167924499052560405e-02
3.463036655817881837e-03
1.623881692311311339e-02
9.720732575367253131e-03
6.310217835446067791e-02
3.785345755652612387e-02
1.882050235075849107e-02
4.330670198563729700e-02
5.714467209285814531e-02
7.865864465945418549e-02
9.546334459510420756e-02
6.185880713064587089e-02
8.140070264445464776e-02
4.107432361908738838e-02
2.460547344450995932e-03
5.061473528819115941e-02
6.680425274424085791e-02
4.339915611429798203e-02
-7.021482061276026684e-03
3.798223906352550527e-02
5.180521938003314342e-02
9.483024989307606289e-02
8.803721699653585531e-02
1.773295970578657801e-02
5.669606642703294008e-02
5.927293817504744600e-03
2.661857456736494917e-02
4.810247239166585975e-02
-9.630407842182954134e-03
2.280688955935259929e-02
4.200274822673596975e-02
-1.996065248421897975e-02
9.257086605992854295e-03
5.648569676925410676e-02
1.713453119412763556e-02
2.554916859345765165e-02
6.738323747157506927e-04
3.711787514626953277e-02
8.424907385027888274e-02
2.196479560189968511e-03
7.619584688650661575e-02
4.558364719578802959e-02
6.352409813619318280e-02
8.202204525963775750e-02
9.292976420861120967e-02
-4.059116807867420296e-03
3.662721585212688757e-02
3.952322056541436590e-02
6.891215556471493031e-02
2.802398572627221376e-02
-4.186819890547928413e-03
4.598668280306403289e-04
5.144848642551257123e-02
-1.327713084044786392e-02
-1.185180672703627786e-02
9.087084906948751650e-02
6.219178366179778372e-02
3.325129857842189229e-02
-3.295529451423296480e-03
5.201069449576584125e-02
1.052440977092854515e-02
2.129221615566605566e-02
2.768386950558507711e-02
-1.995589144650566568e-02
-1.189201827291528832e-02
3.979143299375541287e-02
-1.359288090714902419e-02
1.734813731263305445e-02
2.697459821698385343e-02
1.046615156130196317e-03
-1.158653325192663536e-02
5.463515691381398698e-03
-1.793152645672263859e-02
2.067821286827091834e-02
5.713353674307317109e-02
9.505446706891826358e-02
4.253031035126861314e-02
8.096795409865033266e-02
9.119265142392989076e-02
1.708075059969127799e-02
7.436881577434673041e-02
2.062434089835526313e-03
2.204324119704323057e-02
2.961837100117002339e-02
8.764652887392178349e-02
4.840909741997678761e-02
-6.111235029218477915e-03
6.455467301048065099e-02
9.639117909812044971e-02
2.125899233827345872e-02
1.227817463481544955e-02
-1.293435717710211472e-02
9.762947690241449705e-02
-6.203467390392089151e-03
2.539325269703335622e-02
3.774108358360911408e-02
2.077055371331618452e-02
1.937142961471936473e-02
-2.205543439271668432e-03
-4.591263156640783619e-03
5.778749982063813295e-02
-1.811148769307123485e-03
8.332693470648869227e-02
8.926771902948461845e-02
-1.379157379388080626e-02
8.226837702663616914e-02
1.964724533294325351e-02
4.139616519974621822e-02
7.841754624098312698e-02
-3.484483342159980929e-03
2.336507165290565083e-02
8.029573054567246126e-02
-1.000789782963687827e-02
9.659040276466010488e-02
9.026955620991668205e-02
5.371089506620073395e-02
1.902107469919455188e-02
8.870846468927238992e-02
9.674394115612182377e-03
9.269458672399784327e-02
3.782362992842162874e-02
-1.048288337067480522e-02
-3.613668246122903743e-03
2.753790356123890851e-02
9.166495553783488015e-03
6.169962096165186594e-02
9.538843125387587440e-03
2.083919835944508109e-03
-1.035783729879203620e-02
8.264135824926441276e-02
-7.717208000995373629e-03
3.288315966549679170e-02
7.939579420040415725e-02
9.805228346923375304e-02
9.179540491060421414e-02
5.073422884349464146e-02
4.560604403431148257e-02
5.964147886355432304e-02
9.453665138450265126e-02
-3.316732617176309378e-03
7.639019073675031024e-02
-1.339116632642949750e-02
9.601678942930842731e-02
8.958179518527806251e-02
9.512018676432755504e-02
1.526834990637875034e-03
6.434489930522652168e-02
1.726995993279044350e-03
-9.742989624586008424e-03
-1.028605686995368723e-03
9.800226805804133912e-03
2.734955344099896865e-02
5.782509896675780414e-02
5.090220976839662792e-02
-1.369658937606374124e-02
5.436272053748320010e-02
7.414747643800673194e-02
3.047931411526670978e-02
4.191412964204727087e-02
4.784736813466983207e-02
5.893875533285844459e-02
4.600464661515248077e-02
5.627175955521510065e-02
2.807405188648906189e-02
8.485025134730166119e-02
3.315009433502887071e-02
5.699858200009857989e-02
5.383108945427135528e-02
-1.415953339052395885e-02
6.098725173705843439e-02
1.408682153464373490e-02
-1.101127051941218869e-02
1.882903277305371034e-02
6.034756393852946932e-02
7.178384408623283974e-02
5.457779783147959085e-02
9.813727580479522650e-02
8.172684180126175979e-02
8.758570824954399481e-02
4.847956977385124711e-03
8.442898101208355655e-02
2.375375263272007723e-02
9.453749507894151222e-03
1.199027751733698979e-02
9.346798082339850822e-02
5.632403655626803951e-02
4.597059230736845470e-02
-5.792129886689270646e-04
6.302213104383701248e-02
2.958478390584786885e-02
4.046683228470776550e-02
-1.107755842090625206e-02
8.969447387575607555e-02
6.886731988714550612e-02
2.518163536691008994e-02
7.558207460576706060e-02
9.676116727725354860e-02
3.711340799739096252e-02
2.302633268249955345e-03
5.831767071044609285e-02
6.680640107755236867e-02
8.853627044226557163e-02
5.995346149566833927e-02
-9.939330945148497354e-05
9.521628808548680822e-02
5.037737377654445681e-02
9.421611924803968696e-02
4.229356532793224210e-02
-1.446271958729660606e-03
-1.899507417708088883e-02
8.480904685107458485e-02
-1.600537027109224728e-02
4.973749411830209743e-02
2.213421966178229575e-02
-1.325448265147514265e-02
8.113584688126120048e-02
7.730176487120028750e-02
7.038203847513277434e-02
4.243494676482325451e-03
7.620328447639945768e-02
6.751430061026959806e-02
3.559503823250416421e-02
2.707575277252402893e-02
8.741927680054206728e-02
7.067479616394209407e-02
2.181835572366554524e-02
-4.301100841002172825e-04
7.683828499486763941e-02
7.713546485278988118e-02
8.696360485887173752e-02
2.836475101854477390e-02
-1.159171874682610875e-02
8.379733759371930935e-02
7.485259749664529422e-03
4.978493459803556842e-02
7.516696707706778391e-02
-7.457589187425582578e-03
7.414930038335001972e-02
1.423106227214335565e-02
-5.326612278969461781e-03
3.509294697425070775e-02
5.557652891378977306e-03
3.428328231011723570e-02
5.531199414362203415e-02
3.541483448708677984e-02
2.085177941498275733e-05
8.352082939926570859e-04
-1.096037129593332819e-02
-4.209601070276416945e-03
1.321933922590414617e-03
2.544275894048487682e-02
-6.083716405838551430e-03
-1.737341327843990035e-02
2.193662589990275427e-02
2.468885072971621977e-02
9.958498977586816014e-02
-2.024242147387708690e-03
9.651710321515535873e-02
7.416866501356195185e-02
-1.895161612849337318e-02
6.306600685222675529e-02
8.368614320545586516e-02
5.747841967044607647e-02
-5.014555750541145260e-03
-9.666531118375431761e-03
3.000560117159312493e-02
-2.970816603879326140e-03
5.898509156491811567e-02
4.213444976509211903e-02
-1.196688242615191397e-02
7.861152018527829688e-02
9.241907568745901663e-03
8.542598032906627281e-02
1.666802449874111788e-02
9.994843565446130673e-02
3.987902617049708665e-02
8.563942809809341195e-02
7.520472873477132558e-02
3.350435151367547881e-02
9.380693730795926222e-02
-8.888660170217744030e-03
2.687858609447406691e-02
8.908944776298236001e-03
4.221406271417080247e-04
4.395136471241367637e-02
-1.436731874978936299e-02
8.640296945143965957e-02
4.904213423492663482e-02
5.640877782638737542e-03
6.025745923367825663e-03
1.412079052952216682e-02
3.706725272646749225e-02
9.423491198636749222e-02
3.315101554491273195e-02
4.074707645624167651e-02
2.384708461534673293e-02
9.927303303641884374e-03
2.761035318377339301e-02
9.559961193581707761e-02
7.476036112995657068e-02
9.574739362384990238e-02
3.564872349183807743e-02
2.776030087886150952e-02
8.273744088303798538e-02
6.867426334362532192e-02
9.503760472916418511e-02
2.155163165649881876e-02
-5.339873039243374364e-03
9.760205550140670094e-03
2.447642631151196804e-02
9.274927088650386509e-02
7.309928613624715188e-02
6.003555285599528057e-02
5.601629220322965064e-02
1.082591329427395888e-03
4.868964467219776687e-03
3.475190041043151046e-03
5.444867274687981151e-02
4.058577899376070164e-02
5.590932719862140576e-02
1.208484573358276429e-02
5.378956122163908171e-02
2.247863998887284637e-03
8.588973344072073357e-02
1.351160740159619914e-02
4.219792294354235418e-02
4.888566190720348981e-02
7.874208195297564827e-02
1.301072476072445347e-02
1.164708726460897750e-02
-1.100703265371519649e-02
6.398537259629653862e-02
2.747047864145471183e-02
4.898270021064125845e-03
7.044444537834465558e-02
-1.049291429572870790e-02
3.197595653734508492e-02
5.952293084935592060e-02
3.576881478971483119e-02
6.936252061802621049e-02
5.520881634798524562e-02
5.487704009369949454e-02
-1.281475334274632255e-02
9.488582430898928610e-02
1.354040290129092730e-02
5.131368449156693823e-02
3.636914129806610718e-02
3.570005662735689644e-02
5.444867933627610401e-02
3.093331379127554556e-02
2.501648231386735186e-02
7.765486370570288954e-02
1.597531545186456695e-02
4.348219868658280418e-02
9.481306918144512264e-02
9.478724796294334121e-02
2.414518876612174389e-02
-1.015661942992951428e-02
8.249028126287101526e-02
6.890637935187846064e-02
7.565084269329936523e-03
4.692692740582507516e-02
1.434622543057989877e-02
9.767426402675244423e-02
6.124950979532751971e-02
5.559350590600635467e-03
-1.912127816941625036e-03
9.436878451815075564e-02
8.254545508861810266e-02
7.064528804272444951e-02
4.604866254275175041e-02
3.351678699455429289e-02
1.449919612615768391e-02
7.345037398904753767e-02
9.581075989433386619e-02
4.557031293417444784e-02
3.429431727516524253e-02
4.104893486312150008e-02
4.076739413617004593e-02
6.724861409017135472e-02
2.414478695569153774e-02
7.931367756388157941e-02
5.161372768624611362e-02
-2.610592449333173221e-03
7.572341958946804397e-02
5.707803949592239745e-02
8.231519098685523284e-02
-8.714457201463078964e-03
3.040366943991912665e-02
3.280649903223316344e-02
6.223591125371143173e-02
3.673477010899280082e-02
1.960835697448686313e-02
2.699851851359918661e-02
9.084479598372603715e-02
6.964592409918214655e-02
4.540328319290695691e-02
5.383537473122970707e-02
7.019656714655431173e-02
8.207440619028787132e-02
3.031767383271205193e-02
4.325216405365069072e-02
3.946873545077339562e-02
1.962477399376777801e-02
3.229031954978549279e-02
-4.114579848997435008e-03
9.722596295130428445e-02
4.087953730736827718e-02
9.207897016275271018e-02
6.018565531030249660e-02
-3.144966243232336089e-03
-6.464046629253962506e-03
4.339408624009445659e-02
4.191618988296615111e-02
9.958044414431867219e-02
4.725971148950015854e-02
4.008220160558526035e-02
6.617209739470505947e-02
-9.937699024265639336e-03
3.075680681766002414e-02
8.374052253859226580e-02
8.427850208096054896e-02
8.637382812868334148e-02
2.476592219246042878e-02
7.965420245985421754e-02
-1.669227169308223555e-02
3.658640373409412228e-03
8.599334616497614214e-02
-1.920094214440567354e-02
2.793461926568690037e-02
3.475842328990993990e-02
4.067754878454628298e-02
3.444790314380978546e-02
-2.336927621819265277e-03
1.866090410908844213e-02
1.456972028915512127e-02
6.122058732653024027e-02
7.632170365418185221e-02
4.320509491200859309e-02
-1.931512484242449423e-02
6.339234312761223011e-02
-1.833573916572375090e-02
6.737472975757176352e-02
5.233491164367637394e-02
3.325115267102815575e-02
-7.577133924301917775e-03
3.798216608591700738e-02
6.664235244754614096e-02
-3.472960935935350685e-03
6.636527179210698069e-02
7.118364255274062247e-02
2.985992939792747949e-02
-1.192586745405914590e-02
2.214033985846839206e-02
5.071219046969187294e-02
9.601677326312889338e-03
-4.941440813502898793e-03
-1.541056573762739773e-02
9.356294513736014562e-02
8.585029890225887028e-03
5.128495138738692338e-02
-9.365050784300570433e-03
4.521765431615396014e-02
1.140836963673112422e-02
1.876497707544473245e-02
9.391585982343807204e-02
8.573651841948927432e-02
2.619764327662884099e-02
3.314906838599254724e-02
-2.572780377346664538e-03
5.740784443296444162e-02
3.677691333575920651e-02
1.680045912956982385e-03
3.005832641407197789e-02
4.361704632482109323e-02
3.852820829424645488e-02
8.527839509741401425e-02
7.435721313201289207e-02
6.423329316821679846e-02
1.201067581922181729e-02
2.496417817795773889e-02
-1.584676115606772559e-02
9.537125135176198476e-02
5.987641127961086662e-02
1.885017892284597887e-02
2.309967306243343108e-02
9.536274816097085882e-02
5.289059939044771230e-02
7.932994543405176568e-02
7.058552547803413624e-02
1.568747546052235223e-02
-7.706493479955733167e-03
6.290082749872565049e-02
-6.837882917762877835e-03
-8.331517803529094046e-03
7.461700079537962604e-02
2.140403885467421011e-02
9.632330656866774921e-02
1.958615588104048802e-02
-1.187008775717955308e-02
-1.931063902262065632e-02
9.750457100668659394e-02
3.823840381491605545e-02
3.645818281507939851e-02
8.062793011360529227e-02
2.593304549186680949e-02
8.223190985711026357e-02
-1.453419865185411573e-02
5.086805478327585672e-02
8.355720616114552246e-02
-2.196077592181149007e-03
8.639965320266536353e-02
8.375824788448393843e-03
6.265107047201016327e-03
4.874238467827772536e-02
9.561052517511935134e-02
6.346251363496796527e-02
5.764459119710081680e-02
6.738583379096561854e-02
2.157386900625192852e-02
1.774571259723120228e-02
1.056534874135875088e-02
5.544885547000769077e-02
9.066033808073470368e-02
8.252789116955860926e-02
4.512626242621342598e-02
8.091914194615437705e-02
4.443067561485694594e-02
4.958099534369907191e-02
-1.043858002253425510e-02
9.766366039411258915e-02
4.149097453163866356e-02
5.911127944547883012e-03
8.161356089143156911e-02
-1.134215714001106379e-02
5.313071760229930163e-02
3.624554808014306129e-02
3.952633778059479186e-02
4.845307999429503132e-02
5.992526982856200002e-02
1.726177300620052382e-02
5.621624968995031502e-02
7.544952840308670472e-02
7.215783663913094559e-02
-1.995766620265499933e-02
2.534703966209590764e-03
-1.452117430337390366e-02
5.715757389473291594e-02
5.947961534859196042e-02
-1.091132592342415088e-02
5.179611422865344761e-02
9.247511272866989346e-03
7.479289978036669090e-03
-1.652708180622057543e-02
1.761770138391720655e-02
6.286028145063550510e-02
6.892508228969905504e-02
8.419170234444380008e-02
2.459181676458243801e-02
2.392339914537973053e-02
-1.161555802205730542e-02
4.853165931617975382e-02
8.124621384955160730e-02
-1.722693259790623876e-04
7.060056790530012949e-02
7.271621645530318423e-02
9.373412847264026015e-02
5.141046936408742718e-02
3.190690968254694670e-04
5.843889448003498910e-02
4.401173304083780269e-02
2.613676242829773497e-02
-1.272160263039692762e-02
1.971184408330429669e-02
7.645451777856195064e-02
2.077910096712064572e-02
9.497509523971947587e-02
2.133915534019751800e-02
6.456776147290793633e-02
-3.809017216905557363e-03
4.106230814770071846e-02
1.778944082098441251e-02
4.047373699643014300e-02
8.487814372227363291e-02
-1.997557181439852184e-02
3.489463309583160089e-02
1.959970707074122978e-02
7.778635172287134969e-03
5.202099376108411388e-02
1.868413055771018030e-02
3.856679720178125825e-02
8.920395351796107930e-02
1.837533010192280228e-02
8.804966207755614283e-02
-1.481245908013286740e-02
1.768525698561186979e-02
-2.932751795616788532e-03
3.286187763480355462e-02
4.721239111302177882e-02
-5.483776294382448208e-03
2.260554116980354952e-02
8.103740168988986248e-02
3.254596399130343931e-02
6.596070591303948571e-02
3.221228338583427553e-02
-1.326132944814451334e-02
6.325706077865916876e-02
7.500123332568392476e-02
6.549936584232109171e-02
9.320508242313018527e-03
4.275554440596487926e-02
1.714029445625550249e-02
4.814618106454714164e-02
8.114017643335551255e-02
7.863419756556201679e-02
6.763310056718396801e-02
1.030729642179561631e-02
