1.047278059950025764e+00
1.015958560886689677e+00
1.061109442910996403e+00
1.046744051306440548e+00
1.030933387207400465e+00
1.040034854453139035e+00
1.053662482630454145e+00
1.017608260038088908e+00
1.042214857585102239e+00
1.073429840421619597e+00
1.078135171941372317e+00
1.056553146183900838e+00
1.073427117193465730e+00
1.022002029974641735e+00
1.017268696806703288e+00
1.009550727745024856e+00
1.046185273411462058e+00
1.085646360551716816e+00
1.018157788211321968e+00
1.020853207877095548e+00
1.070286870167578508e+00
1.028475116272304479e+00
1.038880235868298696e+00
1.094138244096222845e+00
1.002653467349304162e+00
1.090467611563591621e+00
1.080313101430655065e+00
1.002757884886613882e+00
1.007090731160839026e+00
1.057546737455652641e+00
1.014683305091018228e+00
1.020099633179691878e+00
1.022331646876160072e+00
1.082949571727186422e+00
1.006028166568323501e+00
1.049536878872424639e+00
1.072713261041571053e+00
1.045352203520248935e+00
1.082920921454815222e+00
1.096183202517880373e+00
1.061733386441472415e+00
1.073474314758316339e+00
1.071313516636977159e+00
1.071412181648459860e+00
1.004885451447104616e+00
1.060960898613400039e+00
1.022090703642721587e+00
1.025304036209712333e+00
1.017902833142130925e+00
1.056437724089692498e+00
1.016620430483617055e+00
1.052472685028744026e+00
1.081360036397063240e+00
1.013313365507458208e+00
1.004287856289375114e+00
1.053256871283562601e+00
1.021820816478841598e+00
1.029955684595454724e+00
1.059140438640940429e+00
1.003217931699437404e+00
1.022299923169398994e+00
1.093067573652357183e+00
1.078049220695789456e+00
1.071960099926514864e+00
1.094983519603351274e+00
1.014886083466082445e+00
1.081433571652802517e+00
1.086594404897071486e+00
1.065524606982355404e+00
1.041405834930459573e+00
1.066871776296563379e+00
1.051970895146302931e+00
1.082616190310379256e+00
1.047605120979449467e+00
1.032836182859472984e+00
1.057020471534211969e+00
1.090692559078745516e+00
1.089385491708316112e+00
1.061941903157743949e+00
1.097889886014641547e+00
1.094755216048730828e+00
1.026639624501208825e+00
1.032115362176302620e+00
1.019166842428138597e+00
1.062386951363885279e+00
1.052688613414824559e+00
1.022851948466663607e+00
1.039752848759366133e+00
1.040368506917933811e+00
1.017981907599843527e+00
1.050755828467524244e+00
1.022246451424804192e+00
1.079624237337137860e+00
1.087816888807361604e+00
1.077040998507631908e+00
1.003151721223968007e+00
1.029111666178911477e+00
1.092859439479552108e+00
1.079838006351336643e+00
1.048008010289185776e+00
1.055070621131632524e+00
1.049877890155878957e+00
1.093084319457871434e+00
1.055126056389442679e+00
1.066779233908337732e+00
1.001298674234978980e+00
1.033631121360746530e+00
1.015444680015537893e+00
1.096472525642755880e+00
1.063727975285182481e+00
1.007551966554262268e+00
1.019040325975724359e+00
1.059148378246443700e+00
1.043385907178676852e+00
1.038338421055879701e+00
1.026773680697844915e+00
1.096732880011980438e+00
1.020594220351445092e+00
1.047507957863784700e+00
1.076335083459536435e+00
1.020563324856976095e+00
1.090121947872833896e+00
1.091573561055589447e+00
1.080106734374647326e+00
1.064101068088207480e+00
1.092239514616151430e+00
1.098108651203814734e+00
1.063935307880543579e+00
1.045862185254986754e+00
1.095732582893372165e+00
1.032420814449739765e+00
1.074104330242181993e+00
1.045957232330320119e+00
1.094227416340038062e+00
1.046209151672939042e+00
1.015321857270157002e+00
1.095071579630387815e+00
1.090781389694392756e+00
1.063128804993787035e+00
1.053241236521519797e+00
1.046200442644550810e+00
1.025310115810728284e+00
1.055509538480836840e+00
1.076318625615754643e+00
1.073902853250410017e+00
1.053784346636426505e+00
1.098203375291249895e+00
1.012343763262348206e+00
1.099671019924163495e+00
1.052705788464892045e+00
1.058836643475441264e+00
1.053248691188147346e+00
1.022747636344049083e+00
1.082191908827388582e+00
1.087424571578421206e+00
1.007829068974715581e+00
1.086428749733641563e+00
1.023707545963973731e+00
1.009860911144562667e+00
1.005015375143617939e+00
1.063813355062673605e+00
1.076402354327750555e+00
1.027854292923459312e+00
1.073295016889525000e+00
1.068587725304256164e+00
1.071050176810247612e+00
1.035062842709424169e+00
1.045550744557419032e+00
1.018253953627775044e+00
1.012586196408164163e+00
1.094786297700645950e+00
1.076810323850161843e+00
1.090154927218165648e+00
1.089039403158143626e+00
1.046589931276482366e+00
1.080090864945071782e+00
1.041155947942292048e+00
1.023431060955060756e+00
1.040244470168295798e+00
1.008078210537961317e+00
1.010075130040787306e+00
1.027559727262601363e+00
1.094240559632634113e+00
1.028828718202099868e+00
1.008505186868987824e+00
1.008462706740332671e+00
1.001663679507799554e+00
1.053403112293217925e+00
1.098405364316334731e+00
1.065247701433901462e+00
1.063699780908547110e+00
1.029967957319612104e+00
1.099891796322518545e+00
1.070340946041493435e+00
1.074330867803630296e+00
1.080313993082893109e+00
1.015066581094867137e+00
1.012673497007679169e+00
1.081837007061555944e+00
1.053009509065645499e+00
1.092393357778423280e+00
1.028651394911864303e+00
1.007690130336353684e+00
1.048445954574550365e+00
1.019168093525494978e+00
1.006118871355190958e+00
1.028717125024106949e+00
1.013180402335893904e+00
1.072837791869612589e+00
1.094769972199692853e+00
1.065579191762538791e+00
1.006409895975342250e+00
1.027703258865008573e+00
1.066383203109108724e+00
1.009350576629906682e+00
1.072666878455200479e+00
1.045741262543047334e+00
1.080779103347648373e+00
1.031242539480671017e+00
1.078237828083161043e+00
1.010740120767704919e+00
1.021014607903437010e+00
1.082874755691343172e+00
1.025066794891843269e+00
1.011974492375479873e+00
1.031043430403327577e+00
1.020451898089204779e+00
1.082773748611801201e+00
1.094713338167120353e+00
1.062364404454188227e+00
1.067569247511497510e+00
1.047107739989934005e+00
1.002501807785060262e+00
1.040469699337298382e+00
1.083023345732472942e+00
1.026984247134538730e+00
1.043945292105345146e+00
1.064089581636759707e+00
1.034416304541360576e+00
1.049820586097184982e+00
1.005219508053448285e+00
1.001279094298825445e+00
1.085536469294186013e+00
1.023355694711682640e+00
1.083684999182864983e+00
1.057786473834545493e+00
1.095108778373945269e+00
1.031328550330294025e+00
1.098966552842377542e+00
1.060128670183115407e+00
1.032375320785503980e+00
1.091915519647893351e+00
1.008696116616482730e+00
1.075306438661327801e+00
1.080231706857116780e+00
1.028321646684069890e+00
1.035628690175943944e+00
1.042971510886774755e+00
1.035744751589419366e+00
1.001850771067215762e+00
1.043672125657588490e+00
1.074502483777802997e+00
1.045743836104277680e+00
1.022925355590284857e+00
1.008970455285478351e+00
1.001521322146374793e+00
1.044982748863595656e+00
1.061576530177673616e+00
1.088896630217109474e+00
1.000715237263859025e+00
1.029949734858891519e+00
1.015538039695558892e+00
1.006449838528956642e+00
1.063295655648542448e+00
1.032340944247297498e+00
1.027834390438164380e+00
1.086819856665869333e+00
1.067332096758000226e+00
1.040810724373268936e+00
1.088480297557791854e+00
1.039749899259983179e+00
1.063549962252381409e+00
1.042830669680675060e+00
1.071187288078786048e+00
1.001632240289952680e+00
1.074713825804250789e+00
1.074345170214222378e+00
1.069326599900385366e+00
1.092178135327528388e+00
1.071322668712691328e+00
1.041545149487240085e+00
1.077792274942528161e+00
1.011360078672608909e+00
1.007658272811102318e+00
1.082618451898615053e+00
1.022007346242696846e+00
1.095284853836501204e+00
1.011670910243842370e+00
1.003023223157208044e+00
1.064368007968845564e+00
1.065398426404407184e+00
1.081136179492092397e+00
1.065431572765058732e+00
1.024980273599823688e+00
1.040856912933470380e+00
1.013681984750506304e+00
1.048058008490274418e+00
1.085351386279917563e+00
1.083061863691034521e+00
1.040134092023119461e+00
1.095030843049824343e+00
1.023984042121807381e+00
1.010788356339300975e+00
1.082706014666682259e+00
1.052431638866748287e+00
1.024779324542607117e+00
1.018289567065352230e+00
1.003412362945708791e+00
1.051403811960778256e+00
1.029989952789254426e+00
1.015746922589238599e+00
1.097411975605579570e+00
1.033338908118643928e+00
1.017740982813674089e+00
1.097097993243704828e+00
1.049347274984081535e+00
1.067538136824459416e+00
1.048911381418665911e+00
1.081847884528491122e+00
1.099071141113997507e+00
1.014222672624865318e+00
1.068340494942546570e+00
1.034974614818485072e+00
1.000824648262508720e+00
1.011750466085597377e+00
1.024381936396077553e+00
1.095219219080446393e+00
1.078416297638296051e+00
1.005220043572949029e+00
1.073976905716146568e+00
1.057683865715918214e+00
1.057183227593893715e+00
1.010171926917472485e+00
1.033476984485612871e+00
1.023234803523382697e+00
1.046277183684109824e+00
1.082653366045487786e+00
1.077212356480613309e+00
1.079995026045916351e+00
1.045325770863848813e+00
1.087759511866602580e+00
1.054270865103158705e+00
1.028932792159652054e+00
1.016727358476874121e+00
1.042025599435475236e+00
1.088082562842253909e+00
1.030103300684150236e+00
1.049238929533519382e+00
1.020917003287269864e+00
1.027647684377296589e+00
1.040961114953767641e+00
1.061674552337424027e+00
1.014089983234828019e+00
1.003496219009012869e+00
1.099666939434738921e+00
1.041149653913158168e+00
1.082679317558199461e+00
1.013538968697007769e+00
1.056944489752013938e+00
1.037819883226317241e+00
1.024326353794218658e+00
1.055238731133764762e+00
1.044626435676462517e+00
1.081712257897746277e+00
1.075358950298773708e+00
1.011776468177113752e+00
1.046359828388685687e+00
1.003221993106330201e+00
1.076178909854457855e+00
1.096153040768470754e+00
1.017781282547151056e+00
1.057059180687678568e+00
1.080323070454272782e+00
1.014255368074457708e+00
1.099148214520396127e+00
1.089206373651962823e+00
1.052055683119085483e+00
1.086135589840601545e+00
1.025188919080588290e+00
1.028124438421433640e+00
1.093134259971920041e+00
1.011383723988450445e+00
1.021305375697236117e+00
1.021222493544503784e+00
1.046003230170974074e+00
1.050521149688843803e+00
1.028492089596660275e+00
1.023262272036386866e+00
1.094832988811339503e+00
1.067499403877526065e+00
1.074453919378557387e+00
1.024664494608186871e+00
1.077136069706978505e+00
1.088820240253569827e+00
1.074167495574437803e+00
1.069552457174044013e+00
1.012324727557922355e+00
1.043019131775848374e+00
1.096803418293654797e+00
1.096736421624632474e+00
1.034048725612165320e+00
1.077866684575055967e+00
1.023501736063339163e+00
1.088383704877554647e+00
1.079592244899208575e+00
1.056190715983436501e+00
1.006923363277736350e+00
1.072091757555073244e+00
1.038242176573916487e+00
1.023339456965209004e+00
1.002504342642073665e+00
1.066610745365397461e+00
1.020849632860398870e+00
1.017431299866505157e+00
1.078119309641722312e+00
1.012410182193067776e+00
1.032935963417222824e+00
1.042929794337314364e+00
1.016759407011435634e+00
1.094159655924365593e+00
1.024819290480597722e+00
1.008383266398731992e+00
1.095282468331051140e+00
1.086258626075723210e+00
1.078473307706035555e+00
1.099618686610403628e+00
1.089364543114173633e+00
1.033810445492998387e+00
1.012229103699751054e+00
1.011137926499749096e+00
1.002051200119312702e+00
1.046500448753164392e+00
1.009463538018405604e+00
1.076449345766318899e+00
1.097673306373380120e+00
1.088008005294730518e+00
1.032930427344808999e+00
1.075598893070409900e+00
1.096122427612837402e+00
1.011270660800706267e+00
1.009383854805078862e+00
1.065363320119609103e+00
1.088264231113510005e+00
1.040755175075150252e+00
1.004806311189412549e+00
1.095422267787649950e+00
1.022168081392723193e+00
1.014332343237828837e+00
1.044546738825750332e+00
1.049395061801283946e+00
1.003759972953676582e+00
1.088767609129277947e+00
1.031661659044147417e+00
1.086936301151546935e+00
1.064312040601046894e+00
1.007902981064787706e+00
1.066275826772699942e+00
1.039757124948160749e+00
1.043802553415546175e+00
1.051030247572914522e+00
1.040988205078679618e+00
1.024546326227410153e+00
1.018133267730384262e+00
1.039476485740449041e+00
1.024356015019952881e+00
1.017727908369620016e+00
1.055903936141103783e+00
1.022315262251779266e+00
1.066784734381311051e+00
1.076538917277295671e+00
1.083708601280940487e+00
1.029131325716376333e+00
1.098915728205288822e+00
1.011214055963570058e+00
1.043759372121562112e+00
1.000385945295213297e+00
1.018506854077522394e+00
1.000469533913499687e+00
1.052244913704435403e+00
1.047643857858213456e+00
1.082194492057978241e+00
1.073638975016491193e+00
1.031587251665331939e+00
1.064908206011425218e+00
1.095827655446611537e+00
1.002047434575815243e+00
1.020989828417363965e+00
1.052919950325746257e+00
1.061543072049847103e+00
1.041631216329656828e+00
1.057130931850206901e+00
1.079195423661807318e+00
1.048329648901949129e+00
1.083313502324057431e+00
1.087250658429892658e+00
1.071962493928122484e+00
1.020571672882037983e+00
1.099276156882968758e+00
1.081551246183948045e+00
1.021394219625115563e+00
1.031211371458949477e+00
1.009383806267576400e+00
1.080913798492394440e+00
1.085632402820696507e+00
1.095143778120852840e+00
1.036223210855369725e+00
1.048871960254730284e+00
1.001217825656996574e+00
1.087688237143469960e+00
1.028827877233798871e+00
1.022134410616547973e+00
1.010470727301544969e+00
1.048495987451094846e+00
1.078477301735914828e+00
1.086011540863109692e+00
1.069863691337483491e+00
1.094102776901194174e+00
1.056605721409759946e+00
1.055815771816446702e+00
1.090080939669617610e+00
1.090186042927285825e+00
1.039258362903803912e+00
1.006151473761780046e+00
1.054798553860666566e+00
1.041785297865502002e+00
1.053656820777968184e+00
1.016595152806775593e+00
1.066684180415440997e+00
1.044399061877852475e+00
1.070858552980267220e+00
1.093233836437814244e+00
1.075612685558437587e+00
1.032392960306533380e+00
1.027666155318156083e+00
1.016877583567721510e+00
1.032435017816148992e+00
1.080233639183412198e+00
1.064324696987209773e+00
1.036507477633905605e+00
1.096865502532821335e+00
1.003118412470857423e+00
1.077281732168337003e+00
1.005119294627532023e+00
1.056803988241379555e+00
1.035559601659383766e+00
1.046551136306948848e+00
1.035442977124829023e+00
1.099974912956013018e+00
1.018420496594561353e+00
1.070045765196361742e+00
1.072033877407903679e+00
1.042547198502371764e+00
1.014164482497049047e+00
1.085137750787771083e+00
1.075200962321007259e+00
1.097642338183140609e+00
1.049073659535718850e+00
1.086308536633498800e+00
1.076436178217670792e+00
1.072355712587373278e+00
1.030372747672474443e+00
1.056844342079718002e+00
1.025309551812187747e+00
1.010180126190290961e+00
1.039531578834697711e+00
1.067472895393709376e+00
1.024991363926933685e+00
1.060906087440051326e+00
1.019673076443119442e+00
1.055354578485930395e+00
1.022456321245936772e+00
1.071061901307146735e+00
1.037185719398790784e+00
1.000052444955836561e+00
1.041547991746835100e+00
1.016662182546902882e+00
1.090848225114396719e+00
1.023514218673509557e+00
1.009487228834035299e+00
1.090687526365234916e+00
1.000942290127265766e+00
1.086027704143149197e+00
1.045084723994049281e+00
1.012364053580783629e+00
1.063446229404383159e+00
1.013782821106812726e+00
1.092772763207253917e+00
1.072740659351309134e+00
1.026112316916161893e+00
1.043260261465826177e+00
1.032001965764403950e+00
1.081599700521437946e+00
1.049294934761189513e+00
1.071893216510071190e+00
1.023181099504069103e+00
1.015349324220011118e+00
1.069110519524060887e+00
1.034111793607359830e+00
1.041304693179272656e+00
1.078787315048768569e+00
1.074887726524272002e+00
1.016445012779729984e+00
1.092718576164501076e+00
1.010733090193883355e+00
1.036024297625882884e+00
1.094840633682695685e+00
1.031572732282299620e+00
1.018267645991837389e+00
1.005278799915126031e+00
1.035287452961280996e+00
1.049142199584702118e+00
1.077468987402694811e+00
1.037271269553508457e+00
1.046280407373685550e+00
1.099301909824417445e+00
1.066773703950973262e+00
1.086315744315117460e+00
1.033594527523451712e+00
1.083061484073124969e+00
1.011042188657489849e+00
1.034210543163305074e+00
1.023840233769986563e+00
1.030140258533149611e+00
1.054461942315128242e+00
1.082505858975544299e+00
1.030647111686135320e+00
1.019714106827742439e+00
1.086425866193615475e+00
1.058433383629619362e+00
1.023432879142264884e+00
1.088825149133974657e+00
1.065808703850988914e+00
1.040470936250302847e+00
1.021651556937152039e+00
1.018881578703269009e+00
1.085375795130559817e+00
1.031681773873210251e+00
1.045824488254143425e+00
1.087010478939479441e+00
1.090346254476430854e+00
1.043692166483752404e+00
1.030769895980705453e+00
1.092491109652447001e+00
1.069749443680831025e+00
1.018764853739887455e+00
1.045133801416912034e+00
1.088296535214662075e+00
1.003918018092606834e+00
1.021917130383376948e+00
1.040460951699450964e+00
1.034885823726962695e+00
1.062532868419199694e+00
1.055647864445203199e+00
1.021541467345415954e+00
1.081206743857305863e+00
1.029484023303627094e+00
1.073082407660948423e+00
1.050705764093897043e+00
1.077403522671106950e+00
1.067823320631831940e+00
1.084788953326768723e+00
1.009993659175838943e+00
1.022158078606436371e+00
1.023007770307167608e+00
1.082931871284485315e+00
1.024318569018864755e+00
1.025779474275283265e+00
1.074381568292205547e+00
1.093556605578278607e+00
1.032473301639622587e+00
1.004877745090781094e+00
1.028582072739302689e+00
1.066877503528001370e+00
1.093437126607292642e+00
1.097596156322549366e+00
1.072455603966545601e+00
1.066327367149457528e+00
1.049112942356932976e+00
1.072946276524158860e+00
1.006954306743626404e+00
1.084390622091131906e+00
1.045345623223874032e+00
1.061798589093079004e+00
1.058905131670410116e+00
1.093860853423190393e+00
1.068289742977939660e+00
1.087790268555359097e+00
1.055100797187755068e+00
1.082384743741548361e+00
1.013635397994458343e+00
1.057060764547219867e+00
1.037480085628859294e+00
1.045902964519645595e+00
1.032070797110141935e+00
1.001705764966287715e+00
1.095078336511333239e+00
1.010742147838562310e+00
1.021748488015522538e+00
1.017020516199414804e+00
1.097274676323434894e+00
1.061004029096478618e+00
1.054944530304256611e+00
1.029873743664654562e+00
1.026801199834825429e+00
1.075753821158448309e+00
1.091653449895087391e+00
1.065410605927601617e+00
1.029768319243749675e+00
1.088554309087437666e+00
1.089688659295659168e+00
1.016375080384539498e+00
1.034983237868720929e+00
1.051376060971035864e+00
1.079700945422999769e+00
1.069061970505874370e+00
1.008861710623058183e+00
1.015005764960546841e+00
1.095450688919684890e+00
1.061460561409731440e+00
1.057381276191412534e+00
1.081109485969778961e+00
1.001942397085682446e+00
1.082206177703507022e+00
1.031645002666676803e+00
1.030260434194773866e+00
1.018995667518117987e+00
1.086191329564940355e+00
1.001239633160035725e+00
1.065739767022188866e+00
1.020565750209267319e+00
1.046269376706092658e+00
1.027490907496009021e+00
1.064458771216923338e+00
1.075337355185123300e+00
1.066010558273779774e+00
1.091725500174212549e+00
1.039627563779623065e+00
1.070513478637136418e+00
1.051418125268824610e+00
1.083459807310928502e+00
1.087907083063117675e+00
1.089397962162862221e+00
1.059809168108349686e+00
1.017410464346044430e+00
1.025374776533364285e+00
1.027978870643241560e+00
1.063347260902542279e+00
1.043268377978620487e+00
1.050914627561514880e+00
1.071460028793131514e+00
1.077981612849332471e+00
1.067542790390822560e+00
1.045189218430958134e+00
1.009010549608178264e+00
1.033322707024519005e+00
1.028219931522734276e+00
1.017279042255936572e+00
1.004867747167867531e+00
1.028927065666798368e+00
1.002764496820841567e+00
1.063652886508249296e+00
1.057317454652816124e+00
1.093200178075240503e+00
1.041898360889921271e+00
1.091534049313746868e+00
1.034108204250989260e+00
1.001122899867010085e+00
1.033537775116938118e+00
1.026111751898664215e+00
1.042967396216545994e+00
1.057220304346446538e+00
1.024582347334209498e+00
1.082981520039397960e+00
1.072863343226853505e+00
1.080826730674755876e+00
1.055225428561998413e+00
1.002051839448592441e+00
1.085677252759878142e+00
1.070336535678616530e+00
1.032521655392230953e+00
1.043620682542887756e+00
1.088063448953126899e+00
1.027874482088112940e+00
1.063200531616153910e+00
1.033315067651418673e+00
1.052760794068011263e+00
1.069411448748299964e+00
1.058162963809475166e+00
1.013931941493166899e+00
1.052287767443470967e+00
1.030937587005128497e+00
1.021553090449377699e+00
1.047692463276749919e+00
1.041979185157797749e+00
1.047923181530650893e+00
1.011559148324179036e+00
1.099011116683257905e+00
1.052659456639583935e+00
1.047054792925725231e+00
1.095083540573503544e+00
1.042373451899696768e+00
1.028016727780849404e+00
1.017804834841039341e+00
1.078125518622990553e+00
1.041689560251228830e+00
1.032777023741035860e+00
1.010004337905523020e+00
1.097028940415794240e+00
1.076515047348204357e+00
1.040473481723671823e+00
1.043599466898158523e+00
1.015108293453160559e+00
1.095663618696418373e+00
1.042294778355428386e+00
1.067329237470437731e+00
1.007271632455408739e+00
1.054014738976871701e+00
1.002130971721738595e+00
1.037430678613937562e+00
1.023706644393328258e+00
1.047843751032281556e+00
1.073252077204590371e+00
1.016371186266695981e+00
1.049813218555480487e+00
1.033095912411476913e+00
1.093536597139102451e+00
1.009636757316001443e+00
1.004574028509502170e+00
1.091222346043675406e+00
1.058926327337429640e+00
1.010280664535368356e+00
1.008606935317518216e+00
1.017751480378488838e+00
1.070934737044695551e+00
1.004437838588130072e+00
1.067112516205908745e+00
1.025102250223122846e+00
1.028021610044785428e+00
1.077580561741795728e+00
1.077798684064417145e+00
1.056716628035760053e+00
1.083241592299108103e+00
1.083945467061600665e+00
1.004222259688760888e+00
1.050185943005196743e+00
1.042476638510502873e+00
1.002507494521469811e+00
1.076196434884605369e+00
1.041464987829750610e+00
1.086615233491964094e+00
1.090003388621060720e+00
1.085907797879085201e+00
1.057502764318114963e+00
1.014158955821477637e+00
1.052732885447869693e+00
1.068084289620117477e+00
1.006680205517232585e+00
1.021459900957544686e+00
1.070561350877857976e+00
1.096347684323631722e+00
1.055016935921007537e+00
1.024311537195831123e+00
1.086087861341330729e+00
1.014345851871151227e+00
1.043778048447665530e+00
1.057827699983741931e+00
1.009459465068267114e+00
1.015005847145287188e+00
1.099924579528115842e+00
1.024286627758222989e+00
1.004352485637033832e+00
1.083124156843237484e+00
1.064962578155866924e+00
1.089398553983275564e+00
1.091248251868287111e+00
1.009917334182293347e+00
1.070084935239256296e+00
1.047188396821357337e+00
1.067779649792542918e+00
1.063797879282442516e+00
1.068805942980044721e+00
1.069483168855735356e+00
1.005219035509607117e+00
1.076617797124589604e+00
1.032800141306021047e+00
1.042426626905565978e+00
1.064123145116415037e+00
1.090889734566311331e+00
1.016547907292820740e+00
1.007297573051320505e+00
1.019200438058589953e+00
1.012061967483123270e+00
1.046684180661033192e+00
1.031788687521150827e+00
1.065804515266266961e+00
1.040194372464483763e+00
1.020342941205477194e+00
1.020276035205958776e+00
1.005711479375343442e+00
1.026588998966266653e+00
1.057116024307459101e+00
1.019758998125349869e+00
1.025418063070187236e+00
1.035191919419134576e+00
1.038535423563825777e+00
1.078786080455540697e+00
1.046291602646479024e+00
1.077228936578496166e+00
1.075364949959207062e+00
1.097719790093889758e+00
1.083106915936525638e+00
1.078560588525409258e+00
1.040978991791847053e+00
1.061354917794735009e+00
1.056491587272631483e+00
1.095200727153125886e+00
1.070603492621291730e+00
1.011611195640275351e+00
1.004394651230012592e+00
1.072713154201818897e+00
1.028468020032186958e+00
1.068418569155818121e+00
1.021024596325158740e+00
1.074679209091261800e+00
1.044901671319660608e+00
1.018336263718506718e+00
1.062173787177868700e+00
1.049023602539518318e+00
1.014225513876917173e+00
1.024276874145733540e+00
1.041372561264347851e+00
1.069931141165668897e+00
1.037177905898504005e+00
1.010732642703359829e+00
1.043555860218302378e+00
1.043218454589130095e+00
1.095076651944571378e+00
1.052074802060391168e+00
1.051320964076449815e+00
1.050514859733804762e+00
1.082882930216543249e+00
1.022936850515703489e+00
1.025140525440518813e+00
1.020542920301517942e+00
1.079810561373417022e+00
1.074113740617119950e+00
1.045069593428782362e+00
1.032261500131456122e+00
1.069386140438506771e+00
1.054036404289975470e+00
1.077901859173666876e+00
1.066304166067878256e+00
1.077664304837148368e+00
1.061426494566589218e+00
1.081096091004727366e+00
1.099077202747156701e+00
1.088205502439917760e+00
1.093866334189853795e+00
1.084818820113847337e+00
1.013778557126437496e+00
1.073653026096634600e+00
1.013675119683920878e+00
1.067287907523360113e+00
1.097977709129015045e+00
1.016354244351934222e+00
1.081885897942967301e+00
1.013605246728767284e+00
1.069670751915762663e+00
1.062661700843446910e+00
1.011894596910074107e+00
1.015972906030382816e+00
1.037430754462592697e+00
1.055945230768923881e+00
1.031374341785249005e+00
1.078229746334243622e+00
1.056787772397496550e+00
1.031443340250810969e+00
1.065834027229766612e+00
1.096203465485347639e+00
1.003885840278816444e+00
1.058745954840055292e+00
1.016152201220244855e+00
1.095391431568776497e+00
1.058151081400849236e+00
1.072339773472616997e+00
1.085393253184771867e+00
1.088518467010727520e+00
1.078764106475329720e+00
1.048105357818239769e+00
1.065832820733353836e+00
