2.616559560987525082e-02
-2.897981713947703902e-03
8.203415869415971173e-02
-1.484402036663702573e-02
8.480783232247007808e-02
7.686658124968241690e-02
-1.557711239653140206e-02
-9.987661858148170688e-03
-1.338425385712244120e-03
9.295813155135902728e-02
6.557670226956315018e-02
8.550257182003903611e-02
-2.017101449578059119e-03
-2.145131720730442115e-03
6.384135633142705435e-02
5.738322416634697443e-02
2.200685046615392590e-02
-7.658558347683447343e-03
9.461119320918634501e-02
5.553117783930923423e-02
6.302386322895450754e-02
5.359530026650125012e-02
9.306794551518478287e-02
7.871057479086497610e-02
2.777970485893677122e-03
5.873486174004552418e-02
8.528331105523198619e-02
-5.781216372374603854e-03
5.070146105993142416e-03
8.982550251473452041e-02
9.490516011480534808e-02
9.460420106029424070e-02
-6.270602253890429634e-04
7.175666060248259148e-02
5.972385241648614507e-02
3.582643705710959747e-02
3.494130285925166335e-02
3.073937861831005716e-02
1.578328135254651252e-02
4.269326207746972079e-02
9.142110881407772283e-02
-1.783005463127322610e-02
3.780411061079852475e-02
9.428383225405043144e-02
5.527307286897834016e-02
-6.339612693912010863e-03
3.558541819500650460e-02
-1.629911165480435117e-02
5.790322931597063905e-02
9.962025807759193607e-02
6.186107238596836450e-03
6.248904755212851547e-02
6.928821942242496812e-02
5.999909050689197776e-02
9.992552588370454125e-02
8.798671841111625758e-02
3.529397829131758479e-02
-4.313718985074280199e-03
1.933939379136641670e-02
2.380336366665905881e-02
8.724583427651194656e-02
4.181742138379015983e-02
5.517781297720017464e-02
9.710013313584438255e-02
1.070583621232221172e-02
9.430553843661201863e-02
5.966998975648557524e-02
6.331838780123781596e-02
2.701473481298598614e-02
-1.186244766068181994e-02
9.451990218322348092e-02
1.369836379264883011e-02
1.881595216731950584e-02
-5.550849466079270725e-03
6.852112668295204378e-02
8.912216420115952331e-02
1.379290803072431501e-02
6.060602906280337931e-02
-1.319443362144054332e-02
2.008161123114334326e-02
3.394166166543635677e-02
5.871564520046762548e-02
-1.821032578406259206e-02
8.315534302493214625e-02
5.920582171374146052e-02
8.548571018495045026e-02
9.878805031636324341e-02
1.776328845486615723e-02
8.829495452695579338e-02
4.775221134932169931e-02
8.079991475399199430e-02
1.917303745668995016e-02
8.717866518256760233e-02
2.692120710438971817e-02
3.092641087284737564e-02
6.456153975554380919e-02
2.842938534712081619e-02
1.647712159007256108e-02
4.673371780754172200e-02
-1.896653589439935630e-02
6.587878385563561423e-02
3.280586297699956966e-03
-1.373741982195480354e-02
-1.383128121018201324e-02
-1.909538468507252992e-02
8.222198832129598567e-02
-7.807120438563752013e-03
6.984986915279618735e-02
9.111094853357082357e-02
8.291115120402114957e-02
5.835689991075578009e-02
-7.392249238286317803e-03
8.979922612985863362e-02
-6.059856318934223399e-03
1.829470382635781447e-02
-1.609055499520475885e-02
1.499629873535541363e-03
-1.167487323647857685e-02
7.545740481033619274e-02
7.523021567773655049e-02
9.022698970709978894e-02
-6.534060494729071467e-05
5.357803886102983915e-02
1.123363120077891866e-02
9.330167976698795773e-02
8.996211016189831211e-02
2.615067743877353898e-02
4.208877701126591264e-02
-1.028123647318607281e-03
-1.973016988154699392e-02
-3.250420372486691190e-03
9.454823498798591019e-02
7.686433185730694173e-02
6.325221666945882171e-02
7.800717960447571542e-02
2.313492000959691333e-02
1.617710831607337488e-02
3.760313727400817208e-02
3.632647150411179304e-02
2.060020496763307132e-02
5.394379105930378893e-02
-8.396252226793530019e-03
-1.060981067114622617e-02
4.894565210022060187e-02
3.003530160095968862e-02
6.851732561446212399e-02
-9.487400286526583709e-03
2.454696439876212846e-02
-1.978384614493653576e-03
1.525153143665454111e-02
8.700794362040019381e-02
9.537066802041244129e-02
4.054750983292083888e-02
9.449382724383834087e-02
6.435712236293722466e-02
9.110249921798117823e-03
2.801067825122977376e-02
4.874203464867214730e-03
3.055289038073562627e-02
1.440490352576861630e-02
9.704086162415369310e-02
8.617971647794250845e-03
6.359370520148185935e-02
6.861096499523752779e-03
1.072488012177395464e-02
3.706820413293107630e-02
2.522281569746644483e-02
1.760605407468373435e-03
7.711160684994292080e-03
1.400750580959033917e-02
-2.423384045732505238e-03
4.012992896969233558e-02
2.743338612358578107e-02
3.208313955664608697e-02
-9.877789327630233374e-03
3.516574906603903150e-02
9.606849451957677477e-02
2.798177444792855975e-02
7.120687222713290021e-02
-1.960955578878399372e-02
5.074385668761258877e-03
3.073215838181270546e-02
8.130988494360344432e-02
8.021739679540010326e-02
-5.490271918009333174e-04
5.205235999731976093e-02
5.711292738745686604e-02
8.076337652778298182e-02
9.044613127835544886e-02
1.927583045971439576e-02
-6.547523145943067932e-03
5.622413020938905881e-02
9.948516959388930408e-03
1.392117778468323144e-02
3.056170964375154800e-02
3.819506074006737140e-02
8.789191170938084885e-02
4.028737514262824282e-02
9.939762482967766377e-02
-6.463679037780103651e-03
1.789191651378752371e-02
5.223928588428489173e-02
9.749085339677322076e-03
3.854997902695057876e-02
1.821636378174113294e-02
5.044878435476295164e-02
2.630047321477900837e-02
-1.886508798895646793e-02
1.175001439546028911e-02
6.332105236857354935e-02
-6.570041872842232941e-03
-5.058864321589053720e-03
6.875379360777163218e-02
3.965131184794762342e-02
-2.595093179307419312e-03
8.158133625462739291e-02
7.531116279802864411e-02
-1.716865467712644366e-03
3.577082079917817681e-02
9.092446649184005025e-02
8.942487292198149362e-02
4.843874983901602649e-02
5.566940025934688507e-02
6.335847682193962438e-02
1.780448970673318906e-02
6.255736186006925770e-02
7.970050430852229639e-02
7.280451324045111861e-02
6.182593570242009284e-02
1.124530590490658427e-03
3.238359159544677845e-02
6.482844869841740409e-02
8.420515488068487653e-02
6.830957990058475482e-02
-2.252388463290157239e-03
3.235674067480813487e-03
-1.545048121174252831e-02
-1.513274686357215029e-02
9.624965783591737933e-02
9.264933514906810441e-02
7.074855583589419183e-02
9.950428573848393854e-02
7.528498236177084968e-02
-1.795172556313195597e-02
4.285927766735793398e-02
5.354222408589399962e-02
7.068125123227587958e-02
2.436211449874916765e-02
2.957385692257790896e-02
8.112840396762885375e-02
2.133784149448553560e-02
9.836822772413592042e-02
-4.600366177312235905e-03
5.137168590846893229e-03
5.613679459733425525e-02
7.993109041430211670e-02
4.125251517328744344e-02
3.255635721918964665e-02
-1.477133388393881211e-02
3.940688247369676656e-02
9.188342155507567277e-02
2.943590907506312554e-03
7.398973837106369300e-02
9.066051957026288743e-02
2.651872951987134866e-02
-9.389489183661940686e-03
-4.216806397812092322e-03
-8.683802603839749917e-03
8.611766648131878588e-02
2.018137136266237586e-03
5.756070889144684899e-02
3.505646007341026160e-02
7.167332149681378273e-02
-1.804675285335845605e-02
8.022605996866079281e-02
1.441647447942951202e-02
8.420688516884075603e-02
2.240051195434284922e-02
-1.333215905763036196e-03
2.027730192365893511e-02
5.466239258138692880e-02
5.643563162216998219e-02
9.718589133961270943e-02
5.242091292498260446e-02
5.478251336575915009e-02
-1.798120309800544173e-02
4.845276149231814156e-02
5.689825494662489880e-02
1.443938743984166453e-02
3.242394124280677248e-02
-1.086624041043079622e-02
8.431182500097499088e-02
6.384425559634368530e-02
-1.194916852371931404e-02
7.033188845885224305e-02
1.176098829545378990e-02
3.340817713230603836e-02
-1.203346325698982644e-03
3.813256788006615799e-03
-1.064022441852400906e-02
2.119612254649903479e-02
3.474194100240389493e-02
5.843379163591255754e-02
9.053572557881249538e-02
5.927320328190853471e-02
3.755449096226996103e-03
8.170667651188745495e-02
9.662478036786369129e-02
4.559667650751500489e-02
-1.850178336915456884e-02
5.378601070538328865e-02
6.344060962516967495e-02
1.051404487561559409e-02
9.462001261856095580e-02
-8.054134670421743414e-03
7.874276262778631685e-04
9.288407975699822239e-02
1.947454727844192060e-02
5.335376365186537961e-02
-1.931134503429484534e-02
3.996592297825952989e-02
1.605300453413608872e-02
3.082738179672845150e-02
1.453630343337522154e-02
2.375389667218423886e-02
1.883508074850879718e-02
8.106569855074689801e-02
2.726329157171149611e-02
5.852622038219397471e-02
1.181078559556042462e-04
1.112583775078346965e-02
8.751334675262387175e-02
1.829462518223351139e-02
4.805791069384104941e-02
-1.753968254415090230e-02
7.354467559590210923e-02
7.790456250694481610e-02
7.704427356070561728e-02
7.673655865018914890e-02
6.748457583594136278e-02
5.425915874769528247e-02
5.203082885490274700e-02
1.324512173184545435e-02
-1.521588840327459981e-02
5.230447162292746477e-02
8.097270782264263944e-02
6.915689409058371762e-02
9.396561109198936501e-02
6.241705767701991037e-02
3.855178520329001490e-02
5.707091337830219602e-02
2.183407353530246800e-02
7.468160106379762020e-02
5.623094410315435110e-02
1.298787472452899924e-02
-7.118581305802833270e-03
-1.676626952198427556e-02
8.790967206124217226e-02
2.748995891113496098e-03
1.366948682759874453e-02
4.790518002137475473e-02
9.893920599391717308e-02
-1.941432981820874482e-03
3.151088467091570089e-02
9.847473833805678312e-02
4.737770230475099598e-02
9.617458026628293577e-02
5.974254411675508636e-02
6.062215602624812516e-02
3.172130454582548775e-02
6.583171038145120557e-02
7.891048805835211566e-02
-8.663127962566824491e-03
2.418529364613029517e-02
6.800639480795164782e-02
3.513504027305493216e-02
5.108350073941728131e-02
5.269244195561711974e-02
3.790573647039930522e-03
8.842520706733673908e-02
1.385827402479589479e-02
2.377664944087892751e-03
7.090792374990755736e-03
5.887763319570792075e-02
8.994576554162005133e-02
3.899616149555708289e-02
7.348900174569152760e-03
6.905935172029781244e-02
-3.772600919537558162e-03
-8.829410616504395487e-03
-5.698105394989990552e-03
-2.772144720346418623e-03
-1.837789616699714995e-03
-1.801955400652140160e-02
2.831428200626364897e-02
6.524995101477995552e-02
4.509402221736029392e-02
3.371469645410272303e-03
2.475711078610057930e-03
-1.432181542498747219e-02
-1.364379126019489921e-02
5.042930680746945948e-04
5.361491474102883514e-02
9.680059846129655809e-02
9.585540415871186826e-02
4.760496526605362266e-02
-9.116184706896096612e-03
-6.370464732544243308e-03
3.065608039624576411e-02
8.247479354830034026e-02
9.060880149297963204e-02
1.753204318368052281e-02
9.386546536566761634e-02
1.253176310649571287e-02
-7.872857360488273379e-03
8.597778856634482464e-03
2.782129155890978103e-02
7.452563166515643878e-02
8.026539105474295166e-03
7.203504070144980953e-02
3.867828402379185071e-02
2.987431669288428959e-03
2.768094312771440454e-02
4.073353858693767177e-03
-1.041851099711270552e-02
3.020639830379275373e-02
-4.051799453003573914e-03
2.434493749602026011e-02
3.058495163529590180e-02
7.405095002835226925e-02
6.379208009540303370e-02
2.293135684355744955e-02
8.086299073406523485e-02
-1.928063129852257765e-02
7.442827676302077311e-02
4.650990912446058279e-02
6.876786218678129781e-02
4.052135951211682796e-02
2.929272776414123050e-02
1.904670138528428633e-02
9.214068933850695642e-02
9.846593027636955930e-02
5.820768452414615268e-02
5.484801090065462292e-02
5.714066350262318739e-02
-1.229473186431546614e-02
4.657762710903715075e-02
8.493674056320327237e-02
5.271827377920650093e-02
2.675753079255076619e-02
2.083938678925538815e-02
3.638839798044544993e-02
4.532963649820996588e-03
2.806303189990659933e-02
7.717478270528430051e-02
9.561900652138340118e-02
6.913940194134632344e-02
4.233440777703306734e-02
1.224470799297184068e-02
1.288318140407437515e-02
6.921915609652862234e-02
9.049754791018167766e-02
1.588684943072143571e-02
-1.899536135293013531e-02
2.128383592324985599e-02
6.131797265241337169e-02
-1.975978990499334051e-02
2.346521603676110165e-02
6.881589651713024280e-02
9.142577086399655828e-02
8.887148112876691597e-02
8.520163583077869363e-02
1.527696902656728792e-02
7.199762102007331577e-02
-4.399292575041145736e-03
8.355930069256220505e-02
2.576335885708846626e-02
3.132079615849345244e-02
7.867332233350948778e-02
2.840378063430724562e-02
5.861448830142777788e-02
5.079878754545773256e-02
8.738696978484639111e-02
6.607408400893197142e-02
6.570122372716148684e-02
-1.751747246870233657e-02
1.461999245297163075e-03
-2.076827306117585981e-03
-6.082821243571973763e-03
7.477184797931111376e-03
7.695824653760393458e-03
2.237907470530991691e-02
8.301787864803281125e-02
9.908890518883305132e-02
2.206787611482720346e-03
2.969265831147752457e-02
7.150432347722143755e-02
1.450687120381264836e-02
7.329990662183480388e-02
2.608849967553151725e-02
9.248378665184452119e-02
9.253767924262763095e-03
6.955965155323373672e-02
5.272960631043301094e-03
1.553341617994983756e-02
-1.260354481859175639e-02
7.843683452116802235e-02
-1.712526910450746717e-02
4.581395035859051057e-02
6.139160867400829391e-02
6.991340072574650510e-02
-3.141862539156575762e-03
4.597239328281096937e-02
2.184501714772761963e-02
5.745972596179436953e-02
9.664362662161884998e-02
6.103792361171234138e-02
7.507065420075960394e-03
9.951991185808643781e-02
5.389665127069778738e-02
9.447513432289807167e-02
2.776728220619522139e-02
4.993235827176611963e-02
5.960180444093420710e-03
5.655243509239832322e-02
-4.959625243058124466e-03
4.355547615272974127e-02
8.687256160133299820e-02
2.195532778673633598e-02
4.726137086972317936e-02
6.502165927139495760e-02
5.294920681478733349e-02
-1.284276669597173709e-03
1.791511059865571673e-02
9.146787003215117728e-02
2.949164559377196945e-02
9.395526285210460682e-02
2.932203550933531674e-02
7.991780994905987867e-02
9.711245358235122416e-02
2.595025757153878246e-02
7.113192032711965901e-03
8.267703552410979317e-02
3.884422380744961822e-03
1.321707360755286845e-02
1.531784058614374042e-02
-8.373374212488923427e-03
9.084855994871503249e-02
9.587333396364354499e-02
5.137839304788817396e-02
2.318683919197210216e-02
3.204124607583376527e-02
6.113230600291469363e-02
3.680035093002756441e-02
1.055272778412461379e-02
6.464055467615506534e-02
6.699705632937827393e-03
2.421757810080277240e-03
1.468984393169090255e-02
7.441829547794827360e-03
9.005210805720093026e-02
7.762871552526438845e-03
8.210228102098086900e-02
1.187521446333724903e-02
8.277657980203381727e-02
3.686261534700463471e-02
2.201106315678015915e-02
2.265251064575779169e-02
1.760548475772461333e-02
3.284378023923260892e-02
1.713984722660947743e-02
-9.486730052034130986e-03
4.470257270795065241e-03
5.954693750578086281e-03
3.839081593479187759e-02
8.855349620766543584e-02
6.689737849690347016e-03
7.158264835938493720e-02
8.412744884673478696e-02
4.713838009556491071e-02
5.223928124017765406e-02
-7.345258629798404743e-03
-1.777913950385467262e-03
4.043117973705326329e-02
9.115831879633912171e-02
6.209947679179350644e-02
8.548445613888084466e-03
6.167095298178520979e-02
7.995401137181859519e-02
4.337800853699269599e-02
5.467382555487962370e-02
7.034770335190480839e-02
5.287188606729502360e-02
6.257189200033258514e-02
4.749310971246797908e-02
4.988178822712489857e-02
2.429323521378720305e-02
5.592146821079674313e-02
7.092379271036994282e-02
6.337917772984792697e-02
7.647546312467699836e-02
2.773398395196650587e-02
7.892020230964094663e-02
-9.748666914907068090e-03
4.890989338691863197e-02
5.776345632432899890e-03
5.526412348727163804e-02
7.091617542912297123e-02
-8.706471939722945641e-03
4.840218223491142557e-03
8.434799060173325813e-02
3.825895630717281171e-02
-1.608799162127538471e-02
9.594690091784476016e-02
3.336262985689583682e-02
6.904069766713392953e-02
2.980162230265788817e-02
1.334839047075542587e-02
1.319615459855027692e-02
7.153312711795992151e-04
9.189085096234148042e-02
4.762242905506344770e-02
7.100751015046025127e-02
-1.914443474397779094e-02
6.829004550853141897e-02
2.618924968227239261e-02
6.094964222471307980e-02
-4.905625864980457315e-03
7.188654127832580509e-04
9.942976020649896274e-02
7.102792106899537272e-02
8.477067025731717387e-02
6.869277063633695557e-03
2.004798336946086654e-02
9.448062139892439426e-02
8.143449811443564945e-02
3.341787256734712885e-02
3.294163901156374474e-03
6.067351935873709079e-02
-1.754874789706564048e-03
8.890903367918120970e-02
-9.936292408580004246e-03
4.810851355421758013e-02
2.330729646924619217e-02
1.185416899392735882e-02
7.844587645761544326e-02
2.810279691377745928e-02
8.199459618307640418e-02
5.088542039043497667e-02
7.112734060845792017e-02
-3.551960832372910021e-03
1.920837332358916669e-02
1.836412466471907048e-02
-1.835985159679408285e-02
1.754116528614932044e-02
2.590477049349748304e-02
3.482539768820913650e-02
-3.776589231401020208e-03
9.030073761783433128e-02
1.835654525675409557e-02
9.650401884812387365e-02
9.178526542162755708e-02
9.331052665585046202e-02
-1.331834615797355612e-02
8.716384619813585810e-02
-6.882598564605739086e-03
-3.502754500879938504e-03
1.965825698272410590e-02
8.822485987092874848e-02
7.323245392216559679e-02
8.643956367427635401e-02
1.689231493094407385e-02
8.287056997212227660e-02
4.961581141558044084e-02
3.996665963729838233e-02
8.311045848137660341e-02
3.590175981435103636e-02
-6.199753585098347064e-04
8.211282440509259928e-02
3.100794444875556652e-02
8.726657997605757888e-02
6.645340698245304212e-02
5.561156738980554959e-02
-2.512088577358708580e-03
-6.496999764574974343e-03
9.803531769133951024e-02
3.371823723779988902e-02
9.184785891283009374e-02
1.035649166295928014e-03
5.757932675636182052e-02
8.459881215917262887e-02
8.852224826502757410e-03
5.164958735674307633e-02
3.890078508395979767e-03
8.026031823650310593e-02
5.376252372557982495e-02
5.995761769981224065e-02
6.968419753441111586e-02
8.348162354341387426e-02
6.587839317628481350e-02
-1.499674235472488355e-02
3.264218646606395491e-02
9.087634734240376821e-02
5.521062938614630655e-02
2.036263757886184675e-02
5.056489683611813113e-02
-9.388814873296355903e-03
3.875427774744537313e-02
-1.801715128557872941e-02
4.595599726769514226e-02
5.379308280103296813e-02
6.074463916934287611e-03
1.141529773776342807e-02
2.615175843478429948e-02
1.021075475561077431e-02
4.010573822107640907e-02
9.040640052973128449e-02
-1.258806735528872345e-02
-2.862226037911343168e-03
1.019861174572651852e-03
3.601427408616904302e-02
-1.356398801427324483e-02
6.151924962097221616e-02
7.810158406534141451e-02
-1.117836079294414614e-02
4.070337313907303189e-02
4.776954044793410570e-02
2.891857930505002325e-02
7.528708191514972559e-02
-4.547705322121443211e-03
4.571076446726832221e-02
6.094826947981209220e-02
-1.511512948882787893e-03
3.580753306820003146e-02
-1.223890084633634176e-02
3.880312008187093709e-02
4.169719517084610749e-02
-7.486403586783917444e-03
2.028892403434171335e-02
-6.861793927318874178e-03
8.508956087991163819e-02
4.780455214606384173e-04
4.597545705561505158e-02
4.554895228095921789e-02
3.642437198645535890e-03
8.386400609251365434e-02
9.914404373378632451e-02
4.312613811526155860e-02
9.608425437844184819e-03
9.338889208542533460e-02
4.283579048674844569e-02
-1.046113617264365914e-02
2.437077941897876701e-02
1.863224501871720354e-02
1.553939259030849909e-02
8.336606406810394276e-02
1.175497680606704329e-02
9.804546896537974510e-02
6.281484286362161440e-02
5.140638683784171103e-03
1.789386134025937672e-02
2.110272876298982872e-02
4.613576700824058296e-02
6.814835217881531904e-02
8.997181606001977694e-02
7.094054506541211391e-02
-1.463392655258749162e-02
5.877822636174173665e-02
9.424514709192907680e-02
3.407100481363975475e-02
5.390020850618393311e-02
2.170176057972291253e-02
9.880842794503022497e-02
5.224373931542031224e-02
4.069562565479531435e-02
-8.451207877033998020e-03
7.288837911503674716e-02
6.320435987749410678e-02
7.118272592702742929e-03
6.169676585689699844e-02
9.056049749860316245e-02
-6.458081071399312742e-03
5.412225647073634627e-02
5.862281065100446997e-02
6.464267328592412931e-02
6.235518668310155443e-02
-7.820552864293114220e-03
4.145456592699976739e-02
3.070745858735858883e-02
8.423795504307263898e-03
6.006225693896975748e-02
2.530792439073653241e-02
4.906697883791660830e-02
8.779845362699911782e-02
8.914270809523408556e-02
1.980929630710448822e-02
7.359033940488916847e-02
1.985805437903179552e-02
4.894828659493877243e-02
2.985671495015960672e-02
5.170553293070473400e-02
6.934277581405029478e-02
5.138044233392879967e-02
4.739508675542017380e-02
-8.220244887956997676e-03
6.272661830852217790e-02
9.293828178356865199e-02
-4.826830838269815377e-03
9.327428787605718252e-02
9.539158604935341068e-02
2.829178368977241717e-02
-5.108778757822035610e-04
3.016450557913559136e-02
5.592709527859017482e-02
1.729244265752831120e-02
3.044899942043605492e-02
8.546436706335690248e-02
-1.856445917660631134e-02
9.939162342036823861e-02
3.406186821616413729e-02
9.054806191024802886e-02
-1.797481647072437377e-03
7.298504512990312831e-02
8.914769103823587393e-02
6.564660807244614149e-02
6.333034982805164914e-02
2.214452968040056188e-02
3.804080832995399009e-02
6.123013920894035400e-02
4.983053360657836717e-02
6.724713564061624016e-02
3.015303244782212636e-02
6.346217211936079627e-02
8.071305958187389995e-02
1.964102909254753296e-02
4.755022822072489663e-02
5.930958269884428757e-02
5.330707326412431613e-02
-5.398419042168776938e-04
9.345532217254413909e-02
1.240320564222213706e-03
8.050912143958903477e-02
8.122845129673941789e-02
4.680208643171551719e-02
2.879815820488809339e-02
3.992215385278877204e-02
7.860101931280652487e-02
9.652755261768787565e-02
5.167673304559626535e-02
4.468711586216211895e-02
8.520931895229048869e-02
7.372620152461609178e-02
7.238850078026326518e-02
-1.732632662248786981e-02
-4.388913198595262993e-03
-1.346421725573368477e-02
8.182565328838793672e-02
6.614340061350622302e-02
9.888531184855869904e-02
3.177008971079557653e-02
5.328457848082550352e-02
1.070619060916184334e-02
6.101528973162743952e-02
-1.767053355867567038e-02
8.897025454250752363e-02
5.433518988950167272e-02
2.632653091685040192e-03
2.299886360759038559e-02
8.013392864128839055e-02
1.649864694425049946e-02
5.839131862283655772e-02
6.545492728006420402e-02
-1.776327964806795681e-02
1.711814977265311080e-02
1.516657009729191138e-02
6.404480485850054527e-02
5.616314453245033200e-02
4.811487200856556790e-02
4.420619823428345585e-02
-8.895317954811523056e-03
-1.682428161546381876e-02
9.713420459211349889e-02
8.969125880273265405e-02
-6.416883277922074205e-03
5.165925433367467290e-02
6.725253790589268144e-02
2.565472471021298592e-02
3.132685094506593160e-02
4.252335148033539736e-02
5.211889656969882767e-02
9.867228778391308464e-02
1.391543912876491360e-02
6.266165938579081052e-02
-5.589620741424189410e-03
3.881800766225519672e-02
9.375524077661684386e-02
5.497506020304701591e-02
2.453759450041717929e-02
4.342151046941244985e-02
1.265465192368645311e-02
7.713392952913521172e-02
8.684342894949925729e-02
5.247534461061606481e-02
3.786666530524944452e-02
2.953116967137734902e-02
1.447923288884400347e-02
6.659213195884979009e-02
-4.771777291275468638e-03
1.723590160630807458e-02
4.938315818320337947e-02
6.654916457463488921e-02
-1.193892862163965958e-02
3.712599532863650187e-02
7.952223848702631714e-02
6.231891508722031681e-02
1.224082205216400418e-02
4.612361357209893153e-02
7.918170855400702424e-02
1.871455364615268527e-02
8.887977117949864836e-02
-1.367743696590187352e-02
3.748906897868620192e-02
-1.269732564489768623e-02
2.234453785810156315e-02
-1.254452009217047262e-02
9.201851956192659554e-02
6.173373493591864658e-02
8.704166787919392217e-03
6.897458268718890950e-02
-7.387441594257982899e-03
8.936689530804391157e-02
8.113081919844188084e-02
8.246906943994630756e-02
8.101125999683465168e-03
-4.500100380835604305e-03
7.782396105951354393e-02
6.210476314438954926e-02
9.912481405672278478e-02
6.848230273100516796e-02
6.035715812721383078e-02
9.825899536490745323e-02
8.397154833807170260e-02
-3.910922153235969756e-03
4.892967447973396722e-02
7.494505847296684120e-02
5.790152872109484428e-02
1.188996905991368883e-02
5.219523803446246557e-02
8.885265444948592384e-02
5.260669181288141205e-02
1.883430974089378776e-02
7.892549752815659903e-02
1.493517023995702062e-02
-9.044049842661671529e-03
6.500004539034559548e-02
1.783957947949481662e-02
2.787573010653160432e-04
9.742761233277272281e-02
2.666952278891953840e-02
8.579819682092074129e-02
9.491272218944958594e-02
2.725414649215327986e-02
-1.246143307869811492e-02
8.150613788569602280e-02
1.735951633610315417e-02
1.901266096425193938e-02
3.024377260548425164e-02
9.983756457634833381e-02
4.362406326604831297e-02
2.643899672560746580e-02
6.004581862648439294e-02
4.925595264472180934e-02
9.850379663402092367e-02
7.863558007880443179e-02
9.120068632588294866e-02
5.065480624159778011e-02
4.198240292012793418e-02
8.421371304564162497e-02
3.618463245668408768e-02
9.424340832614650637e-03
5.112261007225338272e-02
1.362292738729448463e-02
-5.468209055598633253e-03
-6.806818961455291320e-03
3.068746291092272135e-02
8.604583359918825669e-02
7.658761329448680877e-02
7.980980782747948421e-03
9.674976615361202681e-02
8.768754985229532117e-02
5.752374314943074773e-02
3.068569463157092350e-02
7.244827242352001873e-02
7.906160547597969324e-03
2.644669681428020100e-02
6.111028402143003913e-02
2.899607159784560115e-02
9.173245513864466960e-02
-1.074464609307284983e-02
8.936876040133662213e-02
