1.051477932426079898e+00
1.047393742555144058e+00
1.071453301752885112e+00
1.019058688230258802e+00
1.093609062399258036e+00
1.035911379267352217e+00
1.065141263886717260e+00
1.030239439326149142e+00
1.053351933529865558e+00
1.027890425051939616e+00
1.035690209438577147e+00
1.006084143151853461e+00
1.097973636157799637e+00
1.051581619228318498e+00
1.037711536746798391e+00
1.041881064007014190e+00
1.049578630855264816e+00
1.092855446272185560e+00
1.076553706136011757e+00
1.074515572890471837e+00
1.065354748644934846e+00
1.082852698888803200e+00
1.001488761275424855e+00
1.050295694355233955e+00
1.061589255434997936e+00
1.035423232594729459e+00
1.079062597647771682e+00
1.048299342935855361e+00
1.028755494853023755e+00
1.077075950390755654e+00
1.072902836878331545e+00
1.070320672684009544e+00
1.098020033027788500e+00
1.057367459751080263e+00
1.043705374162569699e+00
1.058201978934129039e+00
1.054333124299433377e+00
1.041531157082248082e+00
1.034587001108894899e+00
1.054034891255851036e+00
1.049182517390027769e+00
1.032923444665391877e+00
1.070557422627768984e+00
1.047503879381687542e+00
1.066116856652440603e+00
1.070634280999814836e+00
1.094056830980258521e+00
1.057880093497145291e+00
1.048708372570836600e+00
1.094777695816404606e+00
1.067509751709965204e+00
1.041490194806987013e+00
1.092119548765121628e+00
1.090897158417788004e+00
1.010530973974253177e+00
1.033489066111135113e+00
1.014354824239371178e+00
1.075466675771152403e+00
1.068153390060423202e+00
1.031279527818812047e+00
1.057957725904050239e+00
1.026528982729903117e+00
1.022041634093211027e+00
1.020839843110344924e+00
1.013825692600393902e+00
1.077310978469911751e+00
1.057725917941530369e+00
1.088511137748195301e+00
1.016882414514080013e+00
1.027042558151074259e+00
1.048585859144218313e+00
1.004325727838407456e+00
1.022872223307092598e+00
1.080340807335126829e+00
1.031423287167877234e+00
1.040103123263482754e+00
1.062129131441027496e+00
1.090844020191051200e+00
1.002065945861677632e+00
1.025408429002803157e+00
1.088501586293690870e+00
1.051728696751900394e+00
1.080166582557006594e+00
1.093669560119184148e+00
1.061784121707960660e+00
1.063102332479931356e+00
1.098181593544419909e+00
1.014366642750822889e+00
1.059976330705074243e+00
1.076683327088792552e+00
1.060115259718226621e+00
1.085016035609447371e+00
1.026704925400695689e+00
1.038852152421232855e+00
1.051455900012070011e+00
1.043614103794409997e+00
1.066193312093689949e+00
1.066682212441060429e+00
1.008465951160353979e+00
1.090742930734149185e+00
1.058164919613780341e+00
1.008878756173378743e+00
1.001978189697625643e+00
1.045375644643774526e+00
1.050265340321557161e+00
1.026741656773653366e+00
1.057829536167875784e+00
1.066456945529110856e+00
1.013419988739078237e+00
1.089327673960583942e+00
1.000781234704330780e+00
1.063137812486084410e+00
1.023563757809195174e+00
1.053074028137557017e+00
1.078999011079996739e+00
1.009102832154603169e+00
1.065174599498029284e+00
1.008800884412085486e+00
1.074568684966693777e+00
1.013667077287189189e+00
1.086952250923810981e+00
1.056842041553180067e+00
1.071875847101696921e+00
1.092879419001175023e+00
1.091938899805894980e+00
1.003863589482709706e+00
1.077928921684483621e+00
1.049654106183880220e+00
1.018096356806023506e+00
1.096111060801494341e+00
1.074655523976451477e+00
1.061331472566559020e+00
1.071055289992174808e+00
1.057322136072401442e+00
1.069398835547255233e+00
1.030762829490044830e+00
1.045526843495941716e+00
1.094066812381622400e+00
1.017801409559380810e+00
1.000967577917264206e+00
1.007055104071022056e+00
1.066576620753731275e+00
1.044338009140081791e+00
1.030915837954970771e+00
1.051382004038582840e+00
1.099572205405432879e+00
1.027101145482631539e+00
1.018333140077019028e+00
1.040339246731927680e+00
1.008838329513623400e+00
1.055531871467943361e+00
1.016705285919164536e+00
1.010785030689679731e+00
1.086181727930519036e+00
1.070757438853984667e+00
1.058656934674106820e+00
1.094185489399692957e+00
1.084919219705516635e+00
1.086112034000758619e+00
1.051446346632608719e+00
1.010120716233899207e+00
1.038063435714122740e+00
1.016244685933694436e+00
1.067913883437501710e+00
1.060092964479182998e+00
1.078112628556929131e+00
1.056314343132388478e+00
1.042105349653838386e+00
1.079755205630054338e+00
1.030248485400729219e+00
1.018371087048231649e+00
1.046349410881887598e+00
1.074479690103198548e+00
1.006611789374343813e+00
1.097974716391107108e+00
1.098939549356072076e+00
1.052354474756312719e+00
1.099579132503595291e+00
1.029844989500814600e+00
1.050018078279089551e+00
1.092703312709677022e+00
1.096319366153141406e+00
1.054244804925032808e+00
1.048517182064623521e+00
1.028498549492240732e+00
1.004762008661503003e+00
1.002760839506155133e+00
1.086553268271342132e+00
1.025274551093749098e+00
1.037260251177757553e+00
1.084818793122668268e+00
1.005562795312871627e+00
1.070715785261236785e+00
1.095736234838340151e+00
1.061429113968926474e+00
1.010393620358873035e+00
1.002491918991784470e+00
1.042076611827968957e+00
1.084422427432037983e+00
1.006564228754720958e+00
1.065537944683944138e+00
1.095459212054130216e+00
1.071985419196246347e+00
1.031674993782239813e+00
1.064070974576294404e+00
1.005446620058881191e+00
1.069803099654968115e+00
1.021151872406132810e+00
1.002890050216553641e+00
1.000412164231785361e+00
1.077260730288368329e+00
1.092835100040835616e+00
1.020972646816893370e+00
1.068221330098912958e+00
1.057233478886388189e+00
1.007235321716683618e+00
1.065151631864810877e+00
1.015807970089043444e+00
1.055469751134027190e+00
1.079166458915988391e+00
1.036890687438737579e+00
1.072767032436971579e+00
1.098086571814034462e+00
1.049863266858522826e+00
1.032007208266716658e+00
1.053419801467593508e+00
1.067382570700093458e+00
1.070363473631700701e+00
1.003244695285786747e+00
1.077815128723447424e+00
1.042962782091634955e+00
1.076441724849286130e+00
1.096965119643500408e+00
1.070567120560858454e+00
1.054615584563503239e+00
1.089605942867095889e+00
1.080812647893680589e+00
1.010012292040430859e+00
1.020144409506372751e+00
1.010218303270776552e+00
1.070578238246845615e+00
1.006090969288503167e+00
1.026067218822835025e+00
1.099108408891483979e+00
1.098464384436097729e+00
1.087129029409638958e+00
1.082299805653173852e+00
1.022171514739975917e+00
1.050118331939235095e+00
1.068116182425106420e+00
1.035374489646387897e+00
1.033158277058179308e+00
1.085004683734890563e+00
1.059127397955036187e+00
1.002089435998016365e+00
1.073982248396592842e+00
1.099574673563443294e+00
1.090902186313781108e+00
1.046647340332844678e+00
1.035670860476684663e+00
1.009597928527396826e+00
1.049157899813710548e+00
1.015715934672426046e+00
1.063661438557663041e+00
1.079129721007312526e+00
1.083092171081368793e+00
1.059654177902138228e+00
1.090929086349907706e+00
1.055363707799094719e+00
1.030000063256053311e+00
1.078356885768922302e+00
1.047286779293827852e+00
1.003565133232714679e+00
1.068416495377151776e+00
1.081810217577420241e+00
1.078549960621954629e+00
1.080844829574816313e+00
1.017037303535340165e+00
1.093674372988430177e+00
1.092774701531552983e+00
1.083295529288604175e+00
1.035063427532118441e+00
1.016069031351304330e+00
1.025489788726303253e+00
1.078934464286624539e+00
1.096764986094997729e+00
1.006442660666792888e+00
1.065541080490099102e+00
1.060788395914124882e+00
1.043484192797498933e+00
1.065888758463747088e+00
1.027336282737691286e+00
1.028254160171290454e+00
1.026509827746726833e+00
1.055476254296286331e+00
1.089214688160921707e+00
1.032369593242089101e+00
1.024448188040671504e+00
1.010133685690240091e+00
1.076519200270478427e+00
1.096059365730784441e+00
1.010162868672736192e+00
1.020799947750670622e+00
1.006710695804103883e+00
1.031514722908610793e+00
1.050512914928145358e+00
1.056766806314886065e+00
1.019920350505782336e+00
1.084363048340733826e+00
1.067592469174673431e+00
1.081544041038664972e+00
1.094407074065408603e+00
1.048937481467746791e+00
1.000985459970599623e+00
1.062353779171946844e+00
1.087533695695004576e+00
1.068559120484925185e+00
1.006345303109429823e+00
1.023350095675871430e+00
1.031561851756296555e+00
1.005161443694126744e+00
1.070495292023403433e+00
1.085831999284806892e+00
1.016107192165194739e+00
1.060164838695003109e+00
1.039917595269510331e+00
1.046015791495291003e+00
1.035143023260338913e+00
1.005324024579965725e+00
1.073975558859684432e+00
1.031715180008143218e+00
1.027884604757846043e+00
1.084933799753717842e+00
1.040756061634553031e+00
1.045434258615850487e+00
1.034636350585103504e+00
1.047218301068572721e+00
1.097138733961208867e+00
1.077549140403309735e+00
1.033836066622460859e+00
1.098150110498657295e+00
1.057363113223512618e+00
1.062623905014794756e+00
1.039896218058276034e+00
1.012335770562972970e+00
1.078344871789369774e+00
1.032369094147706390e+00
1.069454847088894045e+00
1.094738911108680046e+00
1.058488559334781476e+00
1.028168521867264040e+00
1.085428621073412536e+00
1.066788071869017474e+00
1.078474962598599429e+00
1.076053326003647781e+00
1.003531985977802909e+00
1.051944753174828051e+00
1.000592008295831503e+00
1.063970383342886850e+00
1.041839339332322423e+00
1.059009912194304626e+00
1.059283687567286414e+00
1.072237874930218382e+00
1.001210091805003533e+00
1.082165944080194731e+00
1.039999932131313809e+00
1.081575303944387834e+00
1.006540386518820052e+00
1.088861507671398110e+00
1.018611352382834845e+00
1.062869581517116746e+00
1.092894982672862669e+00
1.037551898395503658e+00
1.017270882456142500e+00
1.092451833772226211e+00
1.058162768247111085e+00
1.044889615435644625e+00
1.001997571019291655e+00
1.001452030118149539e+00
1.021848372708377584e+00
1.020220241746388590e+00
1.061090324535995055e+00
1.039353997353935632e+00
1.013501045629888964e+00
1.055194128623982319e+00
1.065345949986040042e+00
1.087604157254925319e+00
1.072343835155664893e+00
1.054320244199926648e+00
1.082280462728510084e+00
1.048883411911458063e+00
1.079657134723489342e+00
1.045216211803989825e+00
1.046843467372332359e+00
1.064390174794394239e+00
1.003600968234351409e+00
1.088995978750636029e+00
1.096175604025763750e+00
1.024543532120660627e+00
1.025085042444223493e+00
1.056821445085013522e+00
1.085209530352075014e+00
1.060440839066650653e+00
1.013603697111927326e+00
1.008282044359821716e+00
1.069029854032633731e+00
1.008346705619802108e+00
1.071822022873061275e+00
1.060523537440237307e+00
1.076038436865055736e+00
1.036074769363759973e+00
1.008150216235365049e+00
1.054394900551978376e+00
1.012621946179971921e+00
1.090615621662345935e+00
1.058383881068467813e+00
1.071310886502402582e+00
1.017136963810373995e+00
1.028086089090879174e+00
1.060494931292394138e+00
1.011249774599064288e+00
1.008932318150490781e+00
1.075291723020586288e+00
1.056898560267182985e+00
1.073145987549055214e+00
1.099057853039264954e+00
1.011079206199270608e+00
1.005608907052684353e+00
1.073339967594970634e+00
1.084792513507390810e+00
1.093497175308009606e+00
1.021855735624611849e+00
1.002774673404364325e+00
1.055512680409039339e+00
1.008834738671803066e+00
1.048098621386668983e+00
1.096975207279015763e+00
1.062650628351287319e+00
1.059143856463887534e+00
1.019747218061202387e+00
1.026004575550238052e+00
1.050580933889166291e+00
1.016320526359112852e+00
1.044426470802639617e+00
1.091612778076117118e+00
1.054064816158886364e+00
1.087234899278669564e+00
1.085846410752745905e+00
1.012670499451389983e+00
1.010335621764539171e+00
1.000987056951589294e+00
1.058066697918714549e+00
1.078378818431209085e+00
1.039921681710250123e+00
1.098691399084813725e+00
1.013881256640758455e+00
1.052319356064829625e+00
1.072154813850229260e+00
1.049679805888559248e+00
1.093326873470512606e+00
1.041190670927243600e+00
1.054122007713885312e+00
1.002911248878050499e+00
1.074739056364646617e+00
1.000133446188182784e+00
1.070452765654165583e+00
1.071715085737282136e+00
1.076062981055531997e+00
1.078668547155971602e+00
1.090643720294332653e+00
1.083682398945293057e+00
1.049901910710573372e+00
1.029743482147281064e+00
1.059140563167835003e+00
1.025857938330109631e+00
1.070821931154065432e+00
1.037370668786555150e+00
1.054029889974384515e+00
1.056148113889423534e+00
1.065768248537781071e+00
1.082967803955599662e+00
1.003168245875988518e+00
1.074544549197348431e+00
1.043559264733893155e+00
1.080856483270245194e+00
1.092482745169808034e+00
1.062845147123106182e+00
1.005719876472796148e+00
1.021801234176896500e+00
1.017530869766822166e+00
1.050923123042553975e+00
1.049555239151973796e+00
1.087353579039265661e+00
1.001197993297459288e+00
1.065856762231104593e+00
1.045869347358415968e+00
1.003685830814218249e+00
1.056406173555719530e+00
1.070964181755955646e+00
1.091388097494776721e+00
1.011634763164030337e+00
1.013344325452511852e+00
1.059992519902083874e+00
1.042958861156497052e+00
1.029593194291925418e+00
1.077157499750852843e+00
1.080719025111924747e+00
1.060616261932971760e+00
1.038984812013385550e+00
1.002363813590121833e+00
1.038747355958226981e+00
1.067218247048074220e+00
1.055335415570934909e+00
1.079535305623265717e+00
1.087157521022227513e+00
1.002320424175437319e+00
1.099205550272720933e+00
1.010139361941780223e+00
1.048272985804541202e+00
1.086228298972685247e+00
1.015086310012432547e+00
1.046627773898323177e+00
1.095971007369834105e+00
1.065412999364901303e+00
1.098796880613274185e+00
1.063530083690042316e+00
1.067971241474860333e+00
1.038210288105750445e+00
1.014051600099376227e+00
1.048270933684070094e+00
1.073355737817880406e+00
1.022305865167022043e+00
1.084738397263316889e+00
1.031946229890248645e+00
1.000475012841364864e+00
1.040250038214569628e+00
1.032215640078684826e+00
1.095397880918640876e+00
1.050167022709909803e+00
1.051171509283751027e+00
1.043401809963020233e+00
1.011687630466877819e+00
1.071439700702618403e+00
1.050971702791636098e+00
1.011455214343272013e+00
1.080572685229039598e+00
1.076729449882403156e+00
1.059547814944518551e+00
1.096206672819829642e+00
1.096140495455721009e+00
1.026644192391641397e+00
1.007090570427461751e+00
1.075757644502612687e+00
1.029605912115365784e+00
1.036161755275335494e+00
1.068893335242702358e+00
1.030846513344019666e+00
1.058106048859046577e+00
1.027013413562124500e+00
1.080203623776328392e+00
1.008341184055266959e+00
1.026606055755577174e+00
1.041577473468428883e+00
1.077843988462610536e+00
1.084676029050063217e+00
1.088846850773641517e+00
1.063456456180225551e+00
1.008344962811426049e+00
1.060191372156816803e+00
1.032547842796458726e+00
1.019050508290076928e+00
1.009972773254259160e+00
1.010768305351285923e+00
1.076832419116551254e+00
1.032821626975957585e+00
1.070901590667349801e+00
1.054496061274407204e+00
1.000822550872374261e+00
1.093551268561669731e+00
1.082463886612060389e+00
1.083568660979519871e+00
1.055054832230206019e+00
1.082283221682733831e+00
1.071641388702778253e+00
1.010012798103251619e+00
1.085474334201377511e+00
1.056184084619996577e+00
1.073780009611158714e+00
1.063535595796835098e+00
1.046506620248781383e+00
1.028542373369318419e+00
1.016907032136700639e+00
1.025473348276355612e+00
1.030299988060635163e+00
1.013906760179554389e+00
1.073567443590128123e+00
1.072319869579049900e+00
1.074405164382965294e+00
1.030928374857143393e+00
1.051527031046988192e+00
1.030204852963367834e+00
1.060633768579698932e+00
1.024437103735788890e+00
1.062520975737425433e+00
1.069580030375212765e+00
1.039529911503274118e+00
1.099312814811804762e+00
1.066894726544240779e+00
1.008506149699997190e+00
1.057989666507706650e+00
1.072733508960607596e+00
1.074803474578363671e+00
1.085466302236601344e+00
1.053105303231452350e+00
1.057029786166695295e+00
1.065032617704202211e+00
1.049611206848721556e+00
1.098817146431211311e+00
1.028251190934877046e+00
1.007155542203162613e+00
1.097964982577926962e+00
1.018372611614097423e+00
1.012166712372326804e+00
1.002293632895542741e+00
1.061792165411042932e+00
1.004221995927221389e+00
1.050605017567582289e+00
1.014812876899598759e+00
1.069226162175439088e+00
1.092106929143308758e+00
1.086108196163970252e+00
1.089438068671959581e+00
1.000904513700330511e+00
1.079993551825273013e+00
1.002968187706792857e+00
1.038178320748616823e+00
1.074553498707407018e+00
1.038412858772191250e+00
1.007099599313999727e+00
1.086228563879148012e+00
1.099274323228291106e+00
1.021668816659081269e+00
1.072148136529036844e+00
1.033285585723616062e+00
1.003899673150640659e+00
1.004032685632525235e+00
1.023761243006600985e+00
1.012073357050903955e+00
1.092386625253838561e+00
1.077330638143903618e+00
1.022184644281136201e+00
1.005665276919507578e+00
1.077260397350348065e+00
1.001704979551416574e+00
1.088601148182178902e+00
1.002449998848623069e+00
1.051277624184556503e+00
1.091510321239560710e+00
1.037469227559296492e+00
1.065460157843950650e+00
1.024866947753966473e+00
1.009722966190870208e+00
1.000667145146324710e+00
1.088256736699841465e+00
1.021146659720864047e+00
1.099863337564243704e+00
1.039248699933033926e+00
1.088487822331323684e+00
1.066681443114376293e+00
1.043760818444876337e+00
1.013065721945935804e+00
1.016435371327651715e+00
1.092714417629992107e+00
1.042305975996335565e+00
1.091138573112441890e+00
1.057988140073935046e+00
1.027225955849587757e+00
1.076180973269490915e+00
1.031952560045505507e+00
1.029529238230255883e+00
1.095788274844574417e+00
1.031706411228955789e+00
1.084277357266448361e+00
1.083739167734194764e+00
1.083350219052030106e+00
1.033409389439925885e+00
1.097553313076604864e+00
1.081878194359377154e+00
1.049619571261872331e+00
1.004411613628365618e+00
1.060551246550497151e+00
1.018355430071491208e+00
1.010959114585713081e+00
1.013588397133401653e+00
1.017584111743033315e+00
1.056348811365360296e+00
1.016029965395700341e+00
1.043263641717896650e+00
1.063463549144232356e+00
1.055588858860717627e+00
1.000921272300556497e+00
1.033003125111636944e+00
1.085728291523216926e+00
1.089027464261101974e+00
1.071493116092228304e+00
1.082197754616210483e+00
1.059022396163144197e+00
1.077458035779026435e+00
1.034326050193255853e+00
1.026457194631156700e+00
1.065142838219523602e+00
1.095726556693269238e+00
1.041661153330183831e+00
1.092703526172526862e+00
1.031423245435198366e+00
1.044645908195178885e+00
1.031749353293611726e+00
1.057469424696678262e+00
1.034821982831771958e+00
1.040912099089453591e+00
1.093308266208403268e+00
1.023223911544917764e+00
1.033626368691587416e+00
1.091894580011593785e+00
1.070469598296605263e+00
1.003308052355900371e+00
1.052724957385088977e+00
1.031588107686592259e+00
1.066533256298226595e+00
1.084095702940659711e+00
1.024469518242591803e+00
1.005896463344476466e+00
1.049531456509978034e+00
1.005784405392507574e+00
1.063968299832165787e+00
1.021038630348961584e+00
1.029327859261998324e+00
1.036193180293547345e+00
1.004567640991358646e+00
1.026477146909550164e+00
1.065043967523769286e+00
1.036731565052345871e+00
1.099505994499412109e+00
1.030257241719364947e+00
1.034187510223238959e+00
1.024863597952492489e+00
1.046941993030943374e+00
1.047297270094357025e+00
1.088278370518462657e+00
1.069052270987179920e+00
1.054182486043499622e+00
1.009412087350649800e+00
1.001004748723066440e+00
1.082236306293159478e+00
1.056163802775818450e+00
1.001427752685206451e+00
1.049113415257259874e+00
1.019098298624754317e+00
1.024501307726706445e+00
1.046109554668103847e+00
1.047867562707586853e+00
1.089375661268252804e+00
1.091354223751855645e+00
1.018710295523968190e+00
1.010775327170303717e+00
1.068558840026713419e+00
1.098206784170111971e+00
1.002005994314794979e+00
1.019113743924220161e+00
1.040198248801434522e+00
1.006406440138296610e+00
1.059111493103601420e+00
1.038262855747341007e+00
1.013150189892296327e+00
1.094321689851256219e+00
1.071096927571438373e+00
1.094711127156351216e+00
1.080466506029742257e+00
1.061217158182480302e+00
1.028689573235238797e+00
1.016033899684799291e+00
1.019641009616189420e+00
1.007057131586829746e+00
1.013137805599454433e+00
1.056778673203604635e+00
1.098585046495923256e+00
1.073407580982959741e+00
1.038566356678641167e+00
1.023502679570549967e+00
1.025833124695393561e+00
1.015314378621025915e+00
1.018178826085753386e+00
1.011828486224239709e+00
1.021302901601510271e+00
1.026387846828167749e+00
1.026299221258482497e+00
1.070783987251660907e+00
1.095390670609258432e+00
1.002557856696707939e+00
1.057393974445656193e+00
1.035398279642854469e+00
1.000547283776496155e+00
1.091796059608278080e+00
1.002120071396510603e+00
1.024550496447484971e+00
1.055952714779794022e+00
1.025070483362172880e+00
1.086648382456626871e+00
1.007682249230998917e+00
1.016241179270750195e+00
1.050687518983652424e+00
1.008081569807815381e+00
1.014259606919130086e+00
1.041247266782972192e+00
1.082988023221826301e+00
1.049383196590939926e+00
1.088034917625378295e+00
1.051480031616571775e+00
1.085994193477720637e+00
1.086672719136155374e+00
1.021516794899478997e+00
1.063713877393580587e+00
1.088633020232116388e+00
1.003257459200243229e+00
1.064673604383229666e+00
1.061277123532195388e+00
1.089418399864211073e+00
1.048896279833681833e+00
1.026532891339393183e+00
1.022898609639073531e+00
1.087275569820536081e+00
1.085167597441774268e+00
1.023835395583167829e+00
1.083069713365497844e+00
1.060624206224511257e+00
1.070389319091314517e+00
1.027074864352151673e+00
1.042850021784302639e+00
1.080899858051889151e+00
1.051130848471143242e+00
1.026044635673863059e+00
1.047509802672574875e+00
1.037770619197141864e+00
1.029596781521548099e+00
1.090234212511447920e+00
1.023650555971050258e+00
1.086213840662842989e+00
1.068566160781738050e+00
1.026942736972790371e+00
1.019394169033438047e+00
1.087896102545180321e+00
1.079919555034265288e+00
1.032856121231739310e+00
1.090219247356505328e+00
1.053934562448866963e+00
1.044097816668513312e+00
1.091207126284966078e+00
1.054594246966014781e+00
1.057439700299307894e+00
1.006123041748387736e+00
1.083629827486363162e+00
1.094350677668854299e+00
1.004941442402337959e+00
1.059934613811842619e+00
1.079106673066513533e+00
1.051769929315959917e+00
1.033622028135587678e+00
1.048681150790436556e+00
1.013311936872927532e+00
1.007438882370129907e+00
1.033548075745140071e+00
1.063300932651503050e+00
1.029654578752376981e+00
1.039169201000182507e+00
1.058228212742489571e+00
1.067356969051984183e+00
1.053236821608963814e+00
1.044919443134435300e+00
1.062242751544616892e+00
1.074271953120894407e+00
1.047061170747239700e+00
1.003991244940219518e+00
1.038382604154242328e+00
1.034556504880268735e+00
1.006699937121785959e+00
1.001138288791414865e+00
1.082048288364499955e+00
1.071386173449862422e+00
1.086870041668362763e+00
1.035176932066228073e+00
1.040639534614225648e+00
1.089074402972042055e+00
1.099290192855322035e+00
1.032312722928633741e+00
1.048537393841981746e+00
1.083595407705546743e+00
1.032563913107314102e+00
1.092007659206661430e+00
1.002884540918299816e+00
1.001958680141673330e+00
1.063887395967107130e+00
1.058037308526787568e+00
1.026808947529620042e+00
1.098103469190408799e+00
1.097996713817333436e+00
1.075092885595477554e+00
1.030658201688855025e+00
1.005639162146977350e+00
1.087062178657989930e+00
1.058953605083147176e+00
1.028201243687479005e+00
1.071402664825743534e+00
1.050188375546418751e+00
1.052718231815013006e+00
1.025194334636842175e+00
1.047086025445867152e+00
1.097126900327805243e+00
1.039104947728111350e+00
1.041311401836227946e+00
1.074033727987939058e+00
1.045050165329324487e+00
1.004317841036442838e+00
1.072388044139836349e+00
1.042415851965243112e+00
1.097825611464178674e+00
1.051426291309956573e+00
1.039975685321591126e+00
1.096818531076288350e+00
1.070202387927534415e+00
1.098518108552647199e+00
1.049173238461386326e+00
1.044588473684027186e+00
1.027282622949153179e+00
1.029903284484056769e+00
1.082609618547030417e+00
1.083995351729454715e+00
1.022423573564899657e+00
1.030153104104821304e+00
1.027340943619799329e+00
1.047991453210353585e+00
1.012806412352448726e+00
1.036657211169630832e+00
1.051879169963060745e+00
1.051271611310534482e+00
1.074546955989301056e+00
1.077581765029590688e+00
1.075324003944439166e+00
1.075933072738566088e+00
1.069816856179894637e+00
1.012647723841883618e+00
1.080728215870715880e+00
1.022490038455279526e+00
1.099424339879634616e+00
1.089301493959728528e+00
1.094331574566756560e+00
1.011992669379370380e+00
1.094866332663411601e+00
1.084245692675276596e+00
1.024218127256093513e+00
1.032034017951127591e+00
1.047976952895696368e+00
1.047388516465675989e+00
1.053009759369164300e+00
1.037271092392892280e+00
1.039185882433923735e+00
1.008391872513147769e+00
1.057908913300865894e+00
1.060966827796456569e+00
1.087258618841226099e+00
1.069140866675450940e+00
1.068557734941288029e+00
1.018076651799172838e+00
1.089148180790133091e+00
1.024876578046986619e+00
1.037497790796224173e+00
1.028637954245922748e+00
1.026465448395622593e+00
1.054773422388820991e+00
1.026077981231092728e+00
1.046810917192103618e+00
1.077270219188409373e+00
1.057141473843776991e+00
1.034585208174586768e+00
1.094647135219767975e+00
1.070312853934350716e+00
1.096945395527751499e+00
1.047896278016769545e+00
1.019082512252976080e+00
1.072037362829622253e+00
1.083306098824599051e+00
1.070536880652346978e+00
1.070501338189459695e+00
1.052202196805397172e+00
1.090436939709316766e+00
1.099468213487512225e+00
1.013807245018664593e+00
1.077031356473589163e+00
1.096855155434189211e+00
1.000484174435901652e+00
1.049936360709081695e+00
