7.183747693031303228e-02
2.715767691381004365e-02
9.894700546616287673e-02
6.309056065218608678e-02
-1.044568260564332322e-02
3.758621421773994387e-02
8.867853862732323622e-02
-7.234783461438158356e-03
7.801676398288867609e-02
8.574282437210707652e-02
-3.951195367430927058e-03
-1.842900847126149877e-02
8.130050642466760125e-03
8.233856702535237437e-02
3.173100986291479964e-02
5.966429356462507605e-02
9.191022030429044781e-03
5.528786755220511939e-04
9.816363482838023902e-02
9.421791700048565144e-02
5.838501295435166716e-02
9.963592900999625190e-02
1.541845397937810849e-02
4.433981001477090012e-02
8.387907367534374464e-03
9.745641848477258617e-02
6.861384195925078477e-02
4.363807156037552426e-02
1.731909878257512081e-03
5.980400543196466578e-02
9.297668326652880344e-03
5.730926789779512698e-02
6.779688170381704959e-02
-1.394808836232383151e-02
4.602796420520065268e-02
-1.286310051642939982e-02
-3.029328697866161962e-03
7.235791887031822744e-02
1.147577201103995234e-02
2.177805437122190893e-02
-6.084666167589503766e-03
9.077693057101637875e-02
1.536197367107205308e-03
-6.518995375557622846e-03
4.177299029949581299e-02
7.007659830326476436e-02
8.412427887788397063e-02
6.176798832116009441e-02
8.421334451885328920e-02
7.470377554417688415e-02
3.740624497305801432e-02
9.866394547893252154e-03
3.598177590387861835e-02
-8.625032170816950353e-03
8.141638128024049348e-04
1.190413719921827249e-02
7.226456662854410795e-02
-1.066887943326321440e-02
8.302482942351042949e-02
5.670794391485109442e-02
2.962059001328031307e-02
6.478254503480930515e-02
9.409283973201677809e-02
7.365607322747678987e-02
1.208890143073163351e-02
-1.186587429842272251e-02
-1.591591453009972082e-02
2.681134531731861614e-03
7.112424007154526107e-02
5.955235663427055348e-02
7.505637419336509686e-02
9.337730581628393700e-02
6.342053526083533954e-02
1.305926150426607243e-02
2.241600810215313086e-02
8.452272357425517912e-02
5.281109192878854358e-03
9.818790883992324636e-02
5.875187398161511865e-02
-5.863491596792801130e-04
4.311263429090013422e-02
6.366147080633201283e-02
-1.135336243085001071e-02
5.631732756526647288e-02
2.025709133181938584e-02
-1.485260247491043684e-03
4.074875864418739391e-02
-7.497323206746417043e-03
3.510589956869970829e-02
1.642991620302785075e-02
4.129897729719958499e-02
6.463622054564133190e-02
-1.042423127497253514e-02
7.495773008829600959e-02
8.390539132422740465e-02
6.626343779035613613e-02
1.845470706452570844e-02
9.848089523424143066e-02
9.032318880266397565e-02
6.014237567264396622e-02
1.141631086685250887e-02
4.916481970377228894e-02
1.132195348451310243e-02
-4.587606234105074884e-03
1.841873295790065132e-02
-1.842275603557966268e-02
6.931724424493720949e-02
3.994127756367130133e-02
3.402734980057947611e-02
4.272231363289580308e-02
4.669547764351489327e-02
1.574557725132925620e-02
5.774649572446824419e-02
3.470885123833467034e-02
-2.676603859592917301e-03
1.550851553237795818e-02
8.009181083802814627e-02
9.248840960329372807e-02
6.017922521519579460e-02
9.000323205305586771e-02
3.802881406125299679e-02
7.638506328158151115e-02
-1.204761695777678901e-02
-9.761351170908434682e-03
3.547237863839021454e-02
4.851798053769204588e-02
3.672180160006868754e-02
4.618666526744141798e-02
4.230449861578991499e-02
3.677619031684020712e-02
6.443711503411043290e-03
2.820176462514574836e-02
3.587149005099028731e-02
1.978798621258619564e-02
-1.819664565223262642e-03
8.673321613689179144e-02
5.566512455205657739e-02
3.751189151362643859e-02
-9.668598990598270548e-04
2.513196819846658450e-02
5.416297314668516716e-02
7.445669200550225630e-02
3.363090901926926723e-02
6.009779601291853623e-02
3.155690684321769968e-02
7.712610517346765726e-02
7.297589356011464912e-02
-4.166441935825413584e-03
3.375874603365873472e-02
2.778559930187264257e-02
6.157423387962043804e-02
7.542959881666985722e-02
5.528565834271280399e-02
4.887220609260123361e-02
3.508983725300108408e-03
2.217580124208938519e-03
9.272347690392528097e-02
1.879334192545661572e-02
8.570553505686315243e-02
-8.954886283075332715e-03
3.765275881513568956e-03
5.488366425105251079e-03
2.905386292998867956e-02
9.729132250714719876e-02
1.943811094073090093e-02
1.566157955448706576e-02
8.505284407057649848e-03
-7.778287343846584934e-05
-1.221993374586956282e-03
5.619604381716934716e-02
8.211881083649066881e-02
8.304507380397652128e-02
3.180128093706577341e-02
6.041272221747914783e-02
4.722452207472804808e-02
5.174806349042811171e-02
-1.494232554340546928e-02
1.848380742895530324e-02
-1.369875178238057559e-02
3.910619649992208569e-02
9.763451175506754343e-02
5.594736072002265415e-02
9.514510342689578432e-03
3.276362457443614262e-02
-1.959272943439598416e-02
9.432673091002488630e-02
1.638996340106930669e-02
9.303680116497416164e-02
8.416462378346803441e-02
2.037494160512104066e-02
9.951081027992556005e-02
3.383417668914612264e-02
2.252700105937497851e-02
3.044484747058359350e-02
7.494118448618432293e-02
4.028426975009741229e-02
-1.864179713666780369e-02
9.980486973149076124e-02
3.428607614220507971e-02
6.223699557087332412e-02
6.423601152688937499e-02
3.932890557051091363e-02
5.435319645791064636e-02
-6.586195418805548818e-03
7.187458673076355109e-02
6.477165036153949285e-02
5.331220219022546336e-02
4.190163563817451281e-03
5.555939606004058062e-02
7.894992040288503765e-02
9.551953540476471050e-02
2.878100002049001696e-02
-1.448174463693362168e-02
5.211870949715452506e-02
6.253849561227023401e-02
4.629876006474795136e-02
1.386717679773793663e-02
2.763559739489264769e-02
6.180939338795224391e-03
7.828725808940477371e-02
2.410287744928337264e-02
1.135861319019134189e-02
3.783722660059515852e-02
3.006585155237806103e-02
-3.110773379712411524e-04
1.043640462959353338e-02
8.069277477944468424e-02
1.396280046103388559e-02
9.482391522630279068e-02
3.449452234221346558e-02
6.399058307226233866e-02
8.858465011814239953e-02
2.766911735320589857e-02
4.995375118537695447e-02
6.180650479951392551e-02
6.531485903550959815e-03
-7.851640862582413491e-03
7.038045529836586822e-02
8.713190478697922792e-02
7.640428326432063821e-02
9.131730852343189486e-02
-1.315417086749787190e-04
3.695041787007775913e-02
5.502889734266651345e-02
-1.415836875519869975e-02
2.784567807460116770e-02
4.637123399620520642e-03
-1.230973766968944047e-02
1.993978647549272606e-02
9.283847344781322869e-03
7.093266567316457161e-02
-1.339857251730943583e-02
3.742283215742954472e-02
4.938180431455180264e-02
7.909020918140653722e-02
2.946945198049527592e-03
1.058447647987938167e-02
1.201549695291819278e-02
5.497995417993749301e-02
9.899114061041855428e-02
6.848749653811707361e-02
4.583007442180599134e-02
1.840661073853399818e-02
8.632928358937773383e-02
4.688788757630321657e-02
-1.094598989687343635e-02
8.244285429639229557e-02
8.436400811707384095e-02
3.761197828241909236e-02
1.727948583718543277e-02
3.447542823627004760e-02
-4.819642129233331351e-03
2.663760772479297281e-02
-1.683004811088122804e-02
3.852321576909632783e-02
8.705518014942054128e-02
5.920698722212017207e-02
1.654077947364908027e-02
5.051195676848464766e-02
6.757809052353076773e-03
9.744252492014718325e-02
-1.171695142257562355e-02
9.986902173667178140e-02
9.564563943713667860e-02
6.474738890672974978e-02
8.460377578714937952e-02
8.578434852618943562e-02
1.825057148444254526e-02
5.997875992158029079e-02
5.844767177535625802e-02
2.960297504411964209e-03
2.361436680653724793e-02
7.677903506474219320e-02
8.544478359813176271e-02
1.365019714808142146e-02
5.730867396532612901e-02
2.562508656538413712e-02
7.417915152625782771e-02
6.486160883688554812e-02
4.336094516992283765e-02
-1.457606668076063400e-03
8.370284699745088319e-02
8.174813346851662887e-02
7.138572038609930503e-03
3.482794939703161285e-02
3.187078149219173262e-02
-1.020177715966578795e-02
-1.489760065539098149e-02
7.782462300809218914e-02
-1.041618726633889228e-02
-8.525818482736844534e-03
5.746275274879988904e-02
5.803044555646028058e-02
3.312986073535023612e-02
6.995042963008704651e-02
-1.719510811864896280e-02
5.312572778730649536e-02
5.629381029098887157e-02
1.772518220760870358e-02
9.620810065882498541e-02
8.873288054448147388e-03
1.804141997451002774e-02
4.860698716371160411e-02
8.950865467933363795e-02
5.380276662084469697e-02
2.249045926188509778e-02
8.668120371888751730e-02
3.534717701151793290e-02
7.187608047337903927e-02
2.790390961459593769e-02
-1.590023411645115695e-02
-1.787700117679125178e-02
-1.720405195694063236e-02
2.942510176776958961e-02
8.177657599315849013e-02
1.721039147854012616e-02
4.544158957140179145e-02
7.404456672847892218e-06
-5.845547306196796633e-03
7.796718291032675441e-02
5.486581951216155245e-03
5.353153000427650354e-02
1.765867058627465166e-02
9.625229108721737592e-02
3.483742366618556435e-03
2.062026076179166931e-02
8.996062039201541127e-02
-1.159605918552713937e-02
-1.186384342635935125e-02
9.047583096788269774e-02
-4.996899516517151058e-03
-8.045021911150137400e-03
2.812614026309113655e-02
9.072854568370135320e-02
9.349805070899210035e-02
5.387635662888540233e-02
5.799832499254697904e-02
1.715588866781001323e-02
4.847076721164833568e-02
3.635383465817287885e-02
4.496820739013512869e-02
2.263129054722145747e-02
6.710654373012393814e-02
9.839856797819351852e-02
1.871050405067027286e-02
-1.146117850253534041e-02
6.806986629187311566e-02
6.639846343621004510e-02
-1.668799505692857704e-03
9.678734401332547699e-02
5.949692474238513218e-02
6.101389078190697091e-02
1.973111825465942784e-02
5.216100244465032842e-02
2.149130312052126290e-04
5.749896820918835860e-02
2.686126129220691924e-02
-1.962815374970295831e-02
5.625408065251694123e-02
6.261314937821274573e-02
7.986862722505196077e-02
8.088092737908408880e-02
6.843622759687709167e-02
9.636831576863420790e-02
-2.636592406649675840e-03
2.886892541686817901e-02
9.338985420625628420e-02
-2.865671218593799502e-03
6.664556701460928878e-02
-8.371897324592897371e-04
7.182870817930404883e-02
1.444336827210465288e-02
9.301884234041389587e-02
9.800209131205703250e-02
5.228363831398857853e-02
6.470206614399368061e-02
6.867717001841192048e-02
5.860792525918255558e-02
3.194787593208420207e-02
2.565818984903387931e-02
6.468748849688564506e-02
-3.276547723762120862e-03
7.097699443972470268e-02
2.409913825162544529e-02
6.826616398197010716e-03
8.222251858309907735e-02
9.844437058479919844e-03
5.242562442478541918e-02
9.921983619241728225e-02
3.512276171351563780e-02
7.849189179877036349e-02
-1.401053986464780715e-02
8.738783836672013583e-02
2.283102915992482954e-02
5.643096235985581299e-02
9.055349925085205698e-02
6.697657801737758737e-03
7.170144238493136868e-02
5.286863321571307062e-02
4.750047939783906548e-02
7.532311126756967290e-02
6.670793104954358954e-02
2.725057056439917844e-02
4.302432871257805269e-02
5.563877716234202908e-02
8.260013334859407641e-02
5.788544941067567950e-02
3.436471529102558264e-02
2.148802935503385872e-02
5.559101925305676151e-04
-1.552018207573311812e-02
-1.650120136332657722e-02
-3.691113171579336882e-03
-1.883301003321388722e-02
8.753721702386650649e-02
4.260917475322188730e-02
3.244456309643631298e-02
-5.653696620193797082e-03
2.911826083338635643e-02
8.729708297208166323e-02
1.582322577309320036e-02
3.010199335659873368e-02
7.989263228351541068e-02
-3.083896416972920634e-03
8.679532939111830880e-02
3.442707504718214850e-02
7.680423447687068084e-02
7.856605890392290292e-02
2.468865905102265654e-02
1.708919771831604248e-02
9.990021534795583136e-02
6.757103432014459343e-02
-1.527802889715508192e-02
-4.546443076038374220e-03
4.585980910623624340e-02
7.384722177997812831e-02
7.261872154551834990e-02
3.439301142583066351e-02
2.482441418260097551e-02
7.918978828183111107e-02
-1.862964360713161363e-02
8.044108998536217414e-02
5.794293732923429252e-02
8.992509745519149111e-03
-5.911781460712752304e-03
2.846082230340832991e-03
-2.471909727718175215e-03
6.680040975239261158e-02
5.966126837076145273e-02
4.765965213884168494e-02
4.631168787432864142e-02
7.089454294075510365e-02
-2.440228706394917402e-03
4.313376049049716388e-02
4.404128531454862272e-02
3.577126110863841635e-02
-1.945995612405097136e-02
8.597921215494208624e-02
8.278626793747388690e-02
8.201152670964095837e-02
2.276417283107566233e-02
6.404742680112106290e-02
9.455452289879447136e-02
-6.457144209462483547e-03
6.476841481068107420e-02
1.561019474213368521e-02
6.328182806277017625e-02
2.816080172278152480e-02
9.605232994244529421e-02
7.783841655369844181e-02
5.897911002038594419e-02
3.443870982401421588e-02
-3.059889335132584542e-03
2.161911627141048162e-02
7.697572209067152227e-03
9.457593889918429475e-02
5.376928171626901842e-02
5.749456698075632033e-02
5.674436527881798753e-03
9.990621682033461182e-02
