1.049362190635413805e+00
1.039317878666680572e+00
1.048067873378802695e+00
1.048802106515955401e+00
1.055063751159783791e+00
1.009825831260755757e+00
1.088789077493937052e+00
1.019804820305391102e+00
1.078228438437207393e+00
1.043561895105112214e+00
1.097371418266786192e+00
1.014160640065967511e+00
1.067253074080741104e+00
1.065718437627863446e+00
1.018919790163463457e+00
1.019804687208470506e+00
1.029280036466385662e+00
1.059182352837236385e+00
1.083898395394133907e+00
1.082548427738349028e+00
1.073082079162592573e+00
1.017968437722987396e+00
1.058743096609837897e+00
1.084593152750832568e+00
1.028764630290195603e+00
1.062311334752466419e+00
1.012161991550303730e+00
1.023854144705882430e+00
1.028184436674432600e+00
1.074279867631002583e+00
1.069868861041689101e+00
1.014784535836236401e+00
1.054652948059154438e+00
1.085142641595251867e+00
1.026282991712114789e+00
1.006220703069058642e+00
1.002206406661231286e+00
1.000538067235808182e+00
1.066329680506691080e+00
1.068357626116996695e+00
1.092244157485454226e+00
1.043996071838306561e+00
1.016585137628440272e+00
1.020639913583801350e+00
1.034640186266621242e+00
1.002960991805285307e+00
1.066101675460086939e+00
1.081041013617010105e+00
1.048404126904514344e+00
1.012675536712326796e+00
1.095633276992941108e+00
1.021186595304962363e+00
1.083985252577732705e+00
1.009218392813848508e+00
1.002281922738251119e+00
1.056433811913215504e+00
1.049848244927329421e+00
1.049242614306080457e+00
1.061617777964382947e+00
1.058757684610854177e+00
1.001915572861751258e+00
1.065184637349724017e+00
1.063314318182286611e+00
1.035072336653588332e+00
1.020298054993287851e+00
1.020061174346613919e+00
1.079404643545570197e+00
1.043420026153659697e+00
1.027784202767679567e+00
1.027324742644211142e+00
1.028638479207822254e+00
1.046917308341032804e+00
1.095050359444187826e+00
1.027679965330193124e+00
1.049685073717406825e+00
1.004637107357353454e+00
1.082706683124440072e+00
1.028719274955755436e+00
1.089305917296901072e+00
1.095343437987461366e+00
1.094621966675314084e+00
1.079850252509488406e+00
1.021779337938784726e+00
1.006348095735063231e+00
1.014236228723789157e+00
1.055897408465364284e+00
1.039434384780220322e+00
1.051925294712594772e+00
1.068462552730824910e+00
1.026213751731290147e+00
1.041960445587646555e+00
1.042587826629891801e+00
1.097729628582306827e+00
1.037902901907752362e+00
1.069410165479602881e+00
1.007499989639137894e+00
1.076250932194795951e+00
1.004154573317608712e+00
1.014620798382595224e+00
1.048923080529821750e+00
1.099289615170785384e+00
1.069809751335407899e+00
1.011627050262585037e+00
1.049956176579255107e+00
1.010843527825544541e+00
1.010716295730029080e+00
1.090755105878856934e+00
1.025274067475929751e+00
1.086717408082481517e+00
1.025665341007274023e+00
1.012677071373139004e+00
1.048992855913180255e+00
1.053081673632181303e+00
1.079287839238609825e+00
1.012088110565852350e+00
1.073699889353360692e+00
1.091823818682844394e+00
1.047429430198821398e+00
1.085511709355469812e+00
1.098196663232201553e+00
1.019403025847064992e+00
1.070923272402500404e+00
1.099714511323443666e+00
1.079559246931597549e+00
1.083849569602564067e+00
1.073210874009937976e+00
1.029358684229936260e+00
1.036505750981685514e+00
1.087546854895300896e+00
1.047800210347729744e+00
1.018949063157258861e+00
1.088433260926562784e+00
1.023068359473435551e+00
1.095665853848726945e+00
1.014382966793704322e+00
1.045552290632433712e+00
1.090121312918305163e+00
1.029540383282442795e+00
1.013098561361420513e+00
1.053797666203329264e+00
1.077094252681774389e+00
1.092640228695649141e+00
1.080714389730927261e+00
1.006333589125087524e+00
1.007739668712137826e+00
1.035001541454807938e+00
1.043189881558295840e+00
1.026747490789607919e+00
1.069136313549165829e+00
1.012671606216454023e+00
1.027582755010063575e+00
1.011012360713450908e+00
1.059598143378400081e+00
1.021379454135079357e+00
1.064956754540391737e+00
1.060623865701484370e+00
1.045024998794267246e+00
1.049913908825446329e+00
1.023998606303288206e+00
1.010556823384118674e+00
1.062218909879555806e+00
1.029384515663884336e+00
1.009635694533730810e+00
1.020506850733214677e+00
1.025232028413792573e+00
1.004327206128145855e+00
1.074879591928145528e+00
1.050912843009538244e+00
1.087593179434822588e+00
1.062177282581057591e+00
1.082439986006392463e+00
1.072769921382748626e+00
1.018795546042824185e+00
1.088203976454348965e+00
1.087634599500553856e+00
1.014305517287814373e+00
1.038793834926049930e+00
1.061206489438303313e+00
1.005459131598238409e+00
1.005510531723165624e+00
1.099320665901879934e+00
1.052144955100686285e+00
1.079170934055342368e+00
1.033219605179452660e+00
1.092090028928512924e+00
1.086422881145716390e+00
1.016263633904724628e+00
1.025249523292971698e+00
1.034137495159826559e+00
1.001968805207164692e+00
1.040791232248406972e+00
1.049955193936908282e+00
1.016981259401715798e+00
1.047641745016791859e+00
1.039118568700557299e+00
1.043474150234072972e+00
1.022771647424064012e+00
1.005560856325632857e+00
1.046691805435710831e+00
1.048224760905698272e+00
1.065278139725124973e+00
1.065515651204023806e+00
1.011940550290107543e+00
1.099701245991887788e+00
1.076227233258659988e+00
1.010747436091083973e+00
1.010127674073632242e+00
1.086216247767570975e+00
1.027808434881425592e+00
1.080175363726938009e+00
1.006019799923939306e+00
1.064016524873576230e+00
1.060344305463597703e+00
1.037664982896264965e+00
1.081040833435257698e+00
1.063358259160456454e+00
1.098164361308416437e+00
1.083939374114123666e+00
1.057514521253596129e+00
1.047684147764771145e+00
1.017964598621901473e+00
1.025094255471393101e+00
1.094611560688990792e+00
1.096157903945076839e+00
1.056281038937765260e+00
1.050343170943464299e+00
1.072113821141102763e+00
1.077311327245939809e+00
1.032000387371881267e+00
1.049999238979104632e+00
1.095766765396478215e+00
1.015518798912291132e+00
1.093826204231532984e+00
1.052784299015015357e+00
1.021089005040444642e+00
1.011401392805796773e+00
1.017217842648601600e+00
1.030613721561387752e+00
1.027600608712688546e+00
1.082059828848098482e+00
1.073653834874897406e+00
1.027920444443083170e+00
1.099052566128716046e+00
1.085168498748209975e+00
1.005947976870703808e+00
1.091922594319174600e+00
1.076949114661326590e+00
1.064884681144653511e+00
1.042957588092235044e+00
1.045630577335209033e+00
1.097373581735306081e+00
1.031105873631434244e+00
1.020952545957401147e+00
1.085327842822057631e+00
1.086050570990639841e+00
1.041487771460101186e+00
1.082897797602557999e+00
1.047787969132569996e+00
1.084706806920918920e+00
1.088055522068307024e+00
1.044656214766475744e+00
1.058828823424303733e+00
1.050062149156309355e+00
1.065048455498657232e+00
1.097985009047360183e+00
1.017473391009621198e+00
1.094963909350447517e+00
1.083608024434104200e+00
1.042082893230180218e+00
1.003491912192559621e+00
1.025891966835869473e+00
1.057737661579003063e+00
1.062039782224021733e+00
1.055003983618586716e+00
1.056563277288056435e+00
1.048776915974123369e+00
1.056869403148034570e+00
1.029282392515529443e+00
1.018741563752845858e+00
1.062970896713045565e+00
1.020212203830369813e+00
1.062556949579306576e+00
1.028390223093446743e+00
1.092889675579365560e+00
1.039358440570205877e+00
1.096328264800812580e+00
1.013408474748335841e+00
1.038444076115469850e+00
1.092942442285759208e+00
1.053546959385129433e+00
1.045176092947883273e+00
1.064465556625029619e+00
1.054730494252415607e+00
1.068123491391226532e+00
1.034359612872820300e+00
1.078516912699514219e+00
1.038920291616241220e+00
1.052297290599096158e+00
1.022352938284253998e+00
1.087269022073852787e+00
1.035126143178877633e+00
1.034469353146124870e+00
1.006534734477954940e+00
1.059337476620068275e+00
1.088089124305296362e+00
1.085438795761477060e+00
1.049103347289799038e+00
1.063159791139303367e+00
1.085391804154713258e+00
1.017479157466698592e+00
1.057563993142930148e+00
1.035855757454737125e+00
1.075701392494275321e+00
1.020279391066953423e+00
1.004109324648929658e+00
1.047805356362715434e+00
1.012553444323026408e+00
1.030435689135055233e+00
1.065026739563150304e+00
1.092573879614002763e+00
1.035021327972867278e+00
1.038089064064190437e+00
1.049853397270752886e+00
1.068156953825865951e+00
1.064606496727327878e+00
1.076338895593929479e+00
1.041789281018371316e+00
1.092640372121703729e+00
1.088445584893309448e+00
1.083583103613614096e+00
1.044342455154539495e+00
1.058467830664527654e+00
1.055376524328850207e+00
1.025564481000138972e+00
1.007422230018358400e+00
1.062334413705459113e+00
1.099174770546971880e+00
1.046047371090474298e+00
1.046758660930678930e+00
1.056551287339578815e+00
1.010610458732721373e+00
1.061442519067689272e+00
1.062311574693727279e+00
1.053398488078955308e+00
1.032983700765020441e+00
1.006458928602972591e+00
1.082918295365126404e+00
1.006865311453701395e+00
1.026952650658818911e+00
1.060554527675840797e+00
1.032906071501336287e+00
1.046424274609435656e+00
1.014609703025929122e+00
1.022554789163468536e+00
1.059383357165270656e+00
1.096830009957978858e+00
1.023531146798351665e+00
1.067206618662144058e+00
1.023546267356582495e+00
1.030132999722418896e+00
1.058167546141164594e+00
1.097696503097639775e+00
1.081831233456594932e+00
1.088048511534139173e+00
1.003471663316825691e+00
1.023933773274926962e+00
1.066965738501045369e+00
1.096480835539539678e+00
1.034954554088580503e+00
1.085932090233060920e+00
1.050047069197011407e+00
1.022526679770226155e+00
1.077665401930979039e+00
1.027006725177417090e+00
1.073652326445974081e+00
1.062302039192386305e+00
1.042984151243303792e+00
1.063307681301510543e+00
1.039101950921206052e+00
1.008910122010080235e+00
1.036593250606818284e+00
1.030220282710804236e+00
1.050724332210275502e+00
1.067193691290620805e+00
1.087721427113612860e+00
1.097859679244889586e+00
1.056035652804321545e+00
1.098638488370441646e+00
1.027801634510787876e+00
1.072182779679937248e+00
1.022034767372272279e+00
1.060392829297579276e+00
1.015439780724183727e+00
1.040940203694679100e+00
1.072878591056941167e+00
1.099263948501462584e+00
1.043361916856181848e+00
1.094019093226223927e+00
1.030856409844693511e+00
1.074842992129230845e+00
1.005254648285297092e+00
1.089241450047480297e+00
1.089215684542072404e+00
1.031439190318387711e+00
1.040481620772794269e+00
1.077242712632847654e+00
1.091311183642580840e+00
1.077639169443266320e+00
1.060116316671880998e+00
1.013233583387837422e+00
1.044926666112801605e+00
1.093490654413651342e+00
1.059879615900890748e+00
1.089514476695032208e+00
1.064847094629164381e+00
1.079634434512711572e+00
1.086247372507204156e+00
1.020837763988498015e+00
1.056231121263271566e+00
1.009264103701972282e+00
1.041483895652632441e+00
1.001988626338788269e+00
1.027918631474914468e+00
1.043189350379349900e+00
1.096297555080782304e+00
1.049022207107932703e+00
1.001414569908813057e+00
1.040436177015478192e+00
1.076231056309093548e+00
1.049749104397317501e+00
1.042456763569298950e+00
1.088332553110074707e+00
1.099708586807076394e+00
1.001357723768767638e+00
1.039190577415624706e+00
1.070511864161473925e+00
1.028066459006836020e+00
1.021587056764299950e+00
1.021965925488270033e+00
1.083421169606700429e+00
1.081324561618478564e+00
1.058789877997082129e+00
1.010886105486433761e+00
1.063643413797302983e+00
1.004517367336904110e+00
1.022859571709438420e+00
1.054413105857929356e+00
1.090287374392428843e+00
1.086486708851578387e+00
1.089123732935828981e+00
1.025181240190169873e+00
1.004059362343937334e+00
1.016797166584419987e+00
1.035934003118986757e+00
1.046700899495170090e+00
1.015845401094483069e+00
1.063076070813990359e+00
1.022001533577864274e+00
1.071678140595601070e+00
1.034325328983835446e+00
1.001001303559584610e+00
1.020638986726279063e+00
1.050402324826114953e+00
1.078826191096378784e+00
1.046652250144473939e+00
1.069189634376201514e+00
1.084278744162969543e+00
1.066499006558661033e+00
1.087376529959929394e+00
1.079010068128979150e+00
1.017725936777510443e+00
1.095521060092447208e+00
1.056723542421820428e+00
1.021258310673434977e+00
1.011789942276689613e+00
1.090568627827582571e+00
1.099648232431587491e+00
1.020417374389697374e+00
1.049911269762849209e+00
1.082714547814408901e+00
1.024449935303437087e+00
1.034529003615489717e+00
1.004710067093723458e+00
1.093466025143929654e+00
1.035769006435090400e+00
1.057795802416396480e+00
1.014297381846151147e+00
1.079494658815818964e+00
1.012775324631368434e+00
1.096321225403547484e+00
1.091673627454393891e+00
1.043657391746401153e+00
1.057202874635361445e+00
1.065139697992416590e+00
1.074918484483542880e+00
1.085446214551652577e+00
1.041529942327316771e+00
1.022419846909183860e+00
1.098306815323904173e+00
1.087326018101869129e+00
