4.477742587750072056e-02
4.091655439883094825e-02
-1.136227128073249645e-02
8.614538053140645413e-02
4.368563902525364473e-02
-8.583121188598580309e-03
8.941810167266649179e-02
4.376703127783035385e-02
-1.503298638605214503e-02
2.465720766111800452e-02
6.631414083826409067e-02
-2.634727857867915496e-03
9.271624925175339649e-02
7.275514890995471440e-02
8.459532331668792593e-02
2.181952187511200861e-02
6.595370636951924936e-03
3.745914752169095252e-02
5.561191480901828132e-02
-1.918642029940843471e-02
8.164362569999024377e-02
5.176878317823684073e-02
6.288781349480643268e-02
6.935200742113456496e-02
7.132818926782490132e-02
3.081407764216082326e-02
8.546249236492055312e-02
-1.376340808493409923e-02
4.735168794006022752e-02
7.399876664349364086e-02
8.826793410133194906e-02
2.870630034260736665e-02
2.565920561302212008e-02
4.725080544892013013e-02
7.853092224579076575e-02
3.795773453318697366e-02
6.121778212245797268e-02
9.382851816233393760e-02
-1.042134959038503589e-02
1.793053558971740083e-02
-1.788860758825929625e-02
-1.312308918984178216e-02
3.488954251690008779e-02
2.944884023226735856e-02
4.191095856678886400e-02
9.872164098258969650e-03
-6.486234348567933641e-03
8.726176347038894221e-02
7.271915250285095056e-02
1.936545529271944607e-02
5.629136402488382762e-02
5.650096909744417584e-02
2.007680000467415918e-02
3.182305476136242095e-02
3.976695255014531249e-02
1.135220309464010299e-02
1.087379314462887450e-02
4.796419875952119549e-02
6.616963093160198317e-02
4.982171993124820397e-02
6.006315747357830748e-02
7.889553112361325643e-03
5.656450342658044667e-03
1.144791673010442032e-02
5.673119776962953775e-02
4.958880145927417604e-02
5.295601437525711275e-02
5.663485604583916311e-02
8.886888610068380268e-02
7.301531807663357021e-02
7.375010214512729700e-02
-8.571740911302069832e-03
-8.199517836799027556e-03
-1.533555678730638173e-02
4.752387919819789364e-02
3.407133136839492205e-02
3.049693074417672567e-03
5.735947852269000780e-02
4.771000711331201127e-02
7.942479135004425206e-02
2.360115610055788307e-02
4.724729228404102310e-02
3.785579138559846957e-02
6.620911086690160763e-02
4.173538417083556135e-03
-1.299330465820899838e-02
8.996880047571607919e-02
-8.630819620653040758e-04
3.103377239088447523e-02
8.487212117297009834e-03
2.149122252622064425e-02
4.611248709358062303e-02
2.007726723025703500e-02
8.060068499546130250e-03
6.241012267254719692e-02
2.407974844098731068e-02
3.639035148030157762e-02
-2.668211418926716427e-03
7.845266089526518882e-02
9.084496735664132627e-02
6.407799218687679210e-02
2.250327030165555700e-02
3.614915818607490616e-02
8.544605215463769998e-02
9.929489492332350953e-02
6.714359291570298760e-03
9.975871462602810963e-03
3.944559018595095168e-02
2.420468678548847938e-02
-3.213979206030264518e-03
8.395490381713573147e-02
8.456686363265675244e-02
3.458155842423772663e-02
1.629404710106118967e-02
7.227114903309379834e-02
7.891391266304555868e-03
3.389103772544820037e-02
9.195411786258564368e-02
4.033456067552626534e-02
4.259559117066373524e-02
7.222618347093126556e-02
1.311586674692447399e-02
3.794614238593740918e-02
-7.492115896491034766e-04
5.741371194251983223e-02
-5.406169918441391248e-03
-4.297630339292004414e-03
-1.224959070662111869e-02
-6.177506297335780272e-04
-8.900925290845620660e-03
3.658041216913165972e-02
7.619731465532213199e-02
7.815453566668326135e-02
4.090159671272011743e-02
6.983176296837984021e-02
-1.168014530855294650e-02
3.476627966542127079e-02
-1.008950493140763766e-02
4.273341388443008260e-02
3.862830472619921407e-02
-1.516935955659175911e-02
-1.243492123635672741e-02
7.027238960993277550e-02
4.147436807180536478e-02
2.983641088673988709e-02
5.851487397005347701e-02
2.070843589433955453e-02
-8.753058841635637244e-03
6.204862037403817421e-02
3.825841474217193255e-03
1.460140726951366860e-02
8.244677873376373561e-03
7.166571014553096974e-02
8.777646105666737919e-02
1.830586968789866750e-02
6.297905753591408196e-02
9.089243371159468066e-02
2.365135746680825657e-03
5.586062385735865443e-02
4.961815964176469196e-03
9.851013082474668892e-02
4.730988378169397046e-02
-9.720017161991161003e-03
5.981323981021015312e-02
9.829467303344073537e-03
5.139719353849474259e-02
9.996775472719938993e-02
7.927326878044736735e-02
-1.857155795643285895e-02
4.254568176423688397e-02
3.095181706944133762e-02
5.176915891929413649e-02
5.931713193054349853e-02
3.804095901596139806e-02
2.183787233669766056e-02
-1.991506726718682285e-03
5.253980394682986055e-02
6.138232002895711859e-02
4.942701918346534273e-02
6.061448092871483950e-02
4.541070890804406457e-02
4.605711244650673164e-02
9.602949850557714051e-02
7.178743013179009202e-02
6.336714723917180603e-02
6.348121238719839354e-02
6.132508436601098734e-02
-1.556959351715313244e-02
8.751231727854597020e-02
8.202576021293422892e-02
1.634464172067471785e-02
3.970559256736498621e-02
9.204016215047264304e-02
5.636220254332977020e-02
1.763509671924335873e-02
7.294677665534544941e-02
-1.581270957218634809e-02
-9.832688748762197228e-03
4.097291145223205810e-02
4.609996367985987054e-03
-1.090740795214769840e-02
3.138816825415169376e-03
4.796740320324384410e-02
2.741505973614986533e-02
2.268149665505385729e-02
8.814339251431334288e-02
-1.130664904664926453e-02
8.363501661432176659e-02
8.545311134062827385e-02
-9.156243459153912481e-03
-6.548322921333981847e-03
-5.489776194551465247e-03
3.981504541794311791e-02
2.034067268423183153e-02
2.889376979450010083e-02
9.229367778425665025e-02
1.459775644528948577e-02
8.692388871241520099e-02
4.486852570546615016e-02
4.444131152601094037e-02
6.497596592999776988e-02
6.144034517307235543e-02
1.251228498546630777e-02
6.799102993077739410e-02
7.768168643278136609e-02
7.642730053475692287e-02
5.378582283588748125e-02
5.794605440104554778e-03
4.599759159762840943e-02
-5.199165968498994927e-03
9.605944713711005167e-04
-8.959849260092887097e-03
2.062727747138386539e-02
-1.062990895291274912e-02
-2.139196332404828815e-03
7.253628665623261529e-02
3.959459072452413408e-02
-1.379719876590859706e-02
8.375007808572193513e-02
6.340230990346575057e-02
3.841244876181101886e-02
-4.903850753377007876e-04
9.426161223663592770e-02
-1.715196690986148589e-02
6.434838950880543418e-02
3.516952020325871120e-02
2.459671047451717288e-02
2.517591763628011445e-02
1.181358664094608532e-02
-1.283108450933087563e-02
1.184896779029500843e-02
5.730767305812120571e-02
7.519576969727465032e-03
-9.743850488194554307e-03
5.348559711022270180e-02
5.281836460040573167e-03
4.231085891381419772e-02
1.182975389226695317e-03
8.746315863861219703e-03
5.452584261477513156e-03
6.476724095653482727e-02
7.703644766488632056e-02
5.213855483084085807e-02
6.226424266541542851e-02
2.965207298701727848e-02
8.586120662877254339e-02
9.097546792137452265e-02
-7.241428147449945757e-03
-1.523070977551844486e-02
7.439650317144660963e-02
3.342416356203652128e-02
-1.630065255676323155e-02
4.820527866656673655e-02
5.786712887469536160e-02
1.969258732600333642e-02
7.625217420604518681e-02
9.932782133476764086e-02
3.060323397614051963e-02
6.876663269900017139e-02
5.954126843151590076e-02
7.907818951933087703e-02
-1.711644810450170182e-02
6.564391378091512241e-02
9.617240720441586066e-02
8.131493243443385643e-02
5.513708972817456255e-02
3.019003186181717577e-02
6.904950600874693728e-03
6.153561181353750520e-02
5.105239751080963007e-02
7.797616134826652889e-02
1.032368253482032761e-03
3.224703812147938775e-02
5.734913287345103083e-02
5.640738817633442204e-02
5.507679248965655083e-02
2.650974854831064306e-02
6.935356097788367147e-02
5.207491099300368131e-02
3.452591754147331382e-02
6.306684386460437164e-02
7.794747188829183326e-02
9.396323294598062092e-02
8.197892280113275310e-02
9.964558634673773008e-02
-6.139630166685580356e-03
7.203813897928572352e-02
-1.537011744233294196e-02
1.551711267960603421e-02
9.494025087226398707e-02
-1.541995322401060881e-02
6.527696360083896920e-02
2.227808214490865565e-02
3.651178832217022441e-02
8.024982554332785178e-02
4.127440530454076079e-03
-1.380846121936758070e-02
1.418881790814173136e-02
-1.138899160537122993e-02
3.179476179349582932e-02
7.361214537468349639e-02
3.715408461872742041e-02
-8.920250967906981354e-04
5.218029336270992025e-02
8.994063499853323373e-02
2.046182864558982947e-02
3.789858788015669500e-02
7.990614287021464979e-02
-1.857922043378100463e-02
-1.453025185411202166e-02
9.637753114905157903e-02
2.255112415846750526e-02
8.715092313330222162e-02
4.204093142606143974e-02
3.727633548330257229e-02
9.717454600701883050e-02
4.335196046139447312e-02
7.906619424283492514e-02
6.099589306657401955e-02
9.873931492504792184e-02
2.971788029851723731e-02
6.355582780697929812e-02
5.135260568222221877e-02
6.627324852733938731e-02
7.530913494951967102e-02
1.435766469435519402e-02
-1.828231461855608919e-02
-1.009270854205148241e-02
1.310627722151922955e-02
-7.259674581166617249e-03
2.698605184669676180e-02
2.519345520982190292e-02
-1.867617679299878736e-02
5.785991217960319288e-02
-8.502867146342610663e-03
-6.284873576879065199e-03
2.002034677051713063e-03
-1.497477922437198163e-02
-2.756055572808814580e-03
4.805845149611405465e-02
2.709537061965703805e-02
2.955514746110815202e-02
8.663411601027927456e-02
-1.646403322766405025e-02
3.568114053804143093e-02
4.981777393835332135e-02
-1.545042933481111103e-02
1.027403932261810801e-02
6.609134091596122196e-02
1.638427275998699181e-02
1.545521122666014199e-02
-1.002323724879334438e-02
1.109326973331136237e-02
8.640161851270576621e-02
9.213176492489914826e-02
5.458152857006814962e-02
3.312795473119005407e-02
5.742360385536267320e-02
3.581221940661147296e-02
8.180783224334686743e-02
-1.814507587853521342e-02
-1.945024132444820447e-02
8.151262448094415136e-03
-5.986195594012330354e-03
-2.029550106892413081e-03
1.287726394569186153e-02
1.384502387521360442e-02
8.034008262053156380e-02
1.105842571324779089e-02
9.435265382030662284e-02
8.494250017737658975e-02
6.311973012768073987e-02
2.497115645403495329e-02
4.003288989060471703e-02
1.194687672967979786e-03
3.502450460002870525e-02
5.403364214374317687e-02
8.260810582266527036e-03
-1.093024774520802780e-02
3.938012230922503798e-02
8.192225681357655220e-03
2.811571399139381824e-02
3.541015436051751786e-02
-9.165083046814691964e-03
8.921869098708538892e-02
7.320611396016678263e-02
9.135614081552902166e-02
9.566880122515274143e-02
1.486953271735130117e-03
8.780583163257081603e-02
9.948490057095833727e-02
2.916481884658122040e-02
8.735631824425957315e-02
4.831521399477882450e-02
2.457336127651426824e-02
1.596542025408704060e-02
4.041849896791326058e-02
-1.812030878765456127e-02
-8.373228932528183066e-03
6.839482496699721137e-02
-1.140650253995125277e-02
1.211324093202232124e-02
3.859660594842091730e-02
8.659040214661130330e-02
4.840864079128677500e-02
-2.061041358421750180e-03
-1.395798556952240060e-02
5.409777531345760782e-02
8.724131133703243168e-02
-7.561673154474672295e-03
5.412050105593060878e-02
1.859115654486899818e-02
6.879282669474847539e-03
6.131278362529926640e-02
1.838856769405736863e-03
3.220000498695708979e-02
9.593760625000103542e-03
9.409171335793865831e-03
7.269905167050644268e-02
3.002237157696651185e-02
4.339955623165968335e-02
-7.539884808424913987e-04
5.600007268760182066e-02
5.945097941560981147e-02
9.940723395550847552e-02
1.230042590534944150e-02
1.912992183131131604e-02
5.878114256265637438e-02
6.767522846095776201e-02
-8.751557455009665448e-03
2.589776163464990039e-03
-1.456226616677720395e-02
7.476016861917397088e-03
2.476791930786030604e-03
1.787199299387448245e-02
7.943307368230502485e-02
7.979999562834810822e-02
5.755528892639574789e-02
7.440941978650714161e-02
1.680963613915249441e-02
7.786017615113419166e-02
4.152000301678795968e-04
6.930671500424431808e-02
5.412265477368345679e-02
4.378134640226917507e-02
7.045901824437500460e-02
1.620641069202486545e-03
5.869624272562080913e-02
1.583995866794611282e-02
-1.889370328345260294e-02
2.381837286238619109e-02
3.091486684935791304e-02
1.680365346217284686e-02
4.697484127850322377e-03
1.136459391494680851e-02
9.683282012116396081e-03
1.774613417690002262e-02
-1.002455539214429370e-03
6.419560512067147562e-02
3.351037541770429673e-02
2.702677896109287672e-02
6.854285592262593374e-02
9.922877814099188842e-02
5.126377311522002655e-02
6.196367880690124841e-02
7.817794165424815644e-02
-1.492938651096693131e-02
7.904464304039694744e-02
-5.767104216395434885e-03
3.495357601490028943e-02
4.691694143367106107e-02
3.270435347768654855e-02
8.026614781387768349e-02
2.877283322376888650e-02
3.601642277924171909e-02
9.895786428881428454e-02
6.861267175417753994e-02
4.151454356414202573e-02
1.909589878586971309e-02
6.875101207583493579e-02
