1.041607480816099329e+00
1.055170600254536684e+00
1.040541583891409605e+00
1.036016535038601916e+00
1.095626526342299956e+00
1.007490756517907649e+00
1.088360376113481243e+00
1.037444527928198301e+00
1.007458311713312682e+00
1.000643244599287662e+00
1.042054623218124032e+00
1.026506907438457850e+00
1.081788151896656780e+00
1.001057194139100881e+00
1.077704319650266029e+00
1.089268253661030972e+00
1.067175325509364558e+00
1.095538893966431671e+00
1.006223480323837238e+00
1.004857147728915656e+00
1.065968939351120026e+00
1.053997173731167969e+00
1.081379213014127094e+00
1.017280994396411398e+00
1.099798994654616502e+00
1.099237165557195750e+00
1.040289877704699384e+00
1.087909108484489185e+00
1.024755684294511804e+00
1.081978132375055690e+00
1.055627471677445639e+00
1.012902369996833141e+00
1.006073967416002413e+00
1.045768242013768168e+00
1.003165805470769723e+00
1.088225098297178839e+00
1.092229707065524913e+00
1.063817982385140359e+00
1.026621590703776787e+00
1.077324890665662283e+00
1.072084228926705629e+00
1.021145335244266761e+00
1.018385313517023771e+00
1.057058919230015270e+00
1.051829178031507217e+00
1.091712021215706541e+00
1.061792336487243915e+00
1.059664153952879495e+00
1.083901897845449103e+00
1.082367872047347968e+00
1.045619449133415646e+00
1.055499514390079607e+00
1.082376524155212572e+00
1.066291664442664988e+00
1.028684013321838675e+00
1.041700980373731600e+00
1.033537401742726791e+00
1.070267839558733058e+00
1.028088955750319888e+00
1.016525298998310012e+00
1.063226653941350186e+00
1.092494486610331217e+00
1.070678350261747180e+00
1.017008927165338195e+00
1.029425235291434371e+00
1.032123984990246601e+00
1.027659196036934341e+00
1.022780443910434878e+00
1.046634856197654173e+00
1.035350016623337810e+00
1.093506859638241568e+00
1.051269528120658325e+00
1.032844391177012433e+00
1.027620465845721087e+00
1.002197166735089962e+00
1.039339974159430025e+00
1.077093084348878183e+00
1.058120702643381872e+00
1.080390953285311317e+00
1.028103009105222343e+00
1.071289675238034311e+00
1.078391689775670237e+00
1.044784500032329033e+00
1.099848214893885956e+00
1.097059105440695959e+00
1.049305104192594262e+00
1.081016279421354476e+00
1.022899004413201585e+00
1.020647217405316498e+00
1.008189021609848357e+00
1.088674320740443013e+00
1.043563184248638143e+00
1.067073130918511303e+00
1.072144117781480777e+00
1.001833506242701954e+00
1.067257958468899481e+00
1.067130985911171281e+00
1.027994268950609413e+00
1.035130510338876597e+00
1.064244468240473029e+00
1.052228466077719471e+00
1.031882577992006889e+00
1.004975574867019272e+00
1.098323591478227224e+00
1.096079906481199240e+00
1.072540891947226571e+00
1.033770875722215266e+00
1.073726948453997743e+00
1.039864229349854563e+00
1.003795226299528887e+00
1.009585810758279356e+00
1.062492900994193912e+00
1.070292489078204845e+00
1.090040052031128859e+00
1.010192233902084791e+00
1.068662008736114943e+00
1.083244452802335278e+00
1.044108002526286105e+00
1.093613676897048359e+00
1.019532503577391003e+00
1.024912956403160713e+00
1.095631051636386966e+00
1.095666035708164676e+00
1.065491395279551501e+00
1.029447594066799310e+00
1.058965299316716013e+00
1.079832341941490581e+00
1.042929179374325610e+00
1.012500072622882552e+00
1.025700965678191023e+00
1.052273091012564166e+00
1.030076118929973861e+00
1.006969341431022125e+00
1.026586507066709508e+00
1.030866730502377759e+00
1.023593375216586887e+00
1.045734188082775074e+00
1.036889232588246390e+00
1.068705284651015663e+00
1.028773230912041869e+00
1.000301509752017370e+00
1.086494509385002472e+00
1.021101957720832676e+00
1.095511442031419591e+00
1.069211031101830578e+00
1.012134162632899459e+00
1.098741933809151528e+00
1.091898730407733664e+00
1.008182249306765366e+00
1.022989600467295590e+00
1.081307263376916961e+00
1.022814600891335468e+00
1.032927650393000274e+00
1.097014501810300136e+00
1.064001479638903680e+00
1.096337519743027178e+00
1.072960888757078068e+00
1.083546688150665460e+00
1.044531631685356343e+00
1.066087927815080771e+00
1.021418083290355661e+00
1.017607447837953094e+00
1.058794405589066567e+00
1.064501701244646936e+00
1.085142144053513613e+00
1.079296955494598143e+00
1.090034038766772184e+00
1.067068293758796749e+00
1.023675870141018240e+00
1.075639233610776513e+00
1.069117778545677577e+00
1.065707460286241082e+00
1.031852211325182456e+00
1.009003721407482290e+00
1.034158863812882689e+00
1.059829108634816830e+00
1.026627966030667194e+00
1.066534874075949269e+00
1.067475937368777661e+00
1.012747374005438905e+00
1.097008206513903072e+00
1.021975996437419987e+00
1.045149106135191186e+00
1.026060477230030799e+00
1.032630107420647647e+00
1.052738752719659887e+00
1.006638496890209344e+00
1.041866820151396089e+00
1.049038731420463222e+00
1.091853531349274986e+00
1.008258618879555257e+00
1.014389114557261440e+00
1.008038545211796144e+00
1.072312785974296467e+00
1.070222678699004115e+00
1.016304792616783415e+00
1.036874361281687529e+00
1.031033600733962441e+00
1.040692614473955446e+00
1.093815414240989492e+00
1.007584652546363868e+00
1.069875460396765954e+00
1.016197211235512432e+00
1.014029206166225494e+00
1.062317266724035481e+00
1.087046688319842858e+00
1.037928231538319146e+00
1.099494551387937502e+00
1.086593352434900073e+00
1.025864209170128438e+00
1.022302099916018170e+00
1.053428028124870020e+00
1.083559462293149256e+00
1.008601536605534976e+00
1.024059928335758318e+00
1.060437821925364954e+00
1.076961040266428249e+00
1.044157201116591605e+00
1.048528337681508660e+00
1.047870167878962366e+00
1.053545449933546152e+00
1.046297322789214945e+00
1.037500728426958174e+00
1.030160689736550950e+00
1.056867031394124856e+00
1.081726079459923939e+00
1.072559154052418862e+00
1.010008789998527723e+00
1.066218078654733059e+00
1.065737950677632329e+00
1.038802735209165551e+00
1.066353196024978578e+00
1.041129615508767925e+00
1.094231062572750490e+00
1.049013773754694956e+00
1.080220375579190817e+00
1.041345399002357341e+00
1.059159096090485086e+00
1.000160237623400894e+00
1.098159111309162883e+00
1.091971223488263920e+00
1.040671555154711436e+00
1.021585632785317221e+00
1.027600603330230067e+00
1.049331696661008007e+00
1.015655584434066894e+00
1.006900733980574225e+00
1.002057766482903789e+00
1.024830604738449003e+00
1.052741287814866311e+00
1.029476136478340464e+00
1.045102966208022455e+00
1.046334577608084127e+00
1.038997678497952881e+00
1.064504581533178618e+00
1.029038170565733878e+00
1.042890308670232358e+00
1.037295772449607245e+00
1.023435754524719243e+00
1.063190422250725353e+00
1.072602228297228955e+00
1.024802505053451718e+00
1.053152991352583667e+00
1.056791612069629016e+00
1.000074183774036785e+00
1.085241288257849934e+00
1.068833495751329465e+00
1.082813022373790623e+00
1.045878127400023061e+00
1.010282835389125777e+00
1.081424308280522606e+00
1.075340744304028151e+00
1.028952412864491794e+00
1.067413733748355575e+00
1.033131549350947642e+00
1.077005009567631566e+00
1.015903335810470098e+00
1.002013972592483482e+00
1.061192334584338370e+00
1.057800313659564173e+00
1.047910803028896609e+00
1.026470627854369377e+00
1.084153104532645129e+00
1.029387045950933111e+00
1.076471555788211187e+00
1.003152325669657507e+00
1.021700176644381175e+00
1.054293483606197013e+00
1.095783971924373379e+00
1.095245770433254995e+00
1.050863654894661936e+00
1.056758851956337786e+00
1.055869169724910073e+00
1.086742067093256381e+00
1.078851936055578609e+00
1.097236013279691003e+00
1.045246063969633932e+00
1.036048978923732378e+00
1.021920804698639884e+00
1.000382511032356092e+00
1.032817456708059467e+00
1.001756150841840665e+00
1.032180948680627930e+00
1.046573974510693672e+00
1.046347326053411741e+00
1.006231822248822017e+00
1.007498223907067780e+00
1.008738599507378320e+00
1.044151462318891443e+00
1.028906882852323790e+00
1.099983180017492179e+00
1.043038642073256028e+00
1.011125099612855571e+00
1.091377419407036919e+00
1.074666819112435112e+00
1.011511964807485953e+00
1.035687554659208587e+00
1.096739121135787087e+00
1.049918117756555969e+00
1.011652450038738937e+00
1.024300820269851586e+00
1.076105060207290798e+00
1.071451449363715280e+00
1.040660440041899726e+00
1.025279162634668673e+00
1.024576153809930279e+00
1.000607744728771120e+00
1.040886553394485770e+00
1.042359458686449525e+00
1.004923996896420313e+00
1.039120890787150531e+00
1.031044818829452092e+00
1.056563170012870811e+00
1.077326956786704981e+00
1.059328926103601187e+00
1.033974250636355841e+00
1.034043321002934945e+00
1.098241695987434374e+00
1.096575684648833926e+00
1.089825948894814989e+00
1.096572949653429996e+00
1.084847409176318722e+00
1.015829183763663712e+00
1.066821446472736357e+00
1.014387563293892569e+00
1.067189407072021146e+00
1.031864750425646404e+00
1.098068284277104123e+00
1.088470174812492308e+00
1.059943866628934028e+00
1.090170574899439915e+00
1.050620079437074361e+00
1.080052427994554476e+00
1.097142652903928539e+00
1.028480297179991565e+00
1.076318784312477295e+00
1.043245310428292827e+00
1.023659993718443184e+00
1.033616845085441716e+00
1.014460493158959364e+00
1.038103203017254117e+00
1.036134089749399800e+00
1.040142996694983113e+00
1.052848872848412443e+00
1.083018689196266093e+00
1.091091133084717946e+00
1.029394961399494601e+00
1.097475045188498033e+00
1.031936800676984678e+00
1.007378497251093519e+00
1.004319115669878526e+00
1.066480592068557831e+00
1.096952518553953704e+00
1.003955947694551654e+00
1.054034052503677765e+00
1.097502116455346233e+00
1.041729640806118073e+00
1.088049250587402428e+00
1.090669580037970654e+00
1.005026924265910671e+00
1.088853945171377235e+00
1.021115405924284625e+00
1.091888025235695059e+00
1.040815095931699963e+00
1.086461290087572085e+00
1.064216929621719654e+00
1.077889512928187132e+00
1.094882990505234410e+00
1.000721279857158974e+00
1.072234409129100063e+00
1.086982709284094017e+00
1.090669162550742533e+00
1.094774418176156727e+00
1.012255372105254514e+00
1.066590434960241751e+00
1.027509678921634695e+00
1.023069274430083109e+00
1.086479594684233829e+00
1.035729692556694559e+00
1.097026345696628269e+00
1.055049305143715976e+00
1.068062476717672737e+00
1.070970646247352498e+00
1.057974883166052482e+00
1.089369185525724815e+00
1.080539227283335624e+00
1.080377966310893001e+00
1.080853753840504083e+00
1.038006743919331232e+00
1.032048241965452418e+00
1.086548166519497816e+00
1.014539168726329210e+00
1.090302831872384637e+00
1.075339085250345050e+00
1.005658459408321104e+00
1.055707198633838662e+00
1.045903634052679054e+00
1.093828678805681465e+00
1.011665627265993406e+00
1.067761053181849773e+00
1.014057815458691225e+00
1.094054796508328931e+00
1.084064694188161315e+00
1.083844722385398196e+00
1.016629676023115714e+00
1.096146726871616073e+00
1.074983022361598373e+00
1.035019652734627815e+00
1.084992197288602966e+00
1.061073181072142102e+00
1.053592293068250196e+00
1.035061736955239065e+00
1.077726368645502752e+00
1.007463725749845551e+00
1.021135141797439028e+00
1.075531084854754127e+00
1.005504804404160568e+00
1.085052382915911329e+00
1.064463011782516899e+00
1.097144394680227286e+00
1.071960619197955822e+00
1.079034641013772333e+00
1.006727745592949308e+00
1.050938458166823741e+00
1.028057707446458746e+00
1.003779796586868445e+00
1.084686051915661142e+00
1.015420724907927008e+00
1.059501169486030570e+00
1.042937702246464760e+00
1.027494448697237939e+00
1.077777258843196861e+00
1.045842984252176144e+00
1.012481794034388871e+00
1.070953000746872386e+00
1.070861087924344313e+00
1.083232837746020305e+00
1.052951604997340196e+00
1.005882135137852629e+00
1.087323341846070823e+00
1.086719982227666970e+00
1.026511518545245583e+00
1.002242737868632050e+00
1.059789421797162623e+00
1.088183810237661753e+00
1.046058745440391347e+00
1.049588053918825148e+00
1.032086403796453444e+00
1.074588942805970060e+00
1.017614428005244820e+00
1.010295418831826275e+00
1.028879957896276620e+00
1.086894682702294279e+00
1.041469376060738972e+00
1.083738751296322578e+00
1.039719466748975307e+00
1.069712385357223017e+00
1.069341475627042515e+00
1.043373423902919761e+00
1.042175402297148556e+00
1.034373213749776976e+00
1.000469731140592566e+00
1.017376109880914203e+00
1.080651751966014151e+00
1.076936979645030101e+00
1.089926824237630321e+00
1.081544317942170430e+00
1.059767538482896843e+00
1.026762695985072416e+00
1.020185912705963593e+00
1.055215920673661767e+00
1.075836033494766530e+00
1.075196249953882743e+00
1.048598206583589931e+00
1.033550063741796032e+00
1.022612277208540643e+00
1.031926229614221091e+00
1.093553264147772763e+00
1.057463852115631875e+00
1.067537082227094647e+00
