9.093096901413742772e-02
-5.520648262906990844e-03
9.195396311052413119e-02
2.490491843004718694e-02
8.040165277335113714e-02
4.655145171343331306e-03
2.615720517389450231e-02
-1.659609367228381122e-02
3.337700373703948731e-02
7.702031783794383024e-02
1.900008276353226319e-02
1.588218029849068971e-02
6.452652884382646670e-02
5.055165637118604061e-02
8.440310715125444452e-02
6.825563083685581844e-02
-1.246464079341156293e-02
8.830891243800143703e-03
3.492578204117104818e-03
-1.901785010578505367e-02
1.194625013187785093e-02
5.638419404324003514e-02
5.147479637084249882e-02
1.439182773122712686e-02
9.707262268921278137e-02
5.128963823045940007e-02
5.735447471527023444e-02
-1.116855100043483845e-02
-1.782161277970959606e-02
6.587857848959381701e-02
7.319820798023585900e-03
1.708528347244027065e-02
-7.525656045435450900e-03
-1.799188120758390269e-02
5.285919795325258463e-02
8.618855572531414211e-02
1.665013030160646459e-02
-1.663606767821425997e-03
-1.946187803274716105e-02
9.296388866443426602e-02
6.920543330297719564e-02
5.001128386382783231e-02
8.532605303725565582e-02
9.827294661510565382e-03
-1.169612726974275305e-02
8.435765575803660932e-02
8.375442845471725573e-02
7.550979039820338024e-02
2.095621758625552597e-02
5.554446055815889793e-02
2.985835461111545699e-02
6.183243490972459289e-02
3.969635999536508253e-02
2.422441736206847399e-02
6.182805423895518238e-02
-1.609092042534280079e-02
9.430278040170284037e-03
2.810447302195438410e-02
1.599813954303666921e-02
-4.038506751745406242e-03
5.771535843382726017e-02
8.618818455237793608e-02
9.739953620520054589e-02
-3.383754112850773099e-04
3.327139153197701538e-02
5.618673431624934822e-03
1.353229741217656587e-02
3.237436316642108847e-02
6.046470513800442093e-02
5.732625232834108464e-02
4.801218163599642319e-02
2.595845415682316790e-02
8.939408071390751720e-02
6.031054746523248355e-02
5.064816854895379250e-02
4.263697147396701415e-02
4.621241368628353774e-02
5.951121753089434752e-02
2.086844008658072722e-02
5.471916444806651514e-02
7.919698903471504570e-02
1.249472801914685433e-03
9.074074563004128069e-02
5.575221491092151316e-02
7.740166142543523919e-02
-1.219299844764814081e-02
9.249340173192406589e-02
6.001711258928571491e-02
2.102164182872718820e-02
1.411211169084937087e-02
2.138469973520870995e-02
4.452946517860306708e-02
8.048286840810531251e-02
7.773349446684206521e-02
3.288879641937121623e-02
8.103037499133798616e-02
8.683018614462631457e-02
-1.324003784615817789e-02
8.724275678149202851e-02
-1.126047531400546468e-02
4.999270723601675903e-02
2.343677980141610842e-02
6.306826354467393037e-02
4.224811168993300448e-02
3.203522762972023374e-02
7.054917790034093139e-02
-1.446612640639513558e-02
-8.267235060838880323e-04
5.760388543493266678e-02
1.941483263320418692e-02
5.643474626554086104e-02
9.659741712225576593e-03
6.111107909375755598e-02
-1.860934664849601614e-02
1.637378842291465145e-02
6.533284594009447499e-02
4.581559162467652158e-02
-5.305761335331005135e-03
2.956963788016129038e-02
-4.072004691195292569e-03
9.577962550853288959e-02
6.567390470090030130e-02
2.315506017860259266e-02
-4.602311269963754031e-03
3.383990853956268807e-02
2.218344496368780325e-02
6.423950371031833528e-02
9.681876806177502903e-02
7.040011500667889277e-02
3.557824606576334703e-02
4.407944142362892059e-02
9.609315866680176454e-02
2.351374504881949615e-02
9.866556525651486165e-03
6.204124272446220889e-02
6.400358284554073796e-02
-5.532746519446267094e-03
4.520238952516017483e-02
2.679812724724017423e-02
7.515536577569982557e-02
-1.394582116616090335e-02
4.696972127413222287e-02
9.064190595679584572e-02
7.362759777393876326e-02
7.091328580024784667e-02
6.762904067166493338e-02
4.966523232829021806e-02
1.426248657199393269e-02
5.609145823193273372e-02
-3.906298474521976288e-03
5.570709231486961621e-02
-3.714421946028098609e-03
-1.223269017520841467e-02
2.788638095313287005e-02
6.478556177553418394e-02
2.710452918352340701e-05
6.039840111655510324e-02
9.701326154072699437e-02
1.493814276341160277e-02
6.314097901813142677e-03
1.043068640205993547e-03
5.978625031469125828e-02
2.528794985935675990e-02
2.828984613438209617e-05
9.389206115601318736e-02
9.559767302045373005e-02
8.707313785835649189e-02
1.642418963055991207e-02
3.712657080917480812e-02
7.705090461284695713e-02
8.335335177651979899e-02
9.941937644458577472e-02
-1.755870810869203033e-02
-1.197760942638783146e-02
2.212457593031205358e-02
4.537218140995627480e-02
8.524393128521487450e-02
2.179921451306755451e-02
-8.148344028615554444e-03
2.991243745369079679e-02
2.597364922556864505e-02
1.862548109729628490e-02
-6.155248826257037065e-03
9.583410022210699097e-02
9.789227460129761721e-03
5.417829277161552437e-02
1.028814395170647017e-02
2.731524615136368336e-02
-9.755210694501408042e-03
-1.725663994679712404e-02
9.192452911561850570e-03
2.437262407673567929e-02
-1.768969728360756874e-02
-1.497769812757892074e-02
2.426971246608517971e-02
2.852189900493174585e-03
3.650504745487602454e-02
2.184019898606323271e-02
3.056256094177704427e-02
1.201373775668081526e-02
-5.325844175585205814e-03
-1.804477611175712981e-02
4.281960515859092875e-02
-1.673532541067841717e-03
7.762390852678389963e-02
7.122445390587341107e-02
5.053646084205710987e-02
7.979457828524681717e-02
1.409290591272986323e-02
8.281460126136261368e-02
5.407527160030844993e-02
1.867933445476095342e-02
8.771788549390087397e-02
9.295029791510905914e-02
2.034003993749281328e-02
1.220092870443927405e-02
7.234747951632442692e-03
4.753852034553997241e-02
2.355508729781931668e-02
8.666137410959412479e-02
2.546876867041035150e-02
-7.935792806884904918e-03
-1.611085580053225538e-02
6.873846603781270936e-02
5.519766913612045300e-02
6.716609774715388836e-02
-8.028896532672167435e-03
8.083320004223051858e-02
1.731416438591814114e-02
1.207413273211742008e-02
7.630819728977704386e-02
9.125570299351447312e-02
9.883168626277370750e-02
2.018559858282391664e-02
2.340618950225234821e-02
4.692566520898748539e-02
5.490449464234652133e-02
9.325338242825961799e-02
-8.770988337225857009e-03
4.399675667032319770e-02
-6.313499821898771458e-03
6.196026455901205987e-02
4.212359575476684603e-02
-2.437981805634814592e-03
6.429228225114226591e-02
3.717308502008166704e-02
2.373383771379354926e-02
5.035120775728238462e-02
4.034732375417897365e-02
3.632964652148908125e-02
7.438443309962804173e-02
2.993065906979566412e-02
7.973018356893984970e-03
1.863660929770335692e-02
5.127842388190849421e-02
1.275756231647932545e-02
6.515916089104274722e-02
-8.744450292819524670e-03
-2.765512825939085706e-03
7.820205324228592103e-02
-7.871458353493489268e-03
-1.350421751980225918e-02
5.272259034637127861e-02
1.219918042693527924e-02
7.543528168868544881e-02
9.507751220821808458e-02
-2.819867592947344209e-03
3.888273968781472134e-02
8.989128372982378712e-02
2.044901706401139677e-02
5.249724267473127731e-03
3.038345223965016953e-02
9.449845940176365700e-02
6.853109846394528359e-02
8.352988497165343695e-02
-1.266271127869480345e-02
-1.490224814426572425e-02
5.907602506187006886e-02
6.989369598007137696e-02
-6.132018405082040324e-03
6.903933607583190302e-02
8.901752167089818646e-02
4.733942030137043566e-02
8.221631669488056737e-02
3.603655466647488759e-02
4.229976347271818815e-02
8.116283852921107878e-02
-2.820515776619385989e-03
3.814737464847962889e-02
3.337547870202173250e-02
7.842401116265994288e-02
1.117599736830911239e-02
4.701141404534370238e-02
-1.768016628373794003e-02
5.049828561717792375e-02
3.641121937720463719e-02
3.788782918900794605e-02
3.299787400891979194e-02
7.557186613762006955e-02
9.881019459926490556e-02
-1.858212075419938408e-02
-1.126377480397409633e-02
3.548130883689235016e-02
9.986315409296084300e-02
-1.131673093729797762e-02
3.911955617366071059e-02
2.664071837024144587e-02
9.585494523241352982e-02
-1.163432545023256569e-02
8.317828124497775311e-02
-1.667531241121677707e-02
5.729434547244662002e-02
8.711931004087013208e-02
4.236457039797718316e-02
1.069420680633852497e-02
-3.272513079588739576e-03
9.006347542224164837e-02
2.738962326279166873e-02
6.924255636203978381e-02
-8.518672580786836729e-03
3.688866339496299496e-02
4.095236889365698463e-02
6.016386073930464484e-02
7.012117658773693585e-02
3.478708422867210492e-02
7.536710672771904096e-02
6.213800955308780571e-02
4.880213869472423138e-02
2.829327241842835919e-02
2.159838967857570860e-02
5.451558428430726411e-02
9.799729392876654899e-02
8.098493688069036134e-02
-4.731061906929553973e-04
6.502810976084559547e-02
-7.552987407487091534e-03
1.359872926232445420e-02
7.358049169850536253e-02
-1.407992168692021734e-02
6.034145976426655289e-02
8.501017071081636012e-02
-5.065396256679387602e-03
4.466079251291857344e-02
7.767621940910145184e-02
7.143526436486119513e-02
4.825636898888988058e-02
4.136894516240621766e-02
-1.700500667688218531e-02
6.467335424333632565e-02
8.872911248833957598e-03
1.898851115592451941e-02
6.611339635834140305e-02
2.359892996312046645e-02
9.003150010659786984e-03
6.965894596279305351e-02
5.602222497993611383e-02
9.430858268609819406e-02
9.604737539290532367e-02
5.055433915255987121e-03
-1.481031748727875894e-02
8.808158035518366680e-02
1.097164496234616371e-02
4.077510835568598502e-02
5.256023691799145692e-02
9.892182771502454341e-02
9.941671157549734905e-02
5.636235521913143809e-02
6.231497064573141009e-02
9.870248297958919559e-02
2.402869063264024066e-02
8.153429976974668758e-02
8.277419428872935525e-02
3.578877748298257833e-02
9.122129696219986872e-02
7.604246091273111907e-02
8.194014173897766484e-02
2.511421459549360510e-02
-1.530920732208630210e-02
-6.064614182942200740e-03
2.499742140483133049e-02
2.039465134071368965e-02
5.635646007496768195e-02
2.129522531045828157e-02
-9.704131806917301595e-03
1.499506345132907772e-02
2.509370549020601207e-02
-1.658385343230211681e-02
5.667171943269892764e-02
-5.831738646183639088e-03
8.802019985735123897e-02
9.258502046163182009e-02
6.660066741328242446e-02
2.886510676163141567e-02
2.310594433238774212e-02
2.889951345649707445e-02
6.070300038770332085e-02
-9.861542145456838465e-03
3.170679427032674358e-02
9.562877922879066406e-02
-7.411292976287224554e-03
8.817867931343158217e-02
-1.271485416790500700e-03
3.432824073463265624e-02
5.859980573597799169e-02
6.039481646026077788e-02
2.802878285382335785e-02
6.334361632666457576e-03
-8.344521931258749511e-03
9.230844676441218866e-02
8.262864080111270715e-02
4.074137379924241964e-02
1.143974526019547397e-02
7.592290973291532241e-02
4.212109841611680339e-02
4.542852653181361777e-02
3.511022159983202828e-02
6.782447091795408556e-02
4.539859931012264760e-02
-7.061053908870693410e-03
7.490979021904643764e-02
7.350261771168261488e-03
4.071756318024338794e-02
2.161587448095545969e-02
8.432583351928266135e-02
5.761231295692886833e-02
9.172746215812180304e-02
-1.838469106902610242e-02
1.108019031856693690e-02
-8.370428381436031268e-03
4.551257192881241753e-03
-1.952829788399221972e-02
-1.703625087535571084e-02
1.533004189744383364e-02
2.520735601185526351e-02
9.426489860907749652e-02
4.539697768576245185e-02
-7.600614637331554180e-04
9.186114857663076061e-02
-2.602192983306932106e-03
-1.973844491384251637e-02
3.380760020734245586e-02
7.013583504298040450e-02
7.750002929189361844e-02
2.132525952226691987e-02
1.689618572897948201e-03
1.589537855548566261e-02
5.620031282191403910e-02
5.761260432194846570e-03
-8.685754930557227152e-03
8.752711494324273700e-02
8.693309854200723108e-02
8.252711376677485111e-02
6.613927564768150302e-02
5.442457875935537148e-02
2.878435985288478258e-02
4.151110201270069577e-03
-1.768496017293925276e-02
-1.641407201196850435e-02
1.605012743546397128e-02
7.866970775085015133e-02
8.499999805120908580e-02
4.063635319044299476e-02
4.074293222985395091e-02
5.103045813768922190e-02
3.256612266555805602e-02
8.635721574695763569e-02
4.491633536393709047e-03
8.394560268814427184e-02
6.121014376423843106e-02
1.328917586843282247e-02
8.829428787656069810e-02
3.538108343534900058e-02
3.954654054304622413e-02
-1.640174302788215827e-02
7.404287109833335156e-02
9.913960919910565217e-02
1.472775040995448828e-02
-1.373385396957813552e-02
-1.186164078041517835e-02
3.233786528358004175e-02
5.556917342876765975e-02
7.704553443617982722e-02
6.437048714835748309e-02
-1.358171257946031232e-02
9.877566267418402823e-02
6.782926781419233719e-02
7.609546472920479532e-02
1.363836892363235256e-02
8.879490545601097240e-02
-7.798461071602175165e-03
7.594980298950441966e-03
3.104662205431813968e-02
1.087773072972260391e-02
6.371215921162844131e-02
9.288021082820298313e-02
6.521776629301752337e-02
-1.896916454710739774e-03
1.516050451313887340e-02
5.975970047384684958e-02
-3.337936410859523167e-03
