1.073989602837899904e+00
1.071283900672948874e+00
1.026198909716999896e+00
1.044925271730170468e+00
1.054476245812929758e+00
1.092147993185469179e+00
1.027975413165072904e+00
1.081139660994210772e+00
1.013671726707704890e+00
1.072778189001471594e+00
1.019554261650437166e+00
1.041287543522803061e+00
1.081178487327148829e+00
1.058223007008419314e+00
1.055580199501878980e+00
1.058994240308002599e+00
1.065280917257585891e+00
1.014431401806855426e+00
1.042868934075120713e+00
1.078905064969330141e+00
1.071019575891159370e+00
1.043306534032863997e+00
1.042618189391806727e+00
1.033512743882669227e+00
1.022745415374103350e+00
1.076891366107410652e+00
1.020110155645932659e+00
1.007820886297543295e+00
1.032888603563725471e+00
1.042262301352216092e+00
1.089237463205958711e+00
1.007908678837460048e+00
1.069020128287560656e+00
1.075447027724040661e+00
1.077348917942070328e+00
1.012074593295404723e+00
1.029356195734290269e+00
1.080339130770905820e+00
1.068462226340329613e+00
1.017615200890461091e+00
1.002456530840392768e+00
1.016294456493963105e+00
1.021763006246941163e+00
1.014846289717452610e+00
1.048353671439778756e+00
1.015466039174397483e+00
1.011321686850650270e+00
1.046100508870323686e+00
1.070621776464464769e+00
1.055932694093232760e+00
1.089113656182960188e+00
1.019589667108529385e+00
1.041949504410838889e+00
1.052038521275909355e+00
1.089653082492336722e+00
1.024818466995757404e+00
1.074650792309522318e+00
1.038365359933834497e+00
1.012933018035471422e+00
1.019983765449078872e+00
1.001949005579070073e+00
1.061717473752274321e+00
1.019225975815023721e+00
1.098383616968559906e+00
1.088911137600512946e+00
1.017026656094184744e+00
1.005463591017932368e+00
1.078387455500798175e+00
1.014881588524820133e+00
1.083079293141460120e+00
1.004749264079159765e+00
1.095740366104252406e+00
1.099419101938481136e+00
1.008307983786974837e+00
1.038569998335061584e+00
1.021069329780973201e+00
1.071660100379173031e+00
1.017838865432474371e+00
1.000303239609340533e+00
1.008767846422216730e+00
1.068349728065027593e+00
1.060394582466670288e+00
1.086161773372802841e+00
1.099234603627052609e+00
1.086261931499164834e+00
1.087942830515122195e+00
1.028742941918967757e+00
1.096596052567502255e+00
1.031385636635520520e+00
1.057788962048003212e+00
1.014361225586408510e+00
1.087862083125616053e+00
1.080296947753603520e+00
1.040392349148977047e+00
1.038928726260134994e+00
1.007287555255695022e+00
1.070286531247932826e+00
1.023520947302397843e+00
1.045783851011886867e+00
1.023499967239451136e+00
1.037538791610245648e+00
1.022166596836531216e+00
1.083686013916136615e+00
1.015510632495515653e+00
1.077582912189227082e+00
1.059283783901438625e+00
1.000749498512347957e+00
1.055970570093121008e+00
1.096432599682192421e+00
1.098568945904079719e+00
1.012058648590690835e+00
1.031531377026638108e+00
1.010778991755364009e+00
1.057226239487977670e+00
1.093462646293981599e+00
1.063564596363439252e+00
1.036093380980758649e+00
1.072917348124101666e+00
1.003086054147787065e+00
1.018458752166322423e+00
1.067826361493362519e+00
1.082691099710483495e+00
1.087426454024023714e+00
1.078814334741290626e+00
1.013649579343040452e+00
1.042942316736955144e+00
1.024489749611354528e+00
1.048660889280618846e+00
1.058903125480491259e+00
1.082466377548490621e+00
1.083322602200254670e+00
1.026379436385759902e+00
1.055577723098109155e+00
1.004640287697616818e+00
1.092172701608333574e+00
1.052528852848124696e+00
1.048710223279088360e+00
1.059440141389746515e+00
1.078155803337815577e+00
1.059268122817747626e+00
1.092295174770816057e+00
1.092340797498145166e+00
1.067241513892160043e+00
1.048383450292405650e+00
1.037351308440209730e+00
1.006313843116930951e+00
1.002792657063311221e+00
1.043183117270410021e+00
1.032235913189120780e+00
1.024601577015961551e+00
1.059162557001395388e+00
1.015372715586387420e+00
1.050318274655366535e+00
1.016486328983247089e+00
1.036891293877181264e+00
1.083984164504701475e+00
1.021297264332835963e+00
1.096194257257357307e+00
1.009513866703213525e+00
1.096686907726497351e+00
1.029178546437202746e+00
1.018818673666057384e+00
1.044833427792927205e+00
1.071064297885714556e+00
1.047420360043633369e+00
1.042461128139529514e+00
1.071385757660123339e+00
1.015541490118505807e+00
1.078076879292716672e+00
1.078252398919571586e+00
1.029786075514198096e+00
1.060015097978168619e+00
1.056732704342849605e+00
1.081424734993879477e+00
1.095326962644367574e+00
1.069493730399764919e+00
1.048562647411081628e+00
1.004621686519527213e+00
1.070660865336904299e+00
1.088717508540252954e+00
1.002215974980868118e+00
1.005702152419339468e+00
1.069753694433355662e+00
1.076173172156441149e+00
1.082707577168943835e+00
1.042951984010977995e+00
1.096213085143050714e+00
1.028778621386665204e+00
1.026870243255414428e+00
1.031911137761268193e+00
1.004448142853034520e+00
1.034209974286886213e+00
1.040468380246300617e+00
1.038904210120358940e+00
1.007973261434276901e+00
1.088554259583235373e+00
1.068982149576744423e+00
1.083466080954841981e+00
1.002807150161934446e+00
1.080682387599467997e+00
1.009175258794743790e+00
1.031661169471001394e+00
1.085063485358008339e+00
1.008178066559513475e+00
1.037402705481236476e+00
1.034848282815973963e+00
1.083219887688344762e+00
1.072463359105372271e+00
1.084275634710293978e+00
1.062566137206029993e+00
1.092580163614469857e+00
1.069510836159943246e+00
1.004960243343331339e+00
1.011141138781343818e+00
1.070822956535868897e+00
1.047889654518241898e+00
1.039889648295801328e+00
1.036727285175533142e+00
1.069182415553998622e+00
1.043647308291518305e+00
1.000624471929083326e+00
1.029125439458006053e+00
1.009417047570878356e+00
1.077244694885396425e+00
1.038210810549690111e+00
1.091821605435940867e+00
1.080062316304352565e+00
1.049641306525296747e+00
1.049375922023962904e+00
1.021773775618106228e+00
1.060758773777314534e+00
1.097874248929159746e+00
1.005334165803286384e+00
1.017959729139042091e+00
1.008237149731679105e+00
1.080703764708645931e+00
1.040320725388382828e+00
1.042656267460706720e+00
1.029559182287575814e+00
1.001229925312251634e+00
1.006142368602971127e+00
1.058496359387540942e+00
1.098412807693930349e+00
1.094163175192424564e+00
1.040845109426737691e+00
1.089712447067762602e+00
1.065934568262406401e+00
1.086251215471683684e+00
1.009712559145683475e+00
1.075223436917831288e+00
1.077185039997946348e+00
1.035642370619102692e+00
1.008471211427499181e+00
1.034439107745862119e+00
1.088421388522387900e+00
1.030047914175967971e+00
1.009641830042625532e+00
1.065334222400031505e+00
1.066355419705946606e+00
1.011332903286468854e+00
1.011891242917043465e+00
1.070291037592135952e+00
1.078907714958043051e+00
1.035060881524203280e+00
1.004316686821323135e+00
1.077361204206231937e+00
1.060242684666050206e+00
1.019201439993805414e+00
1.057568010754366350e+00
1.006384631387442274e+00
1.016968675216261664e+00
1.009750765542773987e+00
1.049990464336398865e+00
1.082467865826175268e+00
1.079757728839387143e+00
1.077154325206902685e+00
1.012642644275933534e+00
1.016330196441857403e+00
1.098985962692587304e+00
1.017869675642074423e+00
1.086015018505678942e+00
1.013202350506257510e+00
1.059087343928134972e+00
1.038699076785490893e+00
1.071347061693695091e+00
1.031356555163878586e+00
1.064390378067537446e+00
1.033421807781305990e+00
1.099902836359931690e+00
1.040770553981744673e+00
1.015147793008538857e+00
1.052639766010659450e+00
1.067284088377570939e+00
1.033940483649486319e+00
1.094252330347009528e+00
1.050241363939535599e+00
1.027978785553209207e+00
1.013719672913381942e+00
1.066752265033040104e+00
1.080365837584991162e+00
1.093552249318071823e+00
1.027293901611468163e+00
1.041754238419087431e+00
1.006790453693066079e+00
1.070786954524100887e+00
1.029197212392672700e+00
1.034346754505244492e+00
1.047918970817742323e+00
1.030018688620882417e+00
1.056891516849161272e+00
1.024301920285383805e+00
1.050938533679134368e+00
1.082046064169943422e+00
1.018945018898675059e+00
1.090994870296846164e+00
1.044226617205974428e+00
1.080188606045136224e+00
1.022948858488493595e+00
1.017841988066785275e+00
1.027491411207082095e+00
1.022802495066697404e+00
1.025627800423315028e+00
1.098904628774910464e+00
1.034606708304980582e+00
1.024065952436136850e+00
1.084216555871448051e+00
1.049020549013047532e+00
1.018780708197660534e+00
1.030370628938067856e+00
1.073545727295476482e+00
1.016669149345994283e+00
1.085910298649864325e+00
1.019534454284705127e+00
1.042804448886278879e+00
1.054020342095044027e+00
1.086901105830306191e+00
1.043171247443563932e+00
1.070238757994576018e+00
1.022626003263495953e+00
1.003235225843855272e+00
1.008633316751303299e+00
1.082461227083757693e+00
1.094499832473869727e+00
1.057037071912263704e+00
1.060451125283171869e+00
1.097696636737582887e+00
1.018646096891766328e+00
1.034600302218619872e+00
1.064228264977847171e+00
1.011982911071425351e+00
1.020288454412041190e+00
1.056174783311339294e+00
1.060989748934904719e+00
1.055739059494379850e+00
1.091993883618266770e+00
1.076636870795036671e+00
1.046363064393172282e+00
1.073077968683725736e+00
1.024536612587646056e+00
1.033983130361589842e+00
1.073370726188477287e+00
1.086950243330221610e+00
1.043676016661897910e+00
1.053640311859374235e+00
1.046107874829220741e+00
1.098860563027494130e+00
1.037480353758265528e+00
1.015898249903741002e+00
1.014811040094671712e+00
1.055687820072069627e+00
1.023672648849192957e+00
1.032725339079107796e+00
1.023052396568862488e+00
1.023095269876198365e+00
1.059407693894640179e+00
1.075581953821360015e+00
1.053952245743720262e+00
1.002879361264366276e+00
1.098146672375010180e+00
1.006465061120044524e+00
1.031899110470342329e+00
1.076263404543890800e+00
1.046275231861460098e+00
1.030651938860762451e+00
1.056839274560416486e+00
1.048778260736219048e+00
1.014942341149097649e+00
1.029718278155727473e+00
1.001258330031416399e+00
1.027537855605983097e+00
1.039729260706922398e+00
1.017213723624961208e+00
1.038294411430872088e+00
1.093048770083966170e+00
1.095455157366231225e+00
1.053963760411360528e+00
1.058589663510702383e+00
1.062841654316458495e+00
1.011087821094431183e+00
1.004985734250219975e+00
1.093290765751700810e+00
1.046565186650528334e+00
1.089162528315189560e+00
1.057314949080405242e+00
1.022071582128717182e+00
1.070673150836233489e+00
1.024762970049992283e+00
1.042159338231315902e+00
1.005116348558544592e+00
1.015231523466233687e+00
1.055098090471877637e+00
1.084998259316406477e+00
1.026119267252222578e+00
1.019650532146231026e+00
1.085409004902256891e+00
1.080445574300015865e+00
1.045396284954547728e+00
1.004981577404368664e+00
1.052756743552230478e+00
1.069436618340872114e+00
1.003594086069293567e+00
1.071347055952693861e+00
1.084145960570275014e+00
1.024289355976049976e+00
1.099850241715118138e+00
1.036635159656724925e+00
1.047151555505403397e+00
1.085454172686978858e+00
1.089193051000371781e+00
1.040900083821639788e+00
1.024761663472906870e+00
1.056820289462830242e+00
1.067624086375304815e+00
1.082830230351580436e+00
1.031699968313762872e+00
1.087808156279753913e+00
1.040095799807243981e+00
1.073752744802296766e+00
1.089818317064619624e+00
1.017295414848776502e+00
1.033273641810646293e+00
1.017943187700198981e+00
1.070872155102977841e+00
1.022947640557238191e+00
1.073198675137893243e+00
1.094940103937054543e+00
1.095706221996350038e+00
1.057335219751079247e+00
1.098688897522332342e+00
1.095096163310405712e+00
1.018934500380121566e+00
1.047296009465375821e+00
1.071048184668792258e+00
1.081757597411422411e+00
1.031173699463693305e+00
1.054065923444740926e+00
1.068959448363985043e+00
1.005643866270084175e+00
1.043790552967490903e+00
1.015523650317309956e+00
1.085189353650208188e+00
1.000271350442094365e+00
1.000780434440689426e+00
1.016343148324916790e+00
1.052318369065756709e+00
1.067880259697027823e+00
1.041832086419873127e+00
1.091694544347876716e+00
1.065483414154366981e+00
1.074534195052267327e+00
1.018812209691144943e+00
1.077427020545598690e+00
1.045501429587237796e+00
1.083670502801495683e+00
1.020563495249023678e+00
1.045616706336854440e+00
1.055556183240050627e+00
1.010429659944971137e+00
1.071082644702346265e+00
1.046036173468102737e+00
1.076975167209993645e+00
1.097457052356600737e+00
1.010372891438497067e+00
1.075539493136001168e+00
1.008416316898181231e+00
1.025987628830208997e+00
1.086872708982656865e+00
1.031109642327579401e+00
1.015910354018022987e+00
1.078002779169541903e+00
1.036081798542874965e+00
1.036747938115625933e+00
1.053080434869002158e+00
1.065341885769216068e+00
1.087799733183348661e+00
1.096647833756179802e+00
1.059792956974824785e+00
1.043159686527396213e+00
1.065293585270434829e+00
1.063167438566349432e+00
