3.391866864576510709e-02
9.909554806061790511e-02
3.946591420845491083e-02
2.784361277056706177e-02
-8.848087401753183812e-03
6.859715543157715589e-02
-8.964099172195205689e-03
9.177916662510166024e-02
1.077738986183606959e-02
7.115483718183369249e-03
4.114809063551057300e-03
3.486502788840153966e-02
1.282846737403850815e-02
1.973113304729879822e-02
3.001799682490552748e-02
2.708434323893884818e-02
4.558324467159289434e-03
4.887165070417782975e-02
3.732993383172179824e-02
-1.839586910643287165e-02
3.984764654847654242e-02
-1.204332386707433582e-02
7.968705584684472598e-02
8.531223587955411025e-02
1.154348812487926076e-02
5.544863901987343024e-04
7.874492990918365021e-02
-1.419451328797893472e-02
8.920545440233246248e-02
9.112950497204400091e-02
1.820373530824442518e-02
-8.914939717046186513e-03
6.103192382887119571e-02
-1.530337753430088821e-04
4.302669041358177238e-02
-4.311516709289246740e-04
3.798501055078484789e-02
1.956701511008700559e-02
3.248945637927408425e-02
9.360645865751118788e-02
1.604963455941337339e-02
-3.194870126134861932e-03
-1.049085894028586527e-02
9.272179761959942201e-02
8.604476417677563160e-02
2.085281990800698718e-02
7.290440103827741658e-02
9.411653949529046048e-02
-1.482860823852539568e-02
1.139880666063418022e-02
4.067977695587801645e-02
1.295097898047777377e-02
-2.139650006209126848e-03
6.631724598220431477e-02
3.456467535841602212e-02
5.570672834179597743e-02
-5.855650695395757041e-03
3.565370400633043058e-02
9.503507351178751283e-02
1.334183837234481293e-02
4.184516371135242607e-02
-1.553725407972092118e-02
3.229307812203917327e-02
2.194223362467093499e-02
8.851123299907144581e-02
-6.023222795929785572e-03
4.547563715862154576e-02
3.087865055189041932e-02
6.943204658763919845e-02
1.299020123928481749e-02
9.083410443294727410e-03
5.175360036551338722e-03
4.908203646071077064e-02
9.356125108555640724e-02
9.508562684798192721e-02
7.603235110387400464e-02
6.797558250842052063e-02
8.202616049397744302e-02
6.428700122213383550e-02
5.333341860501443488e-02
4.017823722413241261e-02
6.315920256335610938e-02
-1.079302889428829064e-02
5.421130094789435028e-02
7.031349869916857231e-02
6.465762763738026886e-02
5.600104882832478148e-02
-1.771763057515331197e-02
-1.739719423813260515e-02
-1.187325865999036903e-02
8.907280610072086657e-02
3.593321423689332939e-02
6.991769253591555155e-02
5.835267866896785838e-02
2.010147498576630651e-02
4.813497922512469107e-03
4.203002513310744037e-02
8.489727071908484413e-02
3.765876556344336518e-03
3.839972843748279407e-02
5.018868833581979771e-02
6.661052702202897857e-02
7.302312078766706738e-02
7.496894379297684707e-02
8.639607702374826892e-02
1.005433595451015252e-02
4.557235986545397910e-02
8.773822181220077704e-03
1.155393922304820062e-02
-1.609553872553626253e-03
-4.336923241280057906e-03
2.845120707303270755e-02
9.748657803147861567e-03
1.112595488479502584e-02
7.172450900589839862e-02
8.843223897476422402e-02
4.277546947969812496e-02
-6.630542208426470213e-03
9.257239240404362135e-02
3.277860493904041772e-02
6.184337093567761345e-02
8.187207815174921133e-02
9.837646777309469459e-02
5.969159489460824225e-03
-7.842526820306904706e-03
2.645776532884313789e-02
-1.465310794609563094e-03
9.343471157758007073e-02
7.409484373470807961e-02
4.449272307518029046e-02
2.091433461615265291e-02
2.265265945213212548e-02
3.213588834068285827e-02
7.840482683766640537e-02
3.745875809883851548e-02
5.083870978853457373e-03
-1.999370286018799237e-02
5.229268647398349623e-02
5.978381709990375492e-02
-1.467974914426915800e-02
7.824294842052102739e-02
2.766945128234849990e-02
8.470395834969313142e-02
8.096293202052948224e-02
3.725501782964400765e-02
8.191325800104941324e-02
1.817254513993827800e-02
9.250020164210785711e-02
2.666516783366668433e-02
6.231473807793261321e-02
3.156230083595845670e-02
5.400994548059336042e-02
2.950317718899004779e-02
8.343097660906609314e-02
6.539732393095094160e-03
8.960797026552579092e-02
-1.514982282711923450e-02
1.929278930494442504e-02
-1.387859673690605700e-02
4.558237234876427735e-02
4.093382932650799222e-02
5.231785498023171221e-02
7.501999860290770039e-02
7.075431780947341598e-03
4.120684683183706981e-03
1.923272788003451209e-02
-1.429960632000419965e-02
8.903590655595340631e-02
9.093905446937179671e-02
9.667684257336703335e-03
-1.480146791748096838e-02
8.814269605461320933e-02
1.837871441609934334e-02
4.446881729283574253e-03
9.790654567078928283e-02
9.595983950160953679e-02
8.362662522384890773e-02
9.874361346093935010e-02
6.051221816729961123e-02
9.946421812111540250e-02
2.809516072195068423e-02
5.062434347523456224e-02
3.059565632211576694e-02
1.095375523427732575e-02
4.091679129597268483e-02
2.813725082503106337e-02
2.157296222487816925e-02
2.455503837018714261e-02
-1.711432676388785143e-02
6.588032480625775900e-02
-4.474052453072968963e-03
3.370887635387499748e-02
2.455589057641884357e-02
6.141953023891265351e-02
3.355720940783434025e-02
-1.505481746588333003e-02
8.676421699117649322e-02
5.282304479117679030e-02
9.277131116940635913e-02
2.289162132715206674e-02
1.960970663163720887e-02
6.015076067259091108e-02
9.744659114141888956e-02
3.564314896153629453e-02
4.872473338904174944e-02
-1.482665378712519355e-02
8.837953395093885167e-02
3.292272577732120731e-02
-9.690539001436366401e-03
9.247122504117594871e-03
3.396490925594190802e-02
-1.210186343131704201e-02
3.716416212640358263e-02
5.087415093240252317e-02
5.666683168600747389e-02
6.868743958149792217e-03
1.182768110738168996e-02
4.905791267255846244e-02
-1.679845155885750091e-02
8.338352434311604999e-02
8.216584424790474017e-02
7.818341095481594338e-03
1.471362273918862609e-02
-1.284276592722348800e-02
4.586330948854980272e-02
1.274075624117166142e-02
5.134966283569529499e-02
1.155900923948686640e-02
1.146101449099230438e-02
5.629398654440065375e-04
9.431050469081656007e-02
5.425593198955877550e-02
6.671345448870298622e-02
6.340320369188826022e-02
2.057270055528170535e-02
5.424707925760856309e-02
-4.219760235192875075e-03
8.592114644642401267e-02
5.250076711764140036e-04
3.581332521455543594e-02
9.007375433189503122e-02
4.115295247666005130e-02
7.222179533809235108e-03
1.049321199661478951e-02
4.677755052409457437e-03
1.976672798445956378e-02
7.658447736647036597e-02
1.489325169790721090e-02
3.297370311254183006e-04
1.598080281761851337e-02
-5.012858984009146979e-03
-5.405855898478731728e-03
7.096902104568544867e-02
9.386719101255944220e-02
-6.964506259694655185e-03
2.041491427195622418e-02
8.564130958816768002e-02
3.070334037166465302e-03
-1.998243018190259609e-02
-4.656172103059040557e-03
2.659311390834909541e-02
-8.097695939854635330e-03
1.510459207647567650e-02
-1.626386258555424444e-02
6.766739457699307014e-02
9.771412521923068806e-02
5.647898182131433353e-02
-6.341013341747844811e-03
5.011800045202575993e-02
-1.199929469423658204e-02
7.657592837767263072e-02
1.692962871789476312e-02
7.135300672946734424e-02
2.769984398080446372e-02
8.161474438972587953e-02
6.455441764418841377e-02
7.934168949825705364e-02
2.087725988405042185e-02
8.883165745879240127e-02
3.670565938118298954e-02
-1.221545867742990232e-02
1.382479922288407798e-03
-9.405951650051123242e-03
6.853385343382493999e-02
7.504821885170546297e-03
6.326498239274767899e-02
5.832899913521052970e-02
4.845320302409786284e-02
6.705175898724742567e-02
6.114921542016903133e-02
-9.495332614119611492e-03
-6.908442593065052678e-03
2.058988008870702227e-02
7.444037995450043799e-02
9.908440804585513795e-02
-1.419474395391048804e-02
-5.797771545510425201e-03
5.183426239640225031e-02
7.252509285100693093e-02
8.839113457483377401e-02
3.844531830527354865e-02
7.036768845743883449e-02
5.868340706929402184e-02
9.807645188277594461e-02
4.552500072129558872e-02
6.206315271199386308e-02
-4.065616382837637655e-03
7.182172997826379024e-02
5.223107794331315057e-02
4.151307844738084951e-02
1.508134905511826149e-02
6.501793998166509325e-02
1.297407441527983693e-02
2.975540834109782415e-02
-1.865146268954035597e-02
-1.784661455870188707e-03
1.053698147532044008e-02
9.552991716242138776e-02
4.574428809666324092e-02
9.562359764350010505e-02
6.378305487986159206e-02
-1.419718969032154887e-02
8.206566629121976597e-02
4.069866435971085383e-02
5.258308005632786331e-02
5.793955435328917991e-02
2.075673098130852504e-02
-1.850684876775762766e-02
3.306440100195798260e-02
4.149848367557204543e-02
8.968276980285488920e-02
4.035515067522886523e-03
7.510309701970328822e-02
2.667289124383795049e-02
-1.648955438808298243e-02
9.400266862793177358e-02
9.180489134223672465e-02
9.316825550631117892e-02
-5.028404622288177792e-03
9.061331887837192900e-02
1.306293923886978417e-02
6.971677447029880903e-02
6.100432782808558330e-02
4.023591566836529076e-03
8.595912323581039738e-02
3.726814572683580240e-02
1.365536501502557024e-02
2.469543722818217171e-02
4.104730392602945477e-02
7.173591088824843309e-02
4.500562539939763351e-02
4.197333614071517560e-02
1.079710703150299489e-04
8.232870014550495996e-02
-7.898502232341515772e-03
6.398370103338048287e-02
5.959151418079242091e-02
9.618088509642344630e-02
-1.400349678112393186e-02
8.670665704847434208e-02
7.158006129797102324e-02
6.614128670025287704e-02
3.464463920447051481e-02
8.685429449951397041e-02
3.515496108286862709e-02
8.080708379006357189e-02
-7.550029779306098587e-03
6.508607039663368010e-02
5.581457460786462543e-04
1.496252328479834651e-02
2.176199073281005411e-02
8.419816677829199125e-03
-1.381771376789572847e-02
2.404551218533241067e-02
5.359893626970479996e-02
8.796077421300360633e-02
8.531381521936121093e-02
2.004344225310964941e-02
4.743061590307079411e-02
8.941828485418226724e-02
1.995637893987887643e-02
-1.936450037579057898e-02
3.766870856056182826e-03
3.343397305722688173e-02
5.528591231733666345e-03
5.019528119631057328e-02
9.461396214246615977e-02
7.574905166707157633e-02
2.492023679853680104e-02
3.146229248257177702e-02
3.812961265671599431e-03
-3.841146177049985927e-03
2.791472709520625636e-02
-1.987082610746117306e-02
4.558446498436478922e-02
3.160121077395233735e-02
-1.120357225695213510e-02
3.561812903691306820e-03
6.925178535537955538e-02
6.340219631252332066e-02
6.355064826995325544e-02
1.289086306015639963e-02
2.817563207915386655e-02
9.831800082182154399e-02
2.181458113123849532e-02
8.932972074985855160e-02
3.213553378920468856e-03
8.211955922672040109e-02
5.359710927311449324e-02
1.151639876182966940e-02
-1.823567130859604646e-02
7.391556601609383659e-02
-1.620142712552181605e-02
3.766177551130704682e-02
8.920092370939623760e-02
-1.626586143521681696e-02
8.579084707354062145e-02
1.758000902656397038e-02
7.872353468213733052e-02
7.989719140410550535e-02
7.552720290601033781e-02
2.777451948818274521e-02
2.219216594418585084e-02
1.244917060483296048e-02
1.872549306839031355e-02
1.400765421657533191e-02
8.220964199030859898e-02
2.076745761612043203e-02
-1.905012831064456166e-02
5.856151343185247993e-02
4.100676873165133574e-02
4.990361257547341889e-02
-6.057568553852820531e-03
-1.624630327308036748e-02
1.644396986975811201e-02
5.648559289998202060e-02
9.372377492124728260e-02
-1.497274952800152492e-02
1.841522499178260483e-02
2.579770393528526759e-02
2.221163961230294623e-02
1.541429362868359729e-02
1.822808468324562878e-02
6.732432632337552458e-02
-1.069602454195330010e-03
9.195183493613345860e-02
8.406626585044442435e-02
8.158725040130723749e-03
-1.935358089789285252e-02
5.460728604640138761e-02
7.230005051808690436e-03
7.772851835440819368e-02
5.306902844379625395e-02
5.485637938787310541e-02
9.254608047784236569e-02
4.286720601337966341e-02
8.062406072006800262e-02
3.163890063111822470e-02
4.704958361158671776e-02
-2.529874915438708877e-03
9.362140298228449620e-02
7.520244195763965689e-02
1.534275574782152304e-02
1.093122039281295421e-03
4.687195979206075502e-02
1.475477632348324089e-02
-3.823419222255750038e-04
-9.420888374589564754e-03
3.691994659531051826e-02
8.636755491457334677e-02
9.163113859538186967e-02
6.995310349849201415e-02
-6.285710148708729267e-03
8.622828133925937444e-02
8.358295104104966622e-02
1.989026452864759223e-02
7.663426142450021489e-03
7.929012729763894318e-02
7.611675592994981976e-02
3.789364987441350141e-02
9.017279577298110971e-02
-1.256743957495403546e-02
3.213831668641102535e-02
4.428935193278608906e-02
-1.476660058014340679e-02
2.489204025177671128e-02
-1.747526138621540923e-02
-1.454739269984125366e-03
9.712988208459502615e-02
4.869746848683963181e-02
5.682318322549406719e-02
3.630585745064928566e-03
8.516032018696743922e-02
5.872690251856246824e-02
4.322810759685714876e-02
9.755297066826724983e-02
7.680454416067571122e-02
8.533229568443151392e-02
7.360268156917489091e-02
8.400363988453717068e-02
