1.047912033405274501e+00
1.043139715355196229e+00
1.011914637824476548e+00
1.028873797430394754e+00
1.006181834717687851e+00
1.069065995259901092e+00
1.002639885277221143e+00
1.059151174847419830e+00
1.048529119178126301e+00
1.057476740013383321e+00
1.060821102615900902e+00
1.049372116823908518e+00
1.021556943489483782e+00
1.041065510360592583e+00
1.069581115660308113e+00
1.024080554869695403e+00
1.065464939963818525e+00
1.069325915750646505e+00
1.026448877159888307e+00
1.014242333886733904e+00
1.046501787166186803e+00
1.058076857319955488e+00
1.000776856066307730e+00
1.007695165889586519e+00
1.020382083057844946e+00
1.084998577192993530e+00
1.023166611946849880e+00
1.072045706793634867e+00
1.064174156000754934e+00
1.099709643409192639e+00
1.037952011956559950e+00
1.081626492787972627e+00
1.025498844106494944e+00
1.046466287362836090e+00
1.081660273388034943e+00
1.005123418214498132e+00
1.006630103575274271e+00
1.072687943804705002e+00
1.087610076809045312e+00
1.028362199613705563e+00
1.025103831031835666e+00
1.092270619640764551e+00
1.098607326342950774e+00
1.018898081635879915e+00
1.046078588508801976e+00
1.006975627643689197e+00
1.078324962229555206e+00
1.047546828350996551e+00
1.029147303806388969e+00
1.068017284712638792e+00
1.092721036628540476e+00
1.082211340039833658e+00
1.075243017771701393e+00
1.045379353572655434e+00
1.070523946958696238e+00
1.037729312105537538e+00
1.097797255813137918e+00
1.093882238585252464e+00
1.066934949993762149e+00
1.033434825709139249e+00
1.098717206817289016e+00
1.088527335588914902e+00
1.087310216863583756e+00
1.035444750962247973e+00
1.040736724846112127e+00
1.049168500403665494e+00
1.098686851783045926e+00
1.013158464562859740e+00
1.034602893503570264e+00
1.032757187562971968e+00
1.076892382083251665e+00
1.056707925072335241e+00
1.020151938375997602e+00
1.018073688965339674e+00
1.060658141771204210e+00
1.019207001495225029e+00
1.067920517963237170e+00
1.023401656875978949e+00
1.043221942739080088e+00
1.091627407671402761e+00
1.000819032433780009e+00
1.003270588153456266e+00
1.023025751237933711e+00
1.085619982784635784e+00
1.028397862719176992e+00
1.089300207066350890e+00
1.004860542768476694e+00
1.018381470803373823e+00
1.096731884044658267e+00
1.000456552523512288e+00
1.076654021571215036e+00
1.011888843481467459e+00
1.011360435643720246e+00
1.093490140948031764e+00
1.051061354778684009e+00
1.097937165442263607e+00
1.019897592668887576e+00
1.014215229949181341e+00
1.071084093011572591e+00
1.098868692525923896e+00
1.038633998991026264e+00
1.089606493101601847e+00
1.094959989309336468e+00
1.097765236319202087e+00
1.052281992514540798e+00
1.005915439956059476e+00
1.033861997703745761e+00
1.006548939522233788e+00
1.054242738367525911e+00
1.065886795467971382e+00
1.036381806617160173e+00
1.089873851133304594e+00
1.007646717058112706e+00
1.074682221033100848e+00
1.036970850997493310e+00
1.002136825669850628e+00
1.076597539687990324e+00
1.011123396744809444e+00
1.050958536185222503e+00
1.039202497468490138e+00
1.027578051865944531e+00
1.003938116773459566e+00
1.082742097427800809e+00
1.003279469063583118e+00
1.020054152367856126e+00
1.020216470557830712e+00
1.050043873696289598e+00
1.096461121255942084e+00
1.067448512082056933e+00
1.076424003101513982e+00
1.081790442563975940e+00
1.026956120734927591e+00
1.085131445806965633e+00
1.076211822377118210e+00
1.034059386109221546e+00
1.023261034468860187e+00
1.045503980946936196e+00
1.066993932431020919e+00
1.016808471142139236e+00
1.054400154125956446e+00
1.022412628236842869e+00
1.035813293462293450e+00
1.047908160457415194e+00
1.082513868823062664e+00
1.007718616837449899e+00
1.041572308820394754e+00
1.031838040914960342e+00
1.075732231794282789e+00
1.071335980561606727e+00
1.072857439134104807e+00
1.005200075484343758e+00
1.080061743524124651e+00
1.086666468459165591e+00
1.029304323448290592e+00
1.005440232561855218e+00
1.051205277736867894e+00
1.040352829156783399e+00
1.074202236678683420e+00
1.098929816859829156e+00
1.041019519243643110e+00
1.055150307935261988e+00
1.067935461722132606e+00
1.051009449534235030e+00
1.022089098047247235e+00
1.007885963537989094e+00
1.067587862291828671e+00
1.066433003243732136e+00
1.031758905042985397e+00
1.059523133523255556e+00
1.069827662654278866e+00
1.009453873465847140e+00
1.006930618153385470e+00
1.042223204674123771e+00
1.008868741606258279e+00
1.037600061091100700e+00
1.043419774365519137e+00
1.077540793996422996e+00
1.025813724929672155e+00
1.077104784578015728e+00
1.002233356340416659e+00
1.016458333633008415e+00
1.088877025487976935e+00
1.040074322106613991e+00
1.051628128405109885e+00
1.096806862441192409e+00
1.057139065243685172e+00
1.055016630635247088e+00
1.003925984858487830e+00
1.028887738276089925e+00
1.015786858198888476e+00
1.018130188522886392e+00
1.005749227829794146e+00
1.058488613661527467e+00
1.020991243232167722e+00
1.038680739107967321e+00
1.004020274571008953e+00
1.032567619981207274e+00
1.087706328884867402e+00
1.074959430117419679e+00
1.042424085435710523e+00
1.087223020720125666e+00
1.026255587466530894e+00
1.059372317240637074e+00
1.061338874223045625e+00
1.086317418364350029e+00
1.055128999108499777e+00
1.059223354343400203e+00
1.043333360183283043e+00
1.026652125630093559e+00
1.055443113193743843e+00
1.009919180620370671e+00
1.009642725409388486e+00
1.053008858500537270e+00
1.043475838072732920e+00
1.061647628386139575e+00
1.064893119949113176e+00
1.048897973878378576e+00
1.093754758418188144e+00
1.082262930974405180e+00
1.008569363016422082e+00
1.029019742760639788e+00
1.031928028423838795e+00
1.073035520647600549e+00
1.007944186203992620e+00
1.057679881667068944e+00
1.032094142662744352e+00
1.096386950132608673e+00
1.067212864560211694e+00
1.085931062065421004e+00
1.041038368946019865e+00
1.011128124538076545e+00
1.082389855575952575e+00
1.013061643767471098e+00
1.083056220933392488e+00
1.056570401157052919e+00
1.091235129121064240e+00
1.030855409271095535e+00
1.075505511863846131e+00
1.046506305838420747e+00
1.088673401286736508e+00
1.027376954899895667e+00
1.008394985407107036e+00
1.005501499615189420e+00
1.016981367421229132e+00
1.031480737129982561e+00
1.085594531008750474e+00
1.006248289881595204e+00
1.037335635255407507e+00
1.063617159075163521e+00
1.057881512604240015e+00
1.093001002258502830e+00
1.051390416192841792e+00
1.063725044435019917e+00
1.051454510655273955e+00
1.002875329786869552e+00
1.049042206136018063e+00
1.068175731321977739e+00
1.007794407074391163e+00
1.069838915330750373e+00
1.062005332525032930e+00
1.035908710452050574e+00
1.088230898150631232e+00
1.091746879930781455e+00
1.035211863142280198e+00
1.020458623557780831e+00
1.088149230332749573e+00
1.051763154466795580e+00
1.074290115949629865e+00
1.095088576542637915e+00
1.040869378066891171e+00
1.044818151205137990e+00
1.061996054205346818e+00
1.042771092292800850e+00
1.044989445697217079e+00
1.030302497929861838e+00
1.072670060908454959e+00
1.056761668440363788e+00
1.044775137195977255e+00
1.068679338095144260e+00
1.021136133937748935e+00
1.028307020087888324e+00
1.000980347599429665e+00
1.090510252100039601e+00
1.048827971398906156e+00
1.062622766517284045e+00
1.039280996465562268e+00
1.030708964796614779e+00
1.017740922184281027e+00
1.049396865229871079e+00
1.022808657562220169e+00
1.022766953109051968e+00
1.076722258171670887e+00
1.072770470161047873e+00
1.077327551063512523e+00
1.014352842971983248e+00
1.007040287548115698e+00
1.067274436710114127e+00
1.057836262064979271e+00
1.077332122716093465e+00
1.086546105949186325e+00
1.062341030124058117e+00
1.001181480284975667e+00
1.009259515059683920e+00
1.067577557412560552e+00
1.063278828398687148e+00
1.087859994648400219e+00
1.029049898178870937e+00
1.049318625939152039e+00
1.056972569863953160e+00
1.056138006294596865e+00
1.024127112104753934e+00
1.097847878781421427e+00
1.095474711360576281e+00
1.066806418204465645e+00
1.077640326437292018e+00
1.057770884916231058e+00
1.020255702003851184e+00
1.057979065613902314e+00
1.052971499581174752e+00
1.062223536831273130e+00
1.008749544647593588e+00
1.092369214880557049e+00
1.068849883978533422e+00
1.046936589932931705e+00
1.018379694596073914e+00
1.008225679056825141e+00
1.014285792714284318e+00
1.058700148542842445e+00
1.081789532202608095e+00
1.057926741381839397e+00
1.062198818937386324e+00
1.064251037223337581e+00
1.023075978065371094e+00
1.066276123901799933e+00
1.044730295192052960e+00
1.075467056052800352e+00
1.036002381092840929e+00
1.068148589549026806e+00
1.051829236352519903e+00
1.015890584286786247e+00
1.020453844423864220e+00
1.030771465629763073e+00
1.005140969875626622e+00
1.066224966184753598e+00
1.063310696321277948e+00
1.015310693993596303e+00
1.062271750855998453e+00
1.049855516984890880e+00
1.067177100972324322e+00
1.029161326840349444e+00
1.043121315853391629e+00
1.082988289359514633e+00
1.050243658007922631e+00
1.071095532669060768e+00
1.020199384447840751e+00
1.086903499604203294e+00
1.075973873950558213e+00
1.074648247676104784e+00
1.085965574153978430e+00
1.081503269375334142e+00
1.059949033156318832e+00
1.015898029119667534e+00
1.090797917137106721e+00
1.019698441864285376e+00
1.040522576085622486e+00
1.030113857649007425e+00
1.048340371712832564e+00
1.033418050363153151e+00
1.028385375932592716e+00
1.059442473585749722e+00
1.027730932553714727e+00
1.060908457142865968e+00
1.023591348395117562e+00
1.085676069719407444e+00
1.006006430330771195e+00
1.035565250953863980e+00
1.008811700965932756e+00
1.072727363715582749e+00
1.076908732010266601e+00
1.015690754934040374e+00
1.085673652074355955e+00
1.034523618759203067e+00
1.074359980985597485e+00
1.045351304954070581e+00
1.022979125580388615e+00
1.071575929361355817e+00
1.066325628460031982e+00
1.066680595809035736e+00
1.031836520123389001e+00
1.099932742586396284e+00
1.042927162140032893e+00
1.006276003803677321e+00
1.032362750590415157e+00
1.058263964670894453e+00
1.058695698676001662e+00
1.029793308081519365e+00
1.072965241504145517e+00
1.010878252208952777e+00
1.043547727581469964e+00
1.017135044435288904e+00
1.033624594988569179e+00
1.009540417746473295e+00
1.061173002848388336e+00
1.070125823806149734e+00
1.093727605400350855e+00
1.043212740983137321e+00
1.059562830925085075e+00
1.030591435715546567e+00
1.033438410090012471e+00
1.008947036743667702e+00
1.033946361609520359e+00
1.074362117729338761e+00
1.027667807235319586e+00
1.012699120484236603e+00
1.007613043277171716e+00
1.026762118168731419e+00
1.033333588306293294e+00
1.018871520546738241e+00
1.042461910721935059e+00
1.082226341335264408e+00
1.057702083620917000e+00
1.034144295691903803e+00
1.047731396963935024e+00
1.089662603279934583e+00
1.020655362176474901e+00
1.022216716848808993e+00
1.077439401712952938e+00
1.051023400382468997e+00
1.045077146623224706e+00
1.060724088166630441e+00
1.021609279463346009e+00
1.005366799420298163e+00
1.037407673435046584e+00
1.059025363181239632e+00
1.085376043049200767e+00
1.097866462841616375e+00
1.060444539643607076e+00
1.098653210630641475e+00
1.048044854951230453e+00
1.059780486078460315e+00
1.099683152937846131e+00
1.087332017517714799e+00
1.068264271257994391e+00
1.086860706823102207e+00
1.040708399459318700e+00
1.034173573168140958e+00
1.031814891641240184e+00
1.039302336246984870e+00
1.077902430226621133e+00
1.064359521968538225e+00
1.014825103837476039e+00
1.052188885612148184e+00
1.071553608836357085e+00
1.087125370413155379e+00
1.047265697190497002e+00
1.073091084098170223e+00
1.030688978206722339e+00
1.009148394889449962e+00
1.095731277734001585e+00
1.025604375651256506e+00
1.097443927312564682e+00
1.026497681296351105e+00
1.065298352418032390e+00
1.064506750116645195e+00
1.072961112116912918e+00
1.079953634640901772e+00
1.055140737074874879e+00
1.053856818345545454e+00
1.096402761008263615e+00
1.053954872756727612e+00
1.056230481290427514e+00
1.090679747716860382e+00
1.009055010697945232e+00
1.091925308518040039e+00
1.090290152214621555e+00
1.042855687387479025e+00
1.032276922959279863e+00
1.028314999023721477e+00
1.051347689513267403e+00
1.060555960799765662e+00
1.034344285305982547e+00
1.024625170184125356e+00
1.099441853717268325e+00
1.089728324115272873e+00
1.084400515194887227e+00
1.090783524290320994e+00
1.067045455245064778e+00
1.067263283885488523e+00
1.006780944919972942e+00
1.028208546587791705e+00
1.085920798027987688e+00
1.076086322803960549e+00
1.034750174719122340e+00
1.016549850311587067e+00
1.016638876420854487e+00
1.038487320761048771e+00
1.094705187868990182e+00
1.062270859684590230e+00
1.011929681049134944e+00
1.084179466606301823e+00
