9.323958052206397784e-02
9.834659605998870291e-02
-3.432281951809765252e-04
8.256447764001109690e-02
-1.304061031728834252e-02
4.778331243926418892e-02
-2.294771433288746165e-03
3.870997835870072790e-02
1.219283552172771221e-02
7.572833425146033304e-02
6.330083033313169127e-02
6.877973067644649330e-02
1.500006916712683450e-02
2.745814060576992274e-02
6.242903516059572500e-02
5.501913529831339161e-03
3.923363701997628628e-02
6.612966793622762629e-02
6.833493913642174622e-02
9.212534565869594239e-02
4.924143964445881760e-02
1.294125360209823564e-02
-5.145744865791316083e-03
-8.212811652512499311e-03
6.775392671810832879e-02
2.318418771688164279e-02
5.421618920679167897e-02
4.814511016953224032e-02
6.410393368632788524e-02
9.055738165894774289e-03
5.319176202574811552e-02
5.058834802008173315e-02
7.583785848801764817e-02
3.656631779059461851e-02
4.739057924652004261e-02
3.949956738674502421e-02
4.845190788698404416e-02
-3.728231581984979559e-03
2.533831676776642297e-02
8.367239992253558412e-02
4.615937449902650369e-02
-3.703061427432034758e-03
7.756381421572117185e-02
6.425721393762634515e-02
8.780879126585705574e-03
-1.165704306547267477e-02
5.759561652277304933e-02
5.344203091527748029e-02
2.005076053368143665e-02
2.301476501370391600e-02
5.287922653884737090e-02
3.153602897517539250e-02
7.780748969224908496e-02
6.347722509978961924e-03
2.691535538142312764e-02
7.750859282548948348e-02
3.544402874705968043e-02
5.535512521603587477e-02
-1.333358089585261544e-02
4.727451804084199793e-02
-1.423691354741500430e-02
5.877537527449881033e-03
6.082355173552381200e-02
6.197907028183521905e-02
4.772728142927619432e-02
4.859968069527730028e-02
3.400834409256069113e-02
5.595484001565561444e-03
6.269196897798380574e-02
-8.910386297755526139e-03
9.643091860185787345e-02
5.609836749749909368e-02
7.130104929597214092e-02
2.726640300038528017e-02
9.072482349652344347e-02
-8.619129377589383051e-03
7.046392291373754224e-02
7.923170124106847234e-02
7.577768059251366317e-02
-3.801872481688006733e-03
1.466614695324157044e-02
5.009707756209369478e-02
-1.821848684485662465e-02
6.769713637481161728e-02
5.581850714893599186e-02
-6.057996913285922103e-04
8.510094149818282772e-02
7.127784305740118842e-03
9.710823264333608151e-02
5.302080231764991214e-02
3.448942333209666089e-02
8.952284736490902228e-02
-1.643889949698403713e-02
-1.968376268770433840e-03
1.272045844179245724e-02
9.625595857104350672e-02
7.376854532907156647e-02
3.024421320000910199e-02
7.315154983397627320e-02
-1.518086567862091812e-02
1.243271709948324741e-02
1.612900183868449730e-02
7.961145720276907589e-02
4.255598585729603034e-02
9.622232699059696248e-02
5.372510829006103827e-02
8.057099120823589533e-02
3.988547656999302804e-02
-3.682286587444814907e-03
9.666112163526142942e-02
5.713790505239223216e-02
3.701994078173707209e-03
1.948269061041521186e-02
2.230008490375996397e-02
8.136169446424602880e-02
5.782823715087807848e-02
1.826631062596774727e-02
3.515378037064634253e-02
8.291541546322594297e-03
3.742916161519506402e-02
3.711263644044029975e-02
8.193551597516494922e-02
2.140910624140765148e-02
-3.021009668588807429e-03
2.606039743630625752e-02
3.325454910671726827e-02
2.377582875149848035e-03
3.439475045127807218e-02
-1.464694641585335619e-02
4.920583782855690591e-02
9.328663117430269214e-02
8.970151663522457630e-02
1.740606523709713541e-02
4.408980686677338445e-02
-4.724690519176228190e-03
3.548348916818440391e-02
7.196454509629765517e-02
4.562505369924088616e-02
6.096063634930556918e-02
-1.311626617280439722e-02
6.922177620341538051e-02
1.097221613299362297e-02
7.698097674903427168e-02
7.453338861766110185e-03
9.937633408903710774e-02
-1.855376399083101882e-02
-1.159540547102699305e-02
5.120275392640198653e-02
1.277060958873802235e-02
9.265170557367131271e-03
3.032692091446512542e-02
3.241269879332955850e-02
5.969354582224438432e-02
8.143309610281246336e-02
7.162550440111312144e-02
3.681112384160190043e-02
8.414542721784087909e-02
5.735109877316152405e-03
9.330368065261467059e-02
6.360102581991218529e-02
9.335134750201261322e-02
3.260895218153940511e-02
4.729010543334728756e-02
-5.983576719144657885e-03
6.292090880699423294e-02
2.186766562420055030e-02
5.334249830949848448e-02
-8.030090756589855147e-03
2.611520285382626025e-02
8.119799689435404366e-02
9.224753002265598245e-02
4.312694562044741553e-02
4.316743672693661160e-02
4.938620918946923233e-03
7.299888285433681068e-02
3.406153561717599476e-02
9.494359871468915912e-02
7.609019407493405190e-03
5.951176594618753923e-02
2.487927981128487329e-02
5.515407684212915440e-04
4.933980718172882585e-02
6.132330209569347712e-02
5.103267824529554575e-02
-1.835063409500701723e-02
5.076558278514403666e-02
9.365186146305226611e-02
1.481961164589143745e-02
9.522790182055837493e-02
2.709455605824705876e-03
9.148768464397039057e-02
5.000268511964760937e-03
2.068287719678410172e-02
-6.661287748391669927e-03
7.101996167676707938e-02
8.157812356406253518e-02
3.070745797942274480e-03
5.787117224493038004e-02
6.955764635522838912e-02
9.320138363255217606e-02
6.634339159510745099e-02
-1.204248925724053093e-02
-2.759348473355089509e-03
8.763394968066789970e-02
-4.249405293349980961e-04
2.316993328640263791e-02
9.651093140181656038e-02
-7.244854125781307469e-03
-1.812754639141801738e-02
-1.430239618125977302e-02
9.153696801697162877e-03
9.656567108402430710e-02
3.249647716689457733e-02
1.770607079516136814e-02
1.712034116610418669e-02
3.364353914704269755e-02
7.573674680787093050e-02
-6.690049775333228171e-03
2.701980299777874059e-02
2.104039362943039768e-02
9.126112281760161149e-02
7.631390212754074476e-02
-2.755150229502196374e-03
3.974100027448140837e-02
1.896975077645471700e-02
6.709259012561824553e-02
-1.011596160038152892e-03
2.075356708788838114e-02
3.205246642052560213e-02
-1.829709335942976758e-02
3.254316255374671563e-02
5.075317772392581861e-02
1.390346725020311786e-03
3.143500478390205688e-02
2.069608216503442469e-02
1.308179314658968959e-02
8.183447482502008430e-02
8.980746035323704246e-02
7.790826491012800559e-02
-1.955086698176880175e-02
-1.501099975476698906e-02
5.991762938387713844e-02
8.022645905034980762e-02
2.402788600830583696e-02
8.850983566834065563e-02
9.860650413703059974e-03
6.186090150204971716e-02
6.444699137011077050e-02
2.960229682012777488e-02
6.983437244847018333e-02
4.703773611108774677e-02
9.476182143610066555e-02
5.521362421844443202e-04
9.394170597464709949e-02
4.545352770605252946e-02
-1.878473095550637836e-02
8.771540394214061287e-02
2.312298522234426321e-02
2.837315838732632975e-02
1.184988287938797472e-02
9.431851859592256526e-03
3.587214451344207522e-02
8.966151165534035072e-02
2.115097091168053126e-02
-1.230267587702098611e-02
3.500485948683525195e-02
2.764410235343236003e-02
4.717179594920985208e-02
7.888291664930424663e-02
-1.357802092754196652e-02
8.874077834815589927e-02
5.090813166299451575e-02
5.995610931494498030e-02
5.323752633649460331e-03
2.457215983730319173e-02
8.617381403730332845e-02
4.478051546217605428e-02
3.346749590354779202e-02
6.862101186814534293e-02
6.872064865741656092e-02
1.077388765804938864e-03
-1.191704935746871682e-02
-1.661868632569173110e-02
-1.025606967587930005e-02
-1.945457455268170474e-02
8.960877433114387836e-02
1.343474605084998483e-02
8.746822577238878849e-02
6.798864695025000349e-02
5.003564295922377503e-02
9.296555822574764649e-02
8.706505800228249436e-02
-6.566651243748314673e-03
8.398060820957191364e-02
5.650476348550360906e-02
8.668217399479645480e-02
9.181325905101633822e-02
4.015390458924930628e-02
7.938255997751947346e-02
-5.205250234603395545e-03
5.788026514751791474e-02
7.654406919493515760e-02
3.818067845907051339e-02
2.788799814090267906e-02
1.385428277430482760e-02
1.590973752736148453e-02
4.938181571110627360e-03
3.692305499735076824e-02
5.951412940329486867e-02
8.065803926844353211e-02
4.590685772440594725e-02
5.753413541310166412e-02
5.161170872132966880e-02
5.142904860203703632e-02
8.264597135102697001e-02
-4.172800896469593818e-03
5.191340587718093480e-02
5.086220882223042861e-02
7.904431544811285626e-02
-1.099310630557579459e-02
6.820169268841559662e-02
7.630752520195540484e-03
3.164715219157102077e-02
3.796607312512073618e-02
1.766679705832448558e-02
7.761603468146546780e-02
5.929752339706903519e-02
3.034167857707904467e-02
4.638310606268017389e-02
8.917981275596424673e-02
7.063043204620712834e-02
-1.894539910941570732e-02
4.201574063050970281e-03
5.939949527842251775e-02
9.423005466968316368e-02
5.829512884044578402e-02
3.443502962747099772e-02
4.622780249670988689e-03
6.281320191807068798e-02
6.092795602656377041e-02
5.907880175584226401e-02
6.006345324888691384e-02
7.488148880733450086e-02
5.633944723941285149e-02
5.765989664024558092e-02
1.079109320925751223e-02
-2.685147504279023628e-03
8.591303052612665747e-02
-1.249292255219394687e-02
-2.826491828249191873e-03
9.989038614385732651e-02
-1.236134478145937791e-02
-2.537481660142087980e-03
6.538782625948964811e-02
-3.630916349985642555e-03
2.526708200266665136e-02
-1.005438426549032371e-02
5.194131455284148324e-03
5.525965019556838831e-02
4.177598981761836139e-02
6.948505944759295061e-02
-1.549793853423515194e-02
2.977938762678768517e-02
3.187608147295600824e-02
8.968485942534722144e-02
1.284236459569861391e-02
8.905664260768805796e-02
8.380756108011669370e-02
-3.816419912237349610e-03
1.897265559791871600e-02
7.573739432597587085e-02
-1.536095056911490619e-02
1.047526700946606673e-02
2.448081908115687030e-02
5.020434651488657474e-02
2.722330322249080434e-02
4.477610699602542488e-02
4.629558206567735423e-02
-1.198603208300476342e-02
8.584769419882722075e-02
5.822571068270959715e-02
1.784918062296596622e-02
8.008757384065459672e-02
7.489600931021302144e-02
-1.380534329008432926e-02
2.586558730698393024e-02
1.191666706836578757e-02
-1.223386830702093836e-03
8.502779515505539537e-03
5.239527328871913803e-02
2.628615760113440711e-02
4.947929030868637723e-02
2.476195642489132168e-02
6.498036135475884767e-02
2.053789184663035519e-02
4.506477449207065000e-02
-2.482265821428360220e-03
8.226196938547088167e-02
4.253995308362230887e-02
7.074594876391060438e-02
-1.525063738101894127e-02
1.389858449872951110e-02
4.952426503663835688e-02
4.910356961275740700e-03
4.870460191017290941e-02
9.108347492802897072e-02
9.168314588573604762e-02
2.204622460104483858e-02
-3.011875279341699740e-04
5.519649289876683851e-02
5.624009665745037523e-02
5.566662242239284186e-02
2.697763147230528707e-03
3.917268511105784223e-02
3.041357804317678867e-02
5.211698458864374300e-03
5.127747962297576900e-02
1.894552209069658155e-03
7.343650546756784470e-02
-1.923366123154825885e-02
3.473465538415583531e-02
2.563076933661674953e-02
4.472125080258125551e-02
8.186400912663122087e-02
6.001554080503865296e-02
4.117071806535982370e-02
-1.760650728503000695e-02
2.702239564209723763e-02
-6.771864191905740266e-03
6.010556235616511256e-02
4.601536582347055815e-02
-4.764732812935332587e-03
7.286982375478455454e-02
-8.936288838679607230e-03
4.338887655901374485e-02
7.740337996055829395e-02
5.699977959174151732e-03
-5.814269885072095856e-05
1.499532270020191571e-03
-1.170770932624963165e-02
2.782509824468203455e-02
-1.989652298364487024e-02
9.082219490256959737e-02
-6.906608358418950613e-03
2.505790305952574834e-02
6.920608252256724158e-02
2.102037175977905861e-02
5.572249639652773062e-03
-4.145171472603164514e-03
6.353548447646162334e-02
-1.509137629179938683e-02
7.171319179568051705e-02
6.700823095055989664e-02
1.222763018689458983e-02
7.405713345925624136e-02
2.949409012544134887e-02
2.375283818270041217e-02
6.274737579376660213e-02
-1.070349780276152324e-02
1.396861395924018853e-02
-1.938526540446181695e-02
-1.551821700001767591e-02
-1.028599302439042046e-02
-1.440991033346466013e-02
1.451601594722467040e-02
8.893151496980852833e-02
8.173431525694160177e-03
5.259662659979126575e-02
5.536907398544916453e-03
3.441792084569222920e-02
6.511215554291127638e-03
2.020253675096440535e-02
6.985802522863351904e-02
4.711725463886132226e-02
5.353855811794681896e-02
1.775009959331441331e-02
7.180180724701765160e-02
9.746589295738712633e-02
9.156538035862706038e-02
6.745005379913002197e-02
5.552198445636406798e-02
4.748037602206606200e-02
5.631447870068083394e-02
5.997028315732861464e-03
-1.692267463128332289e-02
5.423473236930430319e-02
6.302706004818230817e-03
9.334724370161785745e-02
7.264903951904447266e-03
8.658178273920974499e-02
-1.242803442235890406e-02
-1.951049853629383338e-02
3.973220852213925347e-02
9.881040306422465835e-02
3.136095701621520460e-02
-1.555847051925776658e-02
5.826426805034888579e-02
4.856043569836074325e-02
9.876769427079853947e-02
8.363122856593126903e-03
3.663171765631251242e-02
-1.950019565672903368e-02
5.852552741547525222e-03
-1.825561401495173416e-02
9.282693533938640718e-02
-6.889983029984237881e-03
6.176676454247363723e-02
2.675623577524272392e-02
-5.904949606892299918e-03
7.142429132340114006e-02
3.187861120701890316e-02
4.291494186875415007e-02
-1.924786401799492147e-02
2.395539035225871874e-02
-6.105004307799255514e-03
8.940594100284783574e-02
9.208971255528490552e-02
2.188302186684224979e-02
7.176991895219353434e-02
7.483870877037357427e-02
8.915295887627400218e-02
8.882867373501848740e-02
4.079842027768355861e-02
6.816285574179319073e-02
4.059583171706254712e-02
7.668124777848808749e-02
2.344225079878647228e-03
9.343616935580149885e-02
7.219292331211293878e-02
5.286076935088188100e-02
1.264822264449185982e-02
-1.112795011564171946e-02
4.059244470704251317e-02
1.719747601099960374e-02
4.378708237071161913e-02
-6.140673127724113542e-03
8.482463946075466388e-02
9.038803896662544329e-03
5.021501318772472744e-02
-1.975646817309567940e-02
1.092857768420954154e-02
9.570086080772506609e-02
2.631139287260056761e-02
5.372608724061776753e-02
1.941308330236630672e-02
5.865940839190730838e-02
-1.774272485317839737e-02
3.832116552090415740e-02
2.848897300853694622e-02
-1.242275134581742428e-02
2.507835560919435478e-02
-8.261849831516024367e-04
2.510339464288590186e-02
-1.313959939455682999e-02
1.983453842425696514e-02
6.292991653583369926e-02
3.416075280580578577e-02
7.178071892697310274e-02
4.651586062802316734e-02
-1.563110201530348159e-02
4.628961556897795426e-02
4.655113462433388416e-02
9.163742856849108054e-02
3.915599663774824157e-02
-1.654398609084457850e-02
8.804749521866632456e-02
9.022368563414108478e-02
8.484057847710393951e-02
-1.194545006650226705e-02
9.417972698290345834e-02
2.101649492027996349e-02
5.836483950288666456e-02
3.798548223459130568e-02
8.205286463594242685e-02
2.106566137030533789e-02
7.046232106196401168e-02
2.752080934924149014e-03
8.222948094347563852e-02
2.843909613523139604e-02
7.994330641692881656e-02
7.143844443867854166e-02
9.600183658502224604e-02
8.021822696009293929e-02
3.268736530159940812e-02
8.332140802734556984e-02
1.474934879284372016e-02
8.212452349439572363e-02
7.957240162486473034e-02
-4.972856575510683705e-03
2.393489610110799762e-02
-4.123902875526618689e-03
3.509934630719331594e-02
5.185785752791526038e-02
6.614444129622400192e-02
6.504541338233689463e-02
8.620942298966387252e-02
1.137811901324302030e-02
3.796747213819098854e-02
-9.785433147547067945e-03
5.717591879835504098e-02
-1.995250452143488770e-02
4.583397509756652333e-02
-7.028979162840358688e-03
1.326762065061594734e-02
2.437482277031565586e-03
2.830252165024906355e-02
3.997465293626077665e-02
5.068041354023192224e-02
9.179931366604457410e-03
-8.953664630180649051e-03
6.959219046794866415e-02
7.111959597587785842e-02
6.467806788090653403e-02
5.794520583250500900e-02
2.031338678411078250e-02
-6.277294497737114648e-03
3.331575422222121663e-02
5.993831891568701664e-02
4.339274739626750033e-02
7.871240960503106399e-02
-9.026005583423585624e-03
1.148467711200945596e-03
1.042740936197607965e-02
3.985768943404820186e-03
3.496753605920940866e-02
3.493457238046389357e-02
7.163437692049212657e-02
6.021994491219948009e-02
-9.620117964312981107e-03
1.532635523021421906e-02
6.947740349921736891e-02
9.954588024081799380e-02
6.840328839146030127e-02
-1.024551214907693658e-02
7.110561464027995160e-02
3.046891848006772277e-02
-7.868425014310589244e-03
5.011863642070239766e-02
3.767306049574406512e-02
8.974880316897776433e-02
-3.612598187508839903e-03
-1.414292498030847445e-02
3.594922027687381949e-02
9.255175635755312491e-02
-1.987494234695284454e-02
6.725670824939268544e-02
5.216043416414034573e-02
7.948737259377794406e-02
5.579362616958957050e-03
8.277030438860981387e-02
3.648508257282020995e-02
6.624093371719801115e-02
7.695760486233645115e-02
8.894421962146428773e-02
5.496927699474543627e-02
2.044443231311134437e-02
3.061877108357808144e-02
3.614162822877657610e-02
7.530076749405321956e-02
1.068852198436039472e-02
7.743792985717490307e-02
8.350979009497486172e-02
5.344199827779090584e-02
6.650910539908512498e-02
-3.342941708481390189e-03
3.333617555525221487e-02
9.361998137568355860e-02
6.689563160937099517e-02
-7.491102795013367122e-03
4.234669174964363070e-02
3.813304576787120148e-02
5.289433278065948374e-04
7.418871444713577568e-02
2.328317812429075637e-02
2.610350871805194525e-02
2.387338440517097760e-03
6.118598518921937457e-02
9.324097571991214750e-03
9.405146095853969546e-02
2.946384637755344871e-03
8.510999360867352315e-02
5.112611638805508729e-02
-8.601794702197004816e-03
1.216919621751104755e-02
4.761621646345247372e-02
3.874968110258023013e-02
9.743080164716591551e-02
4.479005396292490282e-02
-1.098465564038427107e-02
3.166137772528245659e-03
8.782527122999504721e-02
3.614128103196913994e-03
5.517156183373606027e-02
2.574305897992949441e-02
9.564394233590185757e-02
1.079223959037541383e-02
7.413480518774059891e-02
-5.419296439234678672e-03
5.986065803343500191e-02
6.969461661375353501e-02
8.728059865146864382e-02
6.278083206175343045e-02
-7.635751604985072105e-03
8.845066648578794877e-02
1.328653378582899183e-02
5.906667933053320885e-02
3.944391065514080141e-02
3.646555193969093500e-02
-1.667797734977894894e-02
1.494305226451308685e-02
1.205957414779672970e-03
7.751810585774306095e-02
4.284344173691459479e-03
4.543466146964235397e-04
5.796843855813711699e-02
-8.608126485436379260e-03
-1.486872849468896460e-02
1.212202707616006833e-02
6.023036449127752712e-02
1.003536604337482846e-02
-1.417420602332261637e-02
-2.999178129625822142e-03
6.706787171529141056e-02
-7.925626096511160026e-03
-1.974270454541049435e-02
2.321709032052286445e-02
4.208117313063268472e-02
1.356752008194083911e-02
-5.760653352908116920e-03
1.589671217465725081e-02
5.830607998272914483e-02
5.507491943464572215e-02
1.011617956430985177e-02
9.105123864108409515e-03
3.659996173835138034e-02
1.421578317400360933e-02
6.661248174332050354e-04
8.256334611058722961e-02
5.670939346404028913e-02
-1.372684590901487346e-02
6.076178908428937764e-04
9.635776244221874731e-02
3.356474495393482749e-02
7.061920671976064379e-02
-7.254951458322160540e-03
9.821816455456487682e-02
9.435531176649637752e-02
3.342918388650389927e-02
-5.889310750569238737e-03
9.537533276825649331e-02
4.698292537063972207e-02
1.450553486143573226e-02
-1.599862698026049967e-02
9.710170564899325840e-02
4.695096644249110995e-02
1.659947835218070558e-02
1.215862072195365504e-02
4.782912863712791840e-02
2.602773535624496384e-02
7.340561736169350093e-02
2.718138141469025534e-02
-1.004747832324055963e-02
6.498872547975677316e-02
6.356536865184719831e-02
7.997484324111543696e-02
3.898073811518133758e-02
5.866295845215195592e-02
-1.642277217589839175e-02
-9.512913270096090904e-03
3.339259357371314463e-02
3.029616243797538314e-02
9.872905997716897863e-02
7.162501037075032218e-02
-1.992934144638988311e-02
7.762387993195687952e-03
2.009595903247056101e-02
-8.914157749305519352e-03
5.422648634690893643e-02
4.294669366046190151e-02
7.470095172264260008e-02
7.131139087728632919e-02
2.351292576879621468e-02
9.100414540691852128e-02
1.954808609861275956e-02
8.534320447244660157e-02
6.278382899892645530e-02
3.591613156567602383e-02
7.313218637168278358e-02
-9.306732449970466989e-03
5.669877814833967911e-02
6.805172279807009117e-02
4.424870472934015753e-02
3.591555943536774154e-02
8.399178363623201193e-03
8.018070456538022028e-02
3.675839569601226098e-02
8.444642455412108839e-02
8.697794460714940168e-03
-4.769396003923030702e-03
2.833372841148800933e-02
3.329800030269255973e-02
3.741733000468934478e-02
-1.319056578680991021e-03
1.263367297044548990e-02
2.186593679333066406e-02
3.043903497835473079e-02
8.837248682095705243e-03
1.480763523191571882e-02
7.641534129580895840e-02
1.600444296382016671e-02
9.223903457760657121e-02
6.951795888257727984e-02
5.920665311341548331e-02
9.423767246630057604e-02
2.980908656275374144e-02
6.183020574010279768e-02
5.269811183561137757e-02
4.525889413236113684e-03
2.198903756847252547e-02
5.129641476668278521e-02
3.282814159822734779e-02
8.795390220033654644e-03
9.821342762659382442e-02
9.782948691980257461e-02
3.842996975799024828e-02
7.150849441137648033e-02
3.412633986930402319e-02
-5.609680459912235601e-03
8.602049579853217331e-02
4.624048628428466257e-02
8.621352233207232874e-02
1.781992423160401115e-02
3.422347332662366293e-02
8.768325088610033624e-02
3.827075722221798260e-02
-6.106665152945181529e-04
6.045105405490501516e-02
9.942719943602267019e-02
1.647172297397715354e-02
4.031969172378718769e-02
-2.569096770818044689e-03
9.931027603740236187e-02
-3.242985110485312183e-03
4.726241087245214301e-02
7.574991158119190326e-02
4.076370856989025571e-02
8.729159741255967941e-02
1.254411396366368267e-02
4.640478816565767051e-02
1.871904248032515289e-03
9.584155423548558483e-02
8.144018826123720911e-02
3.221489124026691298e-02
2.271260895810162453e-02
8.052668661383674542e-02
-3.911994892739516227e-03
6.801748297828946743e-02
-1.749532440353755713e-02
8.839561870496211171e-02
-1.463619915467803331e-02
4.180365118466405905e-02
7.799134979152560349e-03
3.743699874774332470e-02
5.295408211383065278e-02
3.544257395102860808e-02
1.639207649758680010e-02
-1.644346815557675562e-02
5.163398506042547742e-03
6.914351726202293269e-02
2.333699544107178600e-02
7.370104458575983675e-02
3.674680674886726672e-02
4.713697215313190914e-02
-4.812948822680351846e-03
6.746399405781763892e-02
6.888107379155711252e-03
5.874378310936867464e-02
5.792198765440589869e-02
-9.889254791196261385e-03
8.160456746472184719e-02
1.145122831034782115e-02
-4.284000772788471717e-03
4.737277753923636869e-03
2.767007638044978110e-02
1.354582120417993987e-02
3.602980163632395205e-02
9.578006224337741459e-02
1.667570109163211620e-02
-1.799535077738650263e-03
2.458875414414342028e-02
5.126630302833967701e-02
8.637286149735444452e-02
1.402642514877905713e-02
3.191070335241734390e-03
-4.004922871480891960e-03
9.985628528638562651e-02
4.197486349211670964e-02
4.902025953186261997e-02
6.946710643897451021e-02
4.156416698639871232e-02
4.860245819816204349e-02
2.370828070122967327e-02
6.757391429626383172e-02
3.750542282781725578e-02
8.646103425082746208e-02
1.264829584280686633e-02
6.708259402307245600e-02
-1.472193715431665759e-02
5.193085326734583895e-02
1.985662408080873451e-02
2.821965529513089169e-02
3.326294724554675064e-02
6.704308118985190246e-02
3.721915855541398088e-02
2.226996514582415751e-02
6.216294789795510922e-02
3.911942827280451285e-02
4.034607405539708536e-02
-9.063036435746511799e-03
7.550417367767238430e-02
2.477216365975743947e-02
6.755158422346416169e-02
5.603165592891054536e-02
5.837734562272545169e-02
9.049590815627360507e-03
5.640360205897622381e-02
4.813850727756630032e-02
8.137254793840813238e-02
9.730513351344205475e-02
7.473392926193621333e-02
-6.294998164883084182e-03
9.560294132476571116e-02
-1.755104929653839366e-02
-8.070773142374103662e-03
-4.129597527241908594e-03
-4.826245094258293719e-03
-6.097283947560335968e-03
3.986000799243520631e-02
2.838919376595947300e-02
4.519464497098890643e-03
2.409057612003231638e-02
1.261436041265657712e-02
4.229083774938881962e-03
6.797314157231656995e-02
1.604286311414854574e-02
6.712832335151196206e-02
3.641022768964125023e-02
-1.182393395231973524e-02
2.513996881494228938e-02
-1.680008064450735916e-02
9.061376899205739188e-02
9.144427765140271391e-02
4.722675483981195188e-02
6.122149377614703736e-02
-7.608427800981911945e-03
2.565841399820988425e-02
1.202300373286083537e-02
3.778642486190303407e-02
7.090978715915070840e-02
4.696603766665033430e-02
8.083517520959387914e-02
2.946313653912790639e-02
8.319662178979514433e-02
6.650341993133082608e-02
6.910107011842285540e-02
2.783264572039518062e-02
8.381199441623439494e-02
-5.048648063653068258e-03
6.397415620177196449e-02
1.399837849099782802e-02
7.886872337256264215e-03
1.248121222230447538e-02
1.948088276845818048e-02
-4.219858647658628059e-03
-1.543403377484629108e-03
-1.244791720694994955e-02
-1.430013391176598522e-02
3.922141070905332816e-02
1.004253846964097904e-02
4.905478934834872629e-02
-2.500542635971696875e-03
1.058315101159268065e-02
2.571232941422669019e-02
8.409680285008570844e-02
6.393891652423759620e-02
6.999633567166564652e-02
1.180017990748051526e-03
6.831051524187384261e-02
7.808197902793179157e-02
-1.558967719540799851e-03
2.394399008501724505e-02
-5.572215829043439955e-03
7.205988977266997164e-02
7.189084819651407610e-03
6.142476832793744568e-03
4.315539321917892523e-02
4.875885746807982757e-02
-1.261361629256330108e-03
2.853628354145358245e-02
1.965563086849110921e-02
