1.050497654276171922e+00
1.044006837916464647e+00
1.063066019244782723e+00
1.050777121926602220e+00
1.027205387250687885e+00
1.027548585591532726e+00
1.042774750319514387e+00
1.068013706348688974e+00
1.041077330174726701e+00
1.031028869543292759e+00
1.088925269382611027e+00
1.096751623905553474e+00
1.078072016972191793e+00
1.079756555536663054e+00
1.003842645296713298e+00
1.070039710896914853e+00
1.099587448232182352e+00
1.026091118189126794e+00
1.015949190354656473e+00
1.045261078586075865e+00
1.020475089446343020e+00
1.047483331696328568e+00
1.054128004073512592e+00
1.068439945762246435e+00
1.059468012160676542e+00
1.001557262650162539e+00
1.062803739428389571e+00
1.088945878332749695e+00
1.074381591799568714e+00
1.000051824825896052e+00
1.094072074172455444e+00
1.013812528511358391e+00
1.016260843151947091e+00
1.028659415371273589e+00
1.077364641508388177e+00
1.022000673998113784e+00
1.050162148776516036e+00
1.066226713845202845e+00
1.040178584119739291e+00
1.057197778196431015e+00
1.091047311008405130e+00
1.013751022556302450e+00
1.092801404940701326e+00
1.075769811665599374e+00
1.000413119164956344e+00
1.001531349465095033e+00
1.081504860831799641e+00
1.043109351416850572e+00
1.087275889541692742e+00
1.050839021459470723e+00
1.004952054240389803e+00
1.038556343888590749e+00
1.079725367109899858e+00
1.008001684572227941e+00
1.071022283707006029e+00
1.080172768888296941e+00
1.082004418119530964e+00
1.059531797968248812e+00
1.060200618515050319e+00
1.015213174913953464e+00
1.097937522339446526e+00
1.021589475294169214e+00
1.029470231185057427e+00
1.093678220577482874e+00
1.090169953624291033e+00
1.015435121473568181e+00
1.006102504998156899e+00
1.035754002726276379e+00
1.037235099543419636e+00
1.065645637217803143e+00
1.090166143243177288e+00
1.046152048279012314e+00
1.086342855996518475e+00
1.098285892371873018e+00
1.039067482754707061e+00
1.044250380803447342e+00
1.041229423348799754e+00
1.002312381551536902e+00
1.010933928355932432e+00
1.095255778350871623e+00
1.075268909017808694e+00
1.018990383900162833e+00
1.087130421635034150e+00
1.074044290817589786e+00
1.043891531701541586e+00
1.078490725395848226e+00
1.098579061018554404e+00
1.091118767581598981e+00
1.095618432439598333e+00
1.032689373396298071e+00
1.018174014999013721e+00
1.052684944631296027e+00
1.081356224524413046e+00
1.051759372188710406e+00
1.001041672382086523e+00
1.073030724309613548e+00
1.042848873556080358e+00
1.049982862229171587e+00
1.046763449191832729e+00
1.027100532873758132e+00
1.050132773555020771e+00
1.037737079365952386e+00
1.057106824919024302e+00
1.050657297391660361e+00
1.001104703770432591e+00
1.095166482022125187e+00
1.031147326610109438e+00
1.065630879314315216e+00
1.058696676854146812e+00
1.024415190941538434e+00
1.085932435080681602e+00
1.026423234171871535e+00
1.007124052189620311e+00
1.082843111107049783e+00
1.027107354682003981e+00
1.023616479870781859e+00
1.076942153990584572e+00
1.095767601506553390e+00
1.078255784777662152e+00
1.045501007277436001e+00
1.070161857968548791e+00
1.052706063118941326e+00
1.042500537597899513e+00
1.072063235284150373e+00
1.009578890087930558e+00
1.059264446271278137e+00
1.025424555247419045e+00
1.087892138076019144e+00
1.067380714395029129e+00
1.081059514553400103e+00
1.075266030254159233e+00
1.038600893450922769e+00
1.016291689668120668e+00
1.023956617852459949e+00
1.012841752590530664e+00
1.035677097611209074e+00
1.084000547549226035e+00
1.062165592970403027e+00
1.005052920574580844e+00
1.043122751405098469e+00
1.001905685498892584e+00
1.088364914965622710e+00
1.047333884824584782e+00
1.036446019434173804e+00
1.064365283319640865e+00
1.093426437437871490e+00
1.071074220840555258e+00
1.048994492864606221e+00
1.028876979252955071e+00
1.002318014735985585e+00
1.013687612024366747e+00
1.043261421674854805e+00
1.071190222193892705e+00
1.012405153128443480e+00
1.071567806869320183e+00
1.089104883567191040e+00
1.061901066270059646e+00
1.024004094205748894e+00
1.069816677568184771e+00
1.042481807003260652e+00
1.040681354016847804e+00
1.009390911968879312e+00
1.055926137503217621e+00
1.013026732502667171e+00
1.069608151209122449e+00
1.080841115653137230e+00
1.056099771556158196e+00
1.067776531366932513e+00
1.009988724094555756e+00
1.068707411402971541e+00
1.099882135888038182e+00
1.039816532799709758e+00
1.049160495825479877e+00
1.026102340817604430e+00
1.039509914728047546e+00
1.038572569851545113e+00
1.035410654433186917e+00
1.098435144561166199e+00
1.035899680736287465e+00
1.010329070871178514e+00
1.079215962033361897e+00
1.044041979489361394e+00
1.016388365341573730e+00
1.003140854837948792e+00
1.078683560124007679e+00
1.045328578575756673e+00
1.078146699703518063e+00
1.076496730787135148e+00
1.093451705100744631e+00
1.047790667452838331e+00
1.059425824486829315e+00
1.078551422501859758e+00
1.016317802161007755e+00
1.024010521919859640e+00
1.015819292092013271e+00
1.097188928844195166e+00
1.064499043276863288e+00
1.090148688443568048e+00
1.010295224275764792e+00
1.009288007572959112e+00
1.090587260320522223e+00
1.083861352675643985e+00
1.062638526401556760e+00
1.007410514014036140e+00
1.083179000543179171e+00
1.058537645972017938e+00
1.088199786151520021e+00
1.030328519388207242e+00
1.037538969319552473e+00
1.092231489537043299e+00
1.095713971540657194e+00
1.027952370542459359e+00
1.069976713626627829e+00
1.068241698095167669e+00
1.061515257432488424e+00
1.088896826832637998e+00
1.030417318120607328e+00
1.097973211399448257e+00
1.093487132588642607e+00
1.034551094858503051e+00
1.030054667541614233e+00
1.029910217508710701e+00
1.075503688481213471e+00
1.097939172439717170e+00
1.028613326522006322e+00
1.016353043361916786e+00
1.095057375488506235e+00
1.053767450848972498e+00
1.023741742126095255e+00
1.048907158827900643e+00
1.031378675186181981e+00
1.086719508178262128e+00
1.086989193677846188e+00
1.074310926613833317e+00
1.032437534712691951e+00
1.091289478205152541e+00
1.067122475358913913e+00
1.092757217729328545e+00
1.065041206643737359e+00
1.031456414082663198e+00
1.088052998952971251e+00
1.073767092541148216e+00
1.041191590308594872e+00
1.078154629806961307e+00
1.006293742757815357e+00
1.049492556481266270e+00
1.044402841511142599e+00
1.017876354889759138e+00
1.075011723986661893e+00
1.033990649168687215e+00
1.053292311998275110e+00
1.088679582868896434e+00
1.013405226497871903e+00
1.024040286818516110e+00
1.027061134942770737e+00
1.027313845760471356e+00
1.090662954156793152e+00
1.040875389526659811e+00
1.057926825200234511e+00
1.086049282866707211e+00
1.044795592862201250e+00
1.093267027339520192e+00
1.036686347132209862e+00
1.098893946511430908e+00
1.085604777475273730e+00
1.014768304721393122e+00
1.080374823632701986e+00
1.064718037646385840e+00
1.069352358078206944e+00
1.007620825192083513e+00
1.058335886604859555e+00
1.034011641074258581e+00
1.048863612678940127e+00
1.003433584619509711e+00
1.099285687300786352e+00
1.051216986678148002e+00
1.004752617915085855e+00
1.073829836955673134e+00
1.055438814028718753e+00
1.099925871382171572e+00
1.007913699017835452e+00
1.011395074999714927e+00
1.096240711108090071e+00
1.026330637522379741e+00
1.059639525634195723e+00
1.051868589564857848e+00
1.094501297282534091e+00
1.048984708284280476e+00
1.062119910844414594e+00
1.031884262423357290e+00
1.037873037636601214e+00
1.099486812652556766e+00
1.004960248349885177e+00
1.042498073606676234e+00
1.055838237211823571e+00
1.029770758886902948e+00
1.070004330286072003e+00
1.080746815413120565e+00
1.016478207043922444e+00
1.091794557053081371e+00
1.004123116444754604e+00
1.062642571614445641e+00
1.052391783131340297e+00
1.096686460493762949e+00
1.003502478525861275e+00
1.018899588598556782e+00
1.066569008802595864e+00
1.086182635005094488e+00
1.034998119141752548e+00
1.055158478797650012e+00
1.029027612231091293e+00
1.080667992748205464e+00
1.031099564927285162e+00
1.029312976849721117e+00
1.073316382236348066e+00
1.023636102614411403e+00
1.049024489719685649e+00
1.033516003054786747e+00
1.089347394505466360e+00
1.010589578413380485e+00
1.015042466902775109e+00
1.056978934684157156e+00
1.086298188426960243e+00
1.078072680906634107e+00
1.081685177852156343e+00
1.019521032574775443e+00
1.088174936695656125e+00
1.054449706593864722e+00
1.014914666371774743e+00
1.085197085075704448e+00
1.062919453884198839e+00
1.076358890338449781e+00
1.001781140072429022e+00
1.055519568008562947e+00
1.021986459036164696e+00
1.049564431976020007e+00
1.067031711827720164e+00
1.098882272165759844e+00
1.036077078592191114e+00
1.002273259692275653e+00
1.052624391810670357e+00
1.051885041794256903e+00
1.053031100062189473e+00
1.023294471487564250e+00
1.038124568450889518e+00
1.082366354069213665e+00
1.071475550577312363e+00
1.075130015706210473e+00
1.033902424236595285e+00
1.092192456615101559e+00
1.034235280930702938e+00
1.090645267624937187e+00
1.099033003928781893e+00
1.043962864115429046e+00
1.049123259766834959e+00
1.029132690227216873e+00
1.020754736850541633e+00
1.069722164707288314e+00
1.060891736685133813e+00
1.069664944252203487e+00
1.091540574530806218e+00
1.065962517723296976e+00
1.085140344705444848e+00
1.048949076943492820e+00
1.070268851134230870e+00
1.080699575685158287e+00
1.064582986819682775e+00
1.012184371927832505e+00
1.008161603704447629e+00
1.009552253043729753e+00
1.031790628634703388e+00
1.082244025604651938e+00
1.063883551346546774e+00
1.074857497705855147e+00
1.051017129082140400e+00
1.036725406027038998e+00
1.079063951509338537e+00
1.098043295360118909e+00
1.026925059725471989e+00
1.064196031516069674e+00
1.024827505239424230e+00
1.051340688136840562e+00
1.092890810927256151e+00
1.054840063477592293e+00
1.075408765135378975e+00
1.078704241660921381e+00
1.027106949528861168e+00
1.006477743697652638e+00
1.037995123677331266e+00
1.021196305096173651e+00
1.041410470676273459e+00
1.007791606161959175e+00
1.079691720065759863e+00
1.037740267242208914e+00
1.022019341225492095e+00
1.022441075318014203e+00
1.032553605453291112e+00
1.035167011465362608e+00
1.055981777300196267e+00
1.036895138066572297e+00
1.055629615485495387e+00
1.084283967696667572e+00
1.070650133407196503e+00
1.065083111923297299e+00
1.095465954667564468e+00
1.066150305339678139e+00
1.006198023504474737e+00
1.058176775998186159e+00
1.067185815850717923e+00
1.078617575535498307e+00
1.081224681028287726e+00
1.090984315061189092e+00
1.042405518032745393e+00
1.043294774578139350e+00
1.035269588576138933e+00
1.072866858397953926e+00
1.081383695050755600e+00
1.065924987262150125e+00
1.005044803437672218e+00
1.060164352414421751e+00
1.004352166082051578e+00
1.078619031966548736e+00
1.060239910448562695e+00
1.096795948443223701e+00
1.097217062094417495e+00
1.025777547069323337e+00
1.037961838929536862e+00
1.087803787838358627e+00
1.007468471397747978e+00
1.040439777858629400e+00
1.045492446732558589e+00
1.006687795961236809e+00
1.042940904438124372e+00
1.003819595995477876e+00
1.040719874078845475e+00
1.002989274673997677e+00
1.069122324716078154e+00
1.027323130250852534e+00
1.099433786691708104e+00
1.028100514266040877e+00
1.074676768430749441e+00
1.027207887780187567e+00
1.067829783560100942e+00
1.099565789746166145e+00
1.011454805826330183e+00
1.082500004739066712e+00
1.078979102747821939e+00
1.075564831725516868e+00
1.095716748503194893e+00
1.070044797232418299e+00
1.053747373381690888e+00
1.089371037603965142e+00
1.062570738740494791e+00
1.069932080454775392e+00
1.043034107117932985e+00
1.059043259260294523e+00
1.097667167508136865e+00
1.009696483831069580e+00
1.057918840774825009e+00
1.025525345831977297e+00
1.090742461388390927e+00
1.090899531012625712e+00
1.092624037904969425e+00
1.069170517237458373e+00
1.077856952736093277e+00
1.023067382963186001e+00
1.021455091879895694e+00
1.045085611237836609e+00
1.059086706243700604e+00
1.037020337149991533e+00
1.044594319180816466e+00
1.089054729487265005e+00
1.032995014876189055e+00
1.081728017640789741e+00
1.059787231897584947e+00
1.021880782384445796e+00
1.013679392179507088e+00
1.032009073730573379e+00
1.069758233700227823e+00
1.090288696485327113e+00
1.051363175033550590e+00
1.010792292661340852e+00
1.059659221272851282e+00
1.090711743708733028e+00
1.056080214914602244e+00
1.084353502460508434e+00
1.056127056043994372e+00
1.065185251681289635e+00
1.040613478683912074e+00
1.090325375443409905e+00
1.025148270509987247e+00
1.023973591007556472e+00
1.080266591375687701e+00
1.086830888847605259e+00
1.071715231519742240e+00
1.054923170040581226e+00
1.081689201188104743e+00
1.016253120484862160e+00
1.067187098821131608e+00
1.045741608134666212e+00
1.000206088353138734e+00
1.089479718976431144e+00
1.088713792308280581e+00
1.002683779964910205e+00
1.052704652716776934e+00
1.040400507120096796e+00
1.048777544408589169e+00
1.082775453515721242e+00
1.002834089448350285e+00
1.093070782828784671e+00
1.028896613425450690e+00
1.003308608403562063e+00
1.054633772831861993e+00
1.055159361129382356e+00
1.015013461456165889e+00
1.072710873371682361e+00
1.010777625438587402e+00
1.010936706693134957e+00
1.070331760852010428e+00
1.008702527549943495e+00
1.049807443175128085e+00
1.032503742927841861e+00
1.091696922136548231e+00
1.040316613324676620e+00
1.094891796055709854e+00
1.027166686716175947e+00
1.030668933119977426e+00
1.048610404295168275e+00
1.053059982563620656e+00
1.095608913679971153e+00
1.017655551963484228e+00
1.070801843051242264e+00
1.095173550597467127e+00
1.031468763277153089e+00
1.061618192602354016e+00
1.053432344892355710e+00
1.097608141885248134e+00
1.077079284529464109e+00
1.007524119082476410e+00
1.051847151086520604e+00
1.031831897541997112e+00
1.084052380903332224e+00
1.037932961021299505e+00
1.021868135439465641e+00
1.090841793991668807e+00
1.039514277578909907e+00
1.048752886227562353e+00
1.052675580464090155e+00
1.086220564093652641e+00
1.035365894853617519e+00
1.002922665390385992e+00
1.018161914299170245e+00
1.098506014116837015e+00
1.025040505466433771e+00
1.075009978618393092e+00
1.095471299229229256e+00
1.070665222071942368e+00
1.034861147535627968e+00
1.014853681581437517e+00
1.085731937886788234e+00
1.021537062717589706e+00
1.090900484893085887e+00
1.073719543753330896e+00
1.019244449709800993e+00
1.000129518440020515e+00
1.061783229784386107e+00
1.039356691153328960e+00
1.008782630812403713e+00
1.079783697750801075e+00
1.065740664680800975e+00
1.073832586315172977e+00
1.087653589359179662e+00
1.092989548425150614e+00
1.019737520511872830e+00
1.082280982566448113e+00
1.078737387438933437e+00
1.021454526350142444e+00
1.002314233375607877e+00
1.010443512776962205e+00
1.002910662727430902e+00
1.034370148032311088e+00
1.058677959909599231e+00
1.002951648141768404e+00
1.066782741106748755e+00
1.085441326924599936e+00
1.080180919926922334e+00
1.089659518904060986e+00
1.047820227457303632e+00
1.010309739669965623e+00
1.074209650807644190e+00
1.071413738849425368e+00
1.018779790094249904e+00
1.074251910919726161e+00
1.007786585598791973e+00
1.075687978646823417e+00
1.080072414835515637e+00
1.002730137123550636e+00
1.093478110306117079e+00
1.029866851782539783e+00
1.069503964016816688e+00
1.059299048054682668e+00
1.049906862007000674e+00
1.082701483749865634e+00
1.003639084178238328e+00
1.021453252761163277e+00
1.025128205042953766e+00
1.026702660179211080e+00
1.049115387307573366e+00
1.023898594697239872e+00
1.027599362335256838e+00
1.003416170417926967e+00
1.068549730848728618e+00
1.084427301819539169e+00
1.049942942481856489e+00
1.003730521335695958e+00
1.059147619530065310e+00
1.099138117146833959e+00
1.041242612223196362e+00
1.060804959226506750e+00
1.042113561717622039e+00
1.052900926118309766e+00
1.053149384062806115e+00
1.010593398771156393e+00
1.016327085483820003e+00
1.044687776933025614e+00
1.047325738894542058e+00
1.056555851743339325e+00
1.040635035421143995e+00
1.091150834283393989e+00
1.077247981652152520e+00
1.032038438771241351e+00
1.018214395627473623e+00
1.032816937093567811e+00
1.051444291957795762e+00
1.028862111206545249e+00
1.070772772544578366e+00
1.041233315095847933e+00
1.011834025125722958e+00
1.098674605175484542e+00
1.081038878455807595e+00
1.022799145068120863e+00
1.004234438469883584e+00
1.088987414970537637e+00
1.046583580719369744e+00
1.065596278675618125e+00
1.068032890211054742e+00
1.000793193864240038e+00
1.092287055317099354e+00
1.087070456692248221e+00
1.063064356455561521e+00
1.026951491540618377e+00
1.092507719108742892e+00
1.072582347744073017e+00
1.096269789097144232e+00
1.005191676130138489e+00
1.016829906167144415e+00
1.077007981358078181e+00
1.059736531328191234e+00
1.027694167050778651e+00
1.077195994375496069e+00
1.050293011333154114e+00
1.056682981584290859e+00
1.018101148675757184e+00
1.078042866411462741e+00
1.098170319955914298e+00
1.064945816274169621e+00
1.081037434463114177e+00
1.092356673461396532e+00
1.038546110233238950e+00
1.074668027281244331e+00
1.072352825068204618e+00
1.053152372777347523e+00
1.083283625805971928e+00
1.049867293614840325e+00
1.069993417680284553e+00
1.044356864972567855e+00
1.086885442786115874e+00
1.028419910766835699e+00
1.078346500042520750e+00
1.057422393232746449e+00
1.055011021530710469e+00
1.074971665146811306e+00
1.042299535125075227e+00
1.090337711676695687e+00
1.034728004447080352e+00
1.054633873673121336e+00
1.011410796403052315e+00
1.012399872513942034e+00
1.000475223445914663e+00
1.064324675532232867e+00
1.043836616753228919e+00
1.021615162758003681e+00
1.025444061080942992e+00
1.022950787515916948e+00
1.074768720965559643e+00
1.006232101788830047e+00
1.080605308379034124e+00
1.049187162538742779e+00
1.037486619734720561e+00
1.006689609352236392e+00
1.046282432811167284e+00
1.030772216197905822e+00
1.060868616211805726e+00
1.003932879982831761e+00
1.089943271056357021e+00
1.001561401206753521e+00
1.093931036815250168e+00
1.092136615237244035e+00
1.079696073471228868e+00
1.033035767923911052e+00
1.032983511700856338e+00
1.028685886097271629e+00
1.017785727779527694e+00
1.097892039058028901e+00
1.051345047501288432e+00
1.083981651271888724e+00
1.098255489077615499e+00
1.096063507924426084e+00
1.010517134636799153e+00
1.091476617839920449e+00
1.064654169914045045e+00
1.027736087786389918e+00
1.090453000425888774e+00
1.084485681489952835e+00
1.008913236273303315e+00
1.089175202687124200e+00
1.029462591917054803e+00
1.004050754541108592e+00
1.027263264676252508e+00
1.093265263515981411e+00
1.038871367820624725e+00
1.028356814772281691e+00
1.099569935793663467e+00
1.096635123341719753e+00
1.027152224484610521e+00
1.035582301196681154e+00
1.083335293229538587e+00
1.031304843864023990e+00
1.014238486394783312e+00
1.020414368770302227e+00
1.079611188937707134e+00
1.006459433043458862e+00
1.003648547173405348e+00
1.005147932092255614e+00
1.075457902077894490e+00
1.045595117428666398e+00
1.074779112373252854e+00
1.044967886988142247e+00
1.053579909065367692e+00
1.057879514370451357e+00
1.055362905037586119e+00
1.018560089020424941e+00
1.002943996254412662e+00
1.043313044500066011e+00
1.076539971083941838e+00
1.046686408939759172e+00
1.034733197854383668e+00
1.076107997067515587e+00
1.009794284437788736e+00
1.075554287273785103e+00
1.077359806323072489e+00
1.065202006795008538e+00
1.071954857662418714e+00
1.096662273481598282e+00
1.093579289443785019e+00
1.000855844503087066e+00
1.011968069847776430e+00
1.015551524927484461e+00
1.081735563442644432e+00
1.061795612334241135e+00
1.009089429120161086e+00
1.009396805936739527e+00
1.092863295748519148e+00
1.052453313994104800e+00
1.098874007672218100e+00
1.072805816968641190e+00
1.048801064147968809e+00
1.022104381537607631e+00
1.001102339147785347e+00
1.093825769472954734e+00
1.013583868872853788e+00
1.089793190888524999e+00
1.027000504805188230e+00
1.082460920894746659e+00
1.049161699757273691e+00
1.062854769966776747e+00
1.067737741421560527e+00
1.058932374779386176e+00
1.021065057404409560e+00
1.060965244824320086e+00
1.070988033354516533e+00
1.067500349300079865e+00
1.073676859133490868e+00
1.098651971735228106e+00
1.039114521846336903e+00
1.060792741038896869e+00
1.030879890062093684e+00
1.066356993913665674e+00
1.027918613263311798e+00
1.046724669070648206e+00
1.092583111667599027e+00
1.048514233012721286e+00
1.085692295642601168e+00
1.045721112717728163e+00
1.093722230077164959e+00
1.074427612000915966e+00
1.063021671151995085e+00
1.000520441448984110e+00
1.055395695359798269e+00
1.014029135172499707e+00
1.073337333597461418e+00
1.056111813233395758e+00
1.042859961159630755e+00
1.044055865809434325e+00
1.003868369526838000e+00
1.099248472709534852e+00
1.082611453180850392e+00
1.060235837304609019e+00
1.043339790365811037e+00
1.034628436976832377e+00
1.049241491083970468e+00
1.024462761494497443e+00
1.017522841586905757e+00
1.085477938132092923e+00
1.057502896892833055e+00
1.079745139518184072e+00
1.030892336632868389e+00
1.099934317769786896e+00
1.037017331028214251e+00
1.068897639327494264e+00
1.058129503062346988e+00
1.089344848893838424e+00
1.034858277588371900e+00
1.080548713716486198e+00
1.057784299370065240e+00
1.067280050400573499e+00
1.023929957497179188e+00
1.065004441386441680e+00
1.014695251110277141e+00
1.091520369093075926e+00
1.033426528515058340e+00
1.055751947902781707e+00
1.055467536332485912e+00
1.031427331886877408e+00
1.004575232973300869e+00
1.091702549336766248e+00
1.038492009007982109e+00
1.085780153933800340e+00
1.096105398072052761e+00
1.073005290223734365e+00
1.095894187626775818e+00
1.099662356632611804e+00
1.084841750212464317e+00
1.068765999092452290e+00
1.032801954330307748e+00
1.098560733505673070e+00
1.077826664492161690e+00
1.062144531414019655e+00
1.008551719051630213e+00
1.014528256443312904e+00
1.032813500984836708e+00
1.070426032707787467e+00
1.009803025000160392e+00
1.012482022574654472e+00
1.023120598314089857e+00
1.046678948638145368e+00
1.081231241720071568e+00
1.037523036495861417e+00
1.066716601375539586e+00
1.044870171148765792e+00
1.015318107579112450e+00
1.079425530177033243e+00
1.066908328745114654e+00
1.038777000851368371e+00
1.017419838179901559e+00
1.003205149239028371e+00
1.027886154065181579e+00
1.082810463849050553e+00
1.098758317252844119e+00
1.004823110461815938e+00
1.014844123590600278e+00
1.096870333695575628e+00
1.027213630836103064e+00
1.093416196663929751e+00
1.068242512949463707e+00
1.069060019167806352e+00
1.052056426907687525e+00
1.068447112190442416e+00
1.098275651250182339e+00
1.003311347848463653e+00
1.082698476632221851e+00
1.049773001917615245e+00
1.039371533837455175e+00
1.021648847274490235e+00
1.092938186492749875e+00
1.046622895906217821e+00
1.009619262873267198e+00
1.005831814473887809e+00
1.021584948796262937e+00
1.037260934685869884e+00
1.043531425174169192e+00
1.037091097675251428e+00
1.075480279685981255e+00
1.013323727965921961e+00
1.043264720127758949e+00
1.010997175357442046e+00
1.051626603149936168e+00
1.011907048016263300e+00
1.004756357399498201e+00
1.013103468822727393e+00
1.041997461287227811e+00
1.003967660642085979e+00
1.000014955739978673e+00
1.069370378529220789e+00
1.078864976283198107e+00
1.057171910850105645e+00
1.062325873318948899e+00
1.032118632420581328e+00
1.031824263997241697e+00
1.062257594235785252e+00
1.014500519283805469e+00
1.063792366289960656e+00
1.046717188169784762e+00
1.020808519183953322e+00
1.038529352681825779e+00
1.080057192573171232e+00
1.075775524413734363e+00
1.054297036087702200e+00
1.063352989913230129e+00
1.039382218140302294e+00
1.089620909654507974e+00
1.059900633680410209e+00
1.028632313890968542e+00
1.084683641895177519e+00
1.045814052240692016e+00
1.087310126015796241e+00
1.094166679218390836e+00
1.067717908731977916e+00
1.026778847385844351e+00
1.095761291398311688e+00
1.072601877857541020e+00
1.063973628042800934e+00
1.081070404695922527e+00
1.042165161444952970e+00
1.044792421187595854e+00
1.070832807903753237e+00
1.033682809672498371e+00
1.039795139106094446e+00
1.053730609078712410e+00
1.041915391777412436e+00
1.030236244301766080e+00
1.088145909487129304e+00
1.074250236364465261e+00
1.047163238867051538e+00
1.020707375477866385e+00
1.061178044327860448e+00
1.008788498754114915e+00
1.073542837944863493e+00
1.014384249795967863e+00
1.069152175763604218e+00
1.002974183390502594e+00
1.040256732520842498e+00
1.063294116332037520e+00
1.020052850749906037e+00
1.098811132433859861e+00
1.010893796690409685e+00
1.073266126192768510e+00
1.066970265745102120e+00
1.057095789471186320e+00
1.052133074370342758e+00
1.024028768772131670e+00
1.052832602951410568e+00
1.000790649237124796e+00
1.078378223943816661e+00
1.096542062454714195e+00
1.039569922675764202e+00
1.048000925397009953e+00
1.068330334799532100e+00
1.036525005853155657e+00
1.038174968260734410e+00
1.049341581895642639e+00
1.041657743762770094e+00
1.015835989021159680e+00
1.010136380441560400e+00
1.046508094115691012e+00
1.036459218978262875e+00
1.072338672740336785e+00
1.040735489620427945e+00
1.050151556485736215e+00
1.073061522891175068e+00
1.095538826454507397e+00
1.043755388060543021e+00
1.058544174445760211e+00
1.059875280012441801e+00
1.019692699765514021e+00
1.087811350558493428e+00
1.046365928181917537e+00
1.013233757209179853e+00
1.001638465233235742e+00
1.026376021858715681e+00
