6.800216533052182155e-02
7.431171595633703775e-02
6.330165670367977893e-02
-6.825678338425967759e-03
3.665364918439015240e-02
1.040926644296170933e-02
8.362678042514720689e-02
-1.516145732207594896e-02
3.907698216346551512e-02
8.562623438089363159e-02
3.399848074834870004e-02
8.965020037897628025e-02
8.586821276183437268e-02
-2.590745174890617814e-03
8.769341558377072299e-02
6.804519055673769606e-03
7.003706069171738990e-02
4.145688371299216524e-02
5.290945115687364919e-02
9.775429612754550635e-03
3.475067551682653466e-02
2.502997048890208756e-02
1.995238618321889743e-02
9.348408031387561712e-02
7.741286466877525529e-02
2.284624871671210936e-02
8.803102412860533410e-02
9.113561479217043015e-02
6.572176076222556451e-02
5.759893136774058009e-02
3.909730411472550626e-02
9.249767699724444070e-03
-1.309126803311388629e-02
6.918569826078248275e-02
6.948454428423414542e-02
5.599438187138465473e-02
5.866277069059530613e-02
2.715719379898373989e-02
7.752013849214908769e-02
5.001900716128360180e-02
3.712750954172464035e-02
3.169081917542311555e-02
8.183264636910463075e-02
5.978329579198271571e-02
4.664864880493008181e-02
-8.488448406740633362e-03
-1.546305580262665250e-02
2.054904994969909346e-02
6.325844418974730515e-03
9.837727370281050543e-02
-1.933371093395694351e-02
9.106417339686437296e-02
3.084146904727247049e-02
2.335476874780775466e-02
7.778247106367511265e-02
-1.678026020264081208e-03
7.382957675553573906e-02
5.348582015511663124e-02
-2.349537101705687775e-03
4.922883488939056029e-02
6.273912252562174885e-02
5.425237555988553229e-03
3.397459920551924861e-02
4.350967431795824125e-02
7.366887769294398064e-03
7.252699524712927226e-02
6.614590590656856117e-02
1.464488937146419048e-02
1.244800107537455056e-02
2.899082285257576289e-02
9.245352014039347199e-02
1.468553055234444668e-02
3.192424443754002250e-02
8.338234068191764659e-02
1.574142943843214945e-02
3.209850797804644773e-02
-4.252869523228928333e-03
8.694770752998239038e-02
6.072304323265921566e-02
8.364795537544454651e-02
-7.249466101240801749e-03
3.716026989413616366e-02
-1.327677599226408101e-02
3.485734885638590297e-02
-1.594380914168537500e-02
9.403021389347362979e-02
7.748240836462076675e-02
9.925686864681956822e-02
-1.846680273623811652e-02
1.165691079991919288e-03
3.298548059015893319e-02
6.870978180965565951e-02
2.867573072347709418e-05
2.419864381438111001e-03
-1.734068735439580136e-02
-1.684439378709680010e-02
2.550165259095710235e-03
-6.848558734078639271e-03
5.464901091836851799e-02
4.374161589888628243e-02
-1.509212612222832206e-02
3.946156416500433417e-02
4.344747525374011154e-03
7.875122602609548050e-02
6.521423808898324515e-02
4.430734323932829233e-02
-1.550300285693275229e-02
8.637327989092606628e-04
5.999826924413569074e-02
6.440727636436718861e-02
4.270234872220325661e-02
7.459648228069332143e-02
4.522607569788701654e-02
6.626289458786195630e-02
-1.641100481205315723e-02
3.934898960204501195e-02
1.195350446460498664e-02
3.303292192927624604e-02
3.023555823292305503e-02
-1.388583999521775594e-02
5.971425481717376749e-02
4.939778435378187893e-02
1.915641368199839586e-02
4.345999197710934125e-02
-6.127120364787259216e-03
4.433903433012298390e-02
8.867519947649443735e-02
7.988552534627633983e-02
7.546542665783000092e-02
2.852795246328499942e-02
-1.150105544738646603e-02
1.138297099852350266e-02
1.039483984286667523e-02
7.536260285151306915e-02
8.363676865177337161e-02
-3.714340677902348842e-03
6.618253533417345347e-02
6.308642647363013611e-02
3.216941573372830709e-02
1.537956970239154689e-02
-1.255527075679503841e-02
6.731518491044102825e-02
6.200142482986935322e-02
8.937189828028808958e-02
7.795932724778413536e-02
4.789321448597921860e-03
-5.774453735411876065e-03
2.786169273166814661e-02
-8.410555481188511026e-03
-6.638058697289674417e-03
3.196215374569910672e-02
8.956144134929046319e-02
2.941547568995859716e-02
-6.041371180333000510e-03
1.279370936349507118e-02
3.474045467537151266e-02
1.909564658991464228e-02
-1.934322662670755893e-02
9.701727526548839520e-02
9.866032279010615580e-02
5.950177132303109684e-02
7.786790583988907610e-04
-1.909855627147170540e-02
8.179809113278081745e-02
6.465647631173837562e-02
4.300062826123106363e-02
5.123585273374854643e-02
9.091949758265087389e-02
6.154073805913033712e-02
7.036410768455367282e-02
5.319448856446014340e-02
2.017339909641147414e-02
5.454645436396350633e-03
3.272986722156802364e-02
-9.481507279669090099e-03
4.685847412053786853e-02
2.935979159841882111e-02
2.675071893539139253e-02
1.618207759872090576e-02
2.766427353959706806e-02
-5.630314964306272832e-03
9.072357019709806347e-03
1.817474844927350133e-02
3.646734587881664269e-02
6.946945758458003550e-02
3.007398255891750166e-03
8.231880295073873421e-02
1.285368007036519211e-03
7.818646676227991588e-02
8.272366297527304624e-02
3.680978463088989405e-02
-1.899921853878224279e-02
9.878027077170910275e-02
-6.934382795516776804e-03
-1.870338067722803616e-02
8.718422763793640118e-02
7.342873266582471137e-02
5.267140511788123702e-02
5.636032659316260462e-02
4.343235385698575313e-02
6.265746412593908854e-02
3.447243450705204937e-03
7.086005123449537479e-02
8.474334838183633645e-02
5.393655538205248401e-02
2.184978456717215703e-02
3.008686832398033487e-02
2.656705206763361818e-02
9.388200439577666645e-02
9.003415725656108148e-02
7.604467322452997113e-02
4.763580026116349952e-02
1.997990916728182090e-02
8.848337701201532124e-02
-6.229229545211149854e-03
8.076440462715624158e-02
9.358476453316948163e-02
7.685821224523887996e-02
-1.312169501768560911e-02
5.567756487384126207e-03
8.870625316477648292e-02
8.730216033618794225e-02
5.089299171555751455e-02
5.434443535399298419e-03
-1.516195350757452986e-02
5.447575611578339694e-03
2.055423177942425350e-03
2.550112514707641651e-02
-7.206871570037139130e-03
8.674144731032838729e-02
2.386548126198428932e-03
9.650517284522593109e-02
1.157847871919566105e-02
4.999890393711456382e-02
-1.834883896176810539e-02
6.979292720587124133e-02
3.930492996959061847e-02
2.130316591587008354e-02
8.109914032733882283e-02
6.821093433135581863e-02
8.381219782065307822e-02
1.075872486348077028e-02
3.446572421514421114e-02
8.968402301393822718e-02
3.595273579842388906e-03
1.674975596696559946e-02
2.611986736459855074e-03
5.686650020765772473e-02
8.542316311401365603e-02
7.270786628073751257e-02
5.054764610396569879e-02
8.934563037851823986e-02
1.851098980802487123e-02
9.240163630284912999e-02
8.369311493477162023e-02
3.124922029253475106e-02
9.464812762850066674e-02
9.803249108954643909e-02
8.043672971695926821e-03
1.467556525061331288e-02
7.452527251224472238e-02
2.423034474005043501e-02
3.706507361705549397e-02
5.846805939348917458e-02
4.331830113226675660e-02
8.549272245282005245e-02
5.751515215536065484e-02
6.812402125148823984e-02
-1.732992981895679907e-02
8.735121315828900390e-02
1.501084979385592169e-02
5.174520810568523921e-02
4.532675768991460685e-02
-5.251689606648110575e-03
-1.523207528441701195e-02
6.518999647182588397e-02
2.765700863066001061e-02
1.837755329663066581e-02
2.194803070870942133e-02
1.033596025940762900e-02
9.783170858109335732e-02
8.428243928252494854e-02
-2.034050677132710067e-03
1.521170332211902593e-03
2.663348998210421023e-02
-1.753441987574728272e-03
-2.166509319084870128e-03
9.780690832035340843e-02
3.310406891883825586e-02
3.820390502945932021e-02
6.738558548688459993e-02
6.106577132602680758e-02
7.374196955771344930e-02
9.155893913969927189e-02
1.901982363302131759e-02
5.110096065679729793e-02
5.841678367605422639e-02
3.718892144419286977e-03
8.191480143625270993e-02
2.455968447679374514e-02
1.384215739795383385e-02
3.961222304117296977e-02
9.224377959704843644e-02
-1.329913111137586215e-02
3.227337682463145285e-03
-6.451312311902811583e-03
1.955635168344692712e-02
4.065963242255273696e-03
7.796142993541228805e-02
5.952601622876800558e-02
4.576678877886872221e-02
5.090920484796354617e-03
-1.642345575695945345e-02
5.011203410493657306e-02
6.822167825769732963e-02
3.748751711902956196e-02
-6.988182507984691538e-04
2.168853073513344817e-02
1.093578077156527953e-02
5.745149289429767048e-02
-5.448723497390974696e-03
2.327616024745894976e-02
9.827458744564896570e-03
4.988872463191179607e-02
4.888689986832930878e-02
5.527610033172945803e-03
5.143898043225855754e-02
3.138779997394963023e-03
6.381218686362501169e-02
7.693220538959284760e-02
2.817705748911312688e-02
7.269802391862317803e-02
6.449804739356405914e-02
3.482070041115316317e-02
-4.550955216833293265e-03
1.461340910559856196e-02
2.689625309905828085e-02
1.158273645860415438e-02
7.407369151070644642e-02
2.851802536332588220e-02
9.047722736637693608e-02
-8.706577345159085407e-03
-1.077228205424778790e-02
9.931687247072638891e-02
6.194734326833095661e-02
-8.947998360765136924e-03
9.672896881036278927e-02
4.945202023355760312e-02
3.825578017966367594e-02
9.412195575233112121e-02
6.251041078705349419e-02
4.334725842342809776e-02
8.538924539278362758e-02
3.770795739421677062e-02
6.600611457633269452e-02
1.012377658333625877e-02
7.503375082398797136e-02
5.115962904791619692e-02
-1.708433388630568525e-02
2.697428437936336479e-02
1.019129498311349691e-02
-4.293240272836604254e-03
-1.915645332199376882e-02
4.594495888596997202e-02
3.669327668032078271e-02
8.989504523582630968e-02
8.216521913085159112e-02
7.532452251003286803e-02
7.816982730552042569e-02
8.480256820011219943e-02
-1.065464923308959144e-03
8.900695890837206914e-02
1.333613210555139802e-02
-1.731309466416951215e-02
5.940575814985481207e-02
7.366541409152489728e-02
5.056773142030801527e-02
1.454505583588762072e-02
-1.108666648594400228e-02
-4.212328982522415416e-03
1.890226591821652161e-02
8.067450777703362441e-02
4.924776009189459069e-02
-3.119943297602043725e-03
9.776227458199097942e-02
1.700164717820194446e-02
-1.015850615286506553e-02
8.306776534738574691e-02
9.807373584743607486e-02
1.408219565545676052e-02
-1.259634868327526996e-02
9.796416550696232517e-02
-1.473994117301586845e-02
-1.243617564959418297e-02
-1.565827073960470578e-02
2.479406447688488682e-02
1.118959638384401517e-02
4.086473485997230148e-02
9.051567979385735652e-02
-1.055140815301803051e-02
3.208172172367544650e-02
4.232637883264821210e-02
8.954481645011153068e-02
2.472991602217917625e-02
3.829427189156942024e-02
-1.700855429831119384e-02
3.038662677615024468e-02
7.374131401821609755e-02
3.177555995937392241e-02
-7.663430333346496828e-03
5.122880491450561291e-02
4.443384920281326367e-02
6.199039360946984045e-03
-9.978344387625055420e-03
-3.789337922761617378e-03
4.207362882633915169e-02
-1.891561404096140514e-02
-1.727180147277402808e-02
3.250374291680832584e-02
-1.565201134333938510e-02
1.619976642082092064e-02
4.900942091875581941e-03
9.515307202720407753e-02
6.147671525376105506e-02
7.047423263142478522e-02
4.689024134420791134e-02
-8.963522185329692374e-03
2.555239791390076162e-02
8.489494350399887090e-02
3.514626211366646269e-02
-8.964553648149475168e-03
-1.044392237345322279e-02
-1.188449790640131072e-02
3.829615802213719167e-02
8.269078926225247039e-02
9.098692821710484269e-02
8.006661392862921001e-02
9.373656155698832648e-02
8.736356102504089227e-02
3.124679342668267024e-03
5.625080850077242289e-03
4.627349870923881670e-02
-7.889265573569729378e-03
9.010349165574678409e-02
5.078150330438557791e-02
9.563439228912286316e-02
6.236950983679825922e-02
2.641830557127184190e-02
3.528726341026966473e-02
-1.005915691583047188e-02
5.765300466072487140e-02
6.537998941539585607e-02
-7.337495264635970557e-03
9.171852285546057415e-02
8.186485039024800348e-02
9.815281777394052609e-02
-1.909144866745098035e-02
2.253168540401438713e-04
5.267863791024428310e-02
1.530140495764395134e-02
8.435722693997446675e-02
8.628761462147332972e-04
8.817898361153572728e-02
1.017168639570485006e-02
6.709542683211688896e-02
4.557084501311348124e-02
8.895955630824793625e-02
1.928119739411263828e-03
9.899932293617394463e-02
8.698889560885547656e-02
3.292375228419039401e-02
2.813608709670735800e-02
4.477049433741156492e-02
8.821204728887038771e-02
3.451724487609190983e-02
2.560102815858520883e-02
4.313919491105608350e-02
9.602587686782122767e-02
4.961284341911554457e-03
8.974882438135597940e-02
4.785410780521359708e-02
9.935209360835127457e-02
9.900114924058145416e-02
9.277946913627437009e-02
8.560319101870839109e-02
6.365919601452288412e-02
8.478156578688822442e-02
1.408926176821852574e-02
5.429167521719868716e-02
2.767673551133657817e-03
6.720994461821824806e-02
2.701799241101732543e-02
3.214615188007667601e-02
9.032142963319995943e-02
9.858158566462552064e-02
7.070871399371447819e-02
2.492719333973502857e-02
3.413734086650004051e-02
-6.426956040806017581e-03
6.562900407345331061e-03
