1.067326517708503175e+00
1.028138639565880919e+00
1.010694384735589813e+00
1.085341002772798991e+00
1.026847863414874995e+00
1.092618344776741912e+00
1.062149314060871541e+00
1.017519819362638467e+00
1.004390576454413875e+00
1.082830620981138692e+00
1.042129731438910856e+00
1.062572314340652024e+00
1.005818945956033383e+00
1.056736797594658217e+00
1.096661931974624027e+00
1.086612358142899026e+00
1.015826244584003835e+00
1.037269920690992109e+00
1.056083970581586318e+00
1.006503026398782641e+00
1.028657218242869265e+00
1.085505016945357504e+00
1.060836372869204958e+00
1.096148308440787700e+00
1.084897795197261372e+00
1.038650682655094526e+00
1.081133989706463350e+00
1.042226819572120933e+00
1.047766454099380296e+00
1.028826386659936976e+00
1.011564766511574787e+00
1.030949773401254266e+00
1.079441343442123946e+00
1.071764045312400215e+00
1.058184172080816721e+00
1.043787255500721711e+00
1.068822397399359359e+00
1.014880659678129904e+00
1.045925420751483204e+00
1.033814456012647209e+00
1.072231173896452061e+00
1.071416504243403400e+00
1.023094977708731479e+00
1.051649165033537336e+00
1.067385189164449022e+00
1.054781470270977017e+00
1.012157668242592790e+00
1.073830949107563715e+00
1.022456046822830089e+00
1.044471968349399926e+00
1.010478944097889631e+00
1.052411549311143224e+00
1.067077007802724520e+00
1.034060476042450105e+00
1.051387436824456012e+00
1.080669738186509354e+00
1.036359096530835133e+00
1.005480907384419753e+00
1.052079255711874550e+00
1.043981124869129307e+00
1.019567786161120537e+00
1.008513832560687495e+00
1.065264381662062165e+00
1.091867127823139327e+00
1.044245818587991925e+00
1.050652276531068630e+00
1.017794148834502144e+00
1.023321006443608683e+00
1.063715539442664948e+00
1.062153753737125506e+00
1.088823516223867083e+00
1.090184824557643539e+00
1.048740003274427179e+00
1.015308593722283881e+00
1.002651058608044377e+00
1.054348688872363882e+00
1.018470375075878787e+00
1.064290178305819623e+00
1.066564714024314631e+00
1.040576715823523513e+00
1.017331775783808068e+00
1.042271519654362821e+00
1.029599300650139160e+00
1.090892122045806767e+00
1.089745053193484026e+00
1.035344716901288153e+00
1.014515307374334929e+00
1.056559862177203879e+00
1.099141032165839915e+00
1.019025036302620535e+00
1.008656722585012044e+00
1.000414633924290531e+00
1.000674671584720343e+00
1.016283630240033320e+00
1.083086541085592103e+00
1.000800085407746787e+00
1.027834826306106342e+00
1.080611318315064961e+00
1.042031339243118637e+00
1.074768198646772976e+00
1.020857678075422603e+00
1.032722871602732573e+00
1.019970553482845821e+00
1.077704570750135593e+00
1.078440508905354811e+00
1.045283603260567684e+00
1.086024738135884515e+00
1.070316949177812393e+00
1.075672096513228482e+00
1.092360482437218616e+00
1.096962773016118220e+00
1.037912627323742010e+00
1.077557276679699250e+00
1.096274487691415889e+00
1.079501318930020215e+00
1.016348392809999224e+00
1.092712796105130169e+00
1.022418734971632714e+00
1.031592011100754824e+00
1.096751480365037112e+00
1.011762103769640042e+00
1.032185707898122473e+00
1.013244667557158030e+00
1.098744581152828026e+00
1.088747707139972265e+00
1.038879184055763183e+00
1.016340431196846028e+00
1.056931123858862565e+00
1.059576349962658481e+00
1.068091593608767820e+00
1.082009592620188920e+00
1.086624050774713357e+00
1.057121829121065337e+00
1.032026762983542012e+00
1.000462807682107380e+00
1.012268520009275141e+00
1.057271169121985599e+00
1.080789211457018340e+00
1.063805806294296108e+00
1.080516060955641677e+00
1.060930892767092404e+00
1.088566685695528058e+00
1.006281836793537332e+00
1.086262258419408600e+00
1.036792233553747167e+00
1.055108928941564939e+00
1.010438544047062681e+00
1.074448538061830494e+00
1.018890186447668933e+00
1.036085236892603678e+00
1.050613539820306697e+00
1.016179991320943721e+00
1.058230515598852950e+00
1.043605385816027908e+00
1.052665880195535530e+00
1.035791059345958054e+00
1.006867934103845341e+00
1.013368271117695896e+00
1.061738645234946210e+00
1.077067722385952386e+00
1.037033717825741608e+00
1.061661834402875204e+00
1.042045151011094850e+00
1.065000847147418828e+00
1.097325200799310396e+00
1.079734808613313390e+00
1.024742087351323772e+00
1.071828908221213350e+00
1.029981804126758993e+00
1.053405437642055409e+00
1.044852087059453538e+00
1.024659524341714922e+00
1.010014102839845940e+00
1.081513296392376811e+00
1.042396108145872580e+00
1.065009350794726695e+00
1.026699124925875672e+00
1.025977344428961491e+00
1.023840598585380679e+00
1.092089956189665978e+00
1.000511347279885666e+00
1.009547817665535252e+00
1.054548531302468728e+00
1.029140109029498928e+00
1.046012942112186206e+00
1.009142030584526228e+00
1.021232876902095299e+00
1.089524252771228108e+00
1.036234664131427063e+00
1.013858924511585879e+00
1.092842228881670597e+00
1.011921509196612057e+00
1.051972638745368949e+00
1.001742828917972838e+00
1.048212079651999140e+00
1.055930503690862388e+00
1.069377931128329351e+00
1.072931535611910459e+00
1.064747576786667427e+00
1.043499352964478710e+00
1.046067663953983207e+00
1.066025410669127593e+00
1.093965839330135914e+00
1.004839726312245496e+00
1.064092382747840126e+00
1.077752940649918001e+00
1.090966356725392883e+00
1.056052305254720380e+00
1.085108641412096286e+00
1.061909855048539741e+00
1.067770230059021941e+00
1.082230725257319337e+00
1.042424669805477988e+00
1.092906782265866239e+00
1.058142427936805907e+00
1.055194027245338839e+00
1.040106544378430975e+00
1.057348805873725039e+00
1.078316749872653135e+00
1.097414014196020027e+00
1.083211876492909731e+00
1.081097480371180364e+00
1.064763746791433485e+00
1.033751602917587942e+00
1.094294694456654504e+00
1.085609501720349312e+00
1.093608621800670644e+00
1.070939802942426855e+00
1.095114523197812995e+00
1.027719667549821692e+00
1.060712547217044222e+00
1.006258727246321261e+00
1.016521891926540633e+00
1.037038233750962490e+00
1.066889507092216638e+00
1.000102904411102944e+00
1.008786163734392005e+00
1.076660576198640751e+00
1.043185055841935993e+00
1.009838308139703544e+00
1.080510107071206649e+00
1.048384433152721007e+00
1.017715290552761109e+00
1.065802973600630921e+00
1.097824164299579630e+00
1.002753735799615908e+00
1.080121295112335345e+00
1.035003328532228650e+00
1.079993345341760724e+00
1.073392444153759451e+00
1.094978266635117770e+00
1.027757042817365241e+00
1.060203601345135027e+00
1.087283753865711189e+00
1.073095309484369375e+00
1.004901940959801676e+00
1.004948059430150975e+00
1.074053845902747550e+00
1.064869072873989797e+00
1.072273163762723636e+00
1.028307690143722697e+00
1.005201173407134219e+00
1.081217830923701051e+00
1.020906755889116280e+00
1.024744058184443585e+00
1.016481970033101145e+00
1.093754189972916402e+00
1.043086833702886906e+00
1.041094854758435329e+00
1.058663839831286202e+00
1.070757126159030515e+00
1.062355505930914878e+00
1.097353154978749190e+00
1.025044888303093815e+00
1.084043601023088277e+00
1.055717318349149947e+00
1.051052972808269370e+00
1.036324714349893927e+00
1.065606097404506958e+00
1.065236391152534212e+00
1.028424291389147038e+00
1.010315895940112840e+00
1.015236747712501275e+00
1.074961608325209150e+00
1.003562941180412560e+00
1.046083113577910950e+00
1.031969684774207252e+00
1.096920230137589769e+00
1.018766924182675337e+00
1.085660141635844012e+00
1.074201957729489232e+00
1.039304927522723077e+00
1.061753147353392102e+00
1.087645865408646273e+00
1.067768134405614244e+00
1.025349200103804259e+00
1.074520014382182920e+00
1.078509839288538386e+00
1.099173932058304048e+00
1.075348057980732630e+00
1.076859421208429923e+00
1.028710085857254208e+00
1.070090702104019575e+00
1.066311145204815514e+00
1.034284309397166535e+00
1.069668146386407059e+00
1.092339494794965837e+00
1.053133372461956485e+00
1.046331093225666420e+00
1.046947892468211183e+00
1.004242124846925321e+00
1.025579453710073308e+00
1.077313653264433846e+00
1.082019938506215473e+00
1.072249191233335841e+00
1.038241725558617601e+00
1.003339514277013178e+00
1.008511898659367523e+00
1.027958804712115315e+00
1.043431950644060580e+00
1.082954473292317088e+00
1.042622168302918650e+00
1.077539195254660687e+00
1.047824673482899982e+00
1.008583986365798824e+00
1.030153279583569947e+00
1.019867789723765572e+00
1.009289619716404962e+00
1.024408253553765080e+00
1.001234354657718262e+00
1.058193304699126758e+00
1.082380661715823367e+00
1.083966824747838453e+00
1.032877742468929716e+00
1.076533094274840563e+00
1.044767938611072200e+00
1.055963321996542748e+00
1.002851160119652141e+00
1.029135321669020220e+00
1.059216889158984598e+00
1.094418144296267936e+00
1.078224789778598369e+00
1.039983416420235729e+00
1.009014479215412097e+00
1.011469039278045656e+00
1.036319347731653240e+00
1.092499507440592321e+00
1.075899572549448902e+00
1.007170111949960312e+00
1.031484230187410978e+00
1.094940633024877208e+00
1.014936287352594890e+00
1.023840517323784338e+00
1.022281357257556422e+00
1.073628599208332313e+00
1.087782242505938690e+00
1.011893640040014919e+00
1.082507628608090355e+00
1.075609255140757892e+00
1.000606155233273231e+00
1.041618785290388871e+00
1.078159851036086136e+00
1.083566785973993474e+00
1.043081669520731447e+00
1.009419842109399390e+00
1.047445374517360195e+00
1.046383282392820302e+00
1.068230777103156282e+00
1.022821786932601285e+00
1.020188329811000383e+00
1.023018557525286365e+00
1.038160279362579708e+00
1.004296864208632956e+00
1.033301288198688273e+00
1.090365632331445234e+00
1.050562884767244798e+00
1.076719508927528102e+00
1.087743447649053952e+00
1.001528172331254352e+00
1.005806401385433535e+00
1.099642951860005713e+00
1.021647005059627134e+00
1.013403704086889290e+00
1.035808411068015689e+00
1.019812290950428357e+00
1.095720028310653182e+00
1.077285119762298793e+00
1.035856821914045822e+00
1.048830425015294665e+00
1.006566665647922632e+00
1.056008066813036717e+00
1.042336987939588289e+00
1.032897892180387300e+00
1.012569531441031234e+00
1.087608770604465480e+00
1.012168012210443058e+00
1.076535684782030211e+00
1.079996200976632847e+00
1.059792300786029484e+00
1.057132168869984623e+00
1.057335764930062982e+00
1.008877073230954657e+00
1.094793497847318831e+00
1.010583755654561822e+00
1.010489062560653295e+00
1.079181101783584174e+00
1.058515685514390681e+00
1.099875230278077209e+00
1.059265467003026373e+00
1.040850873886310035e+00
1.004125342185961500e+00
1.076553427978719446e+00
1.014675329130265036e+00
1.025992040915063130e+00
1.093178509785532881e+00
1.066966539002948799e+00
1.058842400762426417e+00
1.036928795746800303e+00
1.031071638381873212e+00
1.083377966687476768e+00
1.065848499622634282e+00
1.098797509999180910e+00
1.039437641802196888e+00
1.095303022082952715e+00
1.020739385362305462e+00
1.083237721894716454e+00
1.051088608627074317e+00
1.073750844096510004e+00
1.086969315087154442e+00
1.067066474995979508e+00
1.087559702419405916e+00
1.086045526466077549e+00
1.039492769723021626e+00
1.020619760325303771e+00
1.001641813609008613e+00
1.075240725286586763e+00
1.000694140351179096e+00
1.057114979160434620e+00
1.042107650207869884e+00
1.042064941339136519e+00
1.005354818989982579e+00
1.015506468601869994e+00
1.060436389798695700e+00
1.058266826523788229e+00
1.032371577796947548e+00
1.015827124417204352e+00
1.073644690664178336e+00
1.082929574196117573e+00
1.027437934032586320e+00
1.025260374279851172e+00
1.038715920739639476e+00
1.030033818926046729e+00
1.005483805191759838e+00
1.074587752668220153e+00
1.009820130545277639e+00
1.055104155847209402e+00
1.089232510145190513e+00
1.088629619687454531e+00
1.086129652725399186e+00
1.015039349245635991e+00
1.059892436457031906e+00
1.031840863495645300e+00
1.057705382001843830e+00
1.019544754227426742e+00
1.086304362582860339e+00
1.063311887821466906e+00
1.076176277849925977e+00
1.031639786330557973e+00
1.063691607734587263e+00
1.041457926615575680e+00
1.015063254387801983e+00
1.047647799882462927e+00
1.030688145065781214e+00
1.059269620811817969e+00
1.046796073962709350e+00
1.049882063498634110e+00
1.050218067695250834e+00
1.035948412398183027e+00
1.098170604526378158e+00
1.028036012894817830e+00
1.001769670676585733e+00
1.098678550205942406e+00
1.006659380185057184e+00
1.039012985003196832e+00
1.031917110079595412e+00
1.081020617493513747e+00
1.085708700910482882e+00
1.013220030965011453e+00
1.065134430555849443e+00
1.060764876444594496e+00
1.094255341938597414e+00
1.038089979344471558e+00
1.073621285163408601e+00
1.099903992123693275e+00
1.079618495003814571e+00
1.036075297965809439e+00
1.085036458752263178e+00
1.083287362592845193e+00
1.076412120133868111e+00
1.084240445052943924e+00
