-8.010683200726472983e-03
8.993454033942722969e-02
4.433212999451281722e-02
6.062008224649557964e-02
4.568799262142352047e-02
8.829225542934714122e-02
5.063929083407234244e-04
5.330424260856402030e-02
5.367669739803761914e-03
7.224036331682413825e-02
5.573853869356792945e-02
7.292267532648515072e-02
6.256820117352505928e-02
4.856378069112196605e-02
5.741462784758799565e-02
8.583822803945895252e-02
4.044738793521998610e-02
-6.084672581097868779e-03
1.967902226957058201e-02
7.858359438517298345e-02
-1.287514228335766980e-03
7.504122869570900578e-02
8.658694266232766501e-02
5.615058009676279771e-02
-1.585563554999604163e-02
4.026968785055642930e-02
4.167974417392830699e-02
8.784742547584974137e-02
-1.147707558868636332e-02
-1.707451685911889200e-02
8.367329578387154576e-02
1.368713980232846503e-02
6.855527957581429577e-02
5.261176011568528821e-02
9.846652372235874251e-02
4.250322793885946693e-02
3.976755135581863665e-03
3.036933751428861836e-02
3.417756746344373375e-02
-1.948302489353903946e-02
9.019861870260688363e-02
9.022095325598371296e-02
1.198042843459530202e-02
-3.665766858787649490e-03
5.310981729351370306e-02
7.776474537051797364e-02
7.849332946319347026e-02
3.121029904135486435e-02
3.874776562549569342e-03
8.882438577589685247e-02
7.575217570844569592e-02
-1.049082184506642396e-03
7.661947294520789209e-02
-1.022487685022607784e-02
4.410579083065244155e-02
5.507263841944709526e-02
4.006416074530866345e-02
7.240202569087901552e-02
-1.153873864194732493e-02
2.206653912624330707e-02
9.908537992787275206e-02
1.035174189519839222e-02
5.866470708201595996e-02
2.840006529614081884e-02
-1.659708539499340357e-02
4.577128146738930481e-02
7.200627916137541940e-03
7.852210181919383469e-02
3.607769414702477473e-02
7.049195397069621394e-02
1.778502243815656414e-03
5.604848303275057619e-02
8.274362666664233923e-02
6.586943375915145504e-02
4.821169962524543551e-02
7.999530629030485174e-02
3.351418232255723439e-02
9.390983454069669334e-02
4.924387131402509221e-02
4.339387343603545028e-03
2.089443885695875872e-02
4.209716837160819292e-02
3.419044878053319192e-02
2.580348686259726840e-02
-5.980286254767007426e-03
8.085889860956398112e-02
3.831008953356912494e-02
-1.371786992419840243e-02
-1.603725323129932129e-02
2.822351357862468504e-02
-1.827270930657149545e-02
6.816156681938174977e-02
6.673855606087356063e-02
3.796355969844691924e-02
8.614263938335868509e-02
5.054830273036735322e-03
8.550063807441497798e-02
6.693949484429320695e-03
5.327829557139554528e-02
-1.081223552966525080e-02
5.011320978675343207e-02
8.537585841191071279e-02
8.112999510714798135e-02
1.028758303532964491e-02
1.181275193056515946e-02
6.318688658482528309e-02
4.130905555975651622e-02
-6.868146766065881190e-03
2.739897824635736598e-02
3.018133963209125234e-02
7.749763462220807253e-02
-1.123667030123718866e-02
2.591612948904352051e-02
7.763549359568817920e-02
6.194459474190747161e-02
3.525009375299790332e-03
9.590267441713942742e-03
5.352721667221639612e-02
2.856385339021263667e-02
8.407620602798603071e-02
5.303338795028320063e-02
6.178525234306404823e-02
-1.756364028135814354e-02
3.419579143314392666e-02
9.312524028834687218e-02
8.214713764874471968e-02
6.789131003585524571e-02
5.702544724493462114e-02
8.592243561990894896e-02
-1.655675269712057057e-02
4.658730462933116656e-02
7.091234672331464539e-02
5.905343089914119603e-02
-4.315111672504763629e-03
2.085440308224249459e-02
1.002829448295973480e-03
5.711716080603121415e-02
1.941179943880011818e-02
5.748329242728951460e-02
1.573271748447352750e-02
9.363988825743080335e-02
6.565946679703717204e-02
-1.903247250785557523e-02
8.492366730081643555e-02
2.655370303945767466e-02
8.494770027689450831e-02
4.776515007037979849e-03
5.817069102263484892e-02
3.517076086713041838e-02
-1.134759735346286755e-02
-1.975634080198743203e-02
-1.033225568531559793e-02
8.607728798717828589e-02
5.864792030587828719e-02
8.908164252665158600e-02
7.355473374536911080e-02
-1.026196436374561885e-02
3.013985379093242142e-02
-2.249932488692971133e-03
4.412850286169710257e-02
2.322123725207313194e-03
6.964580549567789269e-02
-1.631889393170377414e-02
5.737208330043948312e-02
2.234438137605185976e-03
1.166065675488061823e-02
5.950598882778052046e-02
2.769518484533565680e-02
5.816858921262732518e-02
-1.209577838837438100e-02
6.434642194217358308e-03
-1.912378553478203194e-02
9.644049730731053816e-03
4.301378373729072835e-02
2.529807795095572950e-02
7.998442491650321895e-02
3.128223647199118718e-02
2.516388602203854449e-02
8.450932503251035177e-02
2.931327607918887343e-02
8.926984006025064089e-02
1.989113151194185289e-02
9.895219039947510120e-02
-5.240729094781614375e-03
4.661313801922842281e-02
6.444183139250410364e-02
-1.515147356938422243e-02
6.048796456696892143e-02
2.111613809388667926e-02
7.427967530945345231e-02
8.567788927580775871e-03
4.626086788722637289e-02
9.844885045847504013e-02
4.022336448433536105e-02
5.902515787377524137e-02
8.776104695230441122e-02
2.267979782244567907e-02
7.343166808708294357e-02
4.107587280124333495e-02
2.983015154844892436e-03
-6.044708847991202630e-03
4.515617595317175659e-02
-1.029566714159765514e-02
8.322335528521873638e-02
3.530862469438318663e-02
5.760502692683456410e-03
2.663851684629977082e-02
2.933069921097377838e-02
1.394672349085178051e-02
4.629324049110351835e-02
5.531082894787620052e-02
2.684009591835620143e-02
3.969108664427115074e-02
3.592924933664021908e-03
-1.281140711548424405e-02
1.558198098536242929e-02
1.104468021874593572e-02
3.999640518116805155e-02
6.931011511987043849e-02
7.011944450653363747e-02
6.150638396776751671e-02
-1.241662607972543117e-02
8.951827128063040429e-02
4.625597457973065763e-02
2.252681167932188075e-02
-1.694918031707361508e-02
3.465371864605289176e-02
-1.117758494799131648e-02
4.800855118718962145e-02
7.458679698638615019e-02
9.811578964536807335e-02
8.615608418014521208e-02
4.363029007302327011e-02
1.281735821920254245e-02
-1.077758478508619201e-02
-2.331380767166883056e-03
1.670416807025829412e-02
4.321667047699881414e-02
8.510409671490594408e-02
7.255979617766650236e-02
6.162424299369194391e-02
2.640835954071958994e-02
-9.360885099344734908e-03
1.066181348062650303e-02
6.587446418390704994e-02
6.392489313471814982e-02
2.351987751589927969e-02
-8.508491001630244521e-04
9.027396034149093307e-02
8.142738437167053311e-02
6.165051520005128405e-02
5.569724443608442543e-02
8.816801792452733100e-02
9.162871909660531833e-02
5.335695958259274729e-02
-1.192114672219106615e-02
5.997913882220438919e-02
4.895415865215334283e-02
-1.826831889949396409e-03
-3.842996843943305429e-03
6.668835938689757215e-02
7.829921456877897423e-02
2.775644546530471948e-02
4.840764051923689137e-02
-6.677267027053755688e-03
7.957368541600984280e-02
6.034179559027873230e-03
3.320430109552935383e-02
1.643325021425341703e-03
6.218483746347761021e-02
5.821876278831374096e-02
5.462936806620719010e-02
2.340297249243463926e-02
8.819113528078648123e-02
9.716446794715563606e-02
5.936096558209012081e-03
2.108798935041864345e-02
1.869004296245806510e-02
7.448878881756579307e-02
1.247143496502861257e-02
1.576031907449364569e-02
3.034611580844275361e-02
8.570068026063709654e-02
7.266256868000553482e-02
5.923912192339371441e-02
6.284273100640402898e-02
-9.068524635696788294e-04
9.997244515028474998e-02
7.224297228687198702e-02
6.348154183196196010e-02
3.934535732978296230e-02
5.060953696098392796e-02
5.519253543442269316e-02
7.879068446083184463e-02
1.423543725662035700e-02
1.041432550843491081e-02
1.136357148112318929e-02
3.995797545160090225e-02
3.042548152155887670e-03
7.609508983015171590e-02
7.875733004502402657e-02
3.490949894599260084e-02
5.351278922097807422e-02
7.038047246319720229e-02
6.384545060363297497e-02
4.578194884040019674e-02
4.470109160350255184e-02
-1.797083018709450669e-02
4.206391956073331911e-03
1.347910597251950407e-02
9.507446497170334021e-02
2.249328710325089811e-02
6.623830900076793649e-02
8.310275134365442684e-02
2.383852861452736074e-02
1.786284834914543887e-02
9.150053600071783588e-02
7.608622977719786684e-02
1.276194206270164430e-02
4.157021975930645652e-02
5.333063141689439735e-02
-1.679515613460275461e-02
2.332481445457943239e-02
6.287863368976639999e-02
-8.566846417178046805e-03
3.297654077542529205e-02
-1.106021845056399597e-02
-7.980935057819577017e-03
4.764032238461009261e-02
2.863965761265259771e-02
-2.556827982030874385e-03
-1.263601383269982378e-02
2.250168573725300214e-03
5.970403378394435745e-02
5.533303333417385894e-02
4.678893981473844499e-02
7.234312888462482438e-02
6.212685156334842029e-02
7.838755540876264638e-02
5.023942543929289795e-02
5.844953553582853123e-02
-1.248646429128969643e-02
9.611646336591565115e-03
4.445066521567727497e-03
-4.821708278334915082e-03
9.888520051342794548e-02
1.722211990596069983e-02
-1.221131877883745859e-02
7.443569760450680084e-02
8.577835939929226439e-02
1.923189714064811942e-02
1.581332839721469666e-02
8.475335028625739786e-02
6.453854239045964114e-02
1.716379351930737499e-02
5.667781711553541990e-04
5.212772351894988387e-02
6.461760215560953535e-02
8.508565125125085171e-02
-1.511537318753560649e-02
1.205105208241223289e-02
7.616850999436119984e-02
9.045566021073077334e-02
7.123005511974281334e-02
6.337531681226436786e-02
6.084293130629335467e-02
2.076879513271919289e-02
1.613911858578210082e-02
6.445789518947897534e-02
5.528341368098102504e-02
8.688643858854304403e-02
9.962289785805673870e-02
8.282471803898167062e-02
-1.436556306436822562e-02
-8.783280041346342229e-03
7.067458814019032809e-02
2.794627202620223252e-02
9.613569389194204229e-02
-2.804270312149664823e-03
7.816161810353922101e-02
2.164610247783161842e-02
-2.028436667085603551e-03
-1.077223017446109210e-03
4.175876328485471356e-02
1.475069360977490987e-02
3.576596384122829320e-02
9.634193288611531125e-02
6.418202876410566970e-02
1.328270140104768557e-02
7.782394494065962565e-02
-1.266567368318735620e-02
8.336897009971602768e-02
4.942317377025818442e-03
8.038661716342837549e-02
3.409538973149077445e-02
9.013658752708744726e-02
-1.722523512078516852e-02
-8.483870298733847681e-03
9.588679044360197412e-02
8.893255879533001895e-02
-1.922381114842065808e-02
3.308106920420902930e-02
-8.584232471763632299e-04
1.132962546827885955e-02
2.485796406336359191e-02
3.994880305788420238e-02
9.148437126212458081e-02
9.784014500936784320e-02
8.203433758353217975e-02
-9.235723720150414498e-03
9.145985048610232038e-02
7.292002501390290603e-02
3.246832229646573476e-02
-1.447128264823879101e-02
6.951643075834686158e-02
4.299612574491674943e-02
6.090593773050763382e-02
8.398005669227738557e-02
5.213762572796386274e-02
3.674560109257445084e-02
5.138257946083250871e-02
-5.742715585370369163e-03
3.201034691782640718e-02
2.650349858810626194e-02
4.701401804847495092e-02
5.687826433192513798e-02
-9.235520232124958678e-03
-8.853079900522127163e-03
8.030647783795728800e-02
5.365184434875024111e-02
2.793495828561011821e-02
5.948066311728567035e-02
4.708161243089102610e-02
3.772554447585234338e-02
3.201430084363030004e-02
-1.313239407978147172e-02
1.126354736675359500e-02
6.397631129963191055e-02
8.495292068866416857e-02
7.596132341581268710e-02
-7.733157712534431683e-04
8.406330749763442356e-02
5.397082112740660131e-02
6.217766699926677298e-02
2.524762380573567291e-02
5.544062675497188342e-02
5.387280652082070131e-02
2.152637738245608348e-02
-2.328878881574410198e-04
8.730314985658056692e-02
-1.238290053797405643e-02
7.321514663396529177e-02
8.909659458162959289e-02
2.752160288948344094e-02
9.842450234648969509e-02
3.945657611551003918e-02
5.964420010727952692e-02
9.164597021947192002e-02
-1.168052085406010542e-02
1.259914460372768552e-03
1.981489031450313701e-02
7.850209805542453234e-02
9.847303786244052115e-02
3.441075518044159343e-02
3.127351439848138903e-02
1.045722789804331629e-02
8.830314982750832320e-02
6.436386647666297867e-02
9.520672895074053232e-02
1.737561926073006788e-02
-1.742911833881163886e-02
-9.770603979587004495e-03
8.426373819580637581e-02
1.951232980749693924e-03
6.634324569183840115e-02
3.671623650712613207e-02
6.506364358289355720e-02
2.645449316754809252e-02
3.748009062427772042e-02
4.668216699282388277e-03
9.987672541720271635e-02
7.883086453721020737e-02
6.320519815769186367e-02
5.507807471420522738e-02
7.510667606653156914e-02
2.232329804390132885e-02
9.382808773546387482e-02
5.489746044215790266e-02
3.938637138762941803e-02
6.568989913292617999e-02
-1.476649879580122643e-02
3.065490947138779440e-02
1.602830545097686313e-02
-1.822591391746922543e-02
-1.886163476408109566e-02
3.056192300908095252e-02
1.635096767656489883e-02
5.377452065822793670e-02
-7.275663824051736492e-03
6.019780488755828440e-02
6.054262352692169058e-02
-5.240928943612258376e-03
1.202509589255108466e-02
-9.569676167182067719e-03
5.531759721015602760e-02
5.044308220766587081e-02
4.381478070133862368e-02
2.374400496342016567e-02
9.899077226627368831e-02
7.627321743586695096e-03
-1.386696016708667545e-02
4.483732350897545738e-02
5.502886350599600629e-02
-1.545980134129316258e-02
8.218479555276823889e-02
3.957362998543136057e-02
3.388961105344855118e-02
2.022497739566932531e-02
5.159845113150997309e-02
5.864951459139823575e-02
-7.317562523526723386e-03
6.741102183798099168e-02
7.570954706572395609e-02
8.723812799460245460e-02
4.303577961869435586e-02
7.839945186843319536e-02
3.425301083177191563e-02
-1.775093650840310275e-02
7.433088936130634317e-02
2.421189402066642113e-02
7.982664386823289104e-02
8.103575912808191894e-02
3.297036815009844746e-02
1.219205572268148088e-02
2.834586866130799424e-02
5.129216891414183077e-02
3.776035874827622651e-02
-5.067368037146025017e-04
9.873358627678614774e-02
1.616388999758182690e-02
-1.246075075749177030e-03
-1.791761540103391920e-03
1.353000224943185642e-03
6.113029954116025455e-02
4.231729514854287721e-03
9.087698264392589376e-03
3.401280375969113756e-02
4.779026122599218385e-02
2.018393943889846762e-02
-1.481898747539883363e-02
9.669318710246073423e-04
-1.282044131786758828e-02
5.338903266321698426e-02
7.302809264944057355e-02
2.116519929188930352e-02
5.217425024900351760e-02
2.683372070600280671e-02
1.657989326710494413e-02
-1.170842707988265299e-02
3.357896382216291054e-02
-1.210935789620091151e-02
9.769340568898880750e-02
2.976222453959988246e-03
4.943642424248172185e-02
-1.058020507114330530e-02
3.207352640966436297e-02
9.130488085050227076e-02
8.052688529002426099e-02
9.672736556061863056e-02
1.355254324723451434e-02
8.152019033843151130e-02
6.544996194988057792e-02
8.505193912051876859e-02
1.103420123399326269e-03
6.868227108531553549e-02
-1.109961689139342227e-02
6.886518092099744304e-02
2.336311917491760287e-03
3.744883303333858271e-02
7.095498247720211094e-03
7.436339256542005838e-02
2.177749478754157156e-02
-1.508633721412159373e-02
1.163752433786458332e-02
2.129447661590106247e-02
-1.811748205551220320e-02
6.714105642100366700e-02
5.592472843709839214e-02
-1.730655777081336819e-02
6.248209517994761375e-02
5.149061250047012872e-02
3.320369102709226639e-02
5.109574384003824632e-02
9.493161722894236099e-02
7.940490982818601551e-02
3.564003788252501082e-02
7.697578355540467265e-02
7.782440397186987657e-02
-1.939000078000980426e-02
9.986872086663471648e-02
4.517204109752200047e-02
-1.683129382240638669e-02
5.697075569580015153e-02
6.446185957289414514e-03
5.265381146367729970e-02
8.236220413363794235e-02
9.345054850181662431e-02
-1.833587555030150376e-02
3.891062668973559180e-02
-1.031649187769240368e-02
3.666425396797620001e-03
-1.731458392263811319e-02
3.495837873438380206e-02
8.870454855613511824e-02
6.680052737475548896e-02
-3.670452875142705962e-03
9.269944215802279619e-02
8.750853521284872316e-02
1.410941934369204856e-02
1.398294162475639466e-02
3.603897890060044074e-02
8.289100896549137648e-03
4.161811991820713735e-03
6.588759079027280835e-03
3.819262575604716325e-02
2.465875258728715894e-02
1.963841417747917359e-02
4.323610167532816739e-02
3.905335439518424490e-02
5.483781008827288972e-02
9.506618628898459711e-02
8.786105998107326953e-02
5.156501078971681418e-02
-3.148856197617726227e-03
-1.076046433130559664e-02
5.554246180595989735e-02
-1.611245664194362048e-02
1.945351406776353945e-02
9.689870305518256260e-03
2.278842892813149820e-02
7.232525725058644439e-02
2.247923949742726760e-02
3.537758038401501992e-02
2.592906628555383466e-02
9.352023100523798593e-02
-3.353390439152236641e-03
6.775993306984733067e-02
2.233372412209521859e-02
-1.683925587453454289e-02
5.288461745825298599e-02
9.533080654328907055e-02
5.624178290711621953e-02
6.021421382026513613e-02
-4.709711610487121031e-03
3.433252413036773365e-02
8.086748670124958849e-02
2.385767172195747340e-02
3.423476725181957836e-03
5.443427212008977722e-02
1.746305327489853024e-02
4.076671386919608620e-02
7.046143375194553748e-02
1.458678822306802222e-02
-2.158195024989130462e-04
1.085948584498806074e-02
1.797342432402333073e-03
5.889202996639264498e-02
2.615897271462087545e-02
9.565999340082670388e-02
9.727063961974861950e-02
6.798313690256177488e-02
6.000188824772755003e-02
-9.080249759154414985e-03
6.356703225872038787e-02
6.040157831307914338e-02
6.406525426652281974e-02
6.256757835328123629e-02
8.248707258690822497e-02
2.157395950299335549e-02
6.420032384281625093e-02
-1.446013252031340054e-02
-4.942320020509923667e-03
4.789399837860950498e-03
8.386154311406197881e-02
3.109781894866427490e-02
6.032824526973423751e-02
2.959058906811146486e-02
3.850575879759529641e-02
5.288359076528112435e-02
6.499257743576920821e-02
8.906992038505136267e-02
6.456661429361947035e-02
-1.953260722641055394e-02
5.408593367440635291e-02
9.379885233414375634e-02
9.992634126294290542e-02
4.698306929658781217e-02
8.918539227667965363e-02
3.994575688534492131e-02
7.378943031919070472e-02
7.022940106401581728e-02
9.264552942455168971e-02
1.156297689275960841e-02
-4.025685260479874850e-03
-1.575512500675054633e-02
-5.797724959994473432e-03
4.453585504711538023e-02
3.792160291862270438e-02
6.790299636522253990e-02
-8.323154355670539170e-03
8.311862660252411494e-02
-1.643487054158020155e-02
-4.579353823849578384e-03
-1.662694239624156259e-02
2.121684010518386579e-02
9.505368680401855841e-02
4.800946900595558231e-02
-2.169694211598672401e-03
-1.528774182059506465e-02
4.870524122735231387e-02
-3.090704845570547282e-03
6.328721453349996084e-02
3.101571056525235723e-02
9.652823603266719177e-03
-1.443485439425397365e-02
4.050448182883134574e-02
8.323241624327369637e-02
8.193255348391480231e-02
-5.816370488627126134e-03
4.687141211452555689e-02
1.560838804654938669e-02
2.720109983771327664e-02
3.951602717089591071e-03
6.841951131219316251e-02
3.567912770114049781e-02
7.062898918215962385e-02
4.293786032024446420e-02
5.678923427425471016e-02
7.911812374145191229e-02
4.109272433401790769e-02
-3.598473327978031489e-04
2.848904415815893890e-02
7.544473202963357383e-02
-1.124016812310185860e-02
9.416665657485941143e-02
1.300908710168364665e-02
4.912833223369630908e-02
9.268499415544882714e-03
2.885270171882831428e-02
-2.107310523908150629e-03
7.422807649843253530e-02
2.890601189083051928e-02
-1.274070966057311988e-02
-7.725313966876430627e-03
9.733704267846614300e-02
6.447673886817723021e-02
4.343636362771269299e-02
-1.302246582607147207e-02
1.818173451831425411e-02
4.801408532188103373e-02
-1.184724975633345313e-02
-6.098141173760080608e-03
3.438471849671488612e-02
9.222769056255217257e-02
8.534974142675508246e-02
9.540335921829182220e-02
8.443398173489806424e-02
1.456171007799067149e-02
4.877914693310117511e-02
1.443402012272944693e-02
3.814872147202338915e-02
7.596241444805530707e-02
3.977170849902260386e-02
5.785160565813701750e-02
5.064392764470879854e-03
6.467701421705983333e-02
-1.830074096104605461e-02
8.267999162811061342e-04
6.613806134112205914e-02
4.479536898019657876e-02
-9.601278205704253527e-03
1.897757024114644225e-03
8.771257817935598777e-02
2.355944566953195249e-02
-1.443891107904483363e-02
9.458727781415411651e-02
3.773009545475064508e-02
6.886994361057320602e-02
-1.036448346003609328e-02
6.499997175919280945e-02
2.781117322526167543e-02
8.004066126057528263e-02
-2.866483601322009078e-03
7.861176591860920271e-02
9.969057583102444720e-03
1.473676917105882014e-02
1.045649097843235481e-02
-5.922802359546846737e-03
6.604018947446185783e-02
3.102379068352373662e-02
2.399189951885036601e-02
2.294168274631382468e-02
3.862945223633830472e-02
9.812592499292062398e-02
-1.826969153201482218e-02
9.227301466699311394e-03
1.052549258903727122e-02
2.383614666442165561e-02
8.169060424028125322e-02
9.008048165545984309e-02
8.841427804617250918e-02
3.740061980511148743e-02
-1.467158034724239113e-02
4.656160690574548400e-02
3.259964153198047221e-02
-1.165355839051174236e-02
4.322959692577707513e-02
2.600114188537200680e-02
-3.081326105321656461e-04
8.624278423523190629e-02
3.520096445795638240e-02
9.832992865323175735e-02
7.489423340902567894e-02
7.504757784068516457e-02
-1.117011564561183612e-03
7.442558913064180326e-02
5.763984277982042714e-02
3.375160570076292388e-02
2.105722671231154489e-02
9.803926999791083563e-02
2.847427758090220404e-02
8.368603730225572523e-02
5.607308774520451677e-02
-1.325805304414062746e-05
8.453171912280887934e-02
5.794548413951967902e-02
5.964931989389661571e-02
-1.094190265525129581e-02
4.152285620109968933e-04
6.099399704012502255e-02
6.447881002501239245e-02
4.513679977474349680e-02
7.097944163340835777e-02
7.611649099761479131e-02
6.873258369777401899e-02
2.897777620786528771e-02
6.614645916492960243e-02
6.013132439669824358e-02
6.072101866142787241e-02
3.251675486473613874e-03
7.260144795301573528e-02
9.709136124531989043e-02
6.661315275950981107e-02
4.605504936913194791e-02
2.160241616438797821e-02
-1.072943891584928096e-02
4.917009693136582815e-02
-1.129580077317461628e-02
9.537256880881458954e-02
2.917012444558631304e-02
9.797101072029429369e-02
-1.804555037795027572e-02
7.697111336289677586e-02
9.219239695192385509e-02
7.395245634926808642e-02
1.555211947608326969e-02
6.896547499378992419e-02
8.863348547075382278e-02
2.266648421101819313e-02
8.322818295658883370e-02
1.718236845677031596e-02
1.122550651922141207e-02
6.077377285164442533e-03
1.080058388920673851e-02
3.213419591985798573e-02
3.328716387052214898e-02
2.820314023946999052e-02
-1.933769683720804392e-02
4.130365945856201426e-02
2.243196478611468939e-02
1.842302426509975430e-02
8.778384877536030140e-02
3.995105789133041041e-02
2.703876752297724659e-02
3.377498483455475264e-02
5.429239698051907537e-02
7.893887411886760241e-02
2.713347767618153397e-02
2.390836579588649299e-02
5.897949139291794318e-02
4.911424157757658671e-02
3.615483061984458429e-03
4.431956168890351100e-02
9.333941489099106814e-02
8.877229776219917878e-02
4.186982451191445520e-02
1.182130115916575977e-02
1.362587196334097070e-02
3.165350084815737874e-02
7.944317762854531673e-02
3.001969478550056344e-02
1.999575432101686687e-02
3.082068967236477677e-02
5.654913159363750275e-02
3.753686576972251054e-02
8.520544310869662685e-02
8.391713621656883559e-02
-7.504760198175293093e-03
7.779372021810443405e-02
1.779219061778085018e-02
9.583473703545537792e-02
8.284332572113671522e-02
9.895568802041426748e-02
7.289522580520939321e-02
8.553440180015164929e-03
9.781669823037533740e-03
4.594725348113562480e-02
6.023389872165474390e-02
7.512903484939938148e-02
1.063928125951793535e-02
7.650119946970261597e-02
8.388961889167810548e-02
7.005914397990718745e-03
3.878671572290773306e-02
6.183243083838482756e-02
-1.488518436010340812e-02
-1.620262673296726103e-02
5.114058961804078540e-02
-6.697200519401279306e-04
-1.121865137298032160e-02
3.045757846515438280e-02
5.559891257785451457e-02
5.515646361595935576e-02
1.614755206691013967e-03
3.445916226545139849e-02
-1.469297416833522524e-02
-1.650601171315984120e-02
9.473412472310208110e-02
-9.403227601969751936e-03
5.866361278314187466e-02
6.889763682184275873e-02
4.043355259798048218e-02
7.693054719965394805e-02
6.854790069468777447e-02
2.152588997156841891e-02
-5.819197935362962343e-03
5.753117167500068629e-02
7.133348206945884507e-02
4.145547419201944805e-02
6.694453232571606627e-02
2.661727164946187454e-02
5.068611649819826370e-02
9.665595700286697123e-02
3.832526570682265321e-02
6.993043991790202918e-03
2.824069612697753182e-02
1.763790219934914180e-02
5.992680374836972801e-02
2.081737924680825483e-02
-9.477572170475085517e-03
8.101905302398033915e-02
2.548668648842316101e-02
8.490537722161428658e-02
2.054547574936950796e-02
6.860851619816320940e-03
6.214482965809144110e-02
8.694200721331671322e-02
5.417844671961270786e-02
2.130674048475023410e-02
7.679009260913040313e-02
1.111187106611359263e-02
4.072913308342665517e-02
-8.086536633448937472e-03
8.755597303816961552e-02
9.909698095732513701e-02
5.021996599302264164e-02
6.843938168888288875e-02
1.104536246379782954e-02
-1.324023926138199851e-02
1.228802392637244958e-02
-9.431951533465991050e-03
1.075929812730167662e-02
5.646481712032899725e-02
8.881761372835592083e-02
7.355995797740057240e-02
3.237767269592344010e-02
4.527429847882884217e-02
7.185091589387407329e-02
-3.800969277317392536e-03
2.013966197236311331e-02
4.852764891441574413e-02
2.731423499854253659e-02
8.134101893536388461e-02
-1.873897932424258700e-03
7.308749145942541880e-02
5.302401345997789783e-02
7.677972293547941085e-02
4.122297870566392353e-02
3.415830205574792167e-02
-7.707959789085663468e-03
