1.038841634186549845e+00
1.080067011292994428e+00
1.063144243164446223e+00
1.064710861690470578e+00
1.066874273395435280e+00
1.019175556469016142e+00
1.001229051150807292e+00
1.029810556440067026e+00
1.090826821919256950e+00
1.078279730099555023e+00
1.032133366323668922e+00
1.073086700470459398e+00
1.093414331333902201e+00
1.056275700396080097e+00
1.098364302552985006e+00
1.042926999667780352e+00
1.090567932747730007e+00
1.011949939283585120e+00
1.003925594121860332e+00
1.007397351389460960e+00
1.049729972829981373e+00
1.016689631979192043e+00
1.043123713659996898e+00
1.095784380536316771e+00
1.018906059036747358e+00
1.092871264853074509e+00
1.012438731396690716e+00
1.027799600814955916e+00
1.013226285775498337e+00
1.035465819545519084e+00
1.063348545072088536e+00
1.099973028947703213e+00
1.002052503213294754e+00
1.095329184464717054e+00
1.005229711968361972e+00
1.022278063048499774e+00
1.018813965992400927e+00
1.052133325040902845e+00
1.051080716699933193e+00
1.099907163876992611e+00
1.047411051595069198e+00
1.041966767838564900e+00
1.062408134717209407e+00
1.016940535132120571e+00
1.088283058839802253e+00
1.089713899252124252e+00
1.029054829116034853e+00
1.032179255659168460e+00
1.029623712454536211e+00
1.033697721640319589e+00
1.024239993332628718e+00
1.097513539813025130e+00
1.067558343099182627e+00
1.033292660040251665e+00
1.030190790296278136e+00
1.091895510061914765e+00
1.090514837801435322e+00
1.031786354574040221e+00
1.041889005893877895e+00
1.051828796605699390e+00
1.060350054965484290e+00
1.004464318495469799e+00
1.032190906312007161e+00
1.091344390803782760e+00
1.056731221168665913e+00
1.094314815067777058e+00
1.080608227256084630e+00
1.090257477085514015e+00
1.033924299255791990e+00
1.095453145244360327e+00
1.047169335751063635e+00
1.095170771688479538e+00
1.028910976603446326e+00
1.061270182927420258e+00
1.003502491428117871e+00
1.031835604979395749e+00
1.029715409542827365e+00
1.022872785479006286e+00
1.009420089242885066e+00
1.007821559180828608e+00
1.077854752917020376e+00
1.056295264299446313e+00
1.098608280583944108e+00
1.013355894387790945e+00
1.001702752652630313e+00
1.085850998179254123e+00
1.073037921188838784e+00
1.029183259734569145e+00
1.041582542624684526e+00
1.059437325836656507e+00
1.045649035012057304e+00
1.002690064809573345e+00
1.096400240301189655e+00
1.054709775783032155e+00
1.084282658087055262e+00
1.072511054952253406e+00
1.051209358391721915e+00
1.022923569739692784e+00
1.073170096003739360e+00
1.093555537005013178e+00
1.000069329195848455e+00
1.043506750227993551e+00
1.020745691442355385e+00
1.058028938656793150e+00
1.008844486837624732e+00
1.063472668013331512e+00
1.051967008060877617e+00
1.007305503724618356e+00
1.018883840181004974e+00
1.006410262570838432e+00
1.019269217705694563e+00
1.000305761347180189e+00
1.091330444237677222e+00
1.067106770467400434e+00
1.080474135442078598e+00
1.039298352642329393e+00
1.026040286942741631e+00
1.016414396441855938e+00
1.012542390180615204e+00
1.013689782025268382e+00
1.061708245740132783e+00
1.057697881668108630e+00
1.053950565975177112e+00
1.091358337015326807e+00
1.068166423906516060e+00
1.048626792478923209e+00
1.020285563397888895e+00
1.090363470506310994e+00
1.034318209545241007e+00
1.009721555431627227e+00
1.087489007236236649e+00
1.050820988383722066e+00
1.036807290413675142e+00
1.022535919478718247e+00
1.001159595605396024e+00
1.011280637602992583e+00
1.006681336183589570e+00
1.058825311675637648e+00
1.016927496608187820e+00
1.060285640101222171e+00
1.059231928966551051e+00
1.014773384686150193e+00
1.084997369441936588e+00
1.033966844771565308e+00
1.029478252480479306e+00
1.026954305559352854e+00
1.099167392163588497e+00
1.002402274870450638e+00
1.080541263636017657e+00
1.092285778635312621e+00
1.065924483051878369e+00
1.085724200827210773e+00
1.057116480378993861e+00
1.010090119462024649e+00
1.067760160664712465e+00
1.085407621180098703e+00
1.075662449370330842e+00
1.043438763527054336e+00
1.013589345849757795e+00
1.058076949693349755e+00
1.075423466233678571e+00
1.089187792031669488e+00
1.053556035481714170e+00
1.001820222773595725e+00
1.037840040386529772e+00
1.006303387398208571e+00
1.071495028964554397e+00
1.018436005081287066e+00
1.045934711329071787e+00
1.067516777327501831e+00
1.016818444329218751e+00
1.022400034263542423e+00
1.050580013352883757e+00
1.086832788339872513e+00
1.030329621481512303e+00
1.009734422730009573e+00
1.005515816352789749e+00
1.022966514248338399e+00
1.098825676700544207e+00
1.013361101515973139e+00
1.021033871961432693e+00
1.066064346104510507e+00
1.038208169608542564e+00
1.082235697025955679e+00
1.042759814227733894e+00
1.084050016598093302e+00
1.080686143694452594e+00
1.021411074969105437e+00
1.008734132596398325e+00
1.027301255629705201e+00
1.023199293831330348e+00
1.012812666172004938e+00
1.067417581907539326e+00
1.085726871471734745e+00
1.057891515089960377e+00
1.086927203853353285e+00
1.096755373656709942e+00
1.010475039450245083e+00
1.049984554399703951e+00
1.065046222764343797e+00
1.062303728825992666e+00
1.047191028079600628e+00
1.059576093367855520e+00
1.096133857016139190e+00
1.026743989346639685e+00
1.011099688465942448e+00
1.055448355758053181e+00
1.000998702440815569e+00
1.022759822682385522e+00
1.042213769378496746e+00
1.012196501316126263e+00
1.065017105263515784e+00
1.020994879900731567e+00
1.023586070181043972e+00
1.064223496383676526e+00
1.069112060537673603e+00
1.037837217307109317e+00
1.029895489452265611e+00
1.078565933112292763e+00
1.031846970415262188e+00
1.065845068275892871e+00
1.092094750357155419e+00
1.009346613415205596e+00
1.054974030984566324e+00
1.063909687424265949e+00
1.045588159444365228e+00
1.045991685978621133e+00
1.071740476263878250e+00
1.015916590005504716e+00
1.031169318955379666e+00
1.065585384252546230e+00
1.086200667352913207e+00
1.002532545488058702e+00
1.053223585101155324e+00
1.023316229409809264e+00
1.021303997094727523e+00
1.039411231410231951e+00
1.026357457540562734e+00
1.014625133546953384e+00
1.083172856146953356e+00
1.005945349946364864e+00
1.067077742983958633e+00
1.079742821768055583e+00
1.041040055385430652e+00
1.030284355849840017e+00
1.005807184948677602e+00
1.015685536060704885e+00
1.042900722081818943e+00
1.059710196601498344e+00
1.007651487569473314e+00
1.019713170975385053e+00
1.006814251075079936e+00
1.052368244496935779e+00
1.008131479695554722e+00
1.085214437079383920e+00
1.008090136391914582e+00
1.073959727563408517e+00
1.095362611986753887e+00
1.069066315742407847e+00
1.040954083792915430e+00
1.068959808690081337e+00
1.069829228222145767e+00
1.003614282691110970e+00
1.079909075330689250e+00
1.003232107217676194e+00
1.060751155923211453e+00
1.081195353821793104e+00
1.076689526626795956e+00
1.058595478148239399e+00
1.030211823821925554e+00
1.030694736771888831e+00
1.083605536799654656e+00
1.095970560392004467e+00
1.079531190152784204e+00
1.024517801909766934e+00
1.034588258218878565e+00
1.042535529893734214e+00
1.059006030257669373e+00
1.086190378967559322e+00
1.004422575329288136e+00
1.044686796540453377e+00
1.078724163594545482e+00
1.021525846878946320e+00
1.022044861735389443e+00
1.006772288144490712e+00
1.060344992234094175e+00
1.084838687555071068e+00
1.088540013320401068e+00
1.088290035525209642e+00
1.055673149951084966e+00
1.013994581658019367e+00
1.027552873230764829e+00
1.010867483687392543e+00
1.080519123845613771e+00
1.092438298151526599e+00
1.029591887249870164e+00
1.070803848824032789e+00
1.080807711722094000e+00
1.082758568980076719e+00
1.055397124984735147e+00
1.067964116196313151e+00
1.068456252280463703e+00
1.077451462730949716e+00
1.019255346793559891e+00
1.014554355495263405e+00
1.067191585210155669e+00
1.099848732626697023e+00
1.047905105041608165e+00
1.075068748743461367e+00
1.008958563733656222e+00
1.036620415365282266e+00
1.082612339432993620e+00
1.017179106076285366e+00
1.089593635325428300e+00
1.016229616449475071e+00
1.054186947265043139e+00
1.071617750402528824e+00
1.041648523644534974e+00
1.057805533451642077e+00
1.063627839204839498e+00
1.039703471185914774e+00
1.092454828703167458e+00
1.029298585907525432e+00
1.069520587392920552e+00
1.093958328253648471e+00
1.011276347552079624e+00
1.061061557892376328e+00
1.083175077847250423e+00
1.089741715471308048e+00
1.090502990649906412e+00
1.082857066897267906e+00
1.095093574554878657e+00
1.066225753417191946e+00
1.085967976478746877e+00
1.046609752750735423e+00
1.027984293553905859e+00
1.003453485374150578e+00
1.083683482961435462e+00
1.011150491054148892e+00
1.084544879972454634e+00
1.023270828014981149e+00
1.024524773568705971e+00
1.055141035167673103e+00
1.024566265426890332e+00
1.094300269741768084e+00
1.085828274805923588e+00
1.058641998513480287e+00
1.093751665986851807e+00
1.059788612035007960e+00
1.035042697940451228e+00
1.077921889737779582e+00
1.030029906888307201e+00
1.040854602548392238e+00
1.059181349175681186e+00
1.047487248856337816e+00
1.057573739640221167e+00
1.000736496826788224e+00
1.084588331296335362e+00
1.077815585511248564e+00
1.075879999598628789e+00
1.092339857751100096e+00
1.026756447793057525e+00
1.028533712891862129e+00
1.002833520622032903e+00
1.087254755803866102e+00
1.074886762884391223e+00
1.044484986875505284e+00
1.073831900360595615e+00
1.090978398214547118e+00
1.016446339842671742e+00
1.096104497071322292e+00
1.074955564979615419e+00
1.091567278566507593e+00
1.003247385793708535e+00
1.030285006392253733e+00
1.046086150137708781e+00
1.034923823790347530e+00
1.076077165331855046e+00
1.003912931555881016e+00
1.054221241417021337e+00
1.045267642830500332e+00
1.063297058041244414e+00
1.042398743596303579e+00
1.088606096903228293e+00
1.027009006589970630e+00
1.059438496966298660e+00
1.051640330754439745e+00
1.063101381732992845e+00
1.036646413154674651e+00
1.052797075949628791e+00
1.043061682471385865e+00
1.028629167013556556e+00
1.030662955723285368e+00
1.023145944486130610e+00
1.065000715293744626e+00
1.018546690914120534e+00
1.070928370091103199e+00
1.003213174602355595e+00
1.082203042679105831e+00
1.051895939778225486e+00
1.006695710963640522e+00
1.053309289206977528e+00
1.069466534968743554e+00
1.023121316314318907e+00
1.064269211330126641e+00
1.042108680676400612e+00
1.035170843669781293e+00
1.042746420703054566e+00
1.084166137380111250e+00
1.057033487693068707e+00
1.015624847748322068e+00
1.049691870445344399e+00
1.046033385028223517e+00
1.033551082331804594e+00
1.055554088450524119e+00
1.016741978565587123e+00
1.007038827519504798e+00
1.091042759012837537e+00
1.067518544395882341e+00
1.061401916344627550e+00
1.065815270998939690e+00
1.019292693503937475e+00
1.055211930446249058e+00
1.089587459022413052e+00
1.090060287138012729e+00
1.094515351744001608e+00
1.008633646575018750e+00
1.077788895604356645e+00
1.017815512012574919e+00
1.093408848689741975e+00
1.002954707376431553e+00
1.031075291823471130e+00
1.007336356580100789e+00
1.052391165757481817e+00
1.012228545713266703e+00
1.004496707679989331e+00
1.000210233765750134e+00
1.067245733971428301e+00
1.055776015943424406e+00
1.027193173911390200e+00
1.026968329203622021e+00
1.017970864811475362e+00
1.022608987323257113e+00
1.094441228657565546e+00
1.044014946493743157e+00
1.002831185770877376e+00
1.095413928395771119e+00
1.079121510865437950e+00
1.013665291980166749e+00
1.011343140154480125e+00
1.082617153241955732e+00
1.007594410155470355e+00
1.063500373639851837e+00
1.030123597204966490e+00
1.027269602986841779e+00
1.030393708092838700e+00
1.008894151151859431e+00
1.030809228390553667e+00
1.015582514852213736e+00
1.068257563041363323e+00
1.002872232103769967e+00
1.068480193872153761e+00
1.048449633680018422e+00
1.066016886433972966e+00
1.024728065205085636e+00
1.008962778901461022e+00
1.013876888201833637e+00
1.030338602135166814e+00
1.095651719550520875e+00
1.001428516232793609e+00
1.011977783212530513e+00
1.031085194536702110e+00
1.040515886328159612e+00
1.064343923746509324e+00
1.015520010568274456e+00
1.031720871420271912e+00
1.084824304130183492e+00
1.082072953510364810e+00
1.095745546496656120e+00
1.096994430030116430e+00
1.068776366268520128e+00
1.093542166992726994e+00
1.055787753366833837e+00
1.053063629488929287e+00
1.052414112744125108e+00
1.048082669495594921e+00
1.072136755882200587e+00
1.070766442172377042e+00
1.025596535419173394e+00
1.074155812797850773e+00
1.005765581362593863e+00
1.016575003063468596e+00
1.022679968946485163e+00
1.013330318786211492e+00
1.095496616972918780e+00
1.075534895015785031e+00
1.057585352933698486e+00
1.026509148501338009e+00
1.099527871263385359e+00
1.049817180186531695e+00
1.097741972568535340e+00
1.083623031599891817e+00
1.019183993180369452e+00
1.013425851547841150e+00
1.051649408391605034e+00
1.091001074138020943e+00
1.019954127489382856e+00
1.033716018175535600e+00
1.056421411041593705e+00
1.042258981303368692e+00
1.009600144432345026e+00
1.017579607260119312e+00
1.004507546506725024e+00
1.038225451847059277e+00
1.094811436923563086e+00
1.086503716085648552e+00
1.076420888116814023e+00
1.078597660680050252e+00
1.091626645650124905e+00
1.070566646049968096e+00
1.058788411991534506e+00
1.070905256300017427e+00
1.092489535496553588e+00
1.058092573523015778e+00
1.072454434638762333e+00
1.056038376539570223e+00
1.073066130685529362e+00
1.020594016452674557e+00
1.046870834662687155e+00
1.055853969866306086e+00
1.039711299444057380e+00
1.031051396088396688e+00
1.083235725031359786e+00
1.061290928460985272e+00
1.059717094865930909e+00
1.078910325525969105e+00
1.038589934972180329e+00
1.083246277256275647e+00
1.095919669701922894e+00
1.036515901306628074e+00
1.047583331503165738e+00
1.009384429760219470e+00
1.042262661230657139e+00
1.076101307200680646e+00
1.084699635719638344e+00
1.024507767284449367e+00
1.096184880331280365e+00
1.091756007680028784e+00
1.094508629236584873e+00
1.067141392904285002e+00
1.097679920137934140e+00
1.065133659079529060e+00
1.018917829926361929e+00
1.023493686533096581e+00
1.017981302743184546e+00
1.083664275911025321e+00
1.077213605514671713e+00
1.037858152648057253e+00
1.005929117066822975e+00
1.045107715564299156e+00
1.014008411443512836e+00
1.086351847358132838e+00
1.097225341064423043e+00
1.033738313068999659e+00
1.057029258710719732e+00
1.022516280881102801e+00
1.053252613511243885e+00
1.044062369703720128e+00
1.075286939459185520e+00
1.092716061778759240e+00
1.040601319434238503e+00
1.046009467941849458e+00
1.090986540244035963e+00
1.089179344171421038e+00
1.049347216024896001e+00
1.013184912370668656e+00
1.031119699786245292e+00
1.062600497001096711e+00
1.048138563937273116e+00
1.081147135884523935e+00
1.074626054281566878e+00
1.040766692404223814e+00
1.029528129882853804e+00
1.063885826379496802e+00
1.032765713741951252e+00
1.047283297163029037e+00
1.060580052072027435e+00
1.005709627141721407e+00
1.057781133618432623e+00
1.054570132924888881e+00
1.058704769129983347e+00
1.078415245102189113e+00
1.075947622163526685e+00
1.006740049946083460e+00
1.007448354204423024e+00
1.068472704212405144e+00
1.070800091129370024e+00
1.070506609379326957e+00
1.012742653130659143e+00
1.082628901852172643e+00
1.035103660280888960e+00
1.087524581253981104e+00
1.081930293285901179e+00
1.025682198752622121e+00
1.007431615061305186e+00
1.084652145272890333e+00
1.092036895622894965e+00
1.080067760826116441e+00
1.011637385164136038e+00
1.056783768001892332e+00
1.022274705496117431e+00
1.069757103420517552e+00
1.082799488815131994e+00
1.057708751091676058e+00
1.009729901162427446e+00
1.065672739224925447e+00
1.093970952391071894e+00
1.061464337138084746e+00
1.060515939173491740e+00
1.060984950628589996e+00
1.022173868271618602e+00
1.099145413615280287e+00
1.097737791568152543e+00
1.072941013304534952e+00
1.018102978256615554e+00
1.019245524429111427e+00
1.005356739284899659e+00
1.030590806353079758e+00
1.014255546940313391e+00
1.069273860797455011e+00
1.041292425518286491e+00
1.031123537430861159e+00
1.048215517450872714e+00
1.001994603288207442e+00
1.053954553705948483e+00
1.045463379341859067e+00
1.002843293505501165e+00
1.070268321815897039e+00
1.046773450213027923e+00
1.063985771338050723e+00
1.002453148141695172e+00
1.048382077625135356e+00
1.003515449158331130e+00
1.067049892462756722e+00
1.055960000457185410e+00
1.085517634206004889e+00
1.071670602283069318e+00
1.017728447515088286e+00
1.056423742597514925e+00
1.083468361037527306e+00
1.019671646568573120e+00
1.094702326517469793e+00
1.095101416008560591e+00
1.057431479186788481e+00
1.008674006727675820e+00
1.047114657423847905e+00
1.047509693537453712e+00
1.076310474391873218e+00
1.041045011970121115e+00
1.059015177871563296e+00
1.068170320300446452e+00
1.031671322386333634e+00
1.074199850532232325e+00
1.009776782089348846e+00
1.086209399827160027e+00
1.051999517342286694e+00
1.090819419662558687e+00
1.074717479052094582e+00
1.004568127540714340e+00
1.049913195875394001e+00
1.014166382461186400e+00
1.018636631021903716e+00
1.011781649475684386e+00
1.096273960771480205e+00
1.029370772396523082e+00
1.055415734632814129e+00
1.077245721527909872e+00
1.007353161877752479e+00
1.084557371181943619e+00
1.059781510433397189e+00
1.042822199768986824e+00
1.036107893027230498e+00
1.067549915930353865e+00
1.035970791699418747e+00
1.010139248171915138e+00
1.050403169555292449e+00
1.066083303074610411e+00
1.000914105330737769e+00
1.047242379849807836e+00
1.040476178101954252e+00
1.055895722235355105e+00
1.056865001508600521e+00
1.004285169454051108e+00
1.087677856673343824e+00
1.058009778158619296e+00
1.085022074985273477e+00
1.088790677694165598e+00
1.066466850250047171e+00
1.012767129977282687e+00
1.002873137755988520e+00
1.008402945782091997e+00
1.075377495697309005e+00
1.094568354856258807e+00
1.044673146347113724e+00
1.013168769423987703e+00
1.099203428171610541e+00
1.062800064078078810e+00
1.025080197182486996e+00
1.051420996237548255e+00
1.094171175682473240e+00
1.091321464582896139e+00
1.053003143818756593e+00
1.087715429208597318e+00
1.092026875725997659e+00
1.072536248407598425e+00
1.076700085944084950e+00
1.032917794327535610e+00
1.063899146309298160e+00
1.072895937920881337e+00
1.007078124065894364e+00
1.049079049810213160e+00
1.011127380437915946e+00
1.056712697003813650e+00
1.082832948741876189e+00
1.032099744070851255e+00
1.097849617233243702e+00
1.019034714248349349e+00
1.025303799703957575e+00
1.044442105841531632e+00
1.083485221839567858e+00
1.084358744783843864e+00
1.037295862210033670e+00
1.089953571720175374e+00
1.068554467432780264e+00
1.018983726061149175e+00
1.057874450683450540e+00
1.004342729433145287e+00
1.060495159893968031e+00
1.026920447525518032e+00
1.085072875520303182e+00
1.066451362440151263e+00
1.068189185151645404e+00
1.054952156198785129e+00
1.055217950186792431e+00
1.076222470827721267e+00
1.079638152637977022e+00
1.038166459241684825e+00
1.074259414122697986e+00
1.006342053769848421e+00
1.051280119328196649e+00
1.014865176678932279e+00
1.050505893477133634e+00
1.083306921439425974e+00
1.052380693584155535e+00
1.015637198424119259e+00
1.082204352827820903e+00
1.058098920388929720e+00
1.047929498882188337e+00
1.011206792488252848e+00
1.063812889618415580e+00
1.074911442014381935e+00
1.057685622698364636e+00
1.012324370067093415e+00
1.036418966686175169e+00
1.068686252862861785e+00
1.002253173059686198e+00
1.066247707531223776e+00
1.010097672632064070e+00
1.083914035432567369e+00
1.087736486117735435e+00
1.067932276902979982e+00
1.014658918989518099e+00
1.025819334518927928e+00
1.032039069830373190e+00
1.089287905107242382e+00
1.027191464040501767e+00
1.044859402065207332e+00
1.038539732581243991e+00
1.096568861344093371e+00
1.052302335242623732e+00
1.054833432456375286e+00
1.088193118611066268e+00
1.003032769836207372e+00
1.077215268505917090e+00
1.056588907493161145e+00
1.067482167695999351e+00
1.043078503725065165e+00
1.062401768633807420e+00
1.062220674754680294e+00
1.020177146280922820e+00
1.046922615158624170e+00
1.061015807957533363e+00
1.069109532197690449e+00
1.015511488190527389e+00
1.004367259791391520e+00
1.029563350822422452e+00
1.087998644490926647e+00
1.000033631433367320e+00
1.066633683636326602e+00
1.035312495853813131e+00
1.051069810132706950e+00
1.088213425773152387e+00
1.028918570119898845e+00
1.097016320997860062e+00
1.086396698977862396e+00
1.059319887282845762e+00
1.076731781939281207e+00
1.000398003279424852e+00
1.021150644442719857e+00
1.034792485680493312e+00
1.037622384450973767e+00
1.051960184214742799e+00
1.045144348637702780e+00
1.059542652681402020e+00
1.036194065753874183e+00
1.076985620780264163e+00
1.006853240642090697e+00
1.077946446250284351e+00
1.081449636530781744e+00
1.037579841051710083e+00
1.069650152088404305e+00
1.046194674016389436e+00
1.041920521862779170e+00
1.032025055636798250e+00
1.072790794562680228e+00
1.060806758747520284e+00
1.047317270645624854e+00
1.058217699316575278e+00
1.007066584106206308e+00
1.016215633856028644e+00
1.070299180790014626e+00
1.010424504986773275e+00
1.049869240285070005e+00
1.097154778092882976e+00
1.090134535869410337e+00
1.082688252785450223e+00
1.085486709856231968e+00
1.004635252591929095e+00
1.064374263555012634e+00
1.074048630462468790e+00
1.095298915404657958e+00
1.062546197072633092e+00
1.064867095136671882e+00
1.036467558413256551e+00
1.078119763381753415e+00
1.065420809965264226e+00
1.033416858602252297e+00
1.002167471104528085e+00
1.004238858833894410e+00
1.063218926480209658e+00
1.013843715572994242e+00
1.001882056618361494e+00
1.075110752437088868e+00
1.023639028205605372e+00
1.051213892541583039e+00
1.056384746015213594e+00
1.029749047847829280e+00
1.009060808338678505e+00
1.063842148935912002e+00
1.053981427777622493e+00
1.027043638497096900e+00
1.067875038156954393e+00
1.083009418556806436e+00
1.062199512437274507e+00
1.098249864927717478e+00
1.025620222447201524e+00
1.069767328669553930e+00
1.082735615076620972e+00
1.017963055530694882e+00
1.069815425395970632e+00
1.082590543463857635e+00
1.069472183412362165e+00
1.017588749477766896e+00
1.007474106147894677e+00
1.030871116835344825e+00
1.076847585695578591e+00
1.059939317955091997e+00
1.005233875838591029e+00
1.085080637410819726e+00
1.082589958647669492e+00
1.074767501279864312e+00
1.080838726789872473e+00
1.063523248919708619e+00
1.020582296192621197e+00
1.036800299360781441e+00
1.005121073158420808e+00
1.076464036901767285e+00
1.034525928884545420e+00
1.032126937213559081e+00
1.095808852135440548e+00
1.033428299032669750e+00
1.084839109286764858e+00
1.031378849436140444e+00
1.005801191524533289e+00
1.057555641207645003e+00
1.017843037729401434e+00
1.077133614700825470e+00
1.053720179382801270e+00
1.020871361905410835e+00
1.007817815392603178e+00
1.077127497592474059e+00
1.005022993635820150e+00
1.059809907743908042e+00
1.090812934202889606e+00
1.069574673797559106e+00
1.003242013580268654e+00
1.060494828907833087e+00
1.034230668613071558e+00
1.041568124953065499e+00
1.046326600204572799e+00
1.010074142826517196e+00
1.039730047627221765e+00
1.055070652139438403e+00
1.003043250221027582e+00
1.091854792046528022e+00
1.027993931605964528e+00
1.038328117882119317e+00
1.061480835485334229e+00
1.036882336353191603e+00
1.066065952453681964e+00
1.070454056820228317e+00
1.087450009077301383e+00
1.087020625994172374e+00
1.075625916968772522e+00
1.041450604867272700e+00
1.048339812458280562e+00
1.053315473921860201e+00
1.034931434474035905e+00
1.087344138886277234e+00
1.095921932460872439e+00
1.038918635610687202e+00
1.068926965470490265e+00
1.077150569070872477e+00
1.048137495679797748e+00
1.020456545908720702e+00
1.089888932381452680e+00
1.055894202566310280e+00
1.030899108290130650e+00
1.073150020884185096e+00
1.095147679458230883e+00
1.066178563160024462e+00
1.014212997167547092e+00
1.011559846489077596e+00
1.040116648150914758e+00
1.047405050780284563e+00
1.057868611488770316e+00
1.069440852475189274e+00
1.085965624079789249e+00
1.051816999378593964e+00
1.015590298477804687e+00
1.011462259144020548e+00
1.015415074076993163e+00
1.019612218093423506e+00
1.065081695306107079e+00
1.093660923357707926e+00
1.013657219608089299e+00
1.056784811174659611e+00
1.045369172641520628e+00
1.059791174373260203e+00
1.053887160716993288e+00
1.047405740419147913e+00
1.063279926771772743e+00
1.087085073115857892e+00
1.002085740551295734e+00
1.025764976545783913e+00
1.011889686527586152e+00
1.040961511045711996e+00
1.067636012782450905e+00
1.071730024177653728e+00
1.043327167698956170e+00
1.080142413914827682e+00
1.007437547138788858e+00
1.091935877566432733e+00
1.042162993032886176e+00
1.002121044302948460e+00
1.031445871282130611e+00
1.084567255554168996e+00
1.080531126405370523e+00
1.036617787902938348e+00
1.050115941161364974e+00
1.035564713126093217e+00
1.083004840736215391e+00
1.040475459450909579e+00
1.005204766077606449e+00
1.098321514323824521e+00
1.096488476127305267e+00
1.052033729962003505e+00
1.030004522636665865e+00
1.026889570292951248e+00
1.070479481705444158e+00
1.092650838949790870e+00
1.026448676742516497e+00
1.063950423081359897e+00
1.009828920871821634e+00
1.080043887145456738e+00
1.013923456195194195e+00
1.036769231168134242e+00
1.053026057917187064e+00
1.060909970183378626e+00
1.088612974823490509e+00
