9.389428904374004514e-02
4.319442093333976385e-02
6.513394117243673231e-02
6.098956194902577232e-02
2.364698658701572601e-02
1.945636806323057522e-04
4.158905750832479764e-02
3.774020004873065992e-02
7.013250391190664623e-02
-1.275399248799551424e-02
8.305447942347775336e-02
2.970791577441668149e-02
2.758633451575775650e-02
7.036405891128384715e-02
5.844074560994368117e-02
9.281657052340659686e-02
3.572367731774038491e-02
-1.494839341504376577e-02
5.689637865480297318e-02
-7.976694743602318061e-03
-8.462205633990227058e-03
7.483183909797810895e-02
8.602745649442807008e-02
-1.625770989961380572e-02
8.163878098057747446e-02
3.576204356337506218e-02
8.954763176459250296e-02
-1.754130884740246268e-02
1.701524432563030972e-02
2.634587465322916003e-02
4.170749063227614795e-02
4.760471461652851510e-02
5.662027371242125962e-02
3.128484317503293921e-02
3.169310869612154691e-02
-5.904802767691327836e-04
6.376375543037267335e-02
4.188305476796699844e-02
-6.713821755608990333e-03
3.287077106383692882e-03
1.524125874307849862e-02
-2.545855270631128264e-03
7.814219094877365712e-02
9.373681658045027176e-02
4.245580030944054450e-02
2.276432597928661553e-02
3.150219608296742080e-02
3.876112252343488773e-02
2.592672459798886150e-02
7.273404539230560184e-02
2.706823427208526409e-02
8.086807455117535348e-02
2.117359858183563356e-02
9.471308898378055785e-02
5.905313559411230762e-02
1.638240380766597601e-02
-1.835039284739303778e-02
-1.329614716406491218e-02
7.957018108397785616e-02
3.553961775430682091e-02
-1.441497694828094284e-03
5.466544221779622015e-02
6.232083110462088849e-02
7.047895561366181172e-02
1.902366972779131679e-02
7.292925672519319502e-02
1.144245224103937822e-02
-7.939430542275060718e-03
5.208615201244480575e-02
-1.807895395220241591e-02
4.225414873748610523e-02
2.440520642158526196e-02
2.309925966033079051e-02
8.298227378986722247e-02
2.472542162510568339e-02
9.877366399020656718e-02
1.876662210103797676e-02
9.558649768571303440e-02
-7.682575369524487913e-03
1.708905206817737041e-02
9.577289977995669112e-02
9.166281128358504116e-02
4.437694612243130166e-02
3.180490968772474447e-02
5.809498012624975116e-02
8.219883075152097096e-02
4.843031564447115855e-02
-1.707321983377910884e-02
9.344709484228418128e-02
6.121724884157027369e-03
7.158440251768222184e-02
8.991390004580916695e-02
-1.551256802002846762e-02
8.726497959894236045e-02
6.896491866425467215e-03
3.647315858375564657e-02
4.490571174849618263e-02
9.052472671651203007e-02
5.304120957522289598e-03
8.729968045395924969e-02
-1.356289775318556684e-02
1.842685451163031743e-02
5.967512112056785889e-02
-1.089543785181280346e-02
-6.169030302683732939e-03
7.324852275463594742e-02
1.766218787129959431e-02
8.505444531551109577e-02
5.627578916657528796e-03
-7.699967535625205917e-03
2.726431979030371003e-02
1.174925213264071608e-02
8.600385468512324050e-02
7.060317880607659691e-02
6.068644641274710538e-02
8.160866391144766530e-02
4.362273096005721273e-02
4.934195106496054584e-02
6.426603815028036903e-02
6.736295070535817942e-02
8.251677799619275278e-02
8.393492644339833886e-02
4.903001395991700428e-02
1.312185651439284548e-02
-1.954072985780460486e-02
8.384257665633143564e-02
4.312894474412996837e-02
4.055541398635384431e-02
4.000613789135837317e-02
7.947970042842579519e-02
-1.585741122561667646e-02
-1.672274448615388570e-02
-4.334652587736149282e-03
2.164188226612164326e-02
3.677083342213552375e-02
4.863523349695865472e-02
2.968053380579406889e-02
9.295874084168079254e-02
6.831468899418727259e-04
9.546039668968379910e-02
5.937156367757359665e-02
6.379812654330453692e-02
2.156818381286473504e-02
9.070729219289154488e-02
7.383033009929229618e-02
5.953426714177760537e-02
2.967547160515122615e-02
6.656381364446940785e-02
1.519128465646887513e-02
-2.486238941897984944e-03
5.092398968799739800e-03
5.839332731235245127e-03
1.761203992163177731e-02
-4.964441841088226837e-03
8.659470688973162911e-02
4.387321864174353186e-03
1.859050526501926717e-02
5.323279205269808301e-02
1.349370275571409525e-02
-1.207871100120249362e-02
6.002141456355121474e-02
4.635235583400135195e-02
1.632100407355774677e-02
-7.121695104212906469e-04
2.093229524048295306e-02
3.750145143292468730e-02
1.711942507740487132e-02
5.035914295646107264e-02
-1.351744935156789021e-02
7.324410993992527819e-02
2.711975053695400359e-02
9.135532042432080446e-03
1.566863110247353544e-02
-1.010450869404328628e-02
9.877830008915924886e-02
6.112208333505003699e-02
6.508300145475380549e-02
2.433724911838205593e-02
2.056939853106201990e-02
-1.081202898445471523e-02
2.356617396261194083e-02
9.200087135371483316e-02
9.999251715002889507e-02
9.693233507996534826e-02
5.323213366535350932e-02
6.079872163792558737e-02
-1.548044454048893084e-02
6.265221135898474403e-02
1.059023674772949231e-02
3.053953479592402126e-03
3.895503566076508051e-02
3.575211450574893035e-02
1.199765527434383874e-02
3.266467253714339103e-02
9.279932994970825633e-02
-1.372709799253211960e-03
2.254335221335950282e-02
6.250371214379450702e-02
3.710988826268735857e-03
9.686117493514109777e-02
6.594524803399551272e-02
2.419607233651902348e-02
-1.093810074780043363e-02
1.756043445001985101e-02
3.477949863725170176e-02
5.911080016167857831e-03
4.531440998044641844e-02
8.853895763109759232e-02
2.461973339652654899e-02
8.159600879778550198e-02
5.290024610570369379e-03
7.036509344312698311e-02
6.864391983687859189e-02
2.894501327953905370e-02
-1.013374564884569548e-02
1.189118982464761401e-02
3.759894482257010451e-02
1.579710395036865861e-03
8.047608244621347329e-02
8.258095522584736614e-02
9.999874872966253714e-02
1.433056498883746380e-02
4.439582323706481315e-02
2.667860833090497305e-02
9.824163059343385407e-02
7.808905457694353958e-02
8.278178992369918110e-02
1.754429924508360203e-02
2.945694569043800365e-03
6.207390154773582969e-02
5.833494662183923152e-02
3.438397759270188370e-02
-7.021881647970585824e-03
-1.683078172792073363e-02
4.850897076261972973e-02
-6.537932860757624670e-03
3.530029480347698922e-02
8.378544868596617123e-02
1.155838508809220108e-02
-4.752695978801976459e-03
1.611326638996848568e-02
-1.072966559282661526e-02
-2.885895830235418041e-03
3.052443714299956853e-02
6.366013157034677156e-03
-1.969294973309961352e-02
5.975299620432283909e-02
9.725550853454531519e-02
3.826922497213895713e-02
-1.693842672638644353e-02
7.617651319125687270e-02
8.017167223889526406e-02
-1.607695733255254389e-02
-2.094430932070907858e-03
9.455057592476230621e-02
6.712171298188562840e-02
7.142034785769495187e-02
3.145612484349183391e-02
-1.411475637646528170e-02
1.235882004974309459e-02
1.525517234454719720e-02
-1.057886977368898557e-03
9.797688800849167767e-02
2.696970561683914927e-02
3.148818567073251307e-02
5.243986091306776509e-02
3.350099711084533749e-02
8.787759174286355335e-02
5.141250818771470055e-02
8.137388728390980430e-02
1.554146810123449227e-02
1.270489494816554391e-02
6.996237866430801700e-02
2.818061571646856764e-02
8.085749711100301274e-02
-1.303080379825829332e-02
6.091047120037257345e-02
-1.584244941457154873e-02
1.004305748260802406e-02
6.561635914480672127e-02
5.425168041035392796e-02
5.182415887272059929e-02
8.282155288984190122e-02
5.238094931914641372e-02
6.520202265357769034e-02
2.922806367261238797e-03
4.810385693533889007e-02
-4.656490679205130614e-03
-5.764235460974686739e-03
4.717519503366560119e-02
3.185655018659747095e-02
-1.017347219988929199e-02
3.501433179546119268e-02
9.330556395522573987e-02
5.206973031883259384e-02
8.688557089877774198e-02
1.326356695950471273e-02
7.134863101997496182e-02
9.992103250643306900e-02
7.681825389188716435e-02
-4.527957759272668165e-03
5.727877288019879443e-02
4.710030457739376730e-02
2.400420373009872974e-02
5.217138678232940974e-02
2.286704961201499117e-02
2.319395795448116540e-02
8.739596053901357853e-03
3.966741386988284490e-02
7.016137008368245054e-02
5.855388245941901826e-02
6.534051082728242754e-02
9.109441461322800859e-02
4.978139703769038360e-02
9.040852660068730839e-02
4.521521071870494846e-02
3.032855160722872437e-02
8.463049805979863671e-02
9.893781540637214267e-02
9.391583134796370469e-02
8.358998235996892290e-02
2.455584899742679558e-02
9.974201774447830071e-02
6.751477528879316903e-02
9.341818225491789474e-02
1.857073976660902556e-02
3.505380204581610981e-02
8.861943937522803738e-02
-4.180171349749822740e-04
3.403421365865566539e-02
-6.357310633749686107e-03
6.823765277907374582e-02
4.043228145588279032e-02
6.368225606028081465e-02
2.919498559783526362e-02
9.310937165153174155e-02
3.849195219916776156e-02
7.529389195623784059e-02
3.309849410445128703e-02
1.957003954066472914e-02
-3.939109008979670840e-03
3.271392801128732153e-02
-1.406160409685987614e-02
3.088645482352014512e-02
9.542129683012312569e-02
6.015841372706573487e-02
3.513318717474789299e-03
6.667503166311757046e-02
8.915710777339334869e-02
3.925853731879996866e-02
9.705405545056078331e-02
9.790808265287949397e-03
2.434436286545111142e-02
3.369939169550120739e-02
-1.540408179878900892e-02
9.007904869038395324e-02
-1.710770371178143776e-02
4.693076387933074745e-02
5.061575406133185517e-02
1.460590957285234914e-03
3.985877436423668208e-02
-6.473358893027353692e-03
-8.028004452596717092e-03
3.391542953584961856e-03
6.205654636932923796e-02
2.334386358590706881e-02
-1.048372599685944498e-02
2.464534441857769639e-02
-7.654491047195451786e-03
4.609424521722234325e-02
2.082935598544447334e-02
-1.936014748702779426e-02
1.145790905697081571e-02
4.741277403212346142e-02
6.897589655382851959e-02
2.862259314825408088e-02
-6.079308772640250672e-03
2.313815317320420603e-02
9.148271024627160908e-02
3.519366422868397404e-02
8.442464223853678867e-03
3.796469419761119846e-02
1.003733675374129594e-02
3.286129438869321573e-02
2.377076187803237386e-02
9.279118271290426323e-02
-6.456475441458039977e-04
-1.111663442724333296e-02
6.904730435567832392e-02
6.506949530892046363e-02
6.688351808445651414e-02
8.464381569747780887e-02
4.645416402654105326e-02
2.321136379077661308e-02
5.258282199380652500e-02
-1.397182791546363115e-02
-4.517061459936971488e-03
8.931339609687011238e-02
5.473190500861425944e-02
4.711915598448002118e-02
4.468698422143964344e-02
7.929027204954265662e-02
1.758618038927739144e-02
-5.738077638925472707e-03
2.824011957834208705e-02
-6.486510267127362783e-04
5.132206912813769284e-02
7.749663977056830966e-02
7.453739553427493614e-02
-2.856129929271311596e-03
4.659196050413194623e-02
3.741493695435139932e-02
6.876658340873628705e-03
7.740784598067146360e-02
8.376097429553631957e-02
-5.245481666271872498e-03
-1.138159857655683671e-02
2.271658328852010911e-03
-1.253617031738796239e-02
7.310724183950816080e-02
7.557048489777433431e-02
7.126879158214623200e-02
6.868962002653222765e-02
9.685156551282472770e-02
8.448418926361508929e-02
4.228530574689254307e-02
6.483973438984537430e-02
7.518946152828476226e-02
2.560670178217390805e-02
-6.375549362002623510e-03
-1.543360467324964014e-03
7.536337983231795185e-03
-6.862882350061362546e-04
5.177210584208423449e-02
7.397894110825631309e-02
8.324796199499322202e-02
6.088253526705823121e-03
5.756435174566923441e-02
-1.090650729743769878e-02
-9.579333967798198124e-03
-5.771581835030570318e-03
3.884127643230576854e-02
-2.284877203335509283e-03
8.070746708771085742e-02
9.752005424100983200e-02
8.845343269046300472e-02
9.817756932495398658e-02
9.650923173732019189e-02
3.419326358548335776e-02
6.940026497915280368e-03
-1.101340810138566779e-02
-1.689093503330448692e-02
1.035140090597045856e-02
1.806270581087276658e-02
6.133730186925795413e-02
-3.820694974646668407e-03
7.558836871122967538e-02
4.270382378139539470e-02
-1.736775255580170693e-02
6.887748748774662200e-02
-4.171609433295340313e-03
2.223666689504970664e-02
-8.173239429188145638e-03
8.229985139745288336e-02
-1.173501311674238386e-02
2.066034545565991962e-02
4.802472507946796421e-02
6.786001681131559327e-02
1.609644011304945180e-02
3.576489158322652961e-02
3.944799235898856227e-02
4.792002195051701940e-02
1.872779343932641158e-02
8.679341240482647823e-02
7.613618073029562727e-02
-5.615814009139031768e-03
3.237371597742989826e-02
4.841405344656833643e-02
-1.848962448126296662e-02
5.777721998160857686e-02
6.767371338304721540e-02
1.031108201165992916e-02
1.814523471593284046e-02
6.987359265334060210e-02
3.367831971239365618e-02
4.924768791944235391e-02
4.973403115486173254e-02
1.258273845329338503e-03
-3.228370485549886260e-03
3.620162743827005924e-02
3.879936004936861138e-02
3.193762211820438957e-02
7.707751243727209434e-02
8.088419316969143458e-02
3.038811582605795841e-03
8.573604873201455534e-02
2.494923203423217786e-02
1.516401955610986729e-03
-1.712292856892582912e-02
8.875686871922146282e-04
