1.092967648288422744e+00
1.045600777301512352e+00
1.030445390183104992e+00
1.023356416814235281e+00
1.008000699848700554e+00
1.016244027976791919e+00
1.034614903238339156e+00
1.067589861035852516e+00
1.003670377830506721e+00
1.050289841059098839e+00
1.080315006799961619e+00
1.012503444362334859e+00
1.002974647115343787e+00
1.073704209837538892e+00
1.004351104167422903e+00
1.015894027518965181e+00
1.025691053809604680e+00
1.047954696999446877e+00
1.004787023441900962e+00
1.033412995191407502e+00
1.083490261644159736e+00
1.065731452457280959e+00
1.003232541305215886e+00
1.091807598164813431e+00
1.012541699389268413e+00
1.004822780574867513e+00
1.078993283265607062e+00
1.070411928318721895e+00
1.095053996996549150e+00
1.018339051720637656e+00
1.009362911842328847e+00
1.040488371545968072e+00
1.054225140409327910e+00
1.015171834435165898e+00
1.060401043611586491e+00
1.064834554945571776e+00
1.055680987275205762e+00
1.014575815597882791e+00
1.000703646758297927e+00
1.040497931490639072e+00
1.057834332704449709e+00
1.000406027585633684e+00
1.096755834310889410e+00
1.017571187646680864e+00
1.000166958133894113e+00
1.079291137899653252e+00
1.086065177359111900e+00
1.066922800482102529e+00
1.064295194755785268e+00
1.064415788918165795e+00
1.098251577844709281e+00
1.051446107603912328e+00
1.047887103957231281e+00
1.037268122125223790e+00
1.028086403790231529e+00
1.012793096778933366e+00
1.014976820000509594e+00
1.079149908556950921e+00
1.046508752380665763e+00
1.032184946246871515e+00
1.077636749365831204e+00
1.091453731509126390e+00
1.056552566656398628e+00
1.027989425993165673e+00
1.073705835480672777e+00
1.051343895644482052e+00
1.016973151572445166e+00
1.099252524626404215e+00
1.011242800780665529e+00
1.060644020177397007e+00
1.034092779715137134e+00
1.062708293315203445e+00
1.055153789898031658e+00
1.043929769857640633e+00
1.003344282994812264e+00
1.030846964910220098e+00
1.098089975160253307e+00
1.042040538619243062e+00
1.018937499123847124e+00
1.039446820806383398e+00
1.026296827062567196e+00
1.072806913899147840e+00
1.054628881016654862e+00
1.002152733059705536e+00
1.042834373592560260e+00
1.017651100813304010e+00
1.073812948380805654e+00
1.096455656229475384e+00
1.061252723651244567e+00
1.004492980834655880e+00
1.081564328989891521e+00
1.003881705849661854e+00
1.046236752943832782e+00
1.009632390811874725e+00
1.034399671635216622e+00
1.039011230350970649e+00
1.023896145446049122e+00
1.076273417964239032e+00
1.016013681525631984e+00
1.036834440409324820e+00
1.010350317756340432e+00
1.096201775239818543e+00
1.044644737640028742e+00
1.040268294455111153e+00
1.097757665475185718e+00
1.045938741862047383e+00
1.089620465878951672e+00
1.049287913309975062e+00
1.010465704284873034e+00
1.063693130870195569e+00
1.006998588058392929e+00
1.002590383211194203e+00
1.021033288887374324e+00
1.078900783518575768e+00
1.033669830944244916e+00
1.026927092115758278e+00
1.054010466226420695e+00
1.050116702380459177e+00
1.067290440661510020e+00
1.042516428987059873e+00
1.054036946762050064e+00
1.073900551034679518e+00
1.091919699717993630e+00
1.091232412183697598e+00
1.035733714870811895e+00
1.007237947982426496e+00
1.089053743362077276e+00
1.063397081205232464e+00
1.030691384526043253e+00
1.039209321684383180e+00
1.054874021498839909e+00
1.004138623457752955e+00
1.032807068693137875e+00
1.068275125788778146e+00
1.034686302260143576e+00
1.092770473376398099e+00
1.021465535357655607e+00
1.023403378947931763e+00
1.088170550241506662e+00
1.013762008284455174e+00
1.081915297688442745e+00
1.077717545903313034e+00
1.006693613445143409e+00
1.068445087305980312e+00
1.003177070792776515e+00
1.079427506208969545e+00
1.067136068322912079e+00
1.073250809685085461e+00
1.050640118876230655e+00
1.031287831411871192e+00
1.026008355925936755e+00
1.045437079567876015e+00
1.047031736418812198e+00
1.063905650379307621e+00
1.007099189428811714e+00
1.045192676436135892e+00
1.069805140936613164e+00
1.032144659692154409e+00
1.025185847835250241e+00
1.021986139281976236e+00
1.059300609155020112e+00
1.095430023946467601e+00
1.039758150128307967e+00
1.036262012029408375e+00
1.024635399100369382e+00
1.044202005695602287e+00
1.052896110907228122e+00
1.016921387977915092e+00
1.085846803650322157e+00
1.076065819839219229e+00
1.079782686727262631e+00
1.042824129947331535e+00
1.058717378173797075e+00
1.078434943682886837e+00
1.090182614982626141e+00
1.048116911431635101e+00
1.067941359840666626e+00
1.078187014703796853e+00
1.081713309287812841e+00
1.017979088683659050e+00
1.095794664370723481e+00
1.045840100879514623e+00
1.022414522514004442e+00
1.012706932922812664e+00
1.009896605062263530e+00
1.014181171967661665e+00
1.005706397987833345e+00
1.068950289581007906e+00
1.051221117992123588e+00
1.015045723715928716e+00
1.047264938279479862e+00
1.090747082046537919e+00
1.036426464516710944e+00
1.018410327262290194e+00
1.035601783041763424e+00
1.078523207766560521e+00
1.005782466000828546e+00
1.029814231810281422e+00
1.081113309371381170e+00
1.012311025558815247e+00
1.034814037114445640e+00
1.032589243393924550e+00
1.078235134631041259e+00
1.090359777772059058e+00
1.040802637026410737e+00
1.026756777933661269e+00
1.009673114438684793e+00
1.087283116570626040e+00
1.062709530746343223e+00
1.020086617321560807e+00
1.027734550602961816e+00
1.003571058474520106e+00
1.089952991545382943e+00
1.073813773004875127e+00
1.033472026829698409e+00
1.086316763928351303e+00
1.060849052207302412e+00
1.012826618057336203e+00
1.055405063203282312e+00
1.080690549672316036e+00
1.018852775168860303e+00
1.000375150885607800e+00
1.045169807359906278e+00
1.081638011522797038e+00
1.060254543506409242e+00
1.059828460935638983e+00
1.030198938837060707e+00
1.028034715582829328e+00
1.099481757140047700e+00
1.002107713336938932e+00
1.070364937725116983e+00
1.073237170464832468e+00
1.069402776626278362e+00
1.007223228245022861e+00
1.007698151500826089e+00
1.003652068633118510e+00
1.044231053850846580e+00
1.091851831205051138e+00
1.033744336312282908e+00
1.084076086819725004e+00
1.044970477655988716e+00
1.046144646777165566e+00
1.033825132668893643e+00
1.036407506155953451e+00
1.003814121333546971e+00
1.071522022136251806e+00
1.069837234284882976e+00
1.020163158909705547e+00
1.058104606987847474e+00
1.006527109766258921e+00
1.015281205485284444e+00
1.087068413060100935e+00
1.070948483550694164e+00
1.093202217568051360e+00
1.062517256482561123e+00
1.007732219982975241e+00
1.053849869876413603e+00
1.078173307621026700e+00
1.027695516194583547e+00
1.083377017404796305e+00
1.011127292732882710e+00
1.044113792003217078e+00
1.054182514660174874e+00
1.059613085112944608e+00
1.036710120385176515e+00
1.009598310425531054e+00
1.066224119268928350e+00
1.048365527030201472e+00
1.050421399275476730e+00
1.080122329667652537e+00
1.059072177772438561e+00
1.086072641423728058e+00
1.048975978166713396e+00
1.096882380415871605e+00
1.014587849877282455e+00
1.016116877524791295e+00
1.012889322755822885e+00
1.084232721131675126e+00
1.047011941160920889e+00
1.064748912241860079e+00
1.049321743225815506e+00
1.066496456938464954e+00
1.003033203543619356e+00
1.099397467861893407e+00
1.095903247305079820e+00
1.087046484572808058e+00
1.095113671674102118e+00
1.077755040424061450e+00
1.056113504314012186e+00
1.023042507768329612e+00
1.071737311991954655e+00
1.082017261301408073e+00
1.057414016793756240e+00
1.041907838242375428e+00
1.045406158934578222e+00
1.094672452445855537e+00
1.066892439804276282e+00
1.051070875543159922e+00
1.093709984505555344e+00
1.067647390016704501e+00
1.011734793137161637e+00
1.063069592888086445e+00
1.006744765952398479e+00
1.076666816528156989e+00
1.038566851775969413e+00
1.013201958711804407e+00
1.043347117420738268e+00
1.076502900527651407e+00
1.035620393731542910e+00
1.048380543565919476e+00
1.005630602414718133e+00
1.050185945984445812e+00
1.058073992298909971e+00
1.037831315275873578e+00
1.073114634570093706e+00
1.062371791115139130e+00
1.072891392733691163e+00
1.003872458138760360e+00
1.026234244447324695e+00
1.029890687558311368e+00
1.076077071666357687e+00
1.084721485091308502e+00
1.002199186903481642e+00
1.062099959318844711e+00
1.002501400636691908e+00
1.087962512276286819e+00
1.074386531983284598e+00
1.057203290443693655e+00
1.036397310356030887e+00
1.021533556133096932e+00
1.078080991606573003e+00
1.012270544269250561e+00
1.090560015539610683e+00
1.093029050925368173e+00
1.045925634373420676e+00
1.040547186091310694e+00
1.071265426196490234e+00
1.088090454701221121e+00
1.094147317376628958e+00
1.020480137677606036e+00
1.087079174966275819e+00
1.018845928916682908e+00
1.062904972664406422e+00
1.063879570161863519e+00
1.065386035574784840e+00
1.035791707067229117e+00
1.027331386337438479e+00
1.007696882537683081e+00
1.092686624648046223e+00
1.045873584364765074e+00
1.081162332351829347e+00
1.072674729878873023e+00
1.095311495399537094e+00
1.074783354281089620e+00
1.068019194381516268e+00
1.027003558931244731e+00
1.065445241834636514e+00
1.013147774345010355e+00
1.098279433497679980e+00
1.025882591211703332e+00
1.025369314180313518e+00
1.007901794193514888e+00
1.004899144287089596e+00
1.059302841707599807e+00
1.008686491443154587e+00
1.059187122153162797e+00
1.042553733281791573e+00
1.026829817361522235e+00
1.029075567231713118e+00
1.059031267967452283e+00
1.074143875457304720e+00
1.074489412947736477e+00
1.033213695137594978e+00
1.074209289185938943e+00
1.013031877271936221e+00
1.017720466140142666e+00
1.041822734175755771e+00
1.052101621002739851e+00
1.024755803584073366e+00
1.072963940749660283e+00
1.084894321202078515e+00
1.036273240734116419e+00
1.062308949839736449e+00
1.067975834942776814e+00
1.033531485360067448e+00
1.036698279919554544e+00
1.045577453870659257e+00
1.051404559542404193e+00
1.028758627875299370e+00
1.072420870377222446e+00
1.005379605710769342e+00
1.086512772454351516e+00
1.071409109720639963e+00
1.053153130169039775e+00
1.067178593216239646e+00
1.020824391075848103e+00
1.002172270592665004e+00
1.080504297519732537e+00
1.071678352160204239e+00
1.028248355906668410e+00
1.073982597883987200e+00
1.038763613565491628e+00
1.038594196162714089e+00
1.005623055733019466e+00
1.071855551787612049e+00
1.005655332041879513e+00
1.040082127221404251e+00
1.060426016732434196e+00
1.072261893439268476e+00
1.017012642025889591e+00
1.033246154461769040e+00
1.076192517170281970e+00
1.069386453628649702e+00
1.061381110538985872e+00
1.008016747465374063e+00
1.093508315959378807e+00
1.040568400199738619e+00
1.069399444715168679e+00
1.003871582030369636e+00
1.046824946583072125e+00
1.097777915070801358e+00
1.045705944152476974e+00
1.080634111360350591e+00
1.042516689552078990e+00
1.076541557563075679e+00
1.005151348627827179e+00
1.027808247428197319e+00
1.031271593486821958e+00
1.050253767850866993e+00
1.033234267971536280e+00
1.017317149280734023e+00
1.094674339587364376e+00
1.068383305483012302e+00
1.039021170892852508e+00
1.079114294096063187e+00
1.090521010321633177e+00
1.042276458518054838e+00
1.023996186440494727e+00
1.034117549136222225e+00
1.023989431773499659e+00
1.070169160728187130e+00
1.060629516125690230e+00
1.083179183154179270e+00
1.036143665477264220e+00
1.048390987786169459e+00
1.018557620698412380e+00
1.095642455478456956e+00
1.047531963626206597e+00
1.087373062362774423e+00
1.042098803562161446e+00
1.080063218872285402e+00
1.041791243355263852e+00
1.076030403332399077e+00
1.083867942864687794e+00
1.043844603101848012e+00
1.092482144994797011e+00
1.083193980938607304e+00
1.087769077535315931e+00
1.038067106491865399e+00
1.049473152503959783e+00
1.077582445580242521e+00
1.092175827778072206e+00
1.084959751806479522e+00
1.046680579214615436e+00
1.013736783280059672e+00
1.041205924645816960e+00
1.097245240476281136e+00
1.040498383453941411e+00
1.077488537236798161e+00
1.040761904395222315e+00
1.069804676830063306e+00
1.016434640845034432e+00
1.097640082910036785e+00
1.043421528477580074e+00
1.040992764379750080e+00
1.079801349097923469e+00
1.022829595630650124e+00
1.018624650729050396e+00
1.052649036003611371e+00
1.084646531154341620e+00
1.088291330252709299e+00
1.051682919755034140e+00
1.008132875241145809e+00
1.090222850098845120e+00
1.043433162183596163e+00
1.082925791141355898e+00
1.039845599416546973e+00
1.015630892244702155e+00
1.088533241289131093e+00
1.083205840727679226e+00
1.040965850021990491e+00
1.054809934069156574e+00
1.037848766540240941e+00
1.097758313846573186e+00
1.069783337434198511e+00
1.027196168720321046e+00
1.060827623038418599e+00
1.087500979749627783e+00
1.048249794710106375e+00
1.006116230779094511e+00
