7.896786079808654213e-02
8.864102921128355628e-02
9.229086777255671170e-02
5.725345605490408940e-02
2.319915480512349873e-02
6.646529081231042357e-02
1.052106276857901757e-02
3.656267015227067374e-02
5.305163827624563566e-02
1.126262758767996794e-02
5.890405465110593736e-03
-1.565738645392340117e-02
2.778441419351789995e-02
3.824588869876319186e-02
8.802498774650423241e-02
4.549438415692533266e-02
5.250760056655645602e-02
9.848820407955617695e-02
7.308992965681088139e-02
9.973037130440495779e-02
2.929383005999510250e-02
6.604817508118455971e-03
6.378477856094444398e-02
6.740709043181226934e-02
5.080338039734055844e-02
-7.371496947321731427e-03
8.352299703259641328e-02
6.132537040366421721e-02
4.796019496454263786e-02
8.688667966958955879e-02
5.120081676520032987e-02
-1.889698781516652160e-03
4.451641576670728462e-02
4.560801476612086347e-02
6.667214567687074211e-02
1.604421547028784048e-02
4.941022713457207671e-02
6.329237855891876874e-02
-8.079470001321023206e-03
6.128031886279604323e-03
8.943681896133620635e-02
-1.992618561884835354e-02
5.871792096978138698e-02
4.654896244245267101e-02
3.307790613292613258e-02
3.247296426958577731e-02
8.070040689571154890e-02
7.051044901104989993e-02
5.897515266845343440e-03
6.951095922806059535e-02
2.007578016122316469e-02
3.944347048951851731e-02
6.232085762672809337e-02
9.433541204399634172e-02
5.097959227306056440e-02
9.176449868360661566e-02
5.698382769326502950e-02
9.209753045828313056e-02
1.123959597001742208e-02
1.990008057139638561e-02
-1.887161759696348931e-02
1.531120027893431365e-02
5.845105191627429642e-02
-7.275179890750157335e-03
7.569858007527717481e-02
4.854067907253620251e-02
1.808402948924308154e-02
6.956473202837641645e-02
9.115563842391664895e-02
6.510355053316298213e-02
6.300905343359056165e-02
7.694805543588233154e-02
6.368224467969081648e-02
8.724926911489457038e-02
5.065100038223642465e-03
5.731768897420433384e-02
4.833345306353284410e-02
9.916131273605759133e-02
4.781712217669743803e-02
2.690042705743301080e-02
-1.491127805775473505e-02
-8.618567529994906190e-03
5.229875573762919616e-02
4.721009413812200795e-02
3.138798003322518237e-02
2.526904226554196539e-02
6.909601132996814887e-02
9.592000974727847573e-02
5.767505928578769980e-02
5.627054496305657072e-02
6.590301284277740035e-02
5.083297899242909812e-02
3.887940230839020961e-02
3.277069623843331669e-02
-1.471318183879209360e-02
2.521602479675600153e-02
9.375696899073336643e-02
6.166341070516698220e-02
5.399133576622074104e-02
5.447319430836713994e-02
5.573597647482585182e-02
4.543166883984810223e-02
2.605421892218711885e-02
1.040303766358895848e-03
-1.665877632493613023e-02
1.055601790100282183e-02
-3.654924951683312384e-03
9.342419190739513490e-02
8.137623655625750296e-02
-3.552100308597747058e-03
8.434832953939673528e-02
9.695596656366228805e-02
9.219977188425019371e-03
8.584028835920617939e-02
6.755184583889472377e-03
4.905342542689017371e-02
4.136737510316257360e-02
3.540140116574953810e-02
9.326851006174660674e-02
7.664531097397163373e-02
8.432344891418733224e-02
6.680099885647695912e-02
2.712225288118081876e-02
4.922091401912628145e-03
5.445603785145443354e-02
1.267882682890448739e-02
4.259702081316651956e-02
-1.539137261178327720e-02
-1.526635556484273737e-04
7.090926555503519746e-02
-5.470060877278526412e-03
8.141267626264588053e-02
7.417163633376945564e-02
-2.535770065535961765e-03
3.862015129777436606e-02
-4.700889836902887031e-03
1.181567451028514223e-02
2.085510653673073103e-02
2.176956919874825994e-02
-1.707081261276589476e-02
1.139393103093000806e-02
4.951989110374212244e-02
4.523288253387972024e-02
7.306223107206161194e-02
9.872244959609204062e-02
-1.650084934140502030e-02
5.220598828425086768e-02
2.887057864398051565e-03
1.510043134777811977e-02
8.975204367986308607e-02
2.598316185132739861e-02
-1.936917863686610924e-02
3.569204949255215531e-02
3.450461695386322636e-02
-1.909566005240587866e-02
9.464617745458833720e-02
3.142291105739532242e-02
8.819181131291743692e-03
9.536157971352966778e-02
4.401244060675540970e-02
2.486231012335115079e-02
2.011946886717934715e-02
4.601379868001180540e-02
-7.065785826624043295e-03
2.238527726233468032e-02
-1.259894413513312945e-02
8.821434572821075515e-02
7.146618280837359338e-02
8.779394890758247805e-02
8.924796153605137061e-02
7.863799573489368283e-03
-1.753055953407164219e-02
9.489949475575813753e-02
-3.025309127026587497e-03
2.639813830890857388e-03
7.881850313437380184e-02
4.179600541276168313e-02
5.853894712891556662e-02
6.273181746609728104e-02
-5.715632915868134808e-03
4.686162265011817318e-02
4.580930183574320746e-02
5.203271556178380719e-02
6.842663768613262143e-02
-6.757446254162528115e-03
4.174364123755272549e-02
6.762683234572500202e-02
7.901018349020122455e-02
3.134641503526311435e-03
3.281842502116406879e-02
7.587585378558207860e-02
6.250216337030174707e-02
8.765044415267994604e-02
4.667473493692013420e-02
-6.154242358687764258e-03
8.382474297975876787e-02
1.873996625993080631e-02
9.231077614828481215e-02
6.739005980307534449e-02
4.053437756836317241e-02
7.968060624065956277e-02
6.105074918201937317e-02
6.728743287065364065e-02
2.766098734686259566e-02
9.022339713755275770e-02
2.907621973777852961e-02
2.896275103240803298e-02
1.344429269829851628e-02
9.824710146259951760e-02
8.506711412192444199e-02
9.977889695054473207e-02
1.191100411766201142e-02
3.343486996287302337e-02
7.136493370040372652e-02
5.271258116740096256e-02
7.317204820812943378e-02
2.958992607505512087e-02
7.633436362683598819e-02
6.791542239680604942e-02
5.305546290794217745e-02
7.534109049605450248e-02
4.513951993338785607e-02
8.050071438278993963e-02
3.729210594116849631e-02
3.190419600439202419e-02
3.286773889345456778e-02
8.772044612007219577e-02
-2.840050234562720155e-03
7.376533982988381366e-02
7.897530677884770367e-02
-1.263968280806626598e-02
-5.588114706351631628e-03
5.940214639568905386e-02
1.618566247096173485e-02
3.771122882455200942e-02
9.552255845653274957e-02
-1.285884894205391316e-03
3.000393710918425327e-03
2.427900665460743304e-02
2.047897380826132693e-02
6.770230670548792185e-03
-9.020241743053930908e-03
7.958286347262436000e-03
6.183205213782117654e-03
8.811275260886931859e-02
1.856824549342753553e-02
8.276215817172001554e-02
4.491628710331939389e-02
9.744124485542407510e-02
6.080002301036887408e-03
9.758988225430996477e-02
7.284774267994281738e-02
5.419393088011448256e-02
2.922497954262557804e-02
-1.065156366287828976e-02
5.266743282227873135e-02
9.529434278840596961e-02
4.319215949932572740e-02
-1.446351888364619948e-02
3.126965643140720841e-02
3.414853996304186012e-02
-1.686578354673751168e-02
-1.284232046492258736e-02
3.785140537713409248e-02
1.507994685899343226e-02
3.453713274556532986e-02
-2.749098087708234939e-03
6.113413203078074676e-02
4.724519792312879829e-02
9.292438656458608393e-02
5.379328663991189696e-02
6.185350126134786519e-02
5.105557402085503238e-02
6.740175830957448322e-02
6.585357967634471177e-02
-1.424111560411875886e-02
1.616527138504337061e-02
5.932688537776471122e-03
9.043720920255862716e-02
7.055948356891318662e-02
8.308730297648660168e-02
8.277631266572690882e-02
4.862466875568374758e-02
4.694794209842474697e-02
3.157550466417644031e-02
4.040728785696172387e-02
1.749162033498677729e-02
4.202489709676952845e-02
3.659562522144366170e-02
8.480334728740442085e-03
3.592143362875954704e-02
7.187825776639164554e-02
7.585036915292779625e-02
6.843377706348567624e-03
6.794198689574452998e-02
1.711894550976696475e-02
3.011332278344545574e-02
-5.197475765561692176e-03
9.191786622709141596e-02
3.609655057722799265e-02
1.144481746913348155e-02
9.917562067600839415e-03
7.252739000687973003e-02
6.953295543104850984e-02
7.372695724498888603e-02
5.234916975108604154e-02
5.823222720844127565e-02
5.109729013886975257e-02
4.819812698698895670e-02
2.726550297403604675e-02
9.589425827755346243e-02
7.237971055648168006e-02
-1.265818208396931113e-02
6.600370425032411892e-02
1.294019756686196412e-02
7.706162815026688928e-02
8.817620764305730829e-02
3.948595017072874247e-02
3.381240928849515298e-03
9.136250346582096282e-02
1.067632677139881275e-02
5.705321198215734801e-02
5.133481265913636404e-02
7.680450507104667757e-02
-7.441129521888297654e-03
6.773040756325753031e-02
4.159935806006134773e-02
6.516188482789431191e-02
5.764037224877802124e-02
8.446787510246693553e-02
8.019772178862764889e-02
1.792067980158542143e-02
3.160598161971525655e-02
4.853373129082404203e-02
5.543264154659670317e-02
6.877952344007474961e-02
-1.743418719167965508e-02
2.149486629312310701e-02
9.757301868859834248e-04
7.700037364920239713e-02
1.453600549950107360e-02
7.133336645019575095e-02
3.707336399662297666e-02
1.671678313435266683e-03
4.911265289722295535e-02
3.759828380885144039e-02
-1.179336203427589630e-02
4.104185823073221162e-02
3.335246506890808538e-02
6.733602879079315928e-02
8.477034861475428451e-02
-1.797567758289271567e-02
6.902370632004933837e-02
5.436828563430645689e-02
7.125963079675012857e-02
5.107056729810262319e-02
-5.827120720504307128e-03
5.275642299558590265e-02
-3.413174429347132222e-03
-2.703180809078407909e-03
8.112847534881910405e-02
5.683940985365998344e-02
4.034711848885163404e-03
-1.161422834008721608e-02
9.373534116838513897e-03
8.978687667118948057e-02
-9.383770041340668347e-03
6.808109288036413853e-03
5.552607441747998973e-02
5.523990200482693791e-02
3.213458780844724583e-02
-9.477292884673867157e-04
8.852912571450784196e-02
-1.447312879771822658e-02
-1.006261983487758555e-02
6.466002620974263537e-02
5.236414007052092590e-02
-1.747773855372052043e-02
7.680733108693187094e-02
4.771654654533799556e-02
1.858017330202115305e-02
-3.551139133549475330e-03
8.187821679377613182e-02
9.060487552561376223e-02
1.070631197166372131e-02
1.211631102383836298e-02
9.330808366812017030e-02
8.826280512722337046e-02
6.780819940685058056e-02
4.140287364410195903e-04
8.094297881419060259e-02
5.339109034393583336e-03
6.365972256272135754e-02
8.265265940586779408e-03
8.607572992289444502e-02
5.270672206913996904e-02
2.600714580890440761e-02
3.127309668457336350e-03
4.300944763517539071e-02
6.428522260251633147e-02
-1.718733411593372992e-02
7.412751301827144590e-02
2.153202854500667687e-02
4.678609271914915824e-02
6.523623681182645628e-02
-6.160512748587154003e-03
9.156022477986221209e-02
8.285015089157399953e-03
4.661143541257653511e-02
-7.281657832386746743e-04
6.825730012758304821e-02
7.411767275384231746e-02
-3.862057591270503382e-03
2.051158753529607956e-02
2.626652991568257170e-02
8.837202157956254578e-02
7.534716427166580910e-02
-6.254437237428763993e-03
-2.016044640384715564e-03
9.184478914504219660e-02
8.701887680106972639e-03
5.566001385146743252e-02
7.649993004349492365e-02
4.160590275260635240e-02
7.598741146177698247e-02
5.858589888816778668e-02
7.023170914730093861e-02
9.491478964106615790e-02
9.667683519833239481e-02
6.038153095523463021e-02
-4.943898372237569283e-04
3.150721256901838074e-02
-1.661926570305473708e-02
-4.686118423596296462e-03
2.176490197567529719e-02
5.015663194903301203e-02
7.154388822595310338e-02
6.315104089953607613e-02
4.256844258370892642e-02
2.234501854325127851e-03
4.383475012412087202e-02
8.148026902701174801e-02
7.089336001425529388e-02
-1.778258392374939753e-02
-1.740342016428002292e-02
6.833746560638561535e-03
7.330411805882494636e-04
4.558927922630233442e-02
9.401265211101425545e-02
6.605167462434675951e-03
3.863471640867051360e-02
3.269430631605864390e-02
1.195742882013836259e-02
-1.170274938897001953e-02
6.828890741994327052e-02
-1.538999239461782964e-03
9.168107605072227384e-02
1.690401439029349043e-02
8.159871401488585918e-02
6.223963607809062520e-03
1.531525814634986452e-02
6.706078011297526842e-02
6.596251479237624782e-02
-7.590440617974992740e-03
-1.996801162011062336e-02
3.850136825125950735e-02
9.977323702424538421e-02
3.251517545435010648e-02
1.835321984309124660e-03
8.789283457508721698e-02
3.533452875830812856e-02
9.630404397286684848e-02
4.344570107454640007e-02
3.853511688365411636e-02
9.848826265856300277e-02
3.734799716310575890e-02
4.483077259884450660e-02
8.609918578928708877e-02
5.578741181422143536e-02
7.707168612470684244e-02
2.217422403389379335e-02
-1.812369928601308133e-02
1.123516147017778258e-02
1.596881462351451217e-02
-2.365622361465605228e-03
1.032174342243250692e-02
5.098756177471734652e-02
-3.898355759564115647e-03
-6.784859928129787290e-03
1.270193628472652755e-02
-1.574248869741329965e-02
-2.755246830063975277e-03
6.460120055057005928e-02
7.964332375055145630e-02
5.850787911891039417e-02
-9.108470032855676968e-03
3.415256080370657199e-02
-1.213165654832415452e-02
-8.331730511959983820e-04
6.770169141909701538e-02
8.009668753487214632e-02
2.115447149444408745e-02
5.209447472776509991e-02
-1.685581068169342278e-02
4.448494163618518793e-03
1.562635250764007541e-02
9.657087140916956886e-03
-5.770621157129486589e-03
9.246216409240835821e-02
4.267860461115678683e-02
-1.286894160703810040e-02
9.902301923725274901e-02
9.475682867337398285e-02
8.388117378652457101e-03
4.930380065932835065e-02
-1.107532817064630151e-02
1.218840706582079852e-03
5.574742657500270093e-02
2.872255569706251566e-03
-1.233912019470733215e-02
2.463320374269669863e-02
8.728502166921452143e-02
-9.085690682612645661e-03
-1.118328496546750796e-02
9.462273825303187114e-02
-8.083906376187036461e-03
-7.865722618672523272e-03
1.166335582540997326e-02
1.536384688374262120e-03
1.199638974709207537e-02
-5.297018719594887709e-03
1.697203482275491324e-02
4.233061908011592767e-02
2.115001810449688643e-02
9.069740745526262693e-02
6.286518619807621167e-02
-1.174856689694232445e-02
5.280062348944906947e-02
4.013231758147881023e-02
2.706676370584731178e-03
1.182592999037571438e-02
8.415839024045888850e-02
2.148347181245315388e-02
5.051360848644102786e-02
8.580720554496269747e-02
-1.184620713664596113e-02
6.133529562145691172e-02
1.146663580424458692e-02
9.867411799086492352e-02
2.385252816619444147e-02
-1.323309261078083748e-02
2.468926731173962455e-02
4.046617612633265915e-03
2.874510935014354743e-02
-1.149094896408526384e-02
1.931498637280095951e-02
5.965910837182471227e-02
-5.590918536674628625e-03
7.331051935231122640e-02
2.210584748827234061e-02
9.124564636979258514e-02
1.644761268201451118e-02
7.182334893924237351e-02
4.578069384964245092e-02
8.200490151783330905e-02
4.823332903486604595e-02
1.203455960091174767e-02
7.972056583639929028e-02
8.599689851398367724e-02
8.352997727950614570e-02
3.313246760860852347e-02
-8.154719005025729342e-03
-1.001597577187086224e-03
5.104361687054771723e-02
-5.432729623597904942e-03
-1.704120808351002048e-02
9.493360348528036285e-02
1.459276520310472461e-02
5.315570774619747529e-02
-3.484673379519284686e-04
8.493730779841639211e-02
2.708638226907323851e-02
9.459493013572296827e-02
7.463149328377623182e-02
7.491881707306596860e-02
5.015928497199763358e-02
2.765641555002977883e-02
8.007018508351750052e-02
5.695139400042539130e-03
5.044643955967445526e-03
7.694193473605634437e-02
-4.459907520441390438e-04
3.832610944581965606e-02
2.653042976355518556e-03
4.277837443237141046e-03
5.116213039498104104e-03
-2.240148793731040061e-03
8.158841429691310321e-02
1.039196948810159130e-02
7.201337738748167516e-02
5.078020271924325868e-02
-3.780928342872615089e-03
-1.867395568419233723e-02
6.956287955375164977e-02
8.306485952059395467e-03
9.755674465108864213e-02
-8.587321781248125410e-03
-1.879689190234867108e-02
4.438712920170939658e-02
8.189288712705433682e-02
2.950851900959202204e-02
2.009732329448470425e-02
6.517855105006020722e-02
1.178044564848285472e-02
-5.586969776519089270e-03
9.021384311680055723e-02
9.702427577142658244e-02
9.176577701003879595e-02
7.892365953242184984e-03
3.036964558603845801e-02
-1.651729329318236961e-02
-4.108392687500947438e-04
9.624819127869414792e-02
1.630193220595095929e-02
5.724381553880623918e-02
2.981159939541975015e-02
5.279273147735116800e-02
2.382722465698354150e-02
9.980288227899733466e-02
3.716913362409957067e-02
7.800856455429917846e-02
8.407164495115557190e-02
-2.135598204774078607e-03
-4.837473764813178187e-03
-1.596651412662450364e-02
-6.800935158794669394e-03
5.569870987361895398e-02
9.472982509767886861e-02
4.310212941478892140e-03
2.352425784336927353e-02
1.372879752167442333e-02
-1.316826989661384201e-03
-1.137846674281448034e-03
-1.840107080404022877e-02
9.254748146231762951e-02
3.504120165118894403e-02
2.242953918496639124e-02
5.474345549724181359e-02
7.861798245819925923e-02
4.486204861185830173e-02
-1.750533215857798947e-02
3.129888792904614303e-03
5.391365810956431914e-02
1.109660844169934463e-02
5.359557907955246614e-02
7.393396221460600548e-02
4.054372002257919383e-02
9.517221027871476668e-02
5.011166905886058065e-03
8.302328092536856441e-02
7.291262313201647693e-02
9.757810376142911357e-02
1.506026718227275116e-02
3.110981174128928453e-02
5.634211346046000962e-03
5.606703553578222532e-02
2.319595252420654855e-02
9.537606614156922402e-02
8.407736914457905608e-02
1.932367550124016245e-02
-3.071205416298867369e-03
2.837934052362487899e-02
4.993265132493693303e-02
9.434207833005747723e-02
3.166659368267592256e-02
-1.616125222656394564e-02
3.770827744132065895e-02
3.108463847991916121e-02
4.943257024701015745e-02
1.686655237163409496e-02
9.921148901531735842e-02
-4.354348716842284389e-03
6.375415277864629471e-02
5.774853148568405425e-02
3.154629399084096786e-02
3.605727037266708013e-02
3.214952970136233934e-02
5.153590313331024575e-02
-2.049814323525689375e-03
-1.982203780549452940e-02
7.020964469658065588e-02
4.890923489744337938e-02
2.880287183788464087e-02
-7.819338982001816998e-03
4.299390528760474450e-02
1.283326210394824390e-03
7.040431544353757676e-02
-1.901578600930087931e-03
3.060522178270162069e-03
7.733313498469203406e-02
7.133696567341060724e-02
9.962646450555997374e-03
3.000615504381689072e-02
4.884628191122915297e-02
5.302374899247137841e-02
9.469022315531808176e-02
1.631768939950795430e-02
1.936966110478948941e-02
-1.378764960796619032e-02
8.184061474575753115e-03
6.204141232275557638e-02
7.233792853919725901e-03
-5.801632746647404637e-04
8.944889095829310077e-02
2.214426068696799879e-02
4.713610160187033798e-03
8.719826273517571058e-02
4.307525663850556019e-02
9.872455174636045327e-02
-4.171169805898253258e-03
3.728525776406237113e-02
3.820052506452205343e-02
3.725106207438064199e-02
7.686567085579863734e-02
8.961583527525081305e-02
-1.224028780126499433e-02
9.233407801829911221e-02
7.996511830087203732e-02
-2.880716604958231258e-03
8.329313461018694742e-02
9.645443083872721340e-03
9.468432248826769149e-02
9.036998303108663422e-02
9.738847789499578689e-02
3.460906744826745818e-02
4.224597760555622028e-02
2.859414034673300395e-02
4.668612006975388085e-02
1.646180327171561583e-02
8.680077011089012973e-02
5.298749488743119407e-02
8.497972177196336241e-02
1.237169109391802677e-02
6.153282818975321089e-02
-9.724165634381689433e-03
9.424028749704070618e-02
6.445836252788174348e-02
8.352040430429018281e-02
7.604210011590595286e-02
4.975147815315229816e-02
1.419163508000160362e-03
3.493986654771044642e-02
1.783041552981633540e-02
3.006736320769700863e-02
-1.603882620573763435e-02
5.102310925891397064e-02
-5.092974125631534801e-03
1.280718348129604098e-02
9.542485856722997956e-03
9.216341870147344573e-02
2.356854286945730612e-02
-3.724037509828238141e-03
6.769261816482952110e-02
-1.323801923824253005e-02
5.100435848654079340e-02
6.980116852939451111e-02
9.995316542528041859e-02
5.390888958845424517e-02
9.391062996820780800e-03
-4.284286505989529786e-03
7.588684737821507764e-02
4.408536614025605760e-03
7.617851030104885734e-03
3.539973038834468011e-02
1.573854292989650475e-02
6.362002175655945280e-02
9.473901297746593897e-02
2.690856042189969030e-02
1.874324893110259488e-03
7.191058684632778419e-02
6.293104786525013927e-02
-1.894762426787188064e-02
6.643148015396443951e-02
9.835299855105499034e-02
8.404435418978567496e-02
4.927828585175698939e-02
-1.177071777364777257e-02
1.786496099614754210e-02
7.604255182047887918e-02
7.180781059535498723e-02
-1.031323918526865120e-02
8.226577028048437379e-02
1.008639073370979494e-02
2.972216950745628847e-02
4.546348549374425174e-02
-9.889784890075987295e-03
2.721022844343853539e-02
-2.629353943867696747e-03
3.966734346322470239e-02
4.376083990595748541e-02
7.772877255643391436e-02
-1.128589378096286205e-03
4.148920770962694071e-02
4.215427652344573561e-02
5.094666438188065472e-02
4.881019436047319415e-02
-1.397265820851662128e-02
-1.490383979286367087e-02
6.383641446164262101e-02
1.684404421824014716e-02
1.471209777338322935e-02
-1.128084331638790939e-02
7.173758560053153377e-02
-1.922108300383964033e-02
-1.905967492058894056e-02
4.329748431604782399e-02
3.803556910360050836e-04
8.916658679963372636e-02
3.261914888534833690e-02
7.876661751553080959e-02
3.841042341170675112e-02
2.711495719052683245e-03
8.000037661849106196e-02
-3.197463205827505428e-04
-1.175472028845332348e-02
-1.132602108990480444e-02
2.011972623607598612e-02
2.075050359873663666e-02
2.152712656626648915e-02
7.278924790171410059e-03
2.914582646349126241e-02
8.298676465072153674e-02
3.839533664230052046e-02
-9.642005886064231035e-03
6.613070692287610630e-02
7.387949036333149588e-03
7.065376463863365375e-02
1.467686391650297253e-02
7.269806114624675908e-02
7.301567291859918651e-02
1.542638210747742170e-02
6.041515409338087117e-02
1.189395020383714544e-02
5.116697997888754179e-02
7.315244888261186740e-02
9.163386676822903032e-02
5.945611144928572567e-02
9.342067413629981387e-02
2.311384491922369513e-02
9.031737408151831181e-02
6.982503615609396419e-02
3.763306800072668823e-02
9.234028121948742451e-02
-1.470622859631859000e-02
3.847542899178274522e-02
9.197920523732462661e-02
6.658298004494142552e-02
1.601293445026804804e-02
8.508711411428974969e-02
4.176178039818514987e-02
7.828638764939009620e-02
5.997159523081721511e-02
5.792276824354407327e-02
-1.231982736551454072e-02
1.837961210038737900e-02
7.637870768543635058e-02
9.377875594511393686e-02
-6.786650954178095885e-03
4.976529743909693937e-02
-8.374885609693447086e-05
9.752248897783009907e-02
1.341208306712282985e-02
7.109660446098473030e-02
6.539932801874603907e-02
5.470600569160111171e-02
1.065704455541476026e-02
7.349784036614508131e-02
1.853679384725725673e-02
1.995272590702976481e-02
5.491393274451288053e-02
-1.639250867004098111e-02
8.443700672834224263e-02
6.790431760474134604e-04
-1.418116798574267125e-02
3.854235031202007944e-02
8.595066084371764947e-03
8.316771343305034980e-02
9.844586829873934464e-02
-9.881962377252997282e-03
2.834955820463900752e-02
8.109009838997764674e-02
4.444475768448077901e-02
-1.052113119928347468e-02
1.308226650619430734e-02
9.442633355847745991e-02
-1.004494297176674114e-02
4.604774010363878872e-03
8.536890984009407046e-02
8.209480417214545800e-02
2.162980332261495511e-02
1.639072018528430624e-03
-1.844627530042236216e-02
8.482186977466762978e-02
-1.765126147745633978e-02
1.932901794187162278e-02
6.483212080837369440e-02
-9.399268757872171823e-03
8.798015018142529842e-02
1.891050942421344458e-02
5.198733632813454242e-02
5.406611723980583872e-02
1.859646318263498063e-02
5.587897646376145666e-02
9.682923628077146072e-02
2.358444213365508760e-02
-1.646479655520009799e-02
-6.620505754102112839e-03
1.095720677123290451e-02
5.702114336290596552e-02
7.400703867370500566e-02
6.706734080780760165e-02
2.504327920089688755e-02
2.642889685315292017e-02
7.027468653755179762e-02
2.263998544531949444e-02
6.483500794973223735e-02
8.031430936832560652e-02
1.202210957675989289e-04
4.760418874802559153e-02
4.134882224425205643e-02
-1.575244222768409919e-02
4.210652307189634291e-02
-4.019881416659175366e-03
2.673628420269965125e-02
8.133096140867695362e-03
6.731629934588008457e-02
3.126921877183208576e-02
-1.168862660258770600e-02
7.571668303113175680e-02
8.269382400877389738e-02
7.073559142786613185e-02
3.379127551517312200e-02
8.595015569269309763e-02
7.785111472173035507e-02
9.228185475349300060e-02
9.872374921950237414e-02
-1.381672793241404094e-02
9.136686538569188665e-02
-1.652752287779770193e-02
-4.956734483031438598e-03
9.601648875976626085e-02
8.797299033402174173e-02
-1.939666695349936965e-03
1.056097599867534056e-02
7.346197078826674498e-02
4.002965931622337603e-02
-1.482052249117019743e-03
8.965664722954251598e-02
6.240057441745629901e-03
3.880303708416482644e-02
-2.731731022378194179e-03
7.725474997014059042e-02
7.281488095330852783e-02
3.857160887304109109e-02
4.180243771355236782e-03
5.910129397223272407e-02
4.359181991656574384e-02
2.683553702538584926e-02
-9.387179397223194277e-04
4.449442311672123507e-03
4.375545598142380199e-02
2.957367738159568174e-02
1.094864733866408868e-02
8.416955711777908411e-02
-5.614822722822427128e-03
6.745611624120147198e-02
3.349808926493806627e-02
3.799698680555416153e-02
9.197866604862653395e-02
9.389393752176840302e-02
2.808174871093898142e-02
1.653470327115519334e-04
1.203271491682271835e-02
2.957307877452830178e-02
-7.982499399181025579e-04
3.404261954780000987e-02
8.562083005504471378e-02
3.605886480083309031e-02
-1.007152148862608919e-02
4.803735876314968456e-02
9.711731236914696030e-02
6.018619076828177206e-02
3.494237190566497342e-02
7.142483230815058204e-02
1.497029832858913848e-02
4.435523227673261737e-02
8.536343376206777245e-02
-7.676089811846890584e-03
6.544538999341367735e-02
8.609665347565710614e-02
