1.067312791219960033e+00
1.035725255308986847e+00
1.079859840019854467e+00
1.023372029689946894e+00
1.042570166517951868e+00
1.038412569679254549e+00
1.057668275198930585e+00
1.073481759956589787e+00
1.098020123269596304e+00
1.017573875338000811e+00
1.061390666517985970e+00
1.088160977831443388e+00
1.018137215564051123e+00
1.084605739384389089e+00
1.031687413561968913e+00
1.041822422384381719e+00
1.029826452607818021e+00
1.068215429218746904e+00
1.095939342758646351e+00
1.014152787836748892e+00
1.038944666909940029e+00
1.064096823825479987e+00
1.088737262790336224e+00
1.055187907800169134e+00
1.056800166160266619e+00
1.010175452852126288e+00
1.054418420961486413e+00
1.030592776021553192e+00
1.002535741939267977e+00
1.075127722594772850e+00
1.067626643447688650e+00
1.065230021342335354e+00
1.057397792662434055e+00
1.091321304224037725e+00
1.006891760819461856e+00
1.036570638440401204e+00
1.022753467173312059e+00
1.039313213872948838e+00
1.069587130708200107e+00
1.091265071682764098e+00
1.026865094684819457e+00
1.047137050546359305e+00
1.012882980720470671e+00
1.024468040998566254e+00
1.023174943803921044e+00
1.027750656642076654e+00
1.015327505826851162e+00
1.037402141135989719e+00
1.077205989703275968e+00
1.044316639929474100e+00
1.008387585727225755e+00
1.056502883612815635e+00
1.007261600107713928e+00
1.039329952118039024e+00
1.054162553923345236e+00
1.079292558294129956e+00
1.049336861185968361e+00
1.045471013689707851e+00
1.091826480091278029e+00
1.088333983613341216e+00
1.090095979678391114e+00
1.085991658787154091e+00
1.078306231523516123e+00
1.068204602345384169e+00
1.011708212001813489e+00
1.004580756391793006e+00
1.055561745137131080e+00
1.019163200278661474e+00
1.091988018484780332e+00
1.033632760188903488e+00
1.088711871278389864e+00
1.070560061076328617e+00
1.007670857643790052e+00
1.015351899849010087e+00
1.002736896539277334e+00
1.089259049180020922e+00
1.000354575833653836e+00
1.063392443803664378e+00
1.044279913185525599e+00
1.083548639517077250e+00
1.070296209256759612e+00
1.087429947053341062e+00
1.028750324259635196e+00
1.017186518406741236e+00
1.030666260330132866e+00
1.064535797240630410e+00
1.049055540033790423e+00
1.030353619631500850e+00
1.003422074186083091e+00
1.055945410350417335e+00
1.031587800749496742e+00
1.004064588486574428e+00
1.075426855829892947e+00
1.019350659493971190e+00
1.003288140684819751e+00
1.093187477422829179e+00
1.091469568087006126e+00
1.083482312143954074e+00
1.022815085031997917e+00
1.070160921650835206e+00
1.047376292179329704e+00
1.024174531758437867e+00
1.034564373972571616e+00
1.060025985075115251e+00
1.008340901357674291e+00
1.046579598721461446e+00
1.053364201794505517e+00
1.091842950259358513e+00
1.086190243413142742e+00
1.068870592664719066e+00
1.065435801618911604e+00
1.040632994815497536e+00
1.080726542889818287e+00
1.032783060413708043e+00
1.034809044935419919e+00
1.036500360897735895e+00
1.037668800751817555e+00
1.065678507101153416e+00
1.067900459315494155e+00
1.021308536538034772e+00
1.002143871658771168e+00
1.060330016688507682e+00
1.079676890441433112e+00
1.004551662531381950e+00
1.024588644129718507e+00
1.038854333491562087e+00
1.020601563300382653e+00
1.047096259085348757e+00
1.039282567319615325e+00
1.085422658645230021e+00
1.011960191348063809e+00
1.008776310588928027e+00
1.072420885460186213e+00
1.014834311430811598e+00
1.008413130192928664e+00
1.096223985078587315e+00
1.047387640452272173e+00
1.004108997378573065e+00
1.040262638558511865e+00
1.014189786781272362e+00
1.022725890302893514e+00
1.052528768603032683e+00
1.029427867508802663e+00
1.064382932507760504e+00
1.031026797669958528e+00
1.068637399105735630e+00
1.096977109997383293e+00
1.023056859907180982e+00
1.021184202807079444e+00
1.088232457353761395e+00
1.008235042927835945e+00
1.072476002076016455e+00
1.098411422152427264e+00
1.020615341338401816e+00
1.002322213933537043e+00
1.044168747030818301e+00
1.068765998309404885e+00
1.022591907590792104e+00
1.072009566760816046e+00
1.015924241530877126e+00
1.098696741216419248e+00
1.062534033307382941e+00
1.009987745808960335e+00
1.019482490650310602e+00
1.039056910746988915e+00
1.015491643450884940e+00
1.017994096899889289e+00
1.009566451280746291e+00
1.079961849138316499e+00
1.005763891386404207e+00
1.095826586624808918e+00
1.006889437122755027e+00
1.079787768265901615e+00
1.045573463225366373e+00
1.016245396691975778e+00
1.070102943891574565e+00
1.073046630758639264e+00
1.072444744198171040e+00
1.083035231352395655e+00
1.074338068241712740e+00
1.019416904983870831e+00
1.098431854095666127e+00
1.053857741496758260e+00
1.072680335208684443e+00
1.043710048568884163e+00
1.079451085967024770e+00
1.061658086711724458e+00
1.055275985502286185e+00
1.078985356655711936e+00
1.054927540585770540e+00
1.052884945230710745e+00
1.033273536150550065e+00
1.092524860553943267e+00
1.075172157949197960e+00
1.058742179383226567e+00
1.092506873523600985e+00
1.012085533641464918e+00
1.035369412679531198e+00
1.098588241325365811e+00
1.084219630275601753e+00
1.000686734595629845e+00
1.054682375591249555e+00
1.010073172494218463e+00
1.062300157761842501e+00
1.008983389815159226e+00
1.016338262669046699e+00
1.037018484255159523e+00
1.008818144213728285e+00
1.034823567264191668e+00
1.056497777783852232e+00
1.083281503042274219e+00
1.002181706371890968e+00
1.073684227237389432e+00
1.026980847752235526e+00
1.072060231532972141e+00
1.067930744963850209e+00
1.068026794150396697e+00
1.008635701260514717e+00
1.025188165111527105e+00
1.000459760162792699e+00
1.030613311897274231e+00
1.019451801286931580e+00
1.040117777024822443e+00
1.074311672255176653e+00
1.045616671742226167e+00
1.088148546862155230e+00
1.019632376217872283e+00
1.097324143563588761e+00
1.076739349119235190e+00
1.066448702165485152e+00
1.046192654437846148e+00
1.077022673385112483e+00
1.076733738489187964e+00
1.020289781171615617e+00
1.017331683034268019e+00
1.009034566121837173e+00
1.078151113992162458e+00
1.021326076665294291e+00
1.083227081234843237e+00
1.020069977809010986e+00
1.028291438968120586e+00
1.047439671439661435e+00
1.019411856805155336e+00
1.000214006867057082e+00
1.053171401632490456e+00
1.089372732229309193e+00
1.013063597078533551e+00
1.013580750293737287e+00
1.091442887811976625e+00
1.063158374811093765e+00
1.030727263784635861e+00
1.078874226715321072e+00
1.042074839402942654e+00
1.071562683298421970e+00
1.050848949976715074e+00
1.016497058994836777e+00
1.037662334791395358e+00
1.053298111983323349e+00
1.035851349671394139e+00
1.021490324016539830e+00
1.078512771787364377e+00
1.026653550580315821e+00
1.011955531658265128e+00
1.018103376097307056e+00
1.045013336648391800e+00
1.000415748651437342e+00
1.025671043351513489e+00
1.068329244425594515e+00
1.054227280741554473e+00
1.067249706409619803e+00
1.099909165058187588e+00
1.069293885256442644e+00
1.087286431984730184e+00
1.039388050931085328e+00
1.094471259588441381e+00
1.021249283076758996e+00
1.074464170110150496e+00
1.093020509153179720e+00
1.065660767391924502e+00
1.086828100521567864e+00
1.087882604512505180e+00
1.058467719338495039e+00
1.000398314376404363e+00
1.073155200177540847e+00
1.084780935264789692e+00
1.033559710688272126e+00
1.062402984438709730e+00
1.012279541887481482e+00
1.075509300556944936e+00
1.009449087856431060e+00
1.079445192182358904e+00
1.087344181248256270e+00
1.037714220535062903e+00
1.062734433323312411e+00
1.084389915468151555e+00
1.078029126040019214e+00
1.066793396951532635e+00
1.060144186017302426e+00
1.094683060909118044e+00
1.089437501387773732e+00
1.057274959126745850e+00
1.047252210574262543e+00
1.040106078127933209e+00
1.044565324336237166e+00
1.085890952562140965e+00
1.062805259233994937e+00
1.075097132212599949e+00
1.061405710265999502e+00
1.098836072873904390e+00
1.073309799450690161e+00
1.086761317839928020e+00
1.006093157545043359e+00
1.064240990535288534e+00
1.027751289854352823e+00
1.089711034598626060e+00
1.012910503210851187e+00
1.006368800576555422e+00
1.074484780100628534e+00
1.075549834457753651e+00
1.031765657991944973e+00
1.024818316568794740e+00
1.079580480053813574e+00
1.009161095791446972e+00
1.015470156826930870e+00
1.034184504399194848e+00
1.096833385766368130e+00
1.073456905322000665e+00
1.026640668426324954e+00
1.033546460014212576e+00
1.040382851496369998e+00
1.097220561218058332e+00
1.009688070692253747e+00
1.075998816866385432e+00
1.086334106540212341e+00
1.058569576542625734e+00
1.084346898338868659e+00
1.018265161792989870e+00
1.099838682651594679e+00
1.009550565644074416e+00
1.056943185327884116e+00
1.055707423396899713e+00
1.054599088132984530e+00
1.043070325005593935e+00
1.017499861159486318e+00
1.095230954711090998e+00
1.086383087419085403e+00
1.077354579021172487e+00
1.053043065491800601e+00
1.088191639469035188e+00
1.077710090150630462e+00
1.068029908549464002e+00
1.027875467042291158e+00
1.017923634588689730e+00
1.093730972994126915e+00
1.079607089577019785e+00
1.084084914411792333e+00
1.077881813678651879e+00
1.023601928551970852e+00
1.007021134459773704e+00
1.042517537912231340e+00
1.003858171679824496e+00
1.017561569371997265e+00
1.074749888633046657e+00
1.085459853513722983e+00
1.013951462555965799e+00
1.015118942976553473e+00
1.054582406072737566e+00
1.023203450435788753e+00
1.040430661092240028e+00
1.018834884482714420e+00
1.004221271178998176e+00
1.057078013092993762e+00
1.036516098751915083e+00
1.014615158482181867e+00
1.018401488100586949e+00
1.050581273193186282e+00
1.084384343699464459e+00
1.027909466938859984e+00
1.093282050796725580e+00
1.069903375919446731e+00
1.036455422127700032e+00
1.039374761164556737e+00
1.046499539674742074e+00
1.069191308384779937e+00
1.073352965605978149e+00
1.098389117019395345e+00
1.012418246998048277e+00
1.003622691748976115e+00
1.081100582996557868e+00
1.015034219538616167e+00
1.069149707929786475e+00
1.088965097997276033e+00
1.021426297578278186e+00
1.031740321508659353e+00
1.003913746924758543e+00
1.027521449586685121e+00
1.013871101655586582e+00
1.056107549712404170e+00
1.094570170020024769e+00
1.098317784907626216e+00
1.039479852463544685e+00
1.041771009697616268e+00
1.097919673344397440e+00
1.023941667784517229e+00
1.045952102525317784e+00
1.085675320299207769e+00
1.086420154978039676e+00
1.047286278036700491e+00
1.068299113468044625e+00
1.091029584435435851e+00
1.026203514596204736e+00
1.028675536653568479e+00
1.058923478359830028e+00
1.028394858083006680e+00
1.019365233455825637e+00
1.062762537321690459e+00
1.024125075212287239e+00
1.062246500192356446e+00
1.032827865303850512e+00
1.017787796342733087e+00
1.067700805804072894e+00
1.046314447844225892e+00
1.009698240965048566e+00
1.078048568351654524e+00
1.036502794941279060e+00
1.043844093797166250e+00
1.051544231902083126e+00
1.050019454353498860e+00
1.041844833934113979e+00
1.008004714866049811e+00
1.076191025117179567e+00
1.098525787497432571e+00
1.067623515290036851e+00
1.005767734061001395e+00
1.099085012470921052e+00
1.089919263722673559e+00
1.001916684053648865e+00
1.087133269431719507e+00
1.068215304368542284e+00
1.042025477643046427e+00
1.084986394047232849e+00
1.059307453588768988e+00
1.054465328842038252e+00
1.053642570163851211e+00
1.018291130524588528e+00
1.047268520895606292e+00
1.026215040950441137e+00
1.052004324858025086e+00
1.057327423804002242e+00
1.024631736145158900e+00
1.085836723561077521e+00
1.075104436344114234e+00
1.068020513503840752e+00
1.002285057173905924e+00
1.033040646882452229e+00
1.019260680326451451e+00
1.071105079114239800e+00
1.013708816046740457e+00
1.071883022590577772e+00
1.057024718388758666e+00
1.030182064776057338e+00
1.074362913314038659e+00
1.023418215954023935e+00
1.012700817116200414e+00
1.091738758065058601e+00
1.047840161931845593e+00
1.015810651144207766e+00
1.035121133013574335e+00
1.028475908094329316e+00
1.022407845505590274e+00
1.069134313395873948e+00
1.022055266770788950e+00
1.001755674298758780e+00
1.052600701915515247e+00
1.088605336936556256e+00
1.031170425299464899e+00
1.004486164453103569e+00
1.083413121711260363e+00
1.097749171131281676e+00
1.026949042885253460e+00
1.044218097201093265e+00
1.098259642435060135e+00
1.090848763824380230e+00
1.028660023104372767e+00
1.092302562274184652e+00
1.039065696240905057e+00
1.059512103899777014e+00
1.016386219819764181e+00
1.074123992235704428e+00
1.071769054609893912e+00
1.099799150935584668e+00
1.014400465619179625e+00
1.072988030334930176e+00
1.025949062063840289e+00
1.046704382400587274e+00
1.053445533984301186e+00
1.094894106052803906e+00
1.073449570867990310e+00
1.082576493358187841e+00
1.024458138872237800e+00
1.048295287813632015e+00
1.085471116342245246e+00
1.057921971603022371e+00
1.090644906304947925e+00
1.079009782220586633e+00
1.097221027726495102e+00
1.057608181076682863e+00
1.010818839809798364e+00
1.047806414283904308e+00
1.047391645830310081e+00
1.040755940570860849e+00
1.046080819740352164e+00
1.070686898388750974e+00
1.071467396835112718e+00
1.009012724480224055e+00
1.099264756160887480e+00
1.075935655736585561e+00
1.007486389216355027e+00
1.051725178408817740e+00
1.000580481453072101e+00
1.045313447056222200e+00
1.078386851972460203e+00
1.095119361649303791e+00
1.043466829682684782e+00
1.071057767854576515e+00
1.077539173054054444e+00
1.069270523199244316e+00
1.091034715148639922e+00
1.069520046961586202e+00
1.045572995952055217e+00
1.015149520052004206e+00
1.010803268825650969e+00
1.078993191096870641e+00
1.042822606928860640e+00
1.015710947136256426e+00
1.083057676218757814e+00
1.070224517626305660e+00
1.035691044720821852e+00
1.052592047952487508e+00
1.025714794576706002e+00
1.087391705762338567e+00
1.075676270414626767e+00
1.079680872816340953e+00
1.062123707521783311e+00
1.090104182522175114e+00
1.081883779487856856e+00
1.008289535945108284e+00
1.036732429230183383e+00
1.030530047875635180e+00
1.048789154087851117e+00
1.007816723718568896e+00
1.032625662822491908e+00
1.059758128200805061e+00
1.019715712046784128e+00
1.018080038249917552e+00
1.063073546245192347e+00
1.098252801864565642e+00
1.089112085080071957e+00
1.023672815396847735e+00
1.042844392020295441e+00
1.082859380413119910e+00
1.056076721877551305e+00
1.058108508686227189e+00
1.040843457237874192e+00
1.009968138504607760e+00
1.083967241356356581e+00
1.057590424177386801e+00
1.065471396408112836e+00
1.030013364825417943e+00
1.006109534692011254e+00
1.020968192906363203e+00
1.046105885795737267e+00
1.020513547475895733e+00
1.064437285868139682e+00
1.015170046439447527e+00
1.077371671182611346e+00
1.020653744283696707e+00
1.078619342195384689e+00
1.065928716561382661e+00
1.024851884141336322e+00
1.071226264456967892e+00
1.004819502855086144e+00
1.044625652424563622e+00
1.027678294195764286e+00
1.051941500328687384e+00
1.006871958681353485e+00
1.092341744798899228e+00
1.052248194451833374e+00
1.063229959698001048e+00
1.094456702590359987e+00
1.024754715601872368e+00
1.076523280952740969e+00
1.032676973192703906e+00
1.083253864550743462e+00
1.065845595500347409e+00
1.015851440151681606e+00
1.060854472060152487e+00
1.074239412476406086e+00
1.099199810858943138e+00
1.072913003502140139e+00
1.035315154754755218e+00
1.069175296265940656e+00
1.035006072347466999e+00
1.084345634152047211e+00
1.032287657919733093e+00
1.014195583369090770e+00
1.008700394390863675e+00
1.009130510182753682e+00
1.039687581681429718e+00
1.085258634996341565e+00
1.015213314628436336e+00
1.007165730572889162e+00
1.001880192791291480e+00
1.062702424596965622e+00
1.003659008482788551e+00
1.005573311492887978e+00
1.010939490150451814e+00
1.023520729379854943e+00
1.050460969218671270e+00
1.054181420864704011e+00
1.091927327639480527e+00
1.070168983730585666e+00
1.077848380400890482e+00
1.029848598938786219e+00
1.076835280536649453e+00
1.080381654092165356e+00
1.037019200274984954e+00
1.015661071100486090e+00
1.007471230634717552e+00
1.054760580324351382e+00
1.009597702402013297e+00
1.036246097023418633e+00
1.054640462626909470e+00
1.078704336200823732e+00
1.045511637564357832e+00
1.071319267588085378e+00
1.067016186601207117e+00
1.088416222306783698e+00
1.029775857545668583e+00
1.048340490575969453e+00
1.047120865719096683e+00
1.033955858664525218e+00
1.002818630863212324e+00
1.038874644669451008e+00
1.019962576608306026e+00
1.018831876130620762e+00
1.027631940849200065e+00
1.009548535582924345e+00
1.058048477139670096e+00
1.067020811363109445e+00
1.049156236124485053e+00
1.046652637250793161e+00
1.098258463015368669e+00
1.054044940402964148e+00
1.065838816867718419e+00
1.048178455744878113e+00
1.067771542586290590e+00
1.074490626076150201e+00
1.007582213671815996e+00
1.086432014669540758e+00
1.088002456803020879e+00
1.059997834603226607e+00
1.017868977047106549e+00
1.006701359875644908e+00
1.030302274049887945e+00
1.020658964479320696e+00
1.079991506293256354e+00
1.038065677615451765e+00
1.070193141354960797e+00
1.004149677871504442e+00
1.025052171894805353e+00
1.034348872297715660e+00
1.031516511969940764e+00
1.097566402035046851e+00
1.092853840852977765e+00
1.099164415292615438e+00
1.058643363351497335e+00
1.088298057037140776e+00
1.073764712441318325e+00
1.077651584157715892e+00
1.018690752536908661e+00
1.070272046935100585e+00
1.037366579944521972e+00
1.003572958299404405e+00
1.024479176100730804e+00
1.092695537611255707e+00
1.006302161324599709e+00
1.064727978440070721e+00
1.005367443122727300e+00
1.018640030253369577e+00
1.072710571590582695e+00
1.047816575678243600e+00
1.058599207254748986e+00
1.087312022271574863e+00
1.065955377326023745e+00
1.058234584709280890e+00
1.006483674404890394e+00
1.007225917080893485e+00
1.051933549416839364e+00
1.039528017300891616e+00
1.081624231270494896e+00
1.088780588573957431e+00
1.070342239066612189e+00
1.011102037610932758e+00
1.031836583788571016e+00
1.006844529413569722e+00
1.057235190584407070e+00
1.097569138223173812e+00
1.047793372013034130e+00
1.053632698804713108e+00
1.028541207827549986e+00
1.053972799222706591e+00
1.036706579013174867e+00
1.093482597426555181e+00
1.054729568502700721e+00
1.096606538385835439e+00
1.015154822921620958e+00
1.048380331109791674e+00
1.067821187853959630e+00
1.023849279488952879e+00
1.097458634655827714e+00
1.072259162235524199e+00
1.098260773444467819e+00
1.027815348170109999e+00
1.043097860955477074e+00
1.046644826224052416e+00
1.095133817231868090e+00
1.017146474356974917e+00
1.075200288771378521e+00
1.064129756453424669e+00
1.063720832967064656e+00
1.072029087476738418e+00
1.097249729432352439e+00
1.080605725006736906e+00
1.032990867790630096e+00
1.081389102280891690e+00
1.049751210072481067e+00
1.031841313016737427e+00
1.069820064722639907e+00
1.091440442260371180e+00
1.053657175968884419e+00
1.000052646929815880e+00
1.075420894701647256e+00
1.010524037285335686e+00
1.092517126366646441e+00
1.025350011940570294e+00
1.033348195605028108e+00
1.062455236702795069e+00
1.078652133597454599e+00
1.008424865921232261e+00
1.042659716495361932e+00
1.047864633086026398e+00
1.087652460917177599e+00
1.055297819267032589e+00
1.026255577099655980e+00
1.088968321444200971e+00
1.034433770709566769e+00
1.022017063462268283e+00
1.008763220288373397e+00
1.060605785580611915e+00
1.053126101571319584e+00
1.061389235860993541e+00
1.016134447797540918e+00
1.048590590621081065e+00
1.074893697979154128e+00
1.066885539040309583e+00
1.095314783811581094e+00
1.098386635988118254e+00
1.042626215864023376e+00
1.072564326849795524e+00
1.059759558242947541e+00
1.085416403082506642e+00
1.032227154188551488e+00
1.049486307009611208e+00
1.014517726750949311e+00
1.077786955064184760e+00
1.090345017794859261e+00
1.027445526152853672e+00
1.040772660496126711e+00
1.005616300333848079e+00
1.052999323221482042e+00
1.060138010246424622e+00
1.042512897223071722e+00
1.074342002428595233e+00
1.042726578821098427e+00
1.085773305903041663e+00
1.012947201049563040e+00
1.077068140854703815e+00
1.087850208598817092e+00
1.098488259208870943e+00
1.051654140636667956e+00
1.011593274836328993e+00
1.034723901394793977e+00
1.070985855870585146e+00
1.056076840701526853e+00
1.046783260412515126e+00
1.080165154194867139e+00
1.041169016417430759e+00
1.053335821701520514e+00
1.009011048314941705e+00
1.083400788435274320e+00
1.014737539459516613e+00
1.086317154984392408e+00
1.029086893989909157e+00
1.082282190765718521e+00
1.006724442173167589e+00
1.049761316975738934e+00
1.034330173532123753e+00
1.099838149286842537e+00
1.011937485472042431e+00
1.001699153908979900e+00
1.093706640548251841e+00
1.006070038992191717e+00
1.076501754585317938e+00
1.091642594280369138e+00
1.034185804077448534e+00
1.006358212916600436e+00
1.055791405233177382e+00
1.006378042096690573e+00
1.046642664743138162e+00
1.072491449296369748e+00
1.085277431044366470e+00
1.038441758306545948e+00
1.018782340151718868e+00
1.062536049716367392e+00
1.029517518075589555e+00
1.016947053026606929e+00
1.055925070460082216e+00
1.048706188218360369e+00
1.001634653834323263e+00
1.078313472744235613e+00
1.074595443839999387e+00
1.079495735664813605e+00
1.078402408468297713e+00
1.073507340421508749e+00
1.098617422824314849e+00
1.028872178649119506e+00
1.070380068020191588e+00
1.029868514925297518e+00
1.094994364115094765e+00
1.037612638818738997e+00
1.035776398047714819e+00
1.049172392656903208e+00
1.076309614656093094e+00
1.008532164076916482e+00
1.038853218939826073e+00
1.016125880328247577e+00
1.034770333976251067e+00
1.049427923303775101e+00
1.006865725583596216e+00
1.045967166795306547e+00
1.010604142438545461e+00
1.000998930692792444e+00
1.053361457490040953e+00
1.090287332213327964e+00
1.029907356084111880e+00
1.082431303868594874e+00
1.056067081590101875e+00
1.048828625789913538e+00
1.080914257308044357e+00
1.030232338836881922e+00
1.082879704891244632e+00
1.034596095329902932e+00
1.058912486030376909e+00
1.080369486986505034e+00
1.069807743332199301e+00
1.031640053134543100e+00
1.044168731513113180e+00
1.013710844349154483e+00
1.022301802020177508e+00
1.036482160824939269e+00
1.079374339626845369e+00
1.013250326860565709e+00
1.028324658132088620e+00
1.065058282764721254e+00
1.077834231105082585e+00
1.001646748541883403e+00
1.031807009634257311e+00
1.070108555383805449e+00
1.075305110395214703e+00
1.020029618512482639e+00
1.014237458484258170e+00
1.013028339357123775e+00
1.004569971979406784e+00
1.029664917360128218e+00
1.079188016326823041e+00
1.057442120634471516e+00
1.028910836074345081e+00
1.093450445842173435e+00
1.013140858312381765e+00
1.007159514868153360e+00
1.098859415544713558e+00
1.007758314579238590e+00
1.017849534578734172e+00
1.096684305711047136e+00
1.001160646430841128e+00
1.065038520041520220e+00
1.015120772916929148e+00
1.051795392320336031e+00
1.045879423699668465e+00
1.042622379955506551e+00
1.057697235428957105e+00
1.078257008491862123e+00
1.011725356215466665e+00
1.075439965843666856e+00
1.038526250602428869e+00
1.052227170354870678e+00
1.056937860154702813e+00
1.016452661548513658e+00
1.091137239278185511e+00
1.050287805135534880e+00
1.078135260326025691e+00
1.064447790499489122e+00
1.059238509652433491e+00
1.019266388824419334e+00
1.012223179922463689e+00
1.057019773180171596e+00
1.076163810770044860e+00
1.075663650736156773e+00
1.062692202060344648e+00
1.061935523998939868e+00
1.057302608577943115e+00
1.012092991065109970e+00
1.036035337658278044e+00
1.022260089891044554e+00
1.095414833320337067e+00
1.025600828819152488e+00
1.013125046088639625e+00
1.069716458877129295e+00
1.078727404532807244e+00
1.031533258239384354e+00
1.094363458484072016e+00
1.084356406217149349e+00
1.078160537473890956e+00
1.054503192606823792e+00
1.011865996854386607e+00
1.038848242019235757e+00
1.070554234413285233e+00
1.040897673637696474e+00
1.018302360743106538e+00
1.009010254332369128e+00
1.065294725424637434e+00
1.095053694453051119e+00
1.071980288857368624e+00
1.078882661980423263e+00
1.065301365483480645e+00
1.041348485613023067e+00
1.085824524988503903e+00
1.079103376299600736e+00
1.020188460436945554e+00
1.010653707169828275e+00
1.059034196222484958e+00
1.024760268945168473e+00
1.017540123004716079e+00
1.009476099766087653e+00
1.088053464990807573e+00
1.043729107655299027e+00
1.067714398065556791e+00
1.082351342569384478e+00
1.068328528882925177e+00
1.004159030524991669e+00
1.084272484683760585e+00
1.059733538617668502e+00
1.025266480261103119e+00
1.058217921460245625e+00
1.010002276688369838e+00
1.039484388190321962e+00
1.011482316116264490e+00
1.020092397362714065e+00
1.025143797981676874e+00
1.085037130982744014e+00
1.031220101587414728e+00
1.093162697931095551e+00
1.058352246456912393e+00
1.030151026735886211e+00
1.027769557410686874e+00
1.074701093418838349e+00
1.085479789319489186e+00
1.019909216870579005e+00
1.079133714413333944e+00
1.073765288795524242e+00
1.092005412596101843e+00
1.088414072294555446e+00
1.039192731729574160e+00
1.063950173071540606e+00
1.042046121067746967e+00
1.094609432005321681e+00
1.029281262937663088e+00
1.052353092973685067e+00
1.068273401521742771e+00
1.020377681649728308e+00
1.054651522809658459e+00
1.039499440335442282e+00
1.064707521824063585e+00
1.089991921528786545e+00
1.082618649686747814e+00
1.036852996988623765e+00
1.046380374836618721e+00
1.041575495282699881e+00
1.046901674602129351e+00
