7.985467648980887345e-02
9.198714828868909121e-02
-2.237278461457308659e-03
-1.597735351585777286e-02
7.621839818231411490e-02
4.025212306087572189e-02
7.629231664187550999e-02
5.538758011938777620e-03
4.826902543577758775e-02
-8.463748159737093449e-03
1.021403373487186211e-02
6.759624323356829001e-02
6.634040229733641214e-02
5.496194298918885557e-02
-5.238022143195410554e-03
-1.084898447583791323e-02
8.323668297179776659e-03
-2.414643411347283664e-03
8.560354914373677349e-02
2.626600005940179020e-02
7.965088291526217779e-02
-1.286977019272977224e-02
6.378937478138696493e-02
6.048191489319243441e-02
9.013065547523575749e-02
4.616399590802117148e-02
7.886171693479787637e-02
2.282074176655165057e-02
2.040394558580515758e-02
-2.061223971182263998e-03
2.363917300564003995e-02
5.936999442886385647e-02
5.908120679238249018e-02
4.605530364685948841e-02
7.545750646404600359e-02
7.281399860012471859e-02
-1.247346687670701157e-02
-1.902484826032283666e-02
5.773430660504984269e-02
3.808255439379910900e-02
6.837018002273821671e-02
8.995826585207813975e-02
2.315076040362614232e-02
2.067132507071224590e-04
7.335202522540790193e-02
7.990101236224281256e-02
1.133884040592495965e-02
6.456483088358083711e-03
-1.515067623709103264e-02
3.825524687059121687e-04
3.110779785734519784e-02
1.585793733764778377e-02
8.809184642308420798e-02
9.838852071600835691e-02
6.774747255657156964e-02
5.167696117246253773e-03
7.434588774011266499e-02
6.175337714930537181e-02
9.143964905909966745e-02
1.759271511573827149e-02
5.135447073894659764e-02
6.951744720396278721e-02
1.289246819163228017e-02
-1.291203423847061410e-02
9.549476683012439460e-02
4.765165740550468543e-02
4.770342112037725957e-02
-3.161952225545223982e-03
-1.580102560744276949e-02
6.212224655360365499e-02
-1.109186203685131634e-02
-1.990867389182663164e-02
3.299472167753816909e-02
4.149641722143872224e-02
4.210427607083308543e-02
5.423177773458257023e-02
4.079639993294602307e-02
6.075840307071948831e-02
5.408584866245472189e-02
6.607785601215146465e-02
3.964499366653603807e-02
7.279662281927247458e-02
4.465426541485195688e-02
6.406350747089696596e-02
2.108619890933749116e-02
1.867820214916409219e-02
6.272687318595676631e-02
2.906768310606469910e-02
8.798303568772422589e-02
1.826516726890021688e-02
-9.389441891518805067e-03
2.402826808746528695e-02
1.038419140356807574e-02
-1.060375658953294567e-02
1.817953180906673252e-02
9.761182571000928676e-02
5.975419943763114750e-02
2.695922721406988562e-02
6.595246102461729820e-02
4.206232207737464757e-02
1.310522395539653537e-02
9.132037398853952437e-02
-8.194668549243186093e-03
3.756030469663791671e-02
8.051879795649311000e-02
1.332490290960345117e-02
3.717763515854217993e-02
3.424849752765111999e-02
3.532252056975276888e-02
1.920982695014905942e-02
6.389904208768652782e-02
1.654422559681770558e-02
3.306795212184483745e-02
4.962700236325047476e-02
6.484091615823552035e-02
8.977215348650414983e-02
3.567258008148048443e-02
9.091644785334097867e-02
8.556811416682626181e-02
3.938197822245592672e-02
4.564241961049825269e-02
1.889782704503787172e-02
2.064212094411588608e-02
2.590590181942727457e-02
-6.684130954588760401e-03
2.058751877437310293e-02
7.349013586614169813e-02
5.109685982452014802e-03
1.887599168022578711e-03
3.172456535889237039e-02
2.879065312006677535e-03
2.196618360154571972e-02
5.445181415673516767e-02
9.305745621166776338e-02
-6.886549357901707025e-03
3.685548471648060487e-02
4.098555148788694813e-02
3.020123532630107979e-02
8.288391249071981604e-02
-9.210538935898777632e-03
5.030593045528355955e-02
4.557568923542852646e-02
7.101921739724981197e-02
6.509696262418659951e-02
-1.189421690307741926e-02
8.331131620357369594e-02
9.329961916127001154e-02
-7.161794563470559247e-03
4.739983902698788332e-02
8.929320614532480771e-02
2.784399664464568339e-02
-5.664056356941426715e-03
3.557321938683344342e-02
-1.648996569524999872e-02
3.942630142899350432e-02
6.984298359370350040e-02
9.916346045497449746e-02
4.699618852661618940e-02
-1.601530522110944724e-02
5.329789332767266574e-04
7.343645417471464376e-02
6.601751835746279273e-02
4.480899728911484636e-02
-5.890217074167742803e-03
8.736276062325873393e-02
5.279474665495489938e-02
6.436987148636920397e-02
8.294478712253972041e-02
9.667987985880177604e-02
8.836892937697601869e-02
8.042498425892928571e-02
1.871216017149753344e-02
8.537886113455767090e-02
-1.891344419031255192e-02
3.941760530081885039e-02
3.691159720095024688e-02
6.452632846800279709e-02
6.716246601436910713e-02
1.028043954412418901e-02
2.662323685359515787e-02
7.279443904741740579e-02
4.610651479260982621e-02
4.382811821121400386e-02
2.154758538275852384e-02
4.692951750841156677e-02
1.487679905729179589e-02
6.908397432563509466e-03
6.590555034171209636e-02
7.692072186099747910e-04
1.384603993650017698e-02
-1.535767475164616890e-02
9.724111234542219540e-04
5.097112226352371045e-02
2.413357165648749234e-02
-1.618872829843319427e-02
1.843491625792234231e-02
-2.281910287816164840e-03
4.792605544607100865e-02
-1.357160551641425905e-02
9.259978765700377368e-02
4.142578596306240035e-02
-8.711846851920371573e-03
-1.104457991487081681e-02
6.215719914542339186e-03
-1.093479425058109002e-02
1.770069701661377767e-02
4.423102633866228539e-04
2.005885909760026994e-02
1.517306352825370866e-02
4.133669089385083595e-02
6.171937816766585871e-02
-9.435778208576457021e-03
9.554949563127650147e-02
1.144658718517559473e-02
6.093885583134237005e-02
1.683764983163181170e-02
3.396089345806062310e-02
1.867119361101880412e-02
9.184996189185717919e-02
1.750689756699253322e-02
8.977545045647888911e-02
6.636073509892780053e-02
4.224126291942757738e-02
1.466432183078231546e-02
6.709210641760124383e-02
5.253785846733272091e-02
2.341687060382803207e-02
3.796561362481117030e-02
7.363326155576625787e-02
2.900377574297359831e-02
-1.295330735670040777e-02
-1.683164534659506439e-02
6.094063346816781801e-02
-5.746463785190315809e-03
7.533516498107140080e-02
9.861736293444588186e-02
3.434624455895758655e-02
1.725177863753042315e-02
-1.263776159790980930e-02
3.955334651085151698e-02
8.010959713451736020e-02
1.005252345770618963e-02
9.628857056403831993e-02
5.328279953767460497e-02
2.131222486116155293e-02
5.565474578887202872e-02
8.456087291276984108e-02
2.473822534833723316e-02
-1.496842011542673379e-02
9.274002012377267901e-02
9.763998771787232855e-02
-1.595872152712975514e-02
-2.837234811214423003e-03
1.254764814578107970e-02
8.736079688622565287e-02
5.728049348457925349e-02
-1.836090747581651389e-03
6.323716400053298881e-02
2.041660522674790604e-02
3.975503219031102653e-02
8.410111744760724595e-02
8.569735357916059837e-03
8.685254038549564126e-02
5.387357867527199640e-02
3.930807587962358018e-02
-1.103124258305489269e-02
8.590693306778639238e-02
8.908547309648860713e-02
2.892029706633180916e-02
9.553445486443490342e-02
6.181011579707594572e-02
4.046527277538601586e-02
6.578869997433348105e-02
9.572715785801987065e-02
-1.035372490454097155e-03
1.877209555218414122e-03
3.415546118411265375e-03
2.472618700736461603e-02
1.499011363829975615e-02
-1.309069630884157273e-02
6.353962722843865818e-02
8.857850489990938547e-02
9.997553016207950949e-02
-1.295073043402292234e-02
2.471162583359468382e-02
9.231008560032696875e-02
6.012579816994949311e-02
4.864890562906212801e-02
4.988446841424079570e-02
9.958085001716397711e-02
9.040583022474420194e-02
8.093767379458950695e-02
4.418694643305429159e-02
6.472789628316907851e-02
1.193463800698861890e-02
4.148474271852899131e-02
9.758144856996744942e-02
8.650527213672225268e-02
6.377645682215250800e-02
8.791992333739942489e-02
6.485942089603496247e-03
1.015102198406332007e-02
1.057505222657395896e-02
9.706659889817474685e-02
4.026302623125044278e-02
4.980642787220956880e-02
4.914213691764930669e-02
8.045495443124958679e-02
-1.489966714309058637e-04
4.242824645883283563e-03
7.492694365550356395e-02
-1.412213042871406435e-02
-1.174094102905035714e-03
-5.130472066470258621e-03
6.960135549598570059e-02
5.851277480157544841e-02
1.303543559413564840e-03
-3.073540557514423122e-03
3.685690866038586477e-03
9.220567110549593437e-02
3.719537198491530694e-02
7.665572029434430945e-02
6.840741821725898619e-02
-1.865074288996791674e-02
3.815718994042008316e-02
4.963970706633179242e-02
6.062639202244439474e-02
7.483683612876217139e-02
8.414285008663542620e-02
6.476841421745352378e-02
5.796562638478913732e-03
2.254674948808703741e-02
-1.152266083292447646e-02
-1.818795234397904345e-02
2.301174819814473874e-02
-1.693229211246707194e-02
4.777822432286835119e-02
2.972432991697867080e-02
1.614099008394681914e-02
3.349146181030010494e-02
4.805535474918441741e-02
-1.036309793665205620e-02
5.227156837403602874e-02
1.457682977883608885e-02
5.231281963385676914e-02
9.531869273366162798e-02
2.987036618854865475e-02
1.065822877718497833e-02
5.175755158579707638e-02
5.795416469238515167e-02
1.187739651325687984e-03
-9.324635958352183590e-03
3.740074945365538805e-02
5.074917420962397896e-02
4.751091761856801599e-02
-1.845327222100595632e-03
-7.805097540953424839e-03
9.459625311654031726e-03
6.334909681250665281e-02
9.592383427618063341e-02
7.098098344872862120e-02
8.538867869663790966e-03
8.207048264354221967e-02
-1.318130021193656201e-02
6.703995624778097406e-02
3.913852502023480728e-03
-7.791369156097148474e-03
6.634340599218739587e-02
2.618808781653448811e-02
2.664270155214657279e-02
1.103651149931524425e-02
8.043278282942761814e-02
8.678838929320197015e-02
2.851816433637118300e-02
8.217580753751040079e-02
3.379456089219230741e-02
1.635239429539707759e-02
2.416526158176625708e-02
1.054424831356527703e-02
3.997305483732747911e-02
-2.925234211811473389e-03
1.822625795827511816e-02
6.532903257345491765e-02
2.841424513047362613e-02
9.141171709806361623e-02
-2.327159144319690398e-03
-1.329507593485444381e-02
6.637129962578533493e-02
3.105910720530978206e-02
9.998388585797308992e-02
-9.588954971891617760e-03
1.537165407611041160e-02
6.493356135839402354e-02
-1.067234896345685413e-04
2.757846418371790245e-02
4.178164330578489072e-02
-1.990839409444863234e-02
5.649332268969631254e-02
-1.525719681643819547e-02
1.124473803045284229e-02
-3.537478227014154153e-04
6.714344960005194651e-02
8.776204026182264639e-02
2.749507109681203695e-02
8.145057601244719281e-02
9.551405899111865827e-02
-3.887910170604132881e-03
4.793959528393333669e-02
8.192454521055336780e-02
-1.167586923757017899e-02
7.525635854525451751e-02
2.897976966895109141e-03
5.147324452409419993e-02
2.202291141436854907e-02
9.256918465585448064e-02
8.649439823464825927e-02
9.077321492956436089e-02
2.243085795591539741e-02
5.550367115387379313e-02
1.568183051045049861e-02
-1.027513458446253219e-02
2.290819242693680619e-03
2.639921698296168392e-02
6.749096636453902343e-02
1.551844781953248820e-03
2.031341475904040877e-03
-7.007569885511544250e-04
-5.973429049273807842e-03
1.638260145250599112e-02
4.526002112346162731e-02
8.509806131623000314e-02
5.498945223871589544e-03
8.564139492540494281e-02
-7.976449193162284818e-03
2.382875164922019715e-02
6.733503236043959783e-02
-1.065434300771211755e-02
2.992283832195264878e-02
6.367793413356848120e-02
2.294621261391555436e-02
8.141388772486225778e-02
4.833525826894990995e-02
8.623279930659585868e-02
1.087948710850405662e-02
4.252749898528626615e-02
8.548986788357491873e-02
9.445399131544536531e-02
-1.793524469685834483e-02
8.125947470455266441e-02
8.840194395364558977e-02
8.754635468949036048e-02
4.516491966642900702e-02
5.956198519093858224e-02
-1.782601082106239146e-02
1.263460878396690731e-02
3.730331022160100762e-02
1.824592828588403673e-02
6.327721859348715838e-02
5.019347252559315520e-02
5.076621560617864543e-03
4.836784820757615566e-02
2.018925352712812663e-02
4.200437169451114172e-02
6.074344469229442378e-02
6.721270814676644223e-02
4.344493310872131475e-02
9.583416281462860120e-02
3.527220178514262061e-02
6.110059199509459971e-02
9.585633935458527655e-02
-1.131320343373687365e-02
-5.194506869892928300e-03
-1.287522446410055074e-02
5.808966108068008144e-03
7.550260478015952126e-02
1.270995146466263187e-03
8.649357093924534001e-02
-3.363589383859409698e-03
-1.560395578852397797e-02
4.374279525887317388e-02
2.111311128674723051e-02
7.745312718116446893e-02
8.124779403207341155e-02
9.102570492538990254e-02
7.503032616460163923e-03
9.123635638967370065e-02
5.162625081624207246e-02
4.518363292100008310e-03
-1.489499879721568193e-03
2.142976738235903220e-02
5.216039516357161288e-02
9.633520952180882335e-02
5.496057292785373749e-02
7.307922079634102119e-02
2.602092314765235004e-03
5.790185053570956475e-02
-3.786147409180807416e-03
8.266716926542984345e-02
8.132220911968368604e-02
-1.248206045376314480e-02
