1.050296926927769992e+00
1.015543476220269525e+00
1.008290745729562454e+00
1.068483981151311379e+00
1.085884125955257407e+00
1.097789942749561654e+00
1.037996966373905039e+00
1.027395725913078373e+00
1.063980395146718827e+00
1.006447274301794703e+00
1.004134369356768364e+00
1.081632003171537182e+00
1.019759492088924802e+00
1.034006770629344540e+00
1.053310895868747821e+00
1.002116341497441887e+00
1.026287349152845252e+00
1.046691368798243094e+00
1.095915607029121830e+00
1.099684867245539932e+00
1.012119541320863458e+00
1.054775102773479745e+00
1.042554577698007412e+00
1.093583632172631770e+00
1.017563160885366136e+00
1.078113799710128440e+00
1.066709903476991350e+00
1.084582126843455896e+00
1.000351295553857156e+00
1.055508225991845128e+00
1.099105600574558528e+00
1.094109617155174519e+00
1.064874687051526658e+00
1.023600207432318498e+00
1.031495977436122091e+00
1.007610166698256426e+00
1.072362096191199266e+00
1.034408378389046979e+00
1.039755589010330050e+00
1.084062541855456141e+00
1.013935914712814634e+00
1.046681245185664411e+00
1.087286284004027159e+00
1.044290385324747383e+00
1.078386194398154529e+00
1.066994436243083655e+00
1.036928922823588062e+00
1.058336516626774193e+00
1.024943227745952035e+00
1.098992355690454170e+00
1.067511932750320414e+00
1.060788013819652598e+00
1.023795948631348818e+00
1.011924925280331733e+00
1.014530286701560868e+00
1.077288128359792374e+00
1.064210663351552455e+00
1.079380313419668447e+00
1.018132891365769899e+00
1.073616440018979823e+00
1.083562481836957581e+00
1.018431713536207761e+00
1.087818953890811846e+00
1.061640817249004831e+00
1.077988606977683173e+00
1.036336744939410970e+00
1.070669874693324308e+00
1.047589690375587912e+00
1.045732810902341825e+00
1.077460001432080094e+00
1.064346777129666188e+00
1.000324917293933247e+00
1.087299157240692704e+00
1.013318300184240961e+00
1.064706357037806361e+00
1.033369907015121214e+00
1.089623525972977847e+00
1.054969014604175026e+00
1.019056068068200815e+00
1.027647354254261014e+00
1.046604902781401947e+00
1.065108070031146825e+00
1.044911765424950678e+00
1.083750015659676880e+00
1.017366678284634451e+00
1.058980831428379510e+00
1.026243617412333498e+00
1.007226411918767939e+00
1.037083429513476984e+00
1.023355839916074927e+00
1.084375753705381085e+00
1.065518115412065203e+00
1.013275739712881318e+00
1.052942055542043676e+00
1.061089075321757225e+00
1.050843383278880827e+00
1.053400848597535022e+00
1.023935215249641928e+00
1.060524993490814083e+00
1.034763556648170546e+00
1.095875274261452370e+00
1.010019414813501326e+00
1.056345229797687191e+00
1.088560638968396166e+00
1.047204663125678836e+00
1.073605309145123865e+00
1.000903060848257642e+00
1.027574073363205942e+00
1.010581116216382025e+00
1.091506842456885895e+00
1.005126836912516586e+00
1.032727772031939217e+00
1.007306729115045485e+00
1.053035591403878701e+00
1.086960293615418349e+00
1.093325756951404104e+00
1.072095996779280025e+00
1.008966494353250809e+00
1.004632985965881797e+00
1.032451260500981016e+00
1.081967719284420593e+00
1.022288081902588797e+00
1.008737968836767473e+00
1.033881263764498071e+00
1.070015259442384181e+00
1.064487041245507193e+00
1.095963011638017237e+00
1.021725734282170617e+00
1.057165960308455999e+00
1.019580205539929896e+00
1.049495349974279179e+00
1.098194859447054084e+00
1.045768977071270367e+00
1.042588362674509828e+00
1.042608179990163197e+00
1.051736720642054923e+00
1.026374854976425555e+00
1.026860206694832689e+00
1.095387816057298291e+00
1.057212778297027533e+00
1.080855678943171361e+00
1.070923158022852872e+00
1.065387192018910412e+00
1.089318485145539528e+00
1.011253711836396008e+00
1.024702410214393122e+00
1.084525019859502892e+00
1.038189094609609064e+00
1.096861865138168746e+00
1.081333063685287366e+00
1.053053085992431859e+00
1.038640000317144318e+00
1.008164081774987952e+00
1.017058646420154533e+00
1.044311236155119671e+00
1.036931569609067072e+00
1.066356176570588010e+00
1.021571445289704227e+00
1.071312433788769614e+00
1.098690531237469736e+00
1.061624525479619940e+00
1.084762406170695526e+00
1.013668125572881662e+00
1.010808982897612340e+00
1.071954912346270827e+00
1.030445723114460588e+00
1.035854315172099804e+00
1.067998400252413438e+00
1.032834675611631559e+00
1.033058925601518352e+00
1.080816401306853969e+00
1.028794780155226851e+00
1.054809137645158490e+00
1.016428961099095973e+00
1.028044779362670802e+00
1.054382830191751275e+00
1.012970238900279929e+00
1.092246392869111959e+00
1.014866607141455601e+00
1.047493535718596824e+00
1.017823469955023041e+00
1.021359232536765749e+00
1.042029714834936227e+00
1.094427504576002130e+00
1.084638178497601579e+00
1.059311864751178556e+00
1.045092902925534473e+00
1.076917776753413269e+00
1.024533592487732570e+00
1.082387403159114747e+00
1.086323962413116684e+00
1.042943826486341319e+00
1.026382743126006858e+00
1.047564808112548818e+00
1.022552272645431692e+00
1.035281384703870211e+00
1.023713188345197755e+00
1.052884028537777850e+00
1.009657311635654198e+00
1.002122858853421006e+00
1.047955470830304270e+00
1.000356985428605405e+00
1.006658488090054204e+00
1.081722557760752101e+00
1.036041953697273588e+00
1.057211782303618230e+00
1.088431488156434090e+00
1.046317356493738915e+00
1.058489212181555672e+00
1.056233949091863522e+00
1.096521114923156182e+00
1.065205980209433134e+00
1.035988878168390803e+00
1.023730808098789691e+00
1.030754091295744468e+00
1.035902123012935272e+00
1.086485933852245234e+00
1.067611226862514862e+00
1.092424349058675581e+00
1.055454219756849277e+00
1.015434183860676853e+00
1.054616572819464082e+00
1.073554790531292991e+00
1.043021031831407042e+00
1.068257218350998183e+00
1.029836396583239999e+00
1.092683196187572925e+00
1.064562196801582372e+00
1.004778921444360096e+00
1.078785532797402524e+00
1.024268335081862435e+00
1.021607048281810037e+00
1.057677760625268748e+00
1.012408402555518450e+00
1.045858126313246261e+00
1.041320550449711835e+00
1.026864091415930158e+00
1.006771908343702338e+00
1.032576573579121026e+00
1.066306019844696085e+00
1.013171735136227491e+00
1.016361547752026029e+00
1.057513862666128679e+00
1.046058344282823516e+00
1.032833775964185241e+00
1.068396475231919052e+00
1.068971755865071094e+00
1.016909768819666215e+00
1.021110658507784930e+00
1.020527799473325947e+00
1.054698493941514492e+00
1.034724947149278984e+00
1.010865370216771364e+00
1.008320067418760013e+00
1.013362195737665949e+00
1.093679240914605222e+00
1.030821525380613002e+00
1.004725713858070746e+00
1.064489906686115761e+00
1.007211496028562525e+00
1.053250403020284498e+00
1.000830399621697842e+00
1.045254101085120180e+00
1.008118939934980585e+00
1.044581750305535461e+00
1.024250970340815359e+00
1.047492026251298114e+00
1.021846361250933866e+00
1.010441103555376863e+00
1.071580531077178655e+00
1.086402592549695845e+00
1.017140716290046099e+00
1.052407846657900548e+00
1.035820600777802358e+00
1.011195166775806786e+00
1.075731500998457824e+00
1.097910341663440370e+00
1.019575968862272752e+00
1.039285155691370477e+00
1.032635307347732123e+00
1.019806895653054823e+00
1.075334095959073366e+00
1.038882121668105007e+00
1.034713874732467787e+00
1.015571396240340762e+00
1.064289040462866875e+00
1.059743090141103572e+00
1.052286314848031257e+00
1.044761764797697667e+00
1.082767617783386260e+00
1.049952230316624879e+00
1.017497270224777095e+00
1.032099339508375513e+00
1.077300897220805131e+00
1.017813859696173662e+00
1.082526232564287261e+00
1.009862680041281102e+00
1.099600055345834715e+00
1.030806257132898862e+00
1.092783476657990471e+00
1.069311069998562402e+00
1.036215707187205792e+00
1.069768198008679505e+00
1.042233321914722843e+00
1.072507200993911614e+00
1.099360443484515670e+00
1.025112701218361622e+00
1.015486063825065788e+00
1.058946968565224633e+00
1.008707359765735889e+00
1.023194697590383617e+00
1.055042462060365782e+00
1.042919948009226161e+00
1.052494375632145207e+00
1.028444019096319773e+00
1.000724421186391933e+00
1.083875110100573691e+00
1.099631413522749623e+00
1.070402987097735847e+00
1.049545523796087565e+00
1.009806553875573387e+00
1.085178710720237305e+00
1.078388801610232317e+00
1.012997133789416582e+00
1.042498860820249673e+00
1.099605673974944242e+00
1.039530522019397774e+00
1.048298033874315749e+00
1.035562021538860566e+00
1.097991430774000188e+00
1.096136914517261252e+00
1.018696286817230900e+00
1.040560567319039453e+00
1.035173755924377881e+00
1.027001156339346633e+00
1.031156793810785510e+00
1.020067701101485369e+00
1.063660184399005892e+00
1.013498983074094362e+00
1.079761200790569475e+00
1.082539094361370635e+00
1.060600601082837047e+00
1.079020380544802427e+00
1.030237192816352731e+00
1.035039148721691671e+00
1.034001936538688549e+00
1.006672754320158125e+00
1.026340548514274698e+00
1.021882542719123155e+00
1.048885447635934387e+00
1.014649639825747185e+00
1.094363687792655027e+00
1.048084192723045538e+00
1.026779426643932958e+00
1.032642180251353681e+00
1.069293661478860846e+00
1.083941979348584272e+00
1.052400728045441269e+00
1.033458934087466918e+00
1.065178030209685822e+00
1.066229674583392351e+00
1.057339764007916072e+00
1.096160039232746630e+00
1.093104367305178126e+00
1.017365613080964293e+00
1.035719609383707329e+00
1.032175625683181552e+00
1.055563246481179496e+00
1.025408896818372551e+00
1.034052085085039874e+00
1.057914511010227709e+00
1.092885064869435041e+00
1.036437976968069163e+00
1.007965726080442437e+00
1.082733534084986626e+00
1.013934842312630646e+00
1.019949446733979359e+00
1.010776898578468641e+00
1.073253495136074820e+00
1.029320947080346382e+00
1.017223177443563165e+00
1.009499282602605019e+00
1.072595022419379207e+00
1.018595934504658240e+00
1.069044648844655887e+00
1.045929884168014024e+00
1.024434767697916193e+00
1.034296175630978976e+00
1.077264681089705300e+00
1.051529294260418634e+00
1.061856835784143804e+00
1.077623862987760361e+00
1.088266466379232966e+00
1.005446152125663462e+00
1.044882748067479605e+00
1.064059777554069441e+00
1.013455959508941850e+00
1.048240227132639646e+00
1.084969222269906997e+00
1.082131163154161024e+00
1.030194062755501294e+00
1.096850348265673736e+00
1.016747891041783092e+00
1.066091876382210701e+00
1.003359174747889160e+00
1.013404271162475556e+00
1.065349224158563368e+00
1.087460000426195839e+00
1.047316979703712736e+00
1.063940785606775963e+00
1.026797368051797665e+00
1.048734683792880595e+00
1.062188411613584904e+00
1.071451468806815965e+00
1.050147802733857549e+00
1.041174662800467887e+00
1.059740887299700063e+00
1.067123353394533458e+00
1.020404823335895994e+00
1.069184679639386903e+00
1.056269392420338127e+00
1.007697710359603649e+00
1.014628935459326975e+00
1.098829886071360784e+00
1.061560960476412907e+00
1.020714225163206645e+00
1.006208962197346457e+00
1.047188882275648325e+00
1.022792590033654081e+00
1.041101550473805704e+00
1.053426003355602436e+00
1.062611544461993018e+00
1.001535542928595035e+00
1.057864076486403127e+00
1.034021048043690216e+00
1.098226747742771847e+00
1.087767958561748349e+00
1.031899595324501817e+00
1.074633370532198207e+00
1.080419453888380898e+00
1.029240765515726963e+00
1.028565883286770788e+00
1.071047944996113888e+00
1.015007035370962818e+00
1.052020025032908146e+00
1.057205851581028311e+00
1.016647974776257568e+00
1.074328946283513497e+00
1.081188097577295171e+00
1.072996133979894351e+00
1.003023420590176462e+00
1.078495753675993596e+00
1.083174143047407778e+00
1.080602336574002287e+00
1.018679865677679430e+00
1.041742091588976571e+00
1.027953337611861029e+00
1.013891815464899704e+00
1.028732569777612182e+00
1.010105113408226396e+00
1.012507592692658109e+00
1.003220726597951140e+00
1.050071163459313173e+00
1.064769167306874209e+00
1.065569555184327388e+00
1.008022855744454827e+00
1.015050642090175481e+00
1.031489545681419040e+00
1.083014472520856364e+00
1.054188442995673380e+00
1.000942394177256611e+00
1.076518289500819181e+00
1.053125864681788482e+00
1.000314602723752833e+00
1.020749896298490222e+00
1.093784964762426259e+00
1.010638150190697138e+00
1.076512703429833628e+00
1.014417954799174071e+00
1.013285265739779728e+00
1.082614373459053869e+00
1.021906103492001172e+00
1.012462226722731451e+00
1.070582088862557235e+00
1.038604079536904257e+00
1.042578439720334149e+00
1.047039818735124417e+00
1.093841482600636850e+00
1.018180738134826679e+00
1.083719250998911754e+00
1.053580300625011956e+00
1.083138024201304228e+00
1.024475925550000666e+00
1.094201570005886914e+00
1.006137987163872927e+00
1.084372623092472399e+00
1.004974557612493768e+00
1.091445903520680272e+00
1.068808563761218355e+00
1.062705268101042710e+00
